Time	Channel A	Channel B
(us)	(mV)	(mV)

-1.00596598	-7.93481200	-4.73647300
-1.00096598	-7.93481200	-4.64491700
-0.99596598	-7.93481200	-5.09048700
-0.99096598	-7.93481200	-6.01825000
-0.98596598	-7.93481200	-6.43940500
-0.98096598	-7.93481200	-6.25629500
-0.97596598	-7.93481200	-6.70186400
-0.97096598	-7.93481200	-7.72118300
-0.96596598	-7.93481200	-7.72118300
-0.96096598	-7.93481200	-6.70186400
-0.95596598	-7.93481200	-6.20746500
-0.95096598	-7.93481200	-6.20746500
-0.94596598	-7.93481200	-6.67745000
-0.94096598	-7.93481200	-7.60521200
-0.93596598	-7.93481200	-8.05078300
-0.93096598	-7.93481200	-7.95922800
-0.92596598	-7.93481200	-7.93481200
-0.92096598	-7.93481200	-7.93481200
-0.91596598	-7.93481200	-7.93481200
-0.91096598	-7.93481200	-7.93481200
-0.90596598	-7.93481200	-7.93481200
-0.90096598	-7.93481200	-7.93481200
-0.89596598	-7.93481200	-7.95922800
-0.89096598	-7.93481200	-8.05078300
-0.88596598	-7.93481200	-7.60521200
-0.88096598	-7.93481200	-6.67745000
-0.87596598	-7.93481200	-6.23187900
-0.87096598	-7.93481200	-6.32343500
-0.86596598	-7.93481200	-6.37226500
-0.86096598	-7.93481200	-6.46382000
-0.85596598	-7.93481200	-6.04266500
-0.85096598	-7.93481200	-5.20645800
-0.84596598	-7.93481200	-4.29090200
-0.84096598	-7.93481200	-3.36314000
-0.83596598	-7.93481200	-3.38755500
-0.83096598	-7.93481200	-4.40687300
-0.82596598	-7.93481200	-4.87685800
-0.82096598	-7.93481200	-4.78530200
-0.81596598	-7.93481200	-4.76088700
-0.81096598	-7.93481200	-4.76088700
-0.80596598	-7.93481200	-4.78530200
-0.80096598	-7.93481200	-4.87685800
-0.79596598	-7.93481200	-4.38245800
-0.79096598	-7.93481200	-3.27158400
-0.78596598	-7.93481200	-3.74156900
-0.78096598	-7.93481200	-5.78020600
-0.77596598	-7.93481200	-6.27460500
-0.77096598	-7.93481200	-5.25528700
-0.76596598	-7.93481200	-4.26648800
-0.76096598	-7.93481200	-3.24716900
-0.75596598	-7.93481200	-3.74156900
-0.75096598	-7.93481200	-5.78020600
-0.74596598	-7.93481200	-6.25019100
-0.74096598	-7.93481200	-5.13931700
-0.73596598	-7.93481200	-4.62050200
-0.73096598	-7.93481200	-4.62050200
-0.72596598	-7.93481200	-5.11490200
-0.72096598	-7.93481200	-6.13422100
-0.71596598	-7.93481200	-6.13422100
-0.71096598	-7.93481200	-5.11490200
-0.70596598	-7.93481200	-4.64491700
-0.70096598	-7.93481200	-4.73647300
-0.69596598	-7.93481200	-4.76088700
-0.69096598	-7.93481200	-4.76088700
-0.68596598	-7.93481200	-4.73647300
-0.68096598	-7.93481200	-4.64491700
-0.67596598	-7.93481200	-5.11490200
-0.67096598	-7.93481200	-6.13422100
-0.66596598	-7.93481200	-6.13422100
-0.66096598	-7.93481200	-5.11490200
-0.65596598	-7.93481200	-4.66933200
-0.65096598	-7.93481200	-4.85244300
-0.64596598	-7.93481200	-4.40687300
-0.64096598	-7.93481200	-3.38755500
-0.63596598	-7.93481200	-3.36314000
-0.63096598	-7.93481200	-4.29090200
-0.62596598	-7.93481200	-5.23087300
-0.62096598	-7.93481200	-6.15863500
-0.61596598	-7.93481200	-6.13422100
-0.61096598	-7.93481200	-5.11490200
-0.60596598	-7.93481200	-4.62050200
-0.60096598	-7.93481200	-4.62050200
-0.59596598	-7.93481200	-5.09048700
-0.59096598	-7.93481200	-6.01825000
-0.58596598	-7.93481200	-6.46382000
-0.58096598	-7.93481200	-6.37226500
-0.57596598	-7.93481200	-6.34785000
-0.57096598	-7.93481200	-6.34785000
-0.56596598	-7.93481200	-6.34785000
-0.56096598	-7.93481200	-6.34785000
-0.55596598	-7.99584900	-6.34785000
-0.55096598	-8.22473800	-6.34785000
-0.54596598	-7.04977500	-6.32343500
-0.54096598	-4.50148000	-6.23187900
-0.53596598	-4.50148000	-6.67745000
-0.53096598	-7.04977500	-7.60521200
-0.52596598	-8.22473800	-8.02636700
-0.52096598	-7.99584900	-7.84325600
-0.51596598	-7.93481200	-8.28882700
-0.51096598	-7.93481200	-9.30814500
-0.50596598	-7.93481200	-9.30814500
-0.50096598	-7.93481200	-8.28882700
-0.49596598	-7.93481200	-7.81884200
-0.49096598	-7.93481200	-7.91039800
-0.48596598	-7.93481200	-7.93481200
-0.48096598	-7.93481200	-7.93481200
-0.47596598	-7.93481200	-7.95922800
-0.47096598	-7.93481200	-8.05078300
-0.46596598	-7.93481200	-7.60521200
-0.46096598	-7.93481200	-6.67745000
-0.45596598	-7.93481200	-6.23187900
-0.45096598	-7.93481200	-6.32343500
-0.44596599	-7.93481200	-6.34785000
-0.44096599	-7.93481200	-6.34785000
-0.43596599	-7.93481200	-6.34785000
-0.43096599	-7.93481200	-6.34785000
-0.42596599	-7.93481200	-6.34785000
-0.42096599	-7.93481200	-6.34785000
-0.41596599	-7.93481200	-6.34785000
-0.41096599	-7.93481200	-6.34785000
-0.40596599	-7.93481200	-6.34785000
-0.40096599	-7.93481200	-6.34785000
-0.39596599	-7.93481200	-6.34785000
-0.39096599	-7.93481200	-6.34785000
-0.38596599	-7.93481200	-6.34785000
-0.38096599	-7.93481200	-6.34785000
-0.37596599	-7.93481200	-6.34785000
-0.37096599	-7.93481200	-6.34785000
-0.36596599	-7.93481200	-6.32343500
-0.36096599	-7.93481200	-6.23187900
-0.35596599	-7.93481200	-6.70186400
-0.35096599	-7.93481200	-7.72118300
-0.34596599	-7.93481200	-7.72118300
-0.34096599	-7.93481200	-6.70186400
-0.33596599	-7.93481200	-6.23187900
-0.33096599	-7.93481200	-6.32343500
-0.32596599	-7.93481200	-6.37226500
-0.32096599	-7.93481200	-6.46382000
-0.31596599	-7.93481200	-5.99383500
-0.31096599	-7.93481200	-4.97451700
-0.30596599	-7.93481200	-4.97451700
-0.30096599	-7.93481200	-5.99383500
-0.29596599	-7.93481200	-6.46382000
-0.29096599	-7.93481200	-6.37226500
-0.28596599	-7.93481200	-6.34785000
-0.28096599	-7.93481200	-6.34785000
-0.27596599	-7.93481200	-6.34785000
-0.27096599	-7.93481200	-6.34785000
-0.26596599	-7.93481200	-6.34785000
-0.26096599	-7.93481200	-6.34785000
-0.25596599	-7.93481200	-6.34785000
-0.25096599	-7.93481200	-6.34785000
-0.24596599	-7.93481200	-6.37226500
-0.24096599	-7.93481200	-6.46382000
-0.23596599	-7.93481200	-6.01825000
-0.23096599	-7.93481200	-5.09048700
-0.22596599	-7.93481200	-4.64491700
-0.22096599	-7.93481200	-4.73647300
-0.21596599	-7.93481200	-4.78530200
-0.21096599	-7.93481200	-4.87685800
-0.20596599	-7.93481200	-4.40687300
-0.20096599	-7.93481200	-3.38755500
-0.19596599	-7.93481200	-3.38755500
-0.19096599	-7.93481200	-4.40687300
-0.18596599	-7.93481200	-4.87685800
-0.18096599	-7.93481200	-4.78530200
-0.17596599	-7.93481200	-4.76088700
-0.17096599	-7.93481200	-4.76088700
-0.16596599	-7.93481200	-4.73647300
-0.16096599	-7.93481200	-4.64491700
-0.15596599	-7.93481200	-5.09048700
-0.15096599	-7.93481200	-6.01825000
-0.14596599	-7.93481200	-6.46382000
-0.14096599	-7.93481200	-6.37226500
-0.13596599	-7.99584900	-6.32343500
-0.13096599	-8.22473800	-6.23187900
-0.12596599	-7.17184900	-6.67745000
-0.12096599	-5.08133200	-7.60521200
-0.11596599	-2.96029500	-8.02636700
-0.11096599	-1.35807400	-7.84325600
-0.10596599	1.83111000	-8.21558300
-0.10096599	5.75273800	-8.96023500
-0.09596599	10.05585000	-10.27863000
-0.09096599	13.74859000	-11.93884000
-0.08596599	17.92962000	-13.23893000
-0.08096599	21.39347000	-13.87982000
-0.07596599	26.74947000	-14.72823000
-0.07096599	32.76162000	-15.56444000
-0.06596599	38.05658000	-15.98559000
-0.06096599	41.29154000	-15.89404000
-0.05596599	46.58650000	-15.86962000
-0.05096599	52.59865000	-15.86962000
-0.04596599	57.89361000	-15.89404000
-0.04096599	61.12857000	-15.98559000
-0.03596599	66.42353000	-15.51561000
-0.03096599	72.45094000	-14.49629000
-0.02596599	77.80694000	-14.54512000
-0.02096599	81.27079000	-15.74755000
-0.01596599	85.39079000	-15.32640000
-0.01096599	88.85464000	-13.37931000
-0.00596599	94.21063000	-12.48817000
-0.00096599	100.22280000	-12.76284000
0.00403401	105.57880000	-12.34169000
0.00903401	109.04260000	-11.32237000
0.01403401	113.16260000	-11.34678000
0.01903401	116.62650000	-12.45765000
0.02403401	121.98250000	-12.48207000
0.02903401	127.99460000	-11.46275000
0.03403401	133.35060000	-10.99277000
0.03903401	136.81450000	-11.08432000
0.04403401	140.99550000	-11.13315000
0.04903401	144.70350000	-11.22471000
0.05403401	148.94560000	-10.77914000
0.05903401	152.63830000	-9.85137500
0.06403401	156.94140000	-9.40580500
0.06903401	160.86310000	-9.49735900
0.07403401	164.05220000	-9.49735900
0.07903401	165.65440000	-9.40580500
0.08403401	167.66870000	-9.85137500
0.08903401	169.27090000	-10.77914000
0.09403401	172.46010000	-11.22471000
0.09903401	176.38170000	-11.13315000
0.10403401	180.74590000	-11.08432000
0.10903401	184.66750000	-10.99277000
0.11403401	187.85670000	-11.43834000
0.11903401	189.45890000	-12.36610000
0.12403401	191.51890000	-12.78726000
0.12903401	193.38050000	-12.60414000
0.13403401	195.48630000	-13.02530000
0.13903401	197.34790000	-13.95306000
0.14403401	199.45370000	-14.39863000
0.14903401	201.31530000	-14.30708000
0.15403401	203.42110000	-14.28266000
0.15903401	205.28270000	-14.28266000
0.16403401	207.44960000	-14.30708000
0.16903401	209.54010000	-14.39863000
0.17403401	210.53190000	-13.95306000
0.17903401	210.07410000	-13.02530000
0.18403401	211.06600000	-12.57973000
0.18903401	213.15650000	-12.67128000
0.19403401	215.35390000	-12.72011000
0.19903401	217.20020000	-12.81167000
0.20403401	219.36700000	-12.36610000
0.20903401	221.45760000	-11.43834000
0.21403401	222.44940000	-10.99277000
0.21903401	221.99160000	-11.08432000
0.22403401	223.04450000	-11.13315000
0.22903401	225.36390000	-11.22471000
0.23403401	226.41680000	-10.75472000
0.23903401	225.95900000	-9.73540400
0.24403401	227.01190000	-9.71098900
0.24903401	229.33130000	-10.63875000
0.25403401	230.44530000	-11.57872000
0.25903401	230.21640000	-12.50648000
0.26403401	230.09430000	-12.43324000
0.26903401	229.86540000	-11.23081000
0.27403401	230.97930000	-11.67638000
0.27903401	233.29870000	-13.71502000
0.28403401	234.35160000	-14.18500000
0.28903401	233.89380000	-13.07413000
0.29403401	234.94670000	-12.57973000
0.29903401	237.26610000	-12.67128000
0.30403401	238.38010000	-12.69570000
0.30903401	238.15120000	-12.69570000
0.31403401	238.09010000	-12.67128000
0.31903401	238.09010000	-12.57973000
0.32403401	238.09010000	-13.02530000
0.32903401	238.09010000	-13.95306000
0.33403401	238.09010000	-14.42305000
0.33903401	238.09010000	-14.42305000
0.34403401	238.09010000	-13.97748000
0.34903401	238.09010000	-13.14127000
0.35403401	238.09010000	-12.25013000
0.35903401	238.09010000	-11.41392000
0.36403401	238.09010000	-10.99277000
0.36903401	238.09010000	-11.08432000
0.37403401	238.09010000	-11.10874000
0.37903401	238.09010000	-11.10874000
0.38403401	238.15120000	-11.13315000
0.38903401	238.38010000	-11.22471000
0.39403401	237.26610000	-10.77914000
0.39903401	234.94670000	-9.85137500
0.40403401	233.83280000	-9.40580500
0.40903401	234.06170000	-9.49735900
0.41403401	234.18380000	-9.54619000
0.41903401	234.41270000	-9.63774600
0.42403401	233.35980000	-9.16776000
0.42903401	231.26930000	-8.14844100
0.43403401	229.04140000	-8.17285700
0.43903401	226.95090000	-9.28373100
0.44403401	225.95900000	-9.28373100
0.44903401	226.41680000	-8.17285700
0.45403401	225.36390000	-8.17285700
0.45903401	223.04450000	-9.28373100
0.46403401	221.99160000	-9.30814500
0.46903401	222.44940000	-8.28882700
0.47403401	221.45760000	-7.77001200
0.47903401	219.36700000	-7.67845700
0.48403401	217.13920000	-8.64284100
0.48903401	215.04870000	-10.68148000
0.49403401	214.05680000	-10.65706000
0.49903401	214.51460000	-8.52687200
0.50403401	213.46170000	-7.98364200
0.50903401	211.12700000	-8.91140500
0.51403401	210.01310000	-10.32136000
0.51903401	210.24200000	-12.17689000
0.52403401	210.36410000	-12.59804000
0.52903401	210.59300000	-11.48717000
0.53403401	209.47900000	-11.01718000
0.53903401	207.15960000	-11.20029000
0.54403401	206.10670000	-10.77914000
0.54903401	206.56450000	-9.85137500
0.55403401	205.51160000	-9.40580500
0.55903401	203.19220000	-9.49735900
0.56403401	202.07830000	-9.49735900
0.56903401	202.30720000	-9.40580500
0.57403401	202.42930000	-9.87579000
0.57903401	202.65810000	-10.89511000
0.58403401	201.54420000	-10.91952000
0.58903401	199.22480000	-9.99175900
0.59403401	198.11090000	-9.07620400
0.59903401	198.33980000	-8.23999700
0.60403401	198.46190000	-7.81884200
0.60903401	198.69080000	-7.91039800
0.61403401	197.57680000	-7.93481200
0.61903401	195.25740000	-7.93481200
0.62403401	194.14350000	-7.95922800
0.62903401	194.37240000	-8.05078300
0.63403401	194.49440000	-7.58079800
0.63903401	194.72330000	-6.56148000
0.64403401	193.60940000	-6.56148000
0.64903401	191.29000000	-7.58079800
0.65403401	190.17610000	-8.05078300
0.65903401	190.40500000	-7.95922800
0.66403401	190.46600000	-7.93481200
0.66903401	190.46600000	-7.93481200
0.67403401	190.52700000	-7.95922800
0.67903401	190.75590000	-8.05078300
0.68403401	189.64200000	-7.58079800
0.68903401	187.32260000	-6.56148000
0.69403401	186.20870000	-6.58589400
0.69903401	186.43760000	-7.69676800
0.70403401	186.49860000	-7.69676800
0.70903401	186.49860000	-6.58589400
0.71403401	186.49860000	-6.58589400
0.71903401	186.49860000	-7.69676800
0.72403401	186.55960000	-7.69676800
0.72903401	186.78850000	-6.58589400
0.73403401	185.67460000	-6.56148000
0.73903401	183.35520000	-7.58079800
0.74403401	182.24130000	-8.07519700
0.74903401	182.47020000	-8.07519700
0.75403401	182.53120000	-7.58079800
0.75903401	182.53120000	-6.56148000
0.76403401	182.59220000	-6.56148000
0.76903401	182.82110000	-7.58079800
0.77403401	181.70720000	-8.07519700
0.77903401	179.38780000	-8.07519700
0.78403401	178.27390000	-7.60521200
0.78903401	178.50280000	-6.67745000
0.79403401	178.62480000	-6.23187900
0.79903401	178.85370000	-6.32343500
0.80403401	177.73980000	-6.34785000
0.80903401	175.42040000	-6.34785000
0.81403401	174.30650000	-6.32343500
0.81903401	174.53530000	-6.23187900
0.82403401	174.59640000	-6.70186400
0.82903401	174.59640000	-7.72118300
0.83403401	174.65740000	-7.72118300
0.83903401	174.88630000	-6.70186400
0.84403401	173.77240000	-6.20746500
0.84903401	171.45300000	-6.20746500
0.85403401	170.33910000	-6.67745000
0.85903401	170.56790000	-7.60521200
0.86403401	170.62900000	-8.07519700
0.86903401	170.62900000	-8.07519700
0.87403401	170.62900000	-7.58079800
0.87903401	170.62900000	-6.56148000
0.88403401	170.69000000	-6.61030900
0.88903401	170.91890000	-7.81273800
0.89403401	169.80500000	-7.34275300
0.89903401	167.48560000	-5.21256200
0.90403401	166.37160000	-5.18814600
0.90903401	166.60050000	-7.22678300
0.91403401	166.66160000	-8.16675300
0.91903401	166.66160000	-7.98364200
0.92403401	166.66160000	-7.93481200
0.92903401	166.66160000	-7.93481200
0.93403401	166.72260000	-7.93481200
0.93903401	166.95150000	-7.93481200
0.94403401	165.83760000	-7.95922800
0.94903401	163.51820000	-8.05078300
0.95403401	162.40430000	-7.60521200
0.95903401	162.63310000	-6.67745000
0.96403401	162.75520000	-6.23187900
0.96903401	162.98410000	-6.32343500
0.97403401	161.87020000	-6.37226500
0.97903401	159.55080000	-6.46382000
0.98403401	158.43680000	-5.99383500
0.98903401	158.66570000	-4.97451700
0.99403401	158.72680000	-4.99893200
0.99903401	158.72680000	-6.10980600
1.00403401	158.72680000	-6.13422100
1.00903401	158.72680000	-5.11490200
1.01403401	158.72680000	-4.64491700
1.01903401	158.72680000	-4.73647300
1.02403401	158.78780000	-4.73647300
1.02903401	159.01670000	-4.64491700
1.03403401	157.90280000	-5.09048700
1.03903401	155.58340000	-6.01825000
1.04403401	154.46940000	-6.46382000
1.04903401	154.69830000	-6.37226500
1.05403401	154.75940000	-6.34785000
1.05903401	154.75940000	-6.34785000
1.06403401	154.75940000	-6.34785000
1.06903401	154.75940000	-6.34785000
1.07403401	154.82040000	-6.37226500
1.07903401	155.04930000	-6.46382000
1.08403401	153.93530000	-5.99383500
1.08903401	151.61590000	-4.97451700
1.09403401	150.50200000	-4.97451700
1.09903401	150.73090000	-5.99383500
1.10403401	150.79190000	-6.46382000
1.10903401	150.79190000	-6.37226500
1.11403401	150.79190000	-6.34785000
1.11903401	150.79190000	-6.34785000
1.12403401	150.85300000	-6.34785000
1.12903401	151.08190000	-6.34785000
1.13403401	149.96790000	-6.34785000
1.13903401	147.64850000	-6.34785000
1.14403401	146.53460000	-6.34785000
1.14903401	146.76350000	-6.34785000
1.15403401	146.82450000	-6.34785000
1.15903401	146.82450000	-6.34785000
1.16403401	146.88560000	-6.37226500
1.16903401	147.11450000	-6.46382000
1.17403401	146.00050000	-5.99383500
1.17903401	143.68110000	-4.97451700
1.18403401	142.56720000	-4.97451700
1.18903401	142.79610000	-5.99383500
1.19403401	142.85710000	-6.46382000
1.19903400	142.85710000	-6.37226500
1.20403400	142.85710000	-6.34785000
1.20903400	142.85710000	-6.34785000
1.21403400	142.91820000	-6.34785000
1.21903400	143.14710000	-6.34785000
1.22403400	142.03310000	-6.34785000
1.22903400	139.69850000	-6.34785000
1.23403400	138.58450000	-6.34785000
1.23903400	138.81340000	-6.34785000
1.24403400	138.87450000	-6.37226500
1.24903400	138.87450000	-6.46382000
1.25403400	138.93550000	-6.01825000
1.25903400	139.16440000	-5.09048700
1.26403400	138.05050000	-4.62050200
1.26903400	135.73110000	-4.62050200
1.27403400	134.61710000	-5.11490200
1.27903400	134.84600000	-6.13422100
1.28403400	134.90710000	-6.10980600
1.28903400	134.90710000	-4.99893200
1.29403400	134.90710000	-4.95010200
1.29903400	134.90710000	-5.87786500
1.30403400	134.96810000	-6.79342000
1.30903400	135.19700000	-7.62962700
1.31403400	134.08310000	-8.07519700
1.31903400	131.76370000	-8.07519700
1.32403400	130.64970000	-7.58079800
1.32903400	130.87860000	-6.56148000
1.33403400	130.93970000	-6.56148000
1.33903400	130.93970000	-7.58079800
1.34403400	130.93970000	-8.05078300
1.34903400	130.93970000	-7.95922800
1.35403400	130.93970000	-7.93481200
1.35903400	130.93970000	-7.93481200
1.36403400	131.00070000	-7.95922800
1.36903400	131.22960000	-8.05078300
1.37403400	130.11560000	-7.58079800
1.37903400	127.79630000	-6.56148000
1.38403400	126.68230000	-6.58589400
1.38903400	126.91120000	-7.69676800
1.39403400	126.97230000	-7.72118300
1.39903400	126.97230000	-6.70186400
1.40403400	126.97230000	-6.23187900
1.40903400	126.97230000	-6.32343500
1.41403400	126.97230000	-6.34785000
1.41903400	126.97230000	-6.34785000
1.42403400	127.03330000	-6.34785000
1.42903400	127.26220000	-6.34785000
1.43403400	126.14820000	-6.34785000
1.43903400	123.82880000	-6.34785000
1.44403400	122.71490000	-6.34785000
1.44903400	122.94380000	-6.34785000
1.45403400	123.00480000	-6.34785000
1.45903400	123.00480000	-6.34785000
1.46403400	123.00480000	-6.32343500
1.46903400	123.00480000	-6.23187900
1.47403400	123.00480000	-6.70186400
1.47903400	123.00480000	-7.72118300
1.48403400	123.00480000	-7.69676800
1.48903400	123.00480000	-6.58589400
1.49403400	123.06590000	-6.56148000
1.49903400	123.29480000	-7.58079800
1.50403400	122.18080000	-8.07519700
1.50903400	119.86140000	-8.07519700
1.51403400	118.74750000	-7.58079800
1.51903400	118.97640000	-6.56148000
1.52403400	119.03740000	-6.58589400
1.52903400	119.03740000	-7.69676800
1.53403400	119.09850000	-7.72118300
1.53903400	119.32740000	-6.70186400
1.54403400	118.21340000	-6.23187900
1.54903400	115.89400000	-6.32343500
1.55403400	114.78010000	-6.37226500
1.55903400	115.00900000	-6.46382000
1.56403400	115.07000000	-6.01825000
1.56903400	115.07000000	-5.09048700
1.57403400	115.07000000	-4.64491700
1.57903400	115.07000000	-4.73647300
1.58403400	115.13110000	-4.73647300
1.58903400	115.36000000	-4.64491700
1.59403400	114.18500000	-5.11490200
1.59903400	111.63670000	-6.13422100
1.60403400	111.63670000	-6.13422100
1.60903400	114.18500000	-5.11490200
1.61403400	115.42100000	-4.62050200
1.61903400	115.42100000	-4.62050200
1.62403400	114.24600000	-5.11490200
1.62903400	111.92660000	-6.13422100
1.63403400	110.81270000	-6.10980600
1.63903400	111.04160000	-4.99893200
1.64403400	111.10260000	-4.99893200
1.64903400	111.10260000	-6.10980600
1.65403400	111.10260000	-6.10980600
1.65903400	111.10260000	-4.99893200
1.66403400	111.10260000	-4.97451700
1.66903400	111.10260000	-5.99383500
1.67403400	111.16370000	-6.48823500
1.67903400	111.39250000	-6.48823500
1.68403400	110.27860000	-6.01825000
1.68903400	107.95920000	-5.09048700
1.69403400	106.84530000	-4.64491700
1.69903400	107.07420000	-4.73647300
1.70403400	107.13520000	-4.76088700
1.70903400	107.13520000	-4.76088700
1.71403400	107.13520000	-4.76088700
1.71903400	107.13520000	-4.76088700
1.72403400	107.13520000	-4.73647300
1.72903400	107.13520000	-4.64491700
1.73403400	107.13520000	-5.09048700
1.73903400	107.13520000	-6.01825000
1.74403400	107.19630000	-6.46382000
1.74903400	107.42510000	-6.37226500
1.75403400	106.31120000	-6.34785000
1.75903400	103.99180000	-6.34785000
1.76403400	102.87790000	-6.37226500
1.76903400	103.10680000	-6.46382000
1.77403400	103.16780000	-6.01825000
1.77903400	103.16780000	-5.09048700
1.78403400	103.16780000	-4.64491700
1.78903400	103.16780000	-4.73647300
1.79403400	103.16780000	-4.76088700
1.79903400	103.16780000	-4.76088700
1.80403400	103.16780000	-4.76088700
1.80903400	103.16780000	-4.76088700
1.81403400	103.16780000	-4.76088700
1.81903400	103.16780000	-4.76088700
1.82403400	103.22890000	-4.78530200
1.82903400	103.45770000	-4.87685800
1.83403400	102.34380000	-4.40687300
1.83903400	100.02440000	-3.38755500
1.84403400	98.91048000	-3.38755500
1.84903400	99.13937000	-4.40687300
1.85403400	99.20041000	-4.87685800
1.85903400	99.20041000	-4.78530200
1.86403400	99.20041000	-4.78530200
1.86903400	99.20041000	-4.87685800
1.87403400	99.20041000	-4.40687300
1.87903400	99.20041000	-3.38755500
1.88403400	99.26145000	-3.38755500
1.88903400	99.49034000	-4.40687300
1.89403400	98.37641000	-4.87685800
1.89903400	96.05700000	-4.78530200
1.90403400	94.94308000	-4.76088700
1.90903400	95.17197000	-4.76088700
1.91403400	95.23300000	-4.76088700
1.91903400	95.23300000	-4.76088700
1.92403400	95.23300000	-4.73647300
1.92903400	95.23300000	-4.64491700
1.93403400	95.23300000	-5.11490200
1.93903400	95.23300000	-6.13422100
1.94403400	95.23300000	-6.10980600
1.94903400	95.23300000	-4.99893200
1.95403400	95.23300000	-4.97451700
1.95903400	95.23300000	-5.99383500
1.96403400	95.29404000	-6.46382000
1.96903400	95.52293000	-6.37226500
1.97403400	94.34796000	-6.34785000
1.97903400	91.79967000	-6.34785000
1.98403400	91.86070000	-6.34785000
1.98903400	94.63789000	-6.34785000
1.99403400	94.69893000	-6.34785000
1.99903400	92.15063000	-6.34785000
2.00403400	90.97568000	-6.34785000
2.00903400	91.20457000	-6.34785000
2.01403400	91.26560000	-6.34785000
2.01903400	91.26560000	-6.34785000
2.02403400	91.26560000	-6.37226500
2.02903400	91.26560000	-6.46382000
2.03403400	91.32664000	-6.01825000
2.03903400	91.55552000	-5.09048700
2.04403400	90.44160000	-4.64491700
2.04903400	88.12219000	-4.73647300
2.05403400	87.00826000	-4.76088700
2.05903400	87.23715000	-4.76088700
2.06403400	87.29819000	-4.76088700
2.06903400	87.29819000	-4.76088700
2.07403400	87.29819000	-4.73647300
2.07903400	87.29819000	-4.64491700
2.08403400	87.29819000	-5.11490200
2.08903400	87.29819000	-6.13422100
2.09403400	87.29819000	-6.10980600
2.09903400	87.29819000	-4.99893200
2.10403400	87.29819000	-4.97451700
2.10903400	87.29819000	-5.99383500
2.11403400	87.29819000	-6.46382000
2.11903400	87.29819000	-6.37226500
2.12403400	87.29819000	-6.34785000
2.12903400	87.29819000	-6.34785000
2.13403400	87.29819000	-6.32343500
2.13903400	87.29819000	-6.23187900
2.14403400	87.35923000	-6.70186400
2.14903400	87.58812000	-7.72118300
2.15403400	86.47419000	-7.72118300
2.15903400	84.15479000	-6.70186400
2.16403400	83.04086000	-6.25629500
2.16903400	83.26974000	-6.43940500
2.17403400	83.33078000	-6.01825000
2.17903400	83.33078000	-5.09048700
2.18403400	83.33078000	-4.64491700
2.18903400	83.33078000	-4.73647300
2.19403400	83.33078000	-4.76088700
2.19903400	83.33078000	-4.76088700
2.20403400	83.33078000	-4.73647300
2.20903400	83.33078000	-4.64491700
2.21403400	83.39182000	-5.11490200
2.21903400	83.62070000	-6.13422100
2.22403400	82.50678000	-6.08539100
2.22903400	80.18738000	-4.88296100
2.23403400	79.07346000	-5.30411700
2.23903400	79.30235000	-7.25119700
2.24403400	79.36338000	-8.21558300
2.24903400	79.36338000	-8.21558300
2.25403400	79.36338000	-7.27561200
2.25903400	79.36338000	-5.42008700
2.26403400	79.36338000	-4.50453200
2.26903400	79.36338000	-4.59608700
2.27403400	79.36338000	-5.09048700
2.27903400	79.36338000	-6.01825000
2.28403400	79.36338000	-6.46382000
2.28903400	79.36338000	-6.37226500
2.29403400	79.36338000	-6.34785000
2.29903400	79.36338000	-6.34785000
2.30403400	79.42442000	-6.34785000
2.30903400	79.65331000	-6.34785000
2.31403400	78.47834000	-6.37226500
2.31903400	75.93005000	-6.46382000
2.32403400	75.99108000	-5.99383500
2.32903400	78.76827000	-4.97451700
2.33403400	78.82931000	-4.99893200
2.33903400	76.28101000	-6.10980600
2.34403400	75.10605000	-6.13422100
2.34903400	75.33494000	-5.11490200
2.35403400	75.39597000	-4.64491700
2.35903400	75.39597000	-4.73647300
2.36403400	75.39597000	-4.73647300
2.36903400	75.39597000	-4.64491700
2.37403400	75.39597000	-5.11490200
2.37903400	75.39597000	-6.13422100
2.38403400	75.39597000	-6.13422100
2.38903400	75.39597000	-5.11490200
2.39403400	75.45701000	-4.64491700
2.39903400	75.68590000	-4.73647300
2.40403400	74.57197000	-4.73647300
2.40903400	72.25256000	-4.64491700
2.41403400	71.13864000	-5.11490200
2.41903400	71.36753000	-6.13422100
2.42403400	71.42857000	-6.13422100
2.42903400	71.42857000	-5.11490200
2.43403400	71.42857000	-4.64491700
2.43903400	71.42857000	-4.73647300
2.44403400	71.42857000	-4.76088700
2.44903400	71.42857000	-4.76088700
2.45403400	71.42857000	-4.76088700
2.45903400	71.42857000	-4.76088700
2.46403400	71.42857000	-4.76088700
2.46903400	71.42857000	-4.76088700
2.47403400	71.42857000	-4.73647300
2.47903400	71.42857000	-4.64491700
2.48403400	71.42857000	-5.09048700
2.48903400	71.42857000	-6.01825000
2.49403400	71.42857000	-6.46382000
2.49903400	71.42857000	-6.37226500
2.50403400	71.48961000	-6.37226500
2.50903400	71.71850000	-6.46382000
2.51403400	70.60457000	-5.99383500
2.51903400	68.26991000	-4.97451700
2.52403400	67.15598000	-4.95010200
2.52903400	67.38486000	-5.87786500
2.53403400	67.44590000	-6.81783500
2.53903400	67.44590000	-7.74559700
2.54403400	67.44590000	-7.72118300
2.54903400	67.44590000	-6.70186400
2.55403400	67.44590000	-6.23187900
2.55903400	67.44590000	-6.32343500
2.56403400	67.44590000	-6.34785000
2.56903400	67.44590000	-6.34785000
2.57403400	67.44590000	-6.34785000
2.57903400	67.44590000	-6.34785000
2.58403400	67.44590000	-6.34785000
2.58903400	67.44590000	-6.34785000
2.59403400	67.50694000	-6.34785000
2.59903400	67.73582000	-6.34785000
2.60403400	66.56087000	-6.34785000
2.60903400	64.01257000	-6.34785000
2.61403400	64.07360000	-6.37226500
2.61903400	66.85079000	-6.46382000
2.62403400	66.91183000	-6.01825000
2.62903400	64.36353000	-5.09048700
2.63403400	63.18857000	-4.64491700
2.63903400	63.41746000	-4.73647300
2.64403400	63.47850000	-4.73647300
2.64903400	63.47850000	-4.64491700
2.65403400	63.47850000	-5.09048700
2.65903400	63.47850000	-6.01825000
2.66403400	63.47850000	-6.48823500
2.66903400	63.47850000	-6.48823500
2.67403400	63.47850000	-5.99383500
2.67903400	63.47850000	-4.97451700
2.68403400	63.47850000	-4.97451700
2.68903400	63.47850000	-5.99383500
2.69403400	63.53953000	-6.46382000
2.69903400	63.76842000	-6.37226500
2.70403400	62.65450000	-6.34785000
2.70903400	60.33509000	-6.34785000
2.71403400	59.22116000	-6.34785000
2.71903400	59.45005000	-6.34785000
2.72403400	59.51109000	-6.34785000
2.72903400	59.51109000	-6.34785000
2.73403400	59.51109000	-6.34785000
2.73903400	59.51109000	-6.34785000
2.74403400	59.51109000	-6.34785000
2.74903400	59.51109000	-6.34785000
2.75403400	59.51109000	-6.34785000
2.75903400	59.51109000	-6.34785000
2.76403400	59.51109000	-6.34785000
2.76903400	59.51109000	-6.34785000
2.77403400	59.51109000	-6.34785000
2.77903400	59.51109000	-6.34785000
2.78403400	59.51109000	-6.34785000
2.78903400	59.51109000	-6.34785000
2.79403400	59.51109000	-6.34785000
2.79903400	59.51109000	-6.34785000
2.80403400	59.57213000	-6.34785000
2.80903400	59.80102000	-6.34785000
2.81403400	58.68709000	-6.34785000
2.81903400	56.36768000	-6.34785000
2.82403400	55.25376000	-6.32343500
2.82903400	55.48264000	-6.23187900
2.83403400	55.54368000	-6.70186400
2.83903400	55.54368000	-7.72118300
2.84403399	55.54368000	-7.72118300
2.84903399	55.54368000	-6.70186400
2.85403399	55.54368000	-6.23187900
2.85903399	55.54368000	-6.32343500
2.86403399	55.54368000	-6.37226500
2.86903399	55.54368000	-6.46382000
2.87403399	55.54368000	-6.01825000
2.87903399	55.54368000	-5.09048700
2.88403399	55.54368000	-4.64491700
2.88903399	55.54368000	-4.73647300
2.89403399	55.54368000	-4.76088700
2.89903399	55.54368000	-4.76088700
2.90403399	55.54368000	-4.73647300
2.90903399	55.54368000	-4.64491700
2.91403399	55.54368000	-5.11490200
2.91903399	55.54368000	-6.13422100
2.92403399	55.54368000	-6.13422100
2.92903399	55.54368000	-5.11490200
2.93403399	55.54368000	-4.64491700
2.93903399	55.54368000	-4.73647300
2.94403399	55.60472000	-4.76088700
2.94903399	55.83361000	-4.76088700
2.95403399	54.65865000	-4.76088700
2.95903399	52.11035000	-4.76088700
2.96403399	52.11035000	-4.76088700
2.96903399	54.65865000	-4.76088700
2.97403399	55.89465000	-4.73647300
2.97903399	55.89465000	-4.64491700
2.98403399	54.71968000	-5.06607200
2.98903399	52.40028000	-5.90228000
2.99403399	51.28635000	-6.81783500
2.99903399	51.51524000	-7.74559700
3.00403399	51.57627000	-7.74559700
3.00903399	51.57627000	-6.81783500
3.01403399	51.57627000	-5.90228000
3.01903399	51.57627000	-5.06607200
3.02403399	51.57627000	-4.64491700
3.02903399	51.57627000	-4.73647300
3.03403399	51.57627000	-4.73647300
3.03903399	51.57627000	-4.64491700
3.04403399	51.57627000	-5.09048700
3.04903399	51.57627000	-6.01825000
3.05403399	51.63731000	-6.48823500
3.05903399	51.86620000	-6.48823500
3.06403399	50.69124000	-6.01825000
3.06903399	48.14294000	-5.09048700
3.07403399	48.14294000	-4.62050200
3.07903399	50.69124000	-4.62050200
3.08403399	51.92724000	-5.11490200
3.08903399	51.92724000	-6.13422100
3.09403399	50.75228000	-6.10980600
3.09903399	48.43287000	-4.99893200
3.10403399	47.31895000	-4.97451700
3.10903399	47.54784000	-5.99383500
3.11403399	47.60887000	-6.46382000
3.11903399	47.60887000	-6.37226500
3.12403399	47.60887000	-6.34785000
3.12903399	47.60887000	-6.34785000
3.13403399	47.60887000	-6.34785000
3.13903399	47.60887000	-6.34785000
3.14403399	47.60887000	-6.34785000
3.14903399	47.60887000	-6.34785000
3.15403399	47.60887000	-6.32343500
3.15903399	47.60887000	-6.23187900
3.16403399	47.60887000	-6.67745000
3.16903399	47.60887000	-7.60521200
3.17403399	47.60887000	-8.07519700
3.17903399	47.60887000	-8.07519700
3.18403399	47.60887000	-7.60521200
3.18903399	47.60887000	-6.67745000
3.19403399	47.60887000	-6.23187900
3.19903399	47.60887000	-6.32343500
3.20403399	47.60887000	-6.32343500
3.20903399	47.60887000	-6.23187900
3.21403399	47.66991000	-6.72627900
3.21903399	47.89880000	-7.83715300
3.22403399	46.78487000	-7.36716800
3.22903399	44.46547000	-5.32853200
3.23403399	43.35154000	-4.88296100
3.23903399	43.58043000	-6.08539100
3.24403399	43.58043000	-6.13422100
3.24903399	43.35154000	-5.11490200
3.25403399	44.52650000	-4.62050200
3.25903399	47.07480000	-4.62050200
3.26403399	47.07480000	-5.11490200
3.26903399	44.52650000	-6.13422100
3.27403399	43.35154000	-6.10980600
3.27903399	43.58043000	-4.99893200
3.28403399	43.64147000	-4.99893200
3.28903399	43.64147000	-6.10980600
3.29403399	43.64147000	-6.10980600
3.29903399	43.64147000	-4.99893200
3.30403399	43.64147000	-4.97451700
3.30903399	43.64147000	-5.99383500
3.31403399	43.64147000	-6.48823500
3.31903399	43.64147000	-6.48823500
3.32403399	43.64147000	-5.99383500
3.32903399	43.64147000	-4.97451700
3.33403399	43.64147000	-4.97451700
3.33903399	43.64147000	-5.99383500
3.34403399	43.64147000	-6.46382000
3.34903399	43.64147000	-6.37226500
3.35403399	43.64147000	-6.37226500
3.35903399	43.64147000	-6.46382000
3.36403399	43.64147000	-5.99383500
3.36903399	43.64147000	-4.97451700
3.37403399	43.64147000	-4.99893200
3.37903399	43.64147000	-6.10980600
3.38403399	43.70250000	-6.13422100
3.38903399	43.93139000	-5.11490200
3.39403399	42.81747000	-4.64491700
3.39903399	40.49806000	-4.73647300
3.40403399	39.32310000	-4.76088700
3.40903399	39.32310000	-4.76088700
3.41403399	40.55910000	-4.73647300
3.41903399	43.10739000	-4.64491700
3.42403399	43.10739000	-5.09048700
3.42903399	40.55910000	-6.01825000
3.43403399	39.38414000	-6.46382000
3.43903399	39.61302000	-6.37226500
3.44403399	39.67406000	-6.34785000
3.44903399	39.67406000	-6.34785000
3.45403399	39.67406000	-6.34785000
3.45903399	39.67406000	-6.34785000
3.46403399	39.67406000	-6.34785000
3.46903399	39.67406000	-6.34785000
3.47403399	39.67406000	-6.34785000
3.47903399	39.67406000	-6.34785000
3.48403399	39.67406000	-6.34785000
3.48903399	39.67406000	-6.34785000
3.49403399	39.67406000	-6.37226500
3.49903399	39.67406000	-6.46382000
3.50403399	39.67406000	-6.01825000
3.50903399	39.67406000	-5.09048700
3.51403399	39.67406000	-4.64491700
3.51903399	39.67406000	-4.73647300
3.52403399	39.67406000	-4.76088700
3.52903399	39.67406000	-4.76088700
3.53403399	39.67406000	-4.73647300
3.53903399	39.67406000	-4.64491700
3.54403399	39.67406000	-5.09048700
3.54903399	39.67406000	-6.01825000
3.55403399	39.73510000	-6.46382000
3.55903399	39.96399000	-6.37226500
3.56403399	38.85006000	-6.34785000
3.56903399	36.53065000	-6.34785000
3.57403399	35.41673000	-6.32343500
3.57903399	35.64562000	-6.23187900
3.58403399	35.70665000	-6.67745000
3.58903399	35.70665000	-7.60521200
3.59403399	35.70665000	-8.02636700
3.59903399	35.70665000	-7.84325600
3.60403399	35.70665000	-8.31324200
3.60903399	35.70665000	-9.42411600
3.61403399	35.70665000	-8.95413000
3.61903399	35.70665000	-6.91549400
3.62403399	35.70665000	-6.46992400
3.62903399	35.70665000	-7.67235300
3.63403399	35.70665000	-7.72118300
3.63903399	35.70665000	-6.70186400
3.64403399	35.70665000	-6.23187900
3.64903399	35.70665000	-6.32343500
3.65403399	35.70665000	-6.37226500
3.65903399	35.70665000	-6.46382000
3.66403399	35.70665000	-5.99383500
3.66903399	35.70665000	-4.97451700
3.67403399	35.70665000	-5.02334600
3.67903399	35.70665000	-6.22577600
3.68403399	35.70665000	-5.75579100
3.68903399	35.70665000	-3.62559900
3.69403399	35.70665000	-3.62559900
3.69903399	35.70665000	-5.75579100
3.70403399	35.76769000	-6.22577600
3.70903399	35.99658000	-5.02334600
3.71403399	34.82162000	-4.99893200
3.71903399	32.27332000	-6.10980600
3.72403399	32.33436000	-6.13422100
3.72903399	35.11155000	-5.11490200
3.73403399	35.17258000	-4.62050200
3.73903399	32.62428000	-4.62050200
3.74403399	31.44932000	-5.09048700
3.74903399	31.67821000	-6.01825000
3.75403399	31.73925000	-6.46382000
3.75903399	31.73925000	-6.37226500
3.76403399	31.73925000	-6.34785000
3.76903399	31.73925000	-6.34785000
3.77403399	31.73925000	-6.37226500
3.77903399	31.73925000	-6.46382000
3.78403399	31.73925000	-6.01825000
3.78903399	31.73925000	-5.09048700
3.79403399	31.73925000	-4.66933200
3.79903399	31.73925000	-4.85244300
3.80403399	31.73925000	-4.43128700
3.80903399	31.73925000	-3.50352500
3.81403399	31.73925000	-3.05795500
3.81903399	31.73925000	-3.14951000
3.82403399	31.73925000	-3.17392500
3.82903399	31.73925000	-3.17392500
3.83403399	31.73925000	-3.17392500
3.83903399	31.73925000	-3.17392500
3.84403399	31.73925000	-3.17392500
3.84903399	31.73925000	-3.17392500
3.85403399	31.73925000	-3.17392500
3.85903399	31.73925000	-3.17392500
3.86403399	31.73925000	-3.14951000
3.86903399	31.73925000	-3.05795500
3.87403399	31.73925000	-3.52794000
3.87903399	31.73925000	-4.54725700
3.88403399	31.73925000	-4.52284300
3.88903399	31.73925000	-3.41196900
3.89403399	31.73925000	-3.36314000
3.89903399	31.73925000	-4.29090200
3.90403399	31.73925000	-5.25528700
3.90903399	31.73925000	-6.27460500
3.91403399	31.73925000	-5.80462000
3.91903399	31.73925000	-3.85753900
3.92403399	31.73925000	-2.91756900
3.92903399	31.73925000	-3.00912500
3.93403399	31.73925000	-3.47911000
3.93903399	31.73925000	-4.31531700
3.94403399	31.73925000	-5.20645800
3.94903399	31.73925000	-6.04266500
3.95403399	31.73925000	-6.46382000
3.95903399	31.73925000	-6.37226500
3.96403399	31.73925000	-6.37226500
3.96903399	31.73925000	-6.46382000
3.97403399	31.73925000	-5.99383500
3.97903399	31.73925000	-4.97451700
3.98403399	31.80028000	-4.97451700
3.98903399	32.02917000	-5.99383500
3.99403399	30.91525000	-6.46382000
3.99903399	28.59584000	-6.37226500
4.00403399	27.42088000	-6.34785000
4.00903399	27.42088000	-6.34785000
4.01403399	28.59584000	-6.34785000
4.01903399	30.91525000	-6.34785000
4.02403399	32.09021000	-6.34785000
4.02903399	32.09021000	-6.34785000
4.03403399	30.91525000	-6.37226500
4.03903399	28.59584000	-6.46382000
4.04403399	27.48192000	-5.99383500
4.04903399	27.71080000	-4.97451700
4.05403399	27.77184000	-4.99893200
4.05903399	27.77184000	-6.10980600
4.06403399	27.77184000	-6.13422100
4.06903399	27.77184000	-5.11490200
4.07403399	27.77184000	-4.64491700
4.07903399	27.77184000	-4.73647300
4.08403399	27.77184000	-4.76088700
4.08903399	27.77184000	-4.76088700
4.09403399	27.77184000	-4.76088700
4.09903399	27.77184000	-4.76088700
4.10403399	27.77184000	-4.76088700
4.10903399	27.77184000	-4.76088700
4.11403399	27.77184000	-4.76088700
4.11903399	27.77184000	-4.76088700
4.12403399	27.77184000	-4.73647300
4.12903399	27.77184000	-4.64491700
4.13403399	27.77184000	-5.09048700
4.13903399	27.77184000	-6.01825000
4.14403399	27.83288000	-6.43940500
4.14903399	28.06177000	-6.25629500
4.15403399	26.88680000	-6.70186400
4.15903399	24.33851000	-7.72118300
4.16403399	24.33851000	-7.72118300
4.16903399	26.88680000	-6.70186400
4.17403399	28.12280000	-6.23187900
4.17903399	28.12280000	-6.32343500
4.18403399	26.88680000	-6.34785000
4.18903399	24.33851000	-6.34785000
4.19403399	24.39955000	-6.37226500
4.19903399	27.17673000	-6.46382000
4.20403399	27.23777000	-5.99383500
4.20903399	24.68947000	-4.97451700
4.21403399	23.51451000	-4.97451700
4.21903399	23.74340000	-5.99383500
4.22403399	23.80444000	-6.46382000
4.22903399	23.80444000	-6.37226500
4.23403399	23.80444000	-6.37226500
4.23903399	23.80444000	-6.46382000
4.24403399	23.80444000	-5.99383500
4.24903399	23.80444000	-4.97451700
4.25403399	23.80444000	-4.97451700
4.25903399	23.80444000	-5.99383500
4.26403399	23.80444000	-6.48823500
4.26903399	23.80444000	-6.48823500
4.27403399	23.80444000	-5.99383500
4.27903399	23.80444000	-4.97451700
4.28403399	23.80444000	-4.99893200
4.28903399	23.80444000	-6.10980600
4.29403399	23.80444000	-6.10980600
4.29903399	23.80444000	-4.99893200
4.30403399	23.80444000	-4.99893200
4.30903399	23.80444000	-6.10980600
4.31403399	23.80444000	-6.13422100
4.31903399	23.80444000	-5.11490200
4.32403399	23.80444000	-4.64491700
4.32903399	23.80444000	-4.73647300
4.33403399	23.80444000	-4.76088700
4.33903399	23.80444000	-4.76088700
4.34403399	23.80444000	-4.76088700
4.34903399	23.80444000	-4.76088700
4.35403399	23.80444000	-4.76088700
4.35903399	23.80444000	-4.76088700
4.36403399	23.80444000	-4.76088700
4.36903399	23.80444000	-4.76088700
4.37403399	23.80444000	-4.76088700
4.37903399	23.80444000	-4.76088700
4.38403399	23.80444000	-4.76088700
4.38903399	23.80444000	-4.76088700
4.39403399	23.80444000	-4.76088700
4.39903399	23.80444000	-4.76088700
4.40403399	23.80444000	-4.78530200
4.40903399	23.80444000	-4.87685800
4.41403399	23.80444000	-4.40687300
4.41903399	23.80444000	-3.38755500
4.42403399	23.80444000	-3.38755500
4.42903399	23.80444000	-4.40687300
4.43403399	23.80444000	-4.87685800
4.43903399	23.80444000	-4.78530200
4.44403399	23.80444000	-4.76088700
4.44903399	23.80444000	-4.76088700
4.45403399	23.86547000	-4.76088700
4.45903399	24.09436000	-4.76088700
4.46403399	22.91940000	-4.76088700
4.46903399	20.37111000	-4.76088700
4.47403399	20.37111000	-4.73647300
4.47903399	22.91940000	-4.64491700
4.48403399	24.09436000	-5.09048700
4.48903398	23.86547000	-6.01825000
4.49403398	23.80444000	-6.46382000
4.49903398	23.80444000	-6.37226500
4.50403398	23.86547000	-6.32343500
4.50903398	24.09436000	-6.23187900
4.51403398	22.91940000	-6.67745000
4.51903398	20.37111000	-7.60521200
4.52403398	20.43214000	-8.05078300
4.52903398	23.20932000	-7.95922800
4.53403398	23.20932000	-7.93481200
4.53903398	20.43214000	-7.93481200
4.54403398	20.43214000	-7.93481200
4.54903398	23.20932000	-7.93481200
4.55403398	23.27036000	-7.93481200
4.55903398	20.72207000	-7.93481200
4.56403398	19.54710000	-7.93481200
4.56903398	19.77599000	-7.93481200
4.57403398	19.83703000	-7.95922800
4.57903398	19.83703000	-8.05078300
4.58403398	19.83703000	-7.58079800
4.58903398	19.83703000	-6.56148000
4.59403398	19.83703000	-6.56148000
4.59903398	19.83703000	-7.58079800
4.60403398	19.83703000	-8.05078300
4.60903398	19.83703000	-7.95922800
4.61403398	19.83703000	-7.93481200
4.61903398	19.83703000	-7.93481200
4.62403398	19.83703000	-7.93481200
4.62903398	19.83703000	-7.93481200
4.63403398	19.83703000	-7.93481200
4.63903398	19.83703000	-7.93481200
4.64403398	19.83703000	-7.93481200
4.64903398	19.83703000	-7.93481200
4.65403398	19.83703000	-7.93481200
4.65903398	19.83703000	-7.93481200
4.66403398	19.83703000	-7.95922800
4.66903398	19.83703000	-8.05078300
4.67403398	19.83703000	-7.60521200
4.67903398	19.83703000	-6.67745000
4.68403398	19.83703000	-6.23187900
4.68903398	19.83703000	-6.32343500
4.69403398	19.83703000	-6.37226500
4.69903398	19.83703000	-6.46382000
4.70403398	19.83703000	-6.01825000
4.70903398	19.83703000	-5.09048700
4.71403398	19.83703000	-4.64491700
4.71903398	19.83703000	-4.73647300
4.72403398	19.83703000	-4.76088700
4.72903398	19.83703000	-4.76088700
4.73403398	19.83703000	-4.78530200
4.73903398	19.83703000	-4.87685800
4.74403398	19.89807000	-4.40687300
4.74903398	20.12696000	-3.38755500
4.75403398	18.95199000	-3.38755500
4.75903398	16.40370000	-4.40687300
4.76403398	16.40370000	-4.87685800
4.76903398	18.95199000	-4.78530200
4.77403398	20.18799000	-4.73647300
4.77903398	20.18799000	-4.64491700
4.78403398	19.01303000	-5.11490200
4.78903398	16.69362000	-6.13422100
4.79403398	15.57970000	-6.13422100
4.79903398	15.80859000	-5.11490200
4.80403398	15.86962000	-4.62050200
4.80903398	15.86962000	-4.62050200
4.81403398	15.86962000	-5.11490200
4.81903398	15.86962000	-6.13422100
4.82403398	15.86962000	-6.13422100
4.82903398	15.86962000	-5.11490200
4.83403398	15.86962000	-4.64491700
4.83903398	15.86962000	-4.73647300
4.84403398	15.86962000	-4.78530200
4.84903398	15.86962000	-4.87685800
4.85403398	15.86962000	-4.43128700
4.85903398	15.86962000	-3.50352500
4.86403398	15.86962000	-3.03354000
4.86903398	15.86962000	-3.03354000
4.87403398	15.86962000	-3.50352500
4.87903398	15.86962000	-4.43128700
4.88403398	15.86962000	-4.87685800
4.88903398	15.86962000	-4.78530200
4.89403398	15.80859000	-4.76088700
4.89903398	15.57970000	-4.76088700
4.90403398	16.75466000	-4.76088700
4.90903398	19.30296000	-4.76088700
4.91403398	19.30296000	-4.73647300
4.91903398	16.75466000	-4.64491700
4.92403398	15.57970000	-5.11490200
4.92903398	15.80859000	-6.13422100
4.93403398	15.86962000	-6.10980600
4.93903398	15.86962000	-4.99893200
4.94403398	15.86962000	-4.97451700
4.94903398	15.86962000	-5.99383500
4.95403398	15.86962000	-6.46382000
4.95903398	15.86962000	-6.37226500
4.96403398	15.86962000	-6.34785000
4.96903398	15.86962000	-6.34785000
4.97403398	15.86962000	-6.37226500
4.97903398	15.86962000	-6.46382000
4.98403398	15.86962000	-6.01825000
4.98903398	15.86962000	-5.09048700
4.99403398	15.86962000	-4.64491700
4.99903398	15.86962000	-4.73647300
5.00403398	15.86962000	-4.76088700
5.00903398	15.86962000	-4.76088700
5.01403398	15.86962000	-4.76088700
5.01903398	15.86962000	-4.76088700
5.02403398	15.86962000	-4.76088700
5.02903398	15.86962000	-4.76088700
5.03403398	15.86962000	-4.76088700
5.03903398	15.86962000	-4.76088700
5.04403398	15.86962000	-4.76088700
5.04903398	15.86962000	-4.76088700
5.05403398	15.86962000	-4.76088700
5.05903398	15.86962000	-4.76088700
5.06403398	15.86962000	-4.76088700
5.06903398	15.86962000	-4.76088700
5.07403398	15.86962000	-4.73647300
5.07903398	15.86962000	-4.64491700
5.08403398	15.86962000	-5.11490200
5.08903398	15.86962000	-6.13422100
5.09403398	15.86962000	-6.10980600
5.09903398	15.86962000	-4.99893200
5.10403398	15.86962000	-4.97451700
5.10903398	15.86962000	-5.99383500
5.11403398	15.86962000	-6.48823500
5.11903398	15.86962000	-6.48823500
5.12403398	15.86962000	-6.01825000
5.12903398	15.86962000	-5.09048700
5.13403398	15.86962000	-4.62050200
5.13903398	15.86962000	-4.62050200
5.14403398	15.86962000	-5.09048700
5.14903398	15.86962000	-6.01825000
5.15403398	15.86962000	-6.48823500
5.15903398	15.86962000	-6.48823500
5.16403398	15.86962000	-6.01825000
5.16903398	15.86962000	-5.09048700
5.17403398	15.86962000	-4.62050200
5.17903398	15.86962000	-4.62050200
5.18403398	15.86962000	-5.09048700
5.18903398	15.86962000	-6.01825000
5.19403398	15.93066000	-6.46382000
5.19903398	16.15955000	-6.37226500
5.20403398	15.04562000	-6.34785000
5.20903398	12.72622000	-6.34785000
5.21403398	11.55125000	-6.34785000
5.21903398	11.55125000	-6.34785000
5.22403398	12.72622000	-6.37226500
5.22903398	15.04562000	-6.46382000
5.23403398	16.15955000	-6.01825000
5.23903398	15.93066000	-5.09048700
5.24403398	15.86962000	-4.64491700
5.24903398	15.86962000	-4.73647300
5.25403398	15.93066000	-4.76088700
5.25903398	16.15955000	-4.76088700
5.26403398	15.04562000	-4.78530200
5.26903398	12.72622000	-4.87685800
5.27403398	11.61229000	-4.43128700
5.27903398	11.84118000	-3.50352500
5.28403398	11.90222000	-3.05795500
5.28903398	11.90222000	-3.14951000
5.29403398	11.84118000	-3.14951000
5.29903398	11.61229000	-3.05795500
5.30403398	12.78725000	-3.52794000
5.30903398	15.33555000	-4.54725700
5.31403398	15.33555000	-4.52284300
5.31903398	12.78725000	-3.41196900
5.32403398	11.61229000	-3.38755500
5.32903398	11.84118000	-4.40687300
5.33403398	11.90222000	-4.90127200
5.33903398	11.90222000	-4.90127200
5.34403398	11.90222000	-4.43128700
5.34903398	11.90222000	-3.50352500
5.35403398	11.90222000	-3.03354000
5.35903398	11.90222000	-3.03354000
5.36403398	11.90222000	-3.50352500
5.36903398	11.90222000	-4.43128700
5.37403398	11.90222000	-4.87685800
5.37903398	11.90222000	-4.78530200
5.38403398	11.90222000	-4.73647300
5.38903398	11.90222000	-4.64491700
5.39403398	11.90222000	-5.11490200
5.39903398	11.90222000	-6.13422100
5.40403398	11.90222000	-6.10980600
5.40903398	11.90222000	-4.99893200
5.41403398	11.90222000	-4.97451700
5.41903398	11.90222000	-5.99383500
5.42403398	11.90222000	-6.48823500
5.42903398	11.90222000	-6.48823500
5.43403398	11.90222000	-6.01825000
5.43903398	11.90222000	-5.09048700
5.44403398	11.90222000	-4.59608700
5.44903398	11.90222000	-4.50453200
5.45403398	11.90222000	-5.42008700
5.45903398	11.90222000	-7.27561200
5.46403398	11.90222000	-8.23999700
5.46903398	11.90222000	-8.33155300
5.47403398	11.90222000	-6.89718300
5.47903398	11.90222000	-3.93078400
5.48403398	11.90222000	-3.48521400
5.48903398	11.90222000	-5.61540600
5.49403398	11.90222000	-6.60420600
5.49903398	11.90222000	-6.51265000
5.50403398	11.90222000	-6.04266500
5.50903398	11.90222000	-5.20645800
5.51403398	11.90222000	-4.29090200
5.51903398	11.90222000	-3.36314000
5.52403398	11.90222000	-3.38755500
5.52903398	11.90222000	-4.40687300
5.53403398	11.90222000	-4.90127200
5.53903398	11.90222000	-4.90127200
5.54403398	11.90222000	-4.43128700
5.54903398	11.90222000	-3.50352500
5.55403398	11.90222000	-3.03354000
5.55903398	11.90222000	-3.03354000
5.56403398	11.96325000	-3.52794000
5.56903398	12.19214000	-4.54725700
5.57403398	11.01718000	-4.54725700
5.57903398	8.46888600	-3.52794000
5.58403398	8.46888600	-3.03354000
5.58903398	11.01718000	-3.03354000
5.59403398	12.19214000	-3.50352500
5.59903398	11.96325000	-4.43128700
5.60403398	11.90222000	-4.87685800
5.60903398	11.90222000	-4.78530200
5.61403398	11.90222000	-4.76088700
5.61903398	11.90222000	-4.76088700
5.62403398	11.96325000	-4.76088700
5.62903398	12.19214000	-4.76088700
5.63403398	11.07822000	-4.76088700
5.63903398	8.75881200	-4.76088700
5.64403398	7.58384900	-4.76088700
5.64903398	7.58384900	-4.76088700
5.65403398	8.75881200	-4.76088700
5.65903398	11.07822000	-4.76088700
5.66403398	12.25318000	-4.76088700
5.66903398	12.25318000	-4.76088700
5.67403398	11.01718000	-4.73647300
5.67903398	8.46888600	-4.64491700
5.68403398	8.52992300	-5.11490200
5.68903398	11.30711000	-6.13422100
5.69403398	11.36814000	-6.10980600
5.69903398	8.81984900	-4.99893200
5.70403398	7.64488600	-5.02334600
5.70903398	7.87377500	-6.22577600
5.71403398	7.93481200	-5.78020600
5.71903398	7.93481200	-3.74156900
5.72403398	7.93481200	-3.27158400
5.72903398	7.93481200	-4.38245800
5.73403398	7.93481200	-4.85244300
5.73903398	7.93481200	-4.66933200
5.74403398	7.93481200	-5.11490200
5.74903398	7.93481200	-6.13422100
5.75403398	7.93481200	-6.15863500
5.75903398	7.93481200	-5.23087300
5.76403398	7.93481200	-4.29090200
5.76903398	7.93481200	-3.36314000
5.77403398	7.93481200	-3.38755500
5.77903398	7.93481200	-4.40687300
5.78403398	7.93481200	-4.87685800
5.78903398	7.93481200	-4.78530200
5.79403398	7.87377500	-4.76088700
5.79903398	7.64488600	-4.76088700
5.80403398	8.81984900	-4.76088700
5.80903398	11.36814000	-4.76088700
5.81403398	11.36814000	-4.76088700
5.81903398	8.81984900	-4.76088700
5.82403398	7.64488600	-4.76088700
5.82903398	7.87377500	-4.76088700
5.83403398	7.93481200	-4.76088700
5.83903398	7.93481200	-4.76088700
5.84403398	7.93481200	-4.78530200
5.84903398	7.93481200	-4.87685800
5.85403398	7.93481200	-4.40687300
5.85903398	7.93481200	-3.38755500
5.86403398	7.93481200	-3.41196900
5.86903398	7.93481200	-4.52284300
5.87403398	7.93481200	-4.52284300
5.87903398	7.93481200	-3.41196900
5.88403398	7.93481200	-3.41196900
5.88903398	7.93481200	-4.52284300
5.89403398	7.93481200	-4.52284300
5.89903398	7.93481200	-3.41196900
5.90403398	7.93481200	-3.38755500
5.90903398	7.93481200	-4.40687300
5.91403398	7.93481200	-4.90127200
5.91903398	7.93481200	-4.90127200
5.92403398	7.93481200	-4.40687300
5.92903398	7.93481200	-3.38755500
5.93403398	7.93481200	-3.38755500
5.93903398	7.93481200	-4.40687300
5.94403398	7.93481200	-4.87685800
5.94903398	7.93481200	-4.78530200
5.95403398	7.93481200	-4.73647300
5.95903398	7.93481200	-4.64491700
5.96403398	7.93481200	-5.11490200
5.96903398	7.93481200	-6.13422100
5.97403398	7.93481200	-6.10980600
5.97903398	7.93481200	-4.99893200
5.98403398	7.93481200	-4.97451700
5.98903398	7.93481200	-5.99383500
5.99403398	7.93481200	-6.48823500
5.99903398	7.93481200	-6.48823500
6.00403398	7.93481200	-5.99383500
6.00903398	7.93481200	-4.97451700
6.01403398	7.93481200	-4.99893200
6.01903398	7.93481200	-6.10980600
6.02403398	7.93481200	-6.10980600
6.02903398	7.93481200	-4.99893200
6.03403398	7.93481200	-4.99893200
6.03903398	7.93481200	-6.10980600
6.04403398	7.93481200	-6.13422100
6.04903398	7.93481200	-5.11490200
6.05403398	7.93481200	-4.64491700
6.05903398	7.93481200	-4.73647300
6.06403398	7.93481200	-4.76088700
6.06903398	7.93481200	-4.76088700
6.07403398	7.93481200	-4.78530200
6.07903398	7.93481200	-4.87685800
6.08403398	7.93481200	-4.40687300
6.08903398	7.93481200	-3.38755500
6.09403398	7.93481200	-3.41196900
6.09903398	7.93481200	-4.52284300
6.10403398	7.93481200	-4.57167300
6.10903398	7.93481200	-3.64391000
6.11403398	7.93481200	-2.70394000
6.11903398	7.93481200	-1.77617700
6.12403398	7.93481200	-1.80059200
6.12903398	7.93481200	-2.81991000
6.13403397	7.93481200	-3.28989500
6.13903397	7.93481200	-3.19834000
6.14403397	7.93481200	-3.17392500
6.14903397	7.93481200	-3.17392500
6.15403397	7.93481200	-3.17392500
6.15903397	7.93481200	-3.17392500
6.16403397	7.93481200	-3.19834000
6.16903397	7.93481200	-3.28989500
6.17403397	7.93481200	-2.81991000
6.17903397	7.93481200	-1.80059200
6.18403397	7.93481200	-1.80059200
6.18903397	7.93481200	-2.81991000
6.19403397	7.93481200	-3.28989500
6.19903397	7.93481200	-3.19834000
6.20403397	7.93481200	-3.14951000
6.20903397	7.93481200	-3.05795500
6.21403397	7.93481200	-3.50352500
6.21903397	7.93481200	-4.43128700
6.22403397	7.93481200	-4.87685800
6.22903397	7.93481200	-4.78530200
6.23403397	7.93481200	-4.76088700
6.23903397	7.93481200	-4.76088700
6.24403397	7.93481200	-4.73647300
6.24903397	7.93481200	-4.64491700
6.25403397	7.93481200	-5.09048700
6.25903397	7.93481200	-6.01825000
6.26403397	7.93481200	-6.46382000
6.26903397	7.93481200	-6.37226500
6.27403397	7.93481200	-6.37226500
6.27903397	7.93481200	-6.46382000
6.28403397	7.99584900	-6.01825000
6.28903397	8.22473800	-5.09048700
6.29403397	7.04977500	-4.64491700
6.29903397	4.50148000	-4.73647300
6.30403397	4.50148000	-4.76088700
6.30903397	7.04977500	-4.76088700
6.31403397	8.22473800	-4.78530200
6.31903397	7.99584900	-4.87685800
6.32403397	7.93481200	-4.43128700
6.32903397	7.93481200	-3.50352500
6.33403397	7.93481200	-3.08237000
6.33903397	7.93481200	-3.26548100
6.34403397	7.93481200	-2.89315500
6.34903397	7.93481200	-2.14850300
6.35403397	7.93481200	-0.85451830
6.35903397	7.93481200	0.71413310
6.36403397	7.93481200	2.38654800
6.36903397	7.93481200	3.68053200
6.37403397	7.99584900	6.21967200
6.37903397	8.22473800	9.36918200
6.38403397	7.04977500	12.78115000
6.38903397	4.50148000	15.64379000
6.39403397	4.56251700	19.40977000
6.39903397	7.33970100	23.01706000
6.40403397	7.40073800	28.15027000
6.40903397	4.85244300	33.60698000
6.41403397	3.61644300	39.14304000
6.41903397	3.61644300	43.39122000
6.42403397	4.85244300	48.85403000
6.42903397	7.40073800	54.03607000
6.43403397	7.40073800	60.46327000
6.43903397	4.85244300	66.65853000
6.44403397	3.67748000	72.61574000
6.44903397	3.90636900	76.86391000
6.45403397	3.90636900	81.92999000
6.45903397	3.67748000	86.45894000
6.46403397	4.85244300	91.12217000
6.46903397	7.40073800	94.72945000
6.47403397	7.40073800	98.98984000
6.47903397	4.85244300	102.87180000
6.48403397	3.61644300	106.30820000
6.48903397	3.61644300	108.52990000
6.49403397	4.85244300	110.20230000
6.49903397	7.40073800	110.84930000
6.50403397	7.33970100	111.22170000
6.50903397	4.56251700	111.13010000
6.51403397	4.56251700	111.15450000
6.51903397	7.33970100	111.33760000
6.52403397	7.40073800	110.48920000
6.52903397	4.85244300	108.82900000
6.53403397	3.61644300	107.10780000
6.53903397	3.61644300	105.72220000
6.54403397	4.85244300	103.57980000
6.54903397	7.40073800	101.17500000
6.55403397	7.40073800	99.03256000
6.55903397	4.85244300	97.64702000
6.56403397	3.67748000	95.99902000
6.56903397	3.90636900	94.61348000
6.57403397	3.96740600	92.51991000
6.57903397	3.96740600	90.29816000
6.58403397	3.96740600	87.28294000
6.58903397	3.96740600	84.13953000
6.59403397	3.96740600	81.14262000
6.59903397	3.96740600	79.01852000
6.60403397	3.96740600	76.50380000
6.60903397	3.96740600	74.28205000
6.61403397	3.96740600	71.74291000
6.61903397	3.96740600	69.52116000
6.62403397	3.96740600	66.95761000
6.62903397	3.96740600	64.64430000
6.63403397	3.96740600	62.52632000
6.63903397	3.96740600	61.14078000
6.64403397	3.96740600	59.46836000
6.64903397	3.96740600	57.99127000
6.65403397	3.96740600	56.31886000
6.65903397	3.96740600	54.92721000
6.66403397	3.96740600	52.76040000
6.66903397	3.96740600	50.26398000
6.67403397	3.96740600	48.56715000
6.67903397	3.96740600	48.10938000
6.68403397	3.96740600	46.88253000
6.68903397	3.96740600	45.31388000
6.69403397	3.96740600	43.54381000
6.69903397	3.96740600	41.88360000
6.70403397	3.96740600	41.07791000
6.70903397	3.96740600	41.45634000
6.71403397	3.96740600	40.65065000
6.71903397	3.96740600	38.99045000
6.72403397	3.96740600	37.22038000
6.72903397	3.96740600	35.65172000
6.73403397	3.96740600	34.37605000
6.73903397	3.96740600	33.73516000
6.74403397	3.96740600	32.91116000
6.74903397	3.96740600	32.16651000
6.75403397	3.96740600	31.34251000
6.75903397	3.96740600	30.70162000
6.76403397	3.96740600	29.40153000
6.76903397	3.96740600	27.73522000
6.77403397	3.96740600	26.43513000
6.77903397	3.96740600	25.79424000
6.78403397	3.96740600	24.97024000
6.78903397	3.96740600	24.22559000
6.79403397	3.96740600	23.38328000
6.79903397	3.96740600	22.63863000
6.80403397	3.96740600	21.79632000
6.80903397	3.96740600	21.05167000
6.81403397	3.96740600	20.20936000
6.81903397	3.96740600	19.46471000
6.82403397	3.96740600	18.62239000
6.82903397	3.96740600	17.87774000
6.83403397	3.96740600	17.01102000
6.83903397	3.96740600	16.17481000
6.84403397	3.96740600	15.77807000
6.84903397	3.96740600	15.96118000
6.85403397	3.96740600	15.54002000
6.85903397	3.96740600	14.61226000
6.86403397	3.96740600	14.19111000
6.86903397	3.96740600	14.37422000
6.87403397	3.96740600	13.92865000
6.87903397	3.96740600	12.90933000
6.88403397	3.96740600	12.93374000
6.88903397	3.96740600	14.04462000
6.89403397	3.96740600	14.09345000
6.89903397	3.96740600	13.16568000
6.90403397	3.96740600	12.25013000
6.90903397	3.96740600	11.41392000
6.91403397	3.96740600	10.99277000
6.91903397	3.96740600	11.08432000
6.92403397	3.96740600	11.10874000
6.92903397	3.96740600	11.10874000
6.93403397	3.96740600	11.13315000
6.93903397	3.96740600	11.22471000
6.94403397	3.96740600	10.77914000
6.94903397	3.96740600	9.85137500
6.95403397	3.96740600	9.43021900
6.95903397	3.96740600	9.61333000
6.96403397	3.96740600	9.19217500
6.96903397	3.96740600	8.26441300
6.97403397	3.96740600	7.81884200
6.97903397	3.96740600	7.91039800
6.98403397	3.96740600	7.95922800
6.98903397	3.96740600	8.05078300
6.99403397	3.96740600	7.58079800
6.99903397	3.96740600	6.56148000
7.00403397	3.96740600	6.56148000
7.00903397	3.96740600	7.58079800
7.01403397	3.96740600	8.07519700
7.01903397	3.96740600	8.07519700
7.02403397	3.96740600	7.58079800
7.02903397	3.96740600	6.56148000
7.03403397	3.96740600	6.58589400
7.03903397	3.96740600	7.69676800
7.04403397	3.96740600	7.72118300
7.04903397	3.96740600	6.70186400
7.05403397	3.96740600	6.23187900
7.05903397	3.96740600	6.32343500
7.06403397	3.96740600	6.34785000
7.06903397	3.96740600	6.34785000
7.07403397	3.96740600	6.37226500
7.07903397	3.96740600	6.46382000
7.08403397	3.96740600	6.01825000
7.08903397	3.96740600	5.09048700
7.09403397	3.96740600	4.62050200
7.09903397	3.96740600	4.62050200
7.10403397	3.96740600	5.09048700
7.10903397	3.96740600	6.01825000
7.11403397	3.96740600	6.48823500
7.11903397	3.96740600	6.48823500
7.12403397	3.96740600	6.01825000
7.12903397	3.96740600	5.09048700
7.13403397	3.96740600	4.62050200
7.13903397	3.96740600	4.62050200
7.14403397	3.96740600	5.09048700
7.14903397	3.96740600	6.01825000
7.15403397	3.96740600	6.48823500
7.15903397	3.96740600	6.48823500
7.16403397	3.96740600	6.01825000
7.16903397	3.96740600	5.09048700
7.17403397	3.96740600	4.64491700
7.17903397	3.96740600	4.73647300
7.18403397	3.96740600	4.76088700
7.18903397	3.96740600	4.76088700
7.19403397	3.96740600	4.76088700
7.19903397	3.96740600	4.76088700
7.20403397	3.96740600	4.76088700
7.20903397	3.96740600	4.76088700
7.21403397	3.96740600	4.78530200
7.21903397	3.96740600	4.87685800
7.22403397	3.96740600	4.43128700
7.22903397	3.96740600	3.50352500
7.23403397	3.96740600	3.03354000
7.23903397	3.96740600	3.03354000
7.24403397	3.96740600	3.50352500
7.24903397	3.96740600	4.43128700
7.25403397	3.96740600	4.90127200
7.25903397	3.96740600	4.90127200
7.26403397	3.96740600	4.43128700
7.26903397	3.96740600	3.50352500
7.27403397	4.02844300	3.05795500
7.27903397	4.25733200	3.14951000
7.28403397	3.08236900	3.17392500
7.28903397	0.53407390	3.17392500
7.29403397	0.53407390	3.17392500
7.29903397	3.08236900	3.17392500
7.30403397	4.25733200	3.17392500
7.30903397	4.02844300	3.17392500
7.31403397	3.96740600	3.19834000
7.31903397	3.96740600	3.28989500
7.32403397	3.96740600	2.81991000
7.32903397	3.96740600	1.80059200
7.33403397	3.96740600	1.82500700
7.33903397	3.96740600	2.93588100
7.34403397	4.02844300	2.96029500
7.34903397	4.25733200	1.94097700
7.35403397	3.08236900	1.44657700
7.35903397	0.53407390	1.44657700
7.36403397	0.53407390	1.94097700
7.36903397	3.08236900	2.96029500
7.37403397	4.31836900	2.96029500
7.37903397	4.31836900	1.94097700
7.38403397	3.08236900	1.44657700
7.38903397	0.53407390	1.44657700
7.39403397	0.53407390	1.94097700
7.39903397	3.08236900	2.96029500
7.40403397	4.31836900	2.93588100
7.40903397	4.31836900	1.82500700
7.41403397	3.08236900	1.82500700
7.41903397	0.53407390	2.93588100
7.42403397	0.53407390	2.96029500
7.42903397	3.08236900	1.94097700
7.43403397	4.31836900	1.47099200
7.43903397	4.31836900	1.56254800
7.44403397	3.08236900	1.61137700
7.44903397	0.53407390	1.70293300
7.45403397	0.53407390	1.25736300
7.45903397	3.08236900	0.32959990
7.46403397	4.25733200	-0.11597030
7.46903397	4.02844300	-0.02441481
7.47403397	3.96740600	0.00000000
7.47903397	3.96740600	0.00000000
7.48403397	3.96740600	-0.02441481
7.48903397	3.96740600	-0.11597030
7.49403397	4.02844300	0.32959990
7.49903397	4.25733200	1.25736300
7.50403397	3.08236900	1.70293300
7.50903397	0.53407390	1.61137700
7.51403397	0.53407390	1.56254800
7.51903397	3.08236900	1.47099200
7.52403397	4.25733200	1.94097700
7.52903397	4.02844300	2.96029500
7.53403397	4.02844300	2.96029500
7.53903397	4.25733200	1.94097700
7.54403397	3.08236900	1.47099200
7.54903397	0.53407390	1.56254800
7.55403397	0.53407390	1.58696200
7.55903397	3.08236900	1.58696200
7.56403397	4.31836900	1.58696200
7.56903397	4.31836900	1.58696200
7.57403397	3.14340600	1.61137700
7.57903397	0.82399970	1.70293300
7.58403397	-0.28992580	1.25736300
7.58903397	-0.06103702	0.32959990
7.59403397	-0.06103702	-0.11597030
7.59903397	-0.28992580	-0.02441481
7.60403397	0.88503670	0.02441481
7.60903397	3.43333200	0.11597030
7.61403397	3.43333200	-0.32959990
7.61903397	0.88503670	-1.25736300
7.62403397	-0.28992580	-1.70293300
7.62903397	-0.06103702	-1.61137700
7.63403397	-0.06103702	-1.58696200
7.63903397	-0.28992580	-1.58696200
7.64403397	0.88503670	-1.58696200
7.64903397	3.43333200	-1.58696200
7.65403397	3.43333200	-1.61137700
7.65903397	0.88503670	-1.70293300
7.66403397	-0.28992580	-1.25736300
7.66903397	-0.06103702	-0.32959990
7.67403397	0.00000000	0.11597030
7.67903397	0.00000000	0.02441481
7.68403397	-0.06103702	0.00000000
7.68903397	-0.28992580	0.00000000
7.69403397	0.88503670	0.00000000
7.69903397	3.43333200	0.00000000
7.70403397	3.43333200	-0.02441481
7.70903397	0.88503670	-0.11597030
7.71403397	-0.35096280	0.32959990
7.71903397	-0.35096280	1.25736300
7.72403397	0.88503670	1.72734800
7.72903397	3.43333200	1.72734800
7.73403397	3.43333200	1.23294800
7.73903397	0.88503670	0.21362960
7.74403397	-0.28992580	0.23804440
7.74903397	-0.06103702	1.34891800
7.75403397	0.00000000	1.37333300
7.75903397	0.00000000	0.35401470
7.76403397	0.00000000	-0.11597030
7.76903397	0.00000000	-0.02441481
7.77403397	0.00000000	-0.02441481
7.77903396	0.00000000	-0.11597030
7.78403396	0.00000000	0.35401470
7.78903396	0.00000000	1.37333300
7.79403396	0.00000000	1.34891800
7.79903396	0.00000000	0.23804440
7.80403396	-0.06103702	0.23804440
7.80903396	-0.28992580	1.34891800
7.81403396	0.88503670	1.34891800
7.81903396	3.43333200	0.23804440
7.82403396	3.43333200	0.21362960
7.82903396	0.88503670	1.23294800
7.83403396	-0.28992580	1.70293300
7.83903396	-0.06103702	1.61137700
7.84403396	0.00000000	1.61137700
7.84903396	0.00000000	1.70293300
7.85403396	0.00000000	1.25736300
7.85903396	0.00000000	0.32959990
7.86403396	0.00000000	-0.11597030
7.86903396	0.00000000	-0.02441481
7.87403396	0.00000000	0.02441481
7.87903396	0.00000000	0.11597030
7.88403396	0.00000000	-0.35401470
7.88903396	0.00000000	-1.37333300
7.89403396	0.00000000	-1.37333300
7.89903396	0.00000000	-0.35401470
7.90403396	0.00000000	0.11597030
7.90903396	0.00000000	0.02441481
7.91403396	0.00000000	0.00000000
7.91903396	0.00000000	0.00000000
7.92403396	0.00000000	0.00000000
7.92903396	0.00000000	0.00000000
7.93403396	0.00000000	-0.02441481
7.93903396	0.00000000	-0.11597030
7.94403396	0.00000000	0.32959990
7.94903396	0.00000000	1.25736300
7.95403396	0.00000000	1.70293300
7.95903396	0.00000000	1.61137700
7.96403396	0.00000000	1.58696200
7.96903396	0.00000000	1.58696200
7.97403396	0.00000000	1.61137700
7.97903396	0.00000000	1.70293300
7.98403396	0.00000000	1.25736300
7.98903396	0.00000000	0.32959990
7.99403396	0.00000000	-0.11597030
7.99903396	0.00000000	-0.02441481
8.00403396	0.00000000	0.00000000
8.00903396	0.00000000	0.00000000
8.01403396	0.00000000	0.02441481
8.01903396	0.00000000	0.11597030
8.02403396	0.00000000	-0.35401470
8.02903396	0.00000000	-1.37333300
8.03403396	0.00000000	-1.34891800
8.03903396	0.00000000	-0.23804440
8.04403396	0.00000000	-0.21362960
8.04903396	0.00000000	-1.23294800
8.05403396	0.00000000	-1.70293300
8.05903396	0.00000000	-1.61137700
8.06403396	0.00000000	-1.58696200
8.06903396	0.00000000	-1.58696200
8.07403396	0.00000000	-1.58696200
8.07903396	0.00000000	-1.58696200
8.08403396	0.00000000	-1.58696200
8.08903396	0.00000000	-1.58696200
8.09403396	0.00000000	-1.58696200
8.09903396	0.00000000	-1.58696200
8.10403396	0.00000000	-1.61137700
8.10903396	0.00000000	-1.70293300
8.11403396	0.00000000	-1.25736300
8.11903396	0.00000000	-0.32959990
8.12403396	0.00000000	0.11597030
8.12903396	0.00000000	0.02441481
8.13403396	0.00000000	0.00000000
8.13903396	0.00000000	0.00000000
8.14403396	0.00000000	0.00000000
8.14903396	0.00000000	0.00000000
8.15403396	0.00000000	-0.02441481
8.15903396	0.00000000	-0.11597030
8.16403396	0.00000000	0.35401470
8.16903396	0.00000000	1.37333300
8.17403396	0.00000000	1.37333300
8.17903396	0.00000000	0.35401470
8.18403396	0.00000000	-0.11597030
8.18903396	0.00000000	-0.02441481
8.19403396	0.00000000	0.00000000
8.19903396	0.00000000	0.00000000
8.20403396	0.00000000	0.00000000
8.20903396	0.00000000	0.00000000
8.21403396	0.00000000	0.00000000
8.21903396	0.00000000	0.00000000
8.22403396	0.00000000	0.02441481
8.22903396	0.00000000	0.11597030
8.23403396	0.00000000	-0.32959990
8.23903396	0.00000000	-1.25736300
8.24403396	0.00000000	-1.70293300
8.24903396	0.00000000	-1.61137700
8.25403396	0.00000000	-1.58696200
8.25903396	0.00000000	-1.58696200
8.26403396	0.00000000	-1.58696200
8.26903396	0.00000000	-1.58696200
8.27403396	0.00000000	-1.58696200
8.27903396	0.00000000	-1.58696200
8.28403396	0.00000000	-1.56254800
8.28903396	0.00000000	-1.47099200
8.29403396	0.00000000	-1.94097700
8.29903396	0.00000000	-2.96029500
8.30403396	0.00000000	-2.96029500
8.30903396	0.00000000	-1.94097700
8.31403396	0.00000000	-1.49540700
8.31903396	0.00000000	-1.67851800
8.32403396	0.00000000	-1.23294800
8.32903396	0.00000000	-0.21362960
8.33403396	0.00000000	-0.21362960
8.33903396	0.00000000	-1.23294800
8.34403396	0.00000000	-1.70293300
8.34903396	0.00000000	-1.61137700
8.35403396	0.00000000	-1.58696200
8.35903396	0.00000000	-1.58696200
8.36403396	0.00000000	-1.61137700
8.36903396	0.00000000	-1.70293300
8.37403396	0.00000000	-1.23294800
8.37903396	0.00000000	-0.21362960
8.38403396	0.00000000	-0.21362960
8.38903396	0.00000000	-1.23294800
8.39403396	0.00000000	-1.70293300
8.39903396	0.00000000	-1.61137700
8.40403396	0.00000000	-1.58696200
8.40903396	0.00000000	-1.58696200
8.41403396	0.00000000	-1.58696200
8.41903396	0.00000000	-1.58696200
8.42403396	0.00000000	-1.58696200
8.42903396	0.00000000	-1.58696200
8.43403396	0.00000000	-1.58696200
8.43903396	0.00000000	-1.58696200
8.44403396	0.00000000	-1.58696200
8.44903396	0.00000000	-1.58696200
8.45403396	0.00000000	-1.58696200
8.45903396	0.00000000	-1.58696200
8.46403396	0.00000000	-1.61137700
8.46903396	0.00000000	-1.70293300
8.47403396	0.00000000	-1.23294800
8.47903396	0.00000000	-0.21362960
8.48403396	0.00000000	-0.21362960
8.48903396	0.00000000	-1.23294800
8.49403396	0.00000000	-1.70293300
8.49903396	0.00000000	-1.61137700
8.50403396	0.00000000	-1.58696200
8.50903396	0.00000000	-1.58696200
8.51403396	0.00000000	-1.58696200
8.51903396	0.00000000	-1.58696200
8.52403396	0.00000000	-1.58696200
8.52903396	0.00000000	-1.58696200
8.53403396	0.00000000	-1.58696200
8.53903396	0.00000000	-1.58696200
8.54403396	0.00000000	-1.58696200
8.54903396	0.00000000	-1.58696200
8.55403396	0.00000000	-1.61137700
8.55903396	0.00000000	-1.70293300
8.56403396	0.00000000	-1.23294800
8.56903396	0.00000000	-0.21362960
8.57403396	0.00000000	-0.21362960
8.57903396	0.00000000	-1.23294800
8.58403396	0.00000000	-1.70293300
8.58903396	0.00000000	-1.61137700
8.59403396	0.00000000	-1.58696200
8.59903396	0.00000000	-1.58696200
8.60403396	0.00000000	-1.58696200
8.60903396	0.00000000	-1.58696200
8.61403396	0.00000000	-1.58696200
8.61903396	0.00000000	-1.58696200
8.62403396	0.00000000	-1.56254800
8.62903396	0.00000000	-1.47099200
8.63403396	0.00000000	-1.94097700
8.63903396	0.00000000	-2.96029500
8.64403396	0.00000000	-2.96029500
8.64903396	0.00000000	-1.94097700
8.65403396	0.00000000	-1.44657700
8.65903396	0.00000000	-1.44657700
8.66403396	0.00000000	-1.91656200
8.66903396	0.00000000	-2.84432500
8.67403396	0.00000000	-3.31431000
8.67903396	0.00000000	-3.31431000
8.68403396	0.00000000	-2.84432500
8.68903396	0.00000000	-1.91656200
8.69403396	0.00000000	-1.47099200
8.69903396	0.00000000	-1.56254800
8.70403396	0.00000000	-1.58696200
8.70903396	0.00000000	-1.58696200
8.71403396	0.00000000	-1.58696200
8.71903396	0.00000000	-1.58696200
8.72403396	0.06103702	-1.58696200
8.72903396	0.28992580	-1.58696200
8.73403396	-0.88503670	-1.58696200
8.73903396	-3.43333200	-1.58696200
8.74403396	-3.43333200	-1.58696200
8.74903396	-0.88503670	-1.58696200
8.75403396	0.28992580	-1.58696200
8.75903396	0.06103702	-1.58696200
8.76403396	0.00000000	-1.58696200
8.76903396	0.00000000	-1.58696200
8.77403396	0.06103702	-1.58696200
8.77903396	0.28992580	-1.58696200
8.78403396	-0.88503670	-1.58696200
8.78903396	-3.43333200	-1.58696200
8.79403396	-3.37229500	-1.58696200
8.79903396	-0.59511090	-1.58696200
8.80403396	-0.59511090	-1.56254800
8.80903396	-3.37229500	-1.47099200
8.81403396	-3.43333200	-1.91656200
8.81903396	-0.88503670	-2.84432500
8.82403396	0.35096280	-3.28989500
8.82903396	0.35096280	-3.19834000
8.83403396	-0.88503670	-3.17392500
8.83903396	-3.43333200	-3.17392500
8.84403396	-3.37229500	-3.17392500
8.84903396	-0.59511090	-3.17392500
8.85403396	-0.59511090	-3.17392500
8.85903396	-3.37229500	-3.17392500
8.86403396	-3.37229500	-3.17392500
8.86903396	-0.59511090	-3.17392500
8.87403396	-0.53407390	-3.17392500
8.87903396	-3.08236900	-3.17392500
8.88403396	-4.31836900	-3.17392500
8.88903396	-4.31836900	-3.17392500
8.89403396	-3.08236900	-3.17392500
8.89903396	-0.53407390	-3.17392500
8.90403396	-0.59511090	-3.17392500
8.90903396	-3.37229500	-3.17392500
8.91403396	-3.37229500	-3.17392500
8.91903396	-0.59511090	-3.17392500
8.92403396	-0.59511090	-3.17392500
8.92903396	-3.37229500	-3.17392500
8.93403396	-3.43333200	-3.14951000
8.93903396	-0.88503670	-3.05795500
8.94403396	0.35096280	-3.55235400
8.94903396	0.35096280	-4.66322800
8.95403396	-0.88503670	-4.24207300
8.95903396	-3.43333200	-2.38654800
8.96403396	-3.37229500	-0.97659220
8.96903396	-0.59511090	-0.04882962
8.97403396	-0.59511090	-0.54322950
8.97903396	-3.37229500	-2.49031000
8.98403396	-3.37229500	-3.45469500
8.98903396	-0.59511090	-3.45469500
8.99403396	-0.59511090	-2.49031000
8.99903396	-3.37229500	-0.54322950
9.00403396	-3.43333200	-0.09765923
9.00903396	-0.88503670	-1.20853300
9.01403396	0.35096280	-1.72734800
9.01903396	0.35096280	-1.72734800
9.02403396	-0.82399970	-1.25736300
9.02903396	-3.14340600	-0.32959990
