Time	Channel A	Channel B
(us)	(mV)	(mV)

-1.00478796	-3.96740600	-0.35401470
-0.99978796	-3.96740600	-1.37333300
-0.99478796	-3.96740600	-1.37333300
-0.98978796	-3.96740600	-0.35401470
-0.98478796	-3.96740600	0.11597030
-0.97978796	-3.96740600	0.02441481
-0.97478796	-3.96740600	0.02441481
-0.96978796	-3.96740600	0.11597030
-0.96478796	-3.96740600	-0.32959990
-0.95978796	-3.96740600	-1.25736300
-0.95478796	-3.96740600	-1.67851800
-0.94978796	-3.96740600	-1.49540700
-0.94478796	-3.96740600	-1.96539200
-0.93978796	-3.96740600	-3.07626600
-0.93478796	-4.02844300	-2.63069600
-0.92978796	-4.25733200	-0.68361460
-0.92478796	-3.08236900	0.25635550
-0.91978796	-0.53407390	0.16479990
-0.91478796	-0.53407390	-0.35401470
-0.90978796	-3.08236900	-1.37333300
-0.90478796	-4.31836900	-1.37333300
-0.89978796	-4.31836900	-0.35401470
-0.89478796	-3.08236900	0.11597030
-0.88978796	-0.53407390	0.02441481
-0.88478796	-0.53407390	0.00000000
-0.87978796	-3.08236900	0.00000000
-0.87478796	-4.25733200	0.00000000
-0.86978796	-4.02844300	0.00000000
-0.86478796	-3.96740600	0.00000000
-0.85978796	-3.96740600	0.00000000
-0.85478796	-4.02844300	0.00000000
-0.84978796	-4.25733200	0.00000000
-0.84478796	-3.08236900	0.00000000
-0.83978796	-0.53407390	0.00000000
-0.83478796	-0.53407390	0.00000000
-0.82978796	-3.08236900	0.00000000
-0.82478796	-4.25733200	0.00000000
-0.81978796	-4.02844300	0.00000000
-0.81478796	-3.96740600	0.00000000
-0.80978796	-3.96740600	0.00000000
-0.80478796	-3.96740600	0.00000000
-0.79978796	-3.96740600	0.00000000
-0.79478796	-3.96740600	0.00000000
-0.78978796	-3.96740600	0.00000000
-0.78478796	-3.96740600	0.00000000
-0.77978796	-3.96740600	0.00000000
-0.77478796	-3.96740600	0.00000000
-0.76978796	-3.96740600	0.00000000
-0.76478796	-3.96740600	0.00000000
-0.75978796	-3.96740600	0.00000000
-0.75478796	-3.96740600	0.00000000
-0.74978796	-3.96740600	0.00000000
-0.74478796	-3.96740600	-0.02441481
-0.73978796	-3.96740600	-0.11597030
-0.73478796	-3.96740600	0.32959990
-0.72978796	-3.96740600	1.25736300
-0.72478796	-3.96740600	1.70293300
-0.71978796	-3.96740600	1.61137700
-0.71478796	-4.02844300	1.61137700
-0.70978796	-4.25733200	1.70293300
-0.70478796	-3.14340600	1.25736300
-0.69978796	-0.82399970	0.32959990
-0.69478796	0.28992580	-0.09155553
-0.68978796	0.06103702	0.09155553
-0.68478796	0.06103702	-0.35401470
-0.67978796	0.28992580	-1.37333300
-0.67478796	-0.88503670	-1.39774800
-0.66978796	-3.43333200	-0.46998500
-0.66478796	-3.37229500	0.46998500
-0.65978796	-0.59511090	1.39774800
-0.65478796	-0.53407390	1.37333300
-0.64978796	-3.08236900	0.35401470
-0.64478796	-4.25733200	-0.14038510
-0.63978796	-4.02844300	-0.14038510
-0.63478796	-3.96740600	0.32959990
-0.62978796	-3.96740600	1.25736300
-0.62478796	-3.96740600	1.72734800
-0.61978796	-3.96740600	1.72734800
-0.61478796	-3.96740600	1.25736300
-0.60978796	-3.96740600	0.32959990
-0.60478796	-3.96740600	-0.11597030
-0.59978796	-3.96740600	-0.02441481
-0.59478796	-3.96740600	0.00000000
-0.58978796	-3.96740600	0.00000000
-0.58478796	-3.96740600	-0.02441481
-0.57978796	-3.96740600	-0.11597030
-0.57478796	-3.96740600	0.35401470
-0.56978796	-3.96740600	1.37333300
-0.56478796	-3.96740600	1.34891800
-0.55978796	-3.96740600	0.23804440
-0.55478796	-3.96740600	0.23804440
-0.54978796	-3.96740600	1.34891800
-0.54478796	-3.96740600	1.37333300
-0.53978796	-3.96740600	0.35401470
-0.53478796	-3.96740600	-0.11597030
-0.52978796	-3.96740600	-0.02441481
-0.52478796	-3.96740600	0.02441481
-0.51978796	-3.96740600	0.11597030
-0.51478796	-3.96740600	-0.32959990
-0.50978796	-3.96740600	-1.25736300
-0.50478796	-3.96740600	-1.70293300
-0.49978796	-3.96740600	-1.61137700
-0.49478796	-3.96740600	-1.58696200
-0.48978796	-3.96740600	-1.58696200
-0.48478796	-3.96740600	-1.58696200
-0.47978796	-3.96740600	-1.58696200
-0.47478796	-3.96740600	-1.58696200
-0.46978796	-3.96740600	-1.58696200
-0.46478796	-3.96740600	-1.56254800
-0.45978796	-3.96740600	-1.47099200
-0.45478796	-3.96740600	-1.94097700
-0.44978796	-3.96740600	-2.96029500
-0.44478796	-3.96740600	-2.96029500
-0.43978796	-3.96740600	-1.94097700
-0.43478796	-3.96740600	-1.44657700
-0.42978796	-3.96740600	-1.44657700
-0.42478796	-3.96740600	-1.94097700
-0.41978796	-3.96740600	-2.96029500
-0.41478796	-3.96740600	-2.96029500
-0.40978796	-3.96740600	-1.94097700
-0.40478796	-3.96740600	-1.47099200
-0.39978796	-3.96740600	-1.56254800
-0.39478796	-3.96740600	-1.58696200
-0.38978796	-3.96740600	-1.58696200
-0.38478796	-3.96740600	-1.58696200
-0.37978796	-3.96740600	-1.58696200
-0.37478796	-3.96740600	-1.58696200
-0.36978796	-3.96740600	-1.58696200
-0.36478796	-3.96740600	-1.58696200
-0.35978796	-3.96740600	-1.58696200
-0.35478796	-3.96740600	-1.58696200
-0.34978796	-3.96740600	-1.58696200
-0.34478796	-3.96740600	-1.58696200
-0.33978796	-3.96740600	-1.58696200
-0.33478796	-3.96740600	-1.58696200
-0.32978796	-3.96740600	-1.58696200
-0.32478796	-3.96740600	-1.58696200
-0.31978796	-3.96740600	-1.58696200
-0.31478796	-3.96740600	-1.58696200
-0.30978796	-3.96740600	-1.58696200
-0.30478796	-3.96740600	-1.61137700
-0.29978796	-3.96740600	-1.70293300
-0.29478796	-3.96740600	-1.25736300
-0.28978796	-3.96740600	-0.32959990
-0.28478796	-3.96740600	0.14038510
-0.27978796	-3.96740600	0.14038510
-0.27478796	-3.96740600	-0.35401470
-0.26978796	-3.96740600	-1.37333300
-0.26478796	-3.96740600	-1.37333300
-0.25978796	-3.96740600	-0.35401470
-0.25478796	-4.02844300	0.14038510
-0.24978796	-4.25733200	0.14038510
-0.24478796	-3.14340600	-0.32959990
-0.23978796	-0.82399970	-1.25736300
-0.23478796	0.28992580	-1.70293300
-0.22978796	0.06103702	-1.61137700
-0.22478796	-0.06103702	-1.56254800
-0.21978796	-0.28992580	-1.47099200
-0.21478796	0.76296270	-1.89214800
-0.20978796	2.85348100	-2.72835500
-0.20478796	4.97451700	-3.61949500
-0.19978796	6.57673800	-4.45570200
-0.19478796	9.87273800	-4.87685800
-0.18978796	14.28266000	-4.78530200
-0.18478796	16.38844000	-4.78530200
-0.17978796	15.70177000	-4.87685800
-0.17478796	16.63259000	-4.40687300
-0.16978796	18.72310000	-3.38755500
-0.16478796	20.95095000	-3.41196900
-0.15978796	23.04147000	-4.52284300
-0.15478796	24.03333000	-4.54725700
-0.14978796	23.57555000	-3.52794000
-0.14478796	24.56740000	-3.08237000
-0.13978796	26.65792000	-3.26548100
-0.13478796	28.77895000	-2.81991000
-0.12978796	30.38117000	-1.80059200
-0.12478796	33.63140000	-1.80059200
-0.11978796	37.78191000	-2.81991000
-0.11478796	41.03213000	-3.28989500
-0.10978796	42.63435000	-3.19834000
-0.10478796	44.64858000	-3.14951000
-0.09978796	46.25080000	-3.05795500
-0.09478796	49.50102000	-3.50352500
-0.08978796	53.65154000	-4.43128700
-0.08478796	56.84072000	-4.87685800
-0.07978796	58.21405000	-4.78530200
-0.07478796	61.40324000	-4.76088700
-0.06978796	65.55375000	-4.76088700
-0.06478796	68.80398000	-4.76088700
-0.05978796	70.42146000	-4.76088700
-0.05478796	72.43568000	-4.78530200
-0.04978796	74.03790000	-4.87685800
-0.04478796	77.28812000	-4.43128700
-0.03978796	81.43864000	-3.50352500
-0.03478796	84.68886000	-3.08237000
-0.02978796	86.29108000	-3.26548100
-0.02478796	88.30531000	-2.81991000
-0.01978796	89.90752000	-1.80059200
-0.01478796	93.15775000	-1.80059200
-0.00978796	97.30827000	-2.81991000
-0.00478796	100.55850000	-3.28989500
0.00021204	102.16070000	-3.19834000
0.00521204	104.22070000	-3.17392500
0.01021204	106.08230000	-3.17392500
0.01521204	108.18810000	-3.17392500
0.02021204	110.04970000	-3.17392500
0.02521204	112.15550000	-3.17392500
0.03021204	114.01710000	-3.17392500
0.03521204	116.18400000	-3.17392500
0.04021204	118.27450000	-3.17392500
0.04521204	119.26630000	-3.19834000
0.05021203	118.80860000	-3.28989500
0.05521203	119.80040000	-2.84432500
0.06021203	121.89090000	-1.91656200
0.06521203	124.05770000	-1.44657700
0.07021203	125.91940000	-1.44657700
0.07521203	128.08620000	-1.91656200
0.08021203	130.17670000	-2.84432500
0.08521203	131.16850000	-3.28989500
0.09021203	130.71080000	-3.19834000
0.09521203	131.70260000	-3.17392500
0.10021203	133.79310000	-3.17392500
0.10521203	135.95990000	-3.14951000
0.11021203	137.80630000	-3.05795500
0.11521203	140.00370000	-3.52794000
0.12021203	142.09420000	-4.54725700
0.12521203	143.08600000	-4.49842800
0.13021203	142.62830000	-3.29599900
0.13521203	143.62010000	-3.71715500
0.14021203	145.71060000	-5.66423500
0.14521203	147.93850000	-6.57979000
0.15021203	150.02900000	-6.39667900
0.15521203	151.02080000	-6.37226500
0.16021203	150.56300000	-6.46382000
0.16521203	151.61590000	-6.01825000
0.17021203	153.93530000	-5.09048700
0.17521203	154.98820000	-4.64491700
0.18021203	154.53050000	-4.73647300
0.18521203	155.58340000	-4.76088700
0.19021203	157.90280000	-4.76088700
0.19521203	158.95570000	-4.76088700
0.20021203	158.49790000	-4.76088700
0.20521203	159.55080000	-4.76088700
0.21021203	161.87020000	-4.76088700
0.21521203	162.92310000	-4.76088700
0.22021203	162.46530000	-4.76088700
0.22521203	163.51820000	-4.78530200
0.23021203	165.83760000	-4.87685800
0.23521203	166.95150000	-4.43128700
0.24021203	166.72260000	-3.50352500
0.24521203	166.66160000	-3.05795500
0.25021203	166.66160000	-3.14951000
0.25521203	166.66160000	-3.17392500
0.26021203	166.66160000	-3.17392500
0.26521203	166.60050000	-3.17392500
0.27021203	166.37160000	-3.17392500
0.27521203	167.54660000	-3.17392500
0.28021203	170.09490000	-3.17392500
0.28521203	170.09490000	-3.22275400
0.29021203	167.54660000	-3.40586500
0.29521203	166.37160000	-2.46589500
0.30021203	166.60050000	-0.42725910
0.30521203	166.66160000	-0.45167390
0.31021203	166.66160000	-2.58186600
0.31521203	166.72260000	-3.07626600
0.32021203	166.95150000	-1.96539200
0.32521203	165.83760000	-1.44657700
0.33021203	163.51820000	-1.44657700
0.33521203	162.46530000	-1.94097700
0.34021203	162.92310000	-2.96029500
0.34521203	161.87020000	-2.93588100
0.35021203	159.55080000	-1.82500700
0.35521203	158.49790000	-1.82500700
0.36021203	158.95570000	-2.93588100
0.36521203	157.90280000	-2.96029500
0.37021203	155.58340000	-1.94097700
0.37521203	154.53050000	-1.44657700
0.38021203	154.98820000	-1.44657700
0.38521203	153.93530000	-1.89214800
0.39021203	151.61590000	-2.72835500
0.39521203	150.50200000	-3.64391000
0.40021203	150.73090000	-4.57167300
0.40521203	150.85300000	-4.54725700
0.41021203	151.08190000	-3.52794000
0.41521203	149.96790000	-3.03354000
0.42021203	147.64850000	-3.03354000
0.42521203	146.59560000	-3.52794000
0.43021203	147.05340000	-4.54725700
0.43521203	146.00050000	-4.54725700
0.44021203	143.68110000	-3.52794000
0.44521203	142.56720000	-3.08237000
0.45021203	142.79610000	-3.26548100
0.45521203	142.85710000	-2.84432500
0.46021203	142.85710000	-1.91656200
0.46521203	142.85710000	-1.44657700
0.47021203	142.85710000	-1.44657700
0.47521203	142.91820000	-1.91656200
0.48021203	143.14710000	-2.84432500
0.48521203	142.03310000	-3.28989500
0.49021203	139.69850000	-3.19834000
0.49521203	138.58450000	-3.14951000
0.50021203	138.81340000	-3.05795500
0.50521203	138.93550000	-3.50352500
0.51021203	139.16440000	-4.43128700
0.51521203	138.05050000	-4.87685800
0.52021203	135.73110000	-4.78530200
0.52521203	134.61710000	-4.78530200
0.53021203	134.84600000	-4.87685800
0.53521203	134.90710000	-4.43128700
0.54021203	134.90710000	-3.50352500
0.54521203	134.90710000	-3.05795500
0.55021203	134.90710000	-3.14951000
0.55521203	134.90710000	-3.19834000
0.56021203	134.90710000	-3.28989500
0.56521203	134.96810000	-2.84432500
0.57021203	135.19700000	-1.91656200
0.57521203	134.08310000	-1.47099200
0.58021203	131.76370000	-1.56254800
0.58521203	130.64970000	-1.58696200
0.59021203	130.87860000	-1.58696200
0.59521203	130.93970000	-1.58696200
0.60021203	130.93970000	-1.58696200
0.60521203	130.93970000	-1.58696200
0.61021203	130.93970000	-1.58696200
0.61521203	131.00070000	-1.61137700
0.62021203	131.22960000	-1.70293300
0.62521203	130.11560000	-1.25736300
0.63021203	127.79630000	-0.32959990
0.63521203	126.68230000	0.11597030
0.64021203	126.91120000	0.02441481
0.64521203	126.97230000	0.00000000
0.65021203	126.97230000	0.00000000
0.65521203	126.97230000	0.00000000
0.66021203	126.97230000	0.00000000
0.66521203	126.97230000	-0.02441481
0.67021203	126.97230000	-0.11597030
0.67521203	127.03330000	0.35401470
0.68021203	127.26220000	1.37333300
0.68521203	126.14820000	1.39774800
0.69021203	123.82880000	0.46998500
0.69521203	122.71490000	-0.46998500
0.70021203	122.94380000	-1.39774800
0.70521203	123.00480000	-1.37333300
0.71021203	123.00480000	-0.35401470
0.71521203	123.00480000	0.11597030
0.72021203	123.00480000	0.02441481
0.72521203	123.00480000	0.00000000
0.73021203	123.00480000	0.00000000
0.73521203	123.00480000	0.00000000
0.74021203	123.00480000	0.00000000
0.74521203	123.06590000	0.00000000
0.75021203	123.29480000	0.00000000
0.75521203	122.18080000	0.00000000
0.76021203	119.86140000	0.00000000
0.76521203	118.74750000	-0.02441481
0.77021203	118.97640000	-0.11597030
0.77521203	119.03740000	0.35401470
0.78021203	119.03740000	1.37333300
0.78521203	119.03740000	1.37333300
0.79021203	119.03740000	0.35401470
0.79521203	119.03740000	-0.11597030
0.80021203	119.03740000	-0.02441481
0.80521203	119.09850000	-0.02441481
0.81021203	119.32740000	-0.11597030
0.81521203	118.21340000	0.32959990
0.82021203	115.89400000	1.25736300
0.82521203	114.78010000	1.70293300
0.83021203	115.00900000	1.61137700
0.83521203	115.07000000	1.58696200
0.84021203	115.07000000	1.58696200
0.84521203	115.07000000	1.61137700
0.85021203	115.07000000	1.70293300
0.85521203	115.07000000	1.25736300
0.86021203	115.07000000	0.32959990
0.86521203	115.13110000	-0.11597030
0.87021203	115.36000000	-0.02441481
0.87521203	114.24600000	-0.02441481
0.88021203	111.92660000	-0.11597030
0.88521203	110.81270000	0.35401470
0.89021203	111.04160000	1.37333300
0.89521203	111.10260000	1.37333300
0.90021203	111.10260000	0.35401470
0.90521203	111.10260000	-0.11597030
0.91021203	111.10260000	-0.02441481
0.91521203	111.10260000	0.00000000
0.92021203	111.10260000	0.00000000
0.92521203	111.10260000	0.00000000
0.93021203	111.10260000	0.00000000
0.93521203	111.10260000	0.00000000
0.94021203	111.10260000	0.00000000
0.94521203	111.16370000	0.02441481
0.95021203	111.39250000	0.11597030
0.95521203	110.27860000	-0.35401470
0.96021203	107.95920000	-1.37333300
0.96521203	106.84530000	-1.37333300
0.97021203	107.07420000	-0.35401470
0.97521203	107.13520000	0.11597030
0.98021203	107.13520000	0.02441481
0.98521203	107.13520000	0.00000000
0.99021203	107.13520000	0.00000000
0.99521203	107.13520000	0.02441481
1.00021203	107.13520000	0.11597030
1.00521203	107.19630000	-0.35401470
1.01021203	107.42510000	-1.37333300
1.01521203	106.25020000	-1.34891800
1.02021203	103.70190000	-0.23804440
1.02521203	103.76290000	-0.23804440
1.03021203	106.54010000	-1.34891800
1.03521203	106.60120000	-1.34891800
1.04021203	104.05280000	-0.23804440
1.04521203	102.87790000	-0.21362960
1.05021203	103.10680000	-1.23294800
1.05521203	103.16780000	-1.70293300
1.06021203	103.16780000	-1.61137700
1.06521203	103.16780000	-1.61137700
1.07021203	103.16780000	-1.70293300
1.07521203	103.16780000	-1.25736300
1.08021203	103.16780000	-0.32959990
1.08521203	103.22890000	0.11597030
1.09021203	103.45770000	0.02441481
1.09521203	102.34380000	-0.02441481
1.10021203	100.02440000	-0.11597030
1.10521203	98.91048000	0.35401470
1.11021203	99.13937000	1.37333300
1.11521203	99.20041000	1.34891800
1.12021203	99.20041000	0.23804440
1.12521203	99.20041000	0.21362960
1.13021203	99.20041000	1.23294800
1.13521203	99.20041000	1.70293300
1.14021203	99.20041000	1.61137700
1.14521203	99.20041000	1.58696200
1.15021203	99.20041000	1.58696200
1.15521203	99.20041000	1.58696200
1.16021203	99.20041000	1.58696200
1.16521203	99.20041000	1.61137700
1.17021203	99.20041000	1.70293300
1.17521203	99.26145000	1.23294800
1.18021203	99.49034000	0.21362960
1.18521203	98.37641000	0.23804440
1.19021203	96.05700000	1.34891800
1.19521203	94.94308000	1.37333300
1.20021203	95.17197000	0.35401470
1.20521203	95.23300000	-0.11597030
1.21021203	95.23300000	-0.02441481
1.21521203	95.23300000	-0.02441481
1.22021203	95.23300000	-0.11597030
1.22521203	95.23300000	0.35401470
1.23021203	95.23300000	1.37333300
1.23521203	95.23300000	1.37333300
1.24021203	95.23300000	0.35401470
1.24521203	95.23300000	-0.09155553
1.25021203	95.23300000	0.09155553
1.25521203	95.29404000	-0.35401470
1.26021203	95.52293000	-1.37333300
1.26521203	94.40900000	-1.34891800
1.27021203	92.08959000	-0.23804440
1.27521203	90.97568000	-0.21362960
1.28021203	91.20457000	-1.23294800
1.28521203	91.26560000	-1.70293300
1.29021203	91.26560000	-1.61137700
1.29521203	91.26560000	-1.58696200
1.30021203	91.26560000	-1.58696200
1.30521203	91.26560000	-1.58696200
1.31021203	91.26560000	-1.58696200
1.31521203	91.26560000	-1.58696200
1.32021203	91.26560000	-1.58696200
1.32521203	91.26560000	-1.58696200
1.33021203	91.26560000	-1.58696200
1.33521203	91.32664000	-1.61137700
1.34021203	91.55552000	-1.70293300
1.34521203	90.44160000	-1.25736300
1.35021203	88.12219000	-0.32959990
1.35521203	87.00826000	0.11597030
1.36021203	87.23715000	0.02441481
1.36521203	87.29819000	0.00000000
1.37021203	87.29819000	0.00000000
1.37521203	87.29819000	0.00000000
1.38021203	87.29819000	0.00000000
1.38521203	87.29819000	0.00000000
1.39021203	87.29819000	0.00000000
1.39521203	87.29819000	0.02441481
1.40021203	87.29819000	0.11597030
1.40521203	87.29819000	-0.35401470
1.41021203	87.29819000	-1.37333300
1.41521203	87.29819000	-1.34891800
1.42021203	87.29819000	-0.23804440
1.42521203	87.35923000	-0.23804440
1.43021203	87.58812000	-1.34891800
1.43521203	86.47419000	-1.37333300
1.44021203	84.15479000	-0.35401470
1.44521203	83.04086000	0.11597030
1.45021203	83.26974000	0.02441481
1.45521203	83.33078000	0.00000000
1.46021203	83.33078000	0.00000000
1.46521203	83.33078000	0.00000000
1.47021203	83.33078000	0.00000000
1.47521203	83.33078000	0.00000000
1.48021203	83.33078000	0.00000000
1.48521203	83.33078000	0.00000000
1.49021203	83.33078000	0.00000000
1.49521203	83.39182000	0.00000000
1.50021203	83.62070000	0.00000000
1.50521203	82.44575000	-0.02441481
1.51021203	79.89745000	-0.11597030
1.51521203	79.89745000	0.35401470
1.52021203	82.44575000	1.37333300
1.52521203	83.62070000	1.37333300
1.53021203	83.39182000	0.35401470
1.53521203	83.39182000	-0.09155553
1.54021203	83.62070000	0.09155553
1.54521203	82.50678000	-0.32959990
1.55021203	80.18738000	-1.25736300
1.55521203	79.07346000	-1.70293300
1.56021203	79.30235000	-1.61137700
1.56521203	79.36338000	-1.58696200
1.57021203	79.36338000	-1.58696200
1.57521203	79.36338000	-1.58696200
1.58021203	79.36338000	-1.58696200
1.58521203	79.36338000	-1.58696200
1.59021203	79.36338000	-1.58696200
1.59521203	79.36338000	-1.56254800
1.60021203	79.36338000	-1.47099200
1.60521203	79.36338000	-1.94097700
1.61021203	79.36338000	-2.96029500
1.61521203	79.42442000	-2.96029500
1.62021203	79.65331000	-1.94097700
1.62521203	78.47834000	-1.47099200
1.63021203	75.93005000	-1.56254800
1.63521203	75.93005000	-1.61137700
1.64021203	78.47834000	-1.70293300
1.64521203	79.71434000	-1.25736300
1.65021203	79.71434000	-0.32959990
1.65521203	78.53938000	0.11597030
1.66021203	76.21997000	0.02441481
1.66521203	75.10605000	0.02441481
1.67021203	75.33494000	0.11597030
1.67521203	75.39597000	-0.35401470
1.68021203	75.39597000	-1.37333300
1.68521203	75.39597000	-1.37333300
1.69021203	75.39597000	-0.35401470
1.69521202	75.39597000	0.11597030
1.70021202	75.39597000	0.02441481
1.70521202	75.39597000	0.02441481
1.71021202	75.39597000	0.11597030
1.71521202	75.39597000	-0.32959990
1.72021202	75.39597000	-1.25736300
1.72521202	75.45701000	-1.72734800
1.73021202	75.68590000	-1.72734800
1.73521202	74.57197000	-1.25736300
1.74021202	72.25256000	-0.32959990
1.74521202	71.13864000	0.11597030
1.75021202	71.36753000	0.02441481
1.75521202	71.42857000	0.02441481
1.76021202	71.42857000	0.11597030
1.76521202	71.42857000	-0.32959990
1.77021202	71.42857000	-1.25736300
1.77521202	71.42857000	-1.72734800
1.78021202	71.42857000	-1.72734800
1.78521202	71.42857000	-1.23294800
1.79021202	71.42857000	-0.21362960
1.79521202	71.42857000	-0.21362960
1.80021202	71.42857000	-1.23294800
1.80521202	71.42857000	-1.70293300
1.81021202	71.42857000	-1.61137700
1.81521202	71.42857000	-1.58696200
1.82021202	71.42857000	-1.58696200
1.82521202	71.42857000	-1.58696200
1.83021202	71.42857000	-1.58696200
1.83521202	71.48961000	-1.58696200
1.84021202	71.71850000	-1.58696200
1.84521202	70.60457000	-1.56254800
1.85021202	68.26991000	-1.47099200
1.85521202	67.15598000	-1.94097700
1.86021202	67.38486000	-2.96029500
1.86521202	67.44590000	-2.96029500
1.87021202	67.44590000	-1.94097700
1.87521202	67.44590000	-1.47099200
1.88021202	67.44590000	-1.56254800
1.88521202	67.44590000	-1.58696200
1.89021202	67.44590000	-1.58696200
1.89521202	67.44590000	-1.56254800
1.90021202	67.44590000	-1.47099200
1.90521202	67.44590000	-1.94097700
1.91021202	67.44590000	-2.96029500
1.91521202	67.44590000	-2.96029500
1.92021202	67.44590000	-1.94097700
1.92521202	67.44590000	-1.47099200
1.93021202	67.44590000	-1.56254800
1.93521202	67.44590000	-1.58696200
1.94021202	67.44590000	-1.58696200
1.94521202	67.50694000	-1.61137700
1.95021202	67.73582000	-1.70293300
1.95521202	66.62190000	-1.23294800
1.96021202	64.30249000	-0.21362960
1.96521202	63.18857000	-0.21362960
1.97021202	63.41746000	-1.23294800
1.97521202	63.47850000	-1.70293300
1.98021202	63.47850000	-1.61137700
1.98521202	63.47850000	-1.58696200
1.99021202	63.47850000	-1.58696200
1.99521202	63.47850000	-1.58696200
2.00021202	63.47850000	-1.58696200
2.00521202	63.47850000	-1.58696200
2.01021202	63.47850000	-1.58696200
2.01521202	63.47850000	-1.58696200
2.02021202	63.47850000	-1.58696200
2.02521202	63.47850000	-1.58696200
2.03021202	63.47850000	-1.58696200
2.03521202	63.47850000	-1.58696200
2.04021202	63.47850000	-1.58696200
2.04521202	63.47850000	-1.58696200
2.05021202	63.47850000	-1.58696200
2.05521202	63.47850000	-1.61137700
2.06021202	63.47850000	-1.70293300
2.06521202	63.47850000	-1.25736300
2.07021202	63.47850000	-0.32959990
2.07521202	63.47850000	0.09155553
2.08021202	63.47850000	-0.09155553
2.08521202	63.53953000	0.37842950
2.09021202	63.76842000	1.48930300
2.09521202	62.65450000	1.01931800
2.10021202	60.33509000	-1.01931800
2.10521202	59.22116000	-1.48930300
2.11021202	59.45005000	-0.37842950
2.11521202	59.51109000	0.14038510
2.12021202	59.51109000	0.14038510
2.12521202	59.51109000	-0.32959990
2.13021202	59.51109000	-1.25736300
2.13521202	59.51109000	-1.67851800
2.14021202	59.51109000	-1.49540700
2.14521202	59.51109000	-1.91656200
2.15021202	59.51109000	-2.84432500
2.15521202	59.51109000	-3.31431000
2.16021202	59.51109000	-3.31431000
2.16521202	59.51109000	-2.84432500
2.17021202	59.51109000	-1.91656200
2.17521202	59.51109000	-1.47099200
2.18021202	59.51109000	-1.56254800
2.18521202	59.51109000	-1.61137700
2.19021202	59.51109000	-1.70293300
2.19521202	59.51109000	-1.23294800
2.20021202	59.51109000	-0.21362960
2.20521202	59.57213000	-0.21362960
2.21021202	59.80102000	-1.23294800
2.21521202	58.68709000	-1.72734800
2.22021202	56.36768000	-1.72734800
2.22521202	55.25376000	-1.25736300
2.23021202	55.48264000	-0.32959990
2.23521202	55.54368000	0.14038510
2.24021202	55.54368000	0.14038510
2.24521202	55.54368000	-0.35401470
2.25021202	55.54368000	-1.37333300
2.25521202	55.54368000	-1.37333300
2.26021202	55.54368000	-0.35401470
2.26521202	55.54368000	0.11597030
2.27021202	55.54368000	0.02441481
2.27521202	55.54368000	0.00000000
2.28021202	55.54368000	0.00000000
2.28521202	55.54368000	0.00000000
2.29021202	55.54368000	0.00000000
2.29521202	55.54368000	0.00000000
2.30021202	55.54368000	0.00000000
2.30521202	55.60472000	0.00000000
2.31021202	55.83361000	0.00000000
2.31521202	54.71968000	0.00000000
2.32021202	52.40028000	0.00000000
2.32521202	51.22532000	0.00000000
2.33021202	51.22532000	0.00000000
2.33521202	52.46132000	0.00000000
2.34021202	55.00961000	0.00000000
2.34521202	55.00961000	0.00000000
2.35021202	52.46132000	0.00000000
2.35521202	51.28635000	0.02441481
2.36021202	51.51524000	0.11597030
2.36521202	51.57627000	-0.32959990
2.37021202	51.57627000	-1.25736300
2.37521202	51.57627000	-1.70293300
2.38021202	51.57627000	-1.61137700
2.38521202	51.57627000	-1.58696200
2.39021202	51.57627000	-1.58696200
2.39521202	51.57627000	-1.58696200
2.40021202	51.57627000	-1.58696200
2.40521202	51.57627000	-1.58696200
2.41021202	51.57627000	-1.58696200
2.41521202	51.63731000	-1.58696200
2.42021202	51.86620000	-1.58696200
2.42521202	50.69124000	-1.61137700
2.43021202	48.14294000	-1.70293300
2.43521202	48.14294000	-1.25736300
2.44021202	50.69124000	-0.32959990
2.44521202	51.86620000	0.11597030
2.45021202	51.63731000	0.02441481
2.45521202	51.57627000	-0.02441481
2.46021202	51.57627000	-0.11597030
2.46521202	51.63731000	0.35401470
2.47021202	51.86620000	1.37333300
2.47521202	50.75228000	1.37333300
2.48021202	48.43287000	0.35401470
2.48521202	47.31895000	-0.14038510
2.49021202	47.54784000	-0.14038510
2.49521202	47.60887000	0.32959990
2.50021202	47.60887000	1.25736300
2.50521202	47.60887000	1.70293300
2.51021202	47.60887000	1.61137700
2.51521202	47.60887000	1.58696200
2.52021202	47.60887000	1.58696200
2.52521202	47.60887000	1.61137700
2.53021202	47.60887000	1.70293300
2.53521202	47.60887000	1.25736300
2.54021202	47.60887000	0.32959990
2.54521202	47.60887000	-0.14038510
2.55021202	47.60887000	-0.14038510
2.55521202	47.60887000	0.35401470
2.56021202	47.60887000	1.37333300
2.56521202	47.60887000	1.37333300
2.57021202	47.60887000	0.35401470
2.57521202	47.60887000	-0.11597030
2.58021202	47.60887000	-0.02441481
2.58521202	47.60887000	0.00000000
2.59021202	47.60887000	0.00000000
2.59521202	47.60887000	0.00000000
2.60021202	47.60887000	0.00000000
2.60521202	47.60887000	0.02441481
2.61021202	47.60887000	0.11597030
2.61521202	47.60887000	-0.35401470
2.62021202	47.60887000	-1.37333300
2.62521202	47.66991000	-1.37333300
2.63021202	47.89880000	-0.35401470
2.63521202	46.78487000	0.11597030
2.64021202	44.46547000	0.02441481
2.64521202	43.35154000	0.02441481
2.65021202	43.58043000	0.11597030
2.65521202	43.64147000	-0.35401470
2.66021202	43.64147000	-1.37333300
2.66521202	43.64147000	-1.34891800
2.67021202	43.64147000	-0.23804440
2.67521202	43.64147000	-0.23804440
2.68021202	43.64147000	-1.34891800
2.68521202	43.64147000	-1.34891800
2.69021202	43.64147000	-0.23804440
2.69521202	43.64147000	-0.23804440
2.70021202	43.64147000	-1.34891800
2.70521202	43.64147000	-1.37333300
2.71021202	43.64147000	-0.35401470
2.71521202	43.64147000	0.14038510
2.72021202	43.64147000	0.14038510
2.72521202	43.64147000	-0.32959990
2.73021202	43.64147000	-1.25736300
2.73521202	43.64147000	-1.70293300
2.74021202	43.64147000	-1.61137700
2.74521202	43.64147000	-1.58696200
2.75021202	43.64147000	-1.58696200
2.75521202	43.64147000	-1.58696200
2.76021202	43.64147000	-1.58696200
2.76521202	43.70250000	-1.56254800
2.77021202	43.93139000	-1.47099200
2.77521202	42.81747000	-1.94097700
2.78021202	40.49806000	-2.96029500
2.78521202	39.32310000	-2.96029500
2.79021202	39.32310000	-1.94097700
2.79521202	40.55910000	-1.47099200
2.80021202	43.10739000	-1.56254800
2.80521202	43.10739000	-1.58696200
2.81021202	40.55910000	-1.58696200
2.81521202	39.32310000	-1.58696200
2.82021202	39.32310000	-1.58696200
2.82521202	40.55910000	-1.61137700
2.83021202	43.10739000	-1.70293300
2.83521202	43.10739000	-1.23294800
2.84021202	40.55910000	-0.21362960
2.84521202	39.38414000	-0.23804440
2.85021202	39.61302000	-1.34891800
2.85521202	39.67406000	-1.37333300
2.86021202	39.67406000	-0.35401470
2.86521202	39.67406000	0.11597030
2.87021202	39.67406000	0.02441481
2.87521202	39.67406000	0.00000000
2.88021202	39.67406000	0.00000000
2.88521202	39.67406000	0.02441481
2.89021202	39.67406000	0.11597030
2.89521202	39.67406000	-0.32959990
2.90021202	39.67406000	-1.25736300
2.90521202	39.67406000	-1.70293300
2.91021202	39.67406000	-1.61137700
2.91521202	39.67406000	-1.58696200
2.92021202	39.67406000	-1.58696200
2.92521202	39.67406000	-1.58696200
2.93021202	39.67406000	-1.58696200
2.93521202	39.67406000	-1.58696200
2.94021202	39.67406000	-1.58696200
2.94521202	39.67406000	-1.61137700
2.95021202	39.67406000	-1.70293300
2.95521202	39.67406000	-1.23294800
2.96021202	39.67406000	-0.21362960
2.96521202	39.67406000	-0.21362960
2.97021202	39.67406000	-1.23294800
2.97521202	39.73510000	-1.70293300
2.98021202	39.96399000	-1.61137700
2.98521202	38.78902000	-1.58696200
2.99021202	36.24073000	-1.58696200
2.99521202	36.24073000	-1.58696200
3.00021202	38.78902000	-1.58696200
3.00521202	40.02502000	-1.58696200
3.01021202	40.02502000	-1.58696200
3.01521202	38.85006000	-1.58696200
3.02021202	36.53065000	-1.58696200
3.02521202	35.41673000	-1.58696200
3.03021202	35.64562000	-1.58696200
3.03521202	35.70665000	-1.58696200
3.04021202	35.70665000	-1.58696200
3.04521202	35.64562000	-1.58696200
3.05021202	35.41673000	-1.58696200
3.05521202	36.53065000	-1.58696200
3.06021202	38.85006000	-1.58696200
3.06521202	40.02502000	-1.61137700
3.07021202	40.02502000	-1.70293300
3.07521202	38.85006000	-1.25736300
3.08021202	36.53065000	-0.32959990
3.08521202	35.41673000	0.14038510
3.09021202	35.64562000	0.14038510
3.09521202	35.70665000	-0.35401470
3.10021202	35.70665000	-1.37333300
3.10521202	35.70665000	-1.37333300
3.11021202	35.70665000	-0.35401470
3.11521202	35.70665000	0.11597030
3.12021202	35.70665000	0.02441481
3.12521202	35.70665000	0.00000000
3.13021202	35.70665000	0.00000000
3.13521202	35.70665000	0.00000000
3.14021202	35.70665000	0.00000000
3.14521202	35.70665000	0.00000000
3.15021202	35.70665000	0.00000000
3.15521202	35.70665000	0.02441481
3.16021202	35.70665000	0.11597030
3.16521202	35.70665000	-0.32959990
3.17021202	35.70665000	-1.25736300
3.17521202	35.70665000	-1.72734800
3.18021202	35.70665000	-1.72734800
3.18521202	35.70665000	-1.23294800
3.19021202	35.70665000	-0.21362960
3.19521202	35.76769000	-0.21362960
3.20021202	35.99658000	-1.23294800
3.20521202	34.88266000	-1.70293300
3.21021202	32.56325000	-1.61137700
3.21521202	31.44932000	-1.58696200
3.22021202	31.67821000	-1.58696200
3.22521202	31.73925000	-1.56254800
3.23021202	31.73925000	-1.47099200
3.23521202	31.73925000	-1.94097700
3.24021202	31.73925000	-2.96029500
3.24521202	31.73925000	-2.96029500
3.25021202	31.73925000	-1.94097700
3.25521202	31.73925000	-1.49540700
3.26021202	31.73925000	-1.67851800
3.26521202	31.73925000	-1.25736300
3.27021202	31.73925000	-0.32959990
3.27521202	31.73925000	0.11597030
3.28021202	31.73925000	0.02441481
3.28521202	31.73925000	0.00000000
3.29021202	31.73925000	0.00000000
3.29521202	31.73925000	0.00000000
3.30021202	31.73925000	0.00000000
3.30521202	31.73925000	0.00000000
3.31021202	31.73925000	0.00000000
3.31521202	31.73925000	0.00000000
3.32021202	31.73925000	0.00000000
3.32521202	31.73925000	0.00000000
3.33021202	31.73925000	0.00000000
3.33521202	31.73925000	0.00000000
3.34021201	31.73925000	0.00000000
3.34521201	31.73925000	0.00000000
3.35021201	31.73925000	0.00000000
3.35521201	31.73925000	0.00000000
3.36021201	31.73925000	0.00000000
3.36521201	31.73925000	-0.02441481
3.37021201	31.73925000	-0.11597030
3.37521201	31.73925000	0.35401470
3.38021201	31.73925000	1.37333300
3.38521201	31.73925000	1.37333300
3.39021201	31.73925000	0.35401470
3.39521201	31.73925000	-0.11597030
3.40021201	31.73925000	-0.02441481
3.40521201	31.73925000	0.00000000
3.41021201	31.73925000	0.00000000
3.41521201	31.73925000	0.02441481
3.42021201	31.73925000	0.11597030
3.42521201	31.73925000	-0.32959990
3.43021201	31.73925000	-1.25736300
3.43521201	31.73925000	-1.72734800
3.44021201	31.73925000	-1.72734800
3.44521201	31.73925000	-1.25736300
3.45021201	31.73925000	-0.32959990
3.45521201	31.73925000	0.11597030
3.46021201	31.73925000	0.02441481
3.46521201	31.73925000	0.02441481
3.47021201	31.73925000	0.11597030
3.47521201	31.73925000	-0.32959990
3.48021201	31.73925000	-1.25736300
3.48521201	31.73925000	-1.72734800
3.49021201	31.73925000	-1.72734800
3.49521201	31.80028000	-1.25736300
3.50021201	32.02917000	-0.32959990
3.50521201	30.85421000	0.11597030
3.51021201	28.30592000	0.02441481
3.51521201	28.30592000	0.00000000
3.52021201	30.85421000	0.00000000
3.52521201	32.09021000	0.02441481
3.53021201	32.09021000	0.11597030
3.53521201	30.91525000	-0.32959990
3.54021201	28.59584000	-1.25736300
3.54521201	27.48192000	-1.70293300
3.55021201	27.71080000	-1.61137700
3.55521201	27.71080000	-1.58696200
3.56021201	27.48192000	-1.58696200
3.56521201	28.65688000	-1.58696200
3.57021201	31.20517000	-1.58696200
3.57521201	31.20517000	-1.58696200
3.58021201	28.65688000	-1.58696200
3.58521201	27.48192000	-1.58696200
3.59021201	27.71080000	-1.58696200
3.59521201	27.77184000	-1.61137700
3.60021201	27.77184000	-1.70293300
3.60521201	27.77184000	-1.25736300
3.61021201	27.77184000	-0.32959990
3.61521201	27.77184000	0.14038510
3.62021201	27.77184000	0.14038510
3.62521201	27.77184000	-0.35401470
3.63021201	27.77184000	-1.37333300
3.63521201	27.77184000	-1.34891800
3.64021201	27.77184000	-0.23804440
3.64521201	27.77184000	-0.21362960
3.65021201	27.77184000	-1.23294800
3.65521201	27.77184000	-1.72734800
3.66021201	27.77184000	-1.72734800
3.66521201	27.77184000	-1.23294800
3.67021201	27.77184000	-0.21362960
3.67521201	27.77184000	-0.23804440
3.68021201	27.77184000	-1.34891800
3.68521201	27.77184000	-1.37333300
3.69021201	27.77184000	-0.35401470
3.69521201	27.77184000	0.14038510
3.70021201	27.77184000	0.14038510
3.70521201	27.77184000	-0.35401470
3.71021201	27.77184000	-1.37333300
3.71521201	27.77184000	-1.34891800
3.72021201	27.77184000	-0.23804440
3.72521201	27.77184000	-0.23804440
3.73021201	27.77184000	-1.34891800
3.73521201	27.83288000	-1.37333300
3.74021201	28.06177000	-0.35401470
3.74521201	26.88680000	0.11597030
3.75021201	24.33851000	0.02441481
3.75521201	24.39955000	0.00000000
3.76021201	27.17673000	0.00000000
3.76521201	27.23777000	0.00000000
3.77021201	24.68947000	0.00000000
3.77521201	23.45347000	0.00000000
3.78021201	23.45347000	0.00000000
3.78521201	24.68947000	0.00000000
3.79021201	27.23777000	0.00000000
3.79521201	27.23777000	0.00000000
3.80021201	24.68947000	0.00000000
3.80521201	23.45347000	0.00000000
3.81021201	23.45347000	0.00000000
3.81521201	24.68947000	0.02441481
3.82021201	27.23777000	0.11597030
3.82521201	27.23777000	-0.32959990
3.83021201	24.68947000	-1.25736300
3.83521201	23.51451000	-1.70293300
3.84021201	23.74340000	-1.61137700
3.84521201	23.80444000	-1.58696200
3.85021201	23.80444000	-1.58696200
3.85521201	23.80444000	-1.58696200
3.86021201	23.80444000	-1.58696200
3.86521201	23.80444000	-1.58696200
3.87021201	23.80444000	-1.58696200
3.87521201	23.80444000	-1.58696200
3.88021201	23.80444000	-1.58696200
3.88521201	23.80444000	-1.58696200
3.89021201	23.80444000	-1.58696200
3.89521201	23.80444000	-1.58696200
3.90021201	23.80444000	-1.58696200
3.90521201	23.80444000	-1.58696200
3.91021201	23.80444000	-1.58696200
3.91521201	23.80444000	-1.58696200
3.92021201	23.80444000	-1.58696200
3.92521201	23.80444000	-1.58696200
3.93021201	23.80444000	-1.58696200
3.93521201	23.80444000	-1.58696200
3.94021201	23.80444000	-1.58696200
3.94521201	23.80444000	-1.56254800
3.95021201	23.80444000	-1.47099200
3.95521201	23.80444000	-1.94097700
3.96021201	23.80444000	-2.96029500
3.96521201	23.80444000	-2.96029500
3.97021201	23.80444000	-1.94097700
3.97521201	23.80444000	-1.47099200
3.98021201	23.80444000	-1.56254800
3.98521201	23.80444000	-1.56254800
3.99021201	23.80444000	-1.47099200
3.99521201	23.80444000	-1.91656200
4.00021201	23.80444000	-2.84432500
4.00521201	23.80444000	-3.31431000
4.01021201	23.80444000	-3.31431000
4.01521201	23.80444000	-2.84432500
4.02021201	23.80444000	-1.91656200
4.02521201	23.86547000	-1.47099200
4.03021201	24.09436000	-1.56254800
4.03521201	22.91940000	-1.58696200
4.04021201	20.37111000	-1.58696200
4.04521201	20.37111000	-1.58696200
4.05021201	22.91940000	-1.58696200
4.05521201	24.09436000	-1.58696200
4.06021201	23.86547000	-1.58696200
4.06521201	23.80444000	-1.58696200
4.07021201	23.80444000	-1.58696200
4.07521201	23.80444000	-1.58696200
4.08021201	23.80444000	-1.58696200
4.08521201	23.86547000	-1.58696200
4.09021201	24.09436000	-1.58696200
4.09521201	22.91940000	-1.61137700
4.10021201	20.37111000	-1.70293300
4.10521201	20.43214000	-1.23294800
4.11021201	23.20932000	-0.21362960
4.11521201	23.20932000	-0.21362960
4.12021201	20.43214000	-1.23294800
4.12521201	20.37111000	-1.72734800
4.13021201	22.91940000	-1.72734800
4.13521201	24.09436000	-1.23294800
4.14021201	23.86547000	-0.21362960
4.14521201	23.86547000	-0.23804440
4.15021201	24.09436000	-1.34891800
4.15521201	22.98043000	-1.37333300
4.16021201	20.66103000	-0.35401470
4.16521201	19.54710000	0.14038510
4.17021201	19.77599000	0.14038510
4.17521201	19.83703000	-0.35401470
4.18021201	19.83703000	-1.37333300
4.18521201	19.83703000	-1.37333300
4.19021201	19.83703000	-0.35401470
4.19521201	19.83703000	0.11597030
4.20021201	19.83703000	0.02441481
4.20521201	19.83703000	0.00000000
4.21021201	19.83703000	0.00000000
4.21521201	19.83703000	0.00000000
4.22021201	19.83703000	0.00000000
4.22521201	19.83703000	0.02441481
4.23021201	19.83703000	0.11597030
4.23521201	19.83703000	-0.35401470
4.24021201	19.83703000	-1.37333300
4.24521201	19.83703000	-1.37333300
4.25021201	19.83703000	-0.35401470
4.25521201	19.83703000	0.11597030
4.26021201	19.83703000	0.02441481
4.26521201	19.83703000	-0.02441481
4.27021201	19.83703000	-0.11597030
4.27521201	19.83703000	0.35401470
4.28021201	19.83703000	1.37333300
4.28521201	19.83703000	1.34891800
4.29021201	19.83703000	0.23804440
4.29521201	19.83703000	0.21362960
4.30021201	19.83703000	1.23294800
4.30521201	19.83703000	1.70293300
4.31021201	19.83703000	1.61137700
4.31521201	19.83703000	1.58696200
4.32021201	19.83703000	1.58696200
4.32521201	19.83703000	1.58696200
4.33021201	19.83703000	1.58696200
4.33521201	19.83703000	1.58696200
4.34021201	19.83703000	1.58696200
4.34521201	19.83703000	1.58696200
4.35021201	19.83703000	1.58696200
4.35521201	19.83703000	1.61137700
4.36021201	19.83703000	1.70293300
4.36521201	19.83703000	1.25736300
4.37021201	19.83703000	0.32959990
4.37521201	19.83703000	-0.09155553
4.38021201	19.83703000	0.09155553
4.38521201	19.83703000	-0.35401470
4.39021201	19.83703000	-1.37333300
4.39521201	19.83703000	-1.37333300
4.40021201	19.83703000	-0.35401470
4.40521201	19.89807000	0.14038510
4.41021201	20.12696000	0.14038510
4.41521201	18.95199000	-0.32959990
4.42021201	16.40370000	-1.25736300
4.42521201	16.40370000	-1.70293300
4.43021201	18.95199000	-1.61137700
4.43521201	20.12696000	-1.58696200
4.44021201	19.89807000	-1.58696200
4.44521201	19.83703000	-1.58696200
4.45021201	19.83703000	-1.58696200
4.45521201	19.83703000	-1.58696200
4.46021201	19.83703000	-1.58696200
4.46521201	19.89807000	-1.58696200
4.47021201	20.12696000	-1.58696200
4.47521201	19.01303000	-1.61137700
4.48021201	16.69362000	-1.70293300
4.48521201	15.57970000	-1.25736300
4.49021201	15.80859000	-0.32959990
4.49521201	15.86962000	0.11597030
4.50021201	15.86962000	0.02441481
4.50521201	15.80859000	0.00000000
4.51021201	15.57970000	0.00000000
4.51521201	16.69362000	0.02441481
4.52021201	19.01303000	0.11597030
4.52521201	20.12696000	-0.35401470
4.53021201	19.89807000	-1.37333300
4.53521201	19.89807000	-1.37333300
4.54021201	20.12696000	-0.35401470
4.54521201	19.01303000	0.14038510
4.55021201	16.69362000	0.14038510
4.55521201	15.57970000	-0.35401470
4.56021201	15.80859000	-1.37333300
4.56521201	15.86962000	-1.34891800
4.57021201	15.86962000	-0.23804440
4.57521201	15.86962000	-0.21362960
4.58021201	15.86962000	-1.23294800
4.58521201	15.86962000	-1.72734800
4.59021201	15.86962000	-1.72734800
4.59521201	15.86962000	-1.23294800
4.60021201	15.86962000	-0.21362960
4.60521201	15.86962000	-0.21362960
4.61021201	15.86962000	-1.23294800
4.61521201	15.86962000	-1.70293300
4.62021201	15.86962000	-1.61137700
4.62521201	15.86962000	-1.58696200
4.63021201	15.86962000	-1.58696200
4.63521201	15.86962000	-1.58696200
4.64021201	15.86962000	-1.58696200
4.64521201	15.86962000	-1.58696200
4.65021201	15.86962000	-1.58696200
4.65521201	15.86962000	-1.58696200
4.66021201	15.86962000	-1.58696200
4.66521201	15.86962000	-1.58696200
4.67021201	15.86962000	-1.58696200
4.67521201	15.86962000	-1.58696200
4.68021201	15.86962000	-1.58696200
4.68521201	15.86962000	-1.56254800
4.69021201	15.86962000	-1.47099200
4.69521201	15.86962000	-1.94097700
4.70021201	15.86962000	-2.96029500
4.70521201	15.86962000	-2.96029500
4.71021201	15.86962000	-1.94097700
4.71521201	15.86962000	-1.47099200
4.72021201	15.86962000	-1.56254800
4.72521201	15.86962000	-1.58696200
4.73021201	15.86962000	-1.58696200
4.73521201	15.86962000	-1.58696200
4.74021201	15.86962000	-1.58696200
4.74521201	15.86962000	-1.58696200
4.75021201	15.86962000	-1.58696200
4.75521201	15.86962000	-1.58696200
4.76021201	15.86962000	-1.58696200
4.76521201	15.86962000	-1.58696200
4.77021201	15.86962000	-1.58696200
4.77521201	15.86962000	-1.58696200
4.78021201	15.86962000	-1.58696200
4.78521201	15.86962000	-1.58696200
4.79021201	15.86962000	-1.58696200
4.79521201	15.86962000	-1.58696200
4.80021201	15.86962000	-1.58696200
4.80521201	15.86962000	-1.58696200
4.81021201	15.86962000	-1.58696200
4.81521201	15.86962000	-1.58696200
4.82021201	15.86962000	-1.58696200
4.82521201	15.86962000	-1.58696200
4.83021201	15.86962000	-1.58696200
4.83521201	15.86962000	-1.58696200
4.84021201	15.86962000	-1.58696200
4.84521201	15.86962000	-1.58696200
4.85021201	15.86962000	-1.58696200
4.85521201	15.86962000	-1.58696200
4.86021201	15.86962000	-1.58696200
4.86521201	15.86962000	-1.58696200
4.87021201	15.86962000	-1.58696200
4.87521201	15.86962000	-1.58696200
4.88021201	15.86962000	-1.58696200
4.88521201	15.86962000	-1.58696200
4.89021201	15.86962000	-1.58696200
4.89521201	15.86962000	-1.56254800
4.90021201	15.86962000	-1.47099200
4.90521201	15.86962000	-1.91656200
4.91021201	15.86962000	-2.84432500
4.91521201	15.86962000	-3.28989500
4.92021201	15.86962000	-3.19834000
4.92521201	15.86962000	-3.17392500
4.93021201	15.86962000	-3.17392500
4.93521201	15.86962000	-3.19834000
4.94021201	15.86962000	-3.28989500
4.94521201	15.93066000	-2.81991000
4.95021201	16.15955000	-1.80059200
4.95521201	14.98459000	-1.80059200
4.96021201	12.43629000	-2.81991000
4.96521201	12.43629000	-3.31431000
4.97021201	14.98459000	-3.31431000
4.97521201	16.15955000	-2.84432500
4.98021201	15.93066000	-1.91656200
4.98521200	15.86962000	-1.47099200
4.99021200	15.86962000	-1.56254800
4.99521200	15.93066000	-1.56254800
5.00021200	16.15955000	-1.47099200
5.00521200	14.98459000	-1.91656200
5.01021200	12.43629000	-2.84432500
5.01521200	12.43629000	-3.28989500
5.02021200	14.98459000	-3.19834000
5.02521200	16.15955000	-3.17392500
5.03021200	15.93066000	-3.17392500
5.03521200	15.86962000	-3.17392500
5.04021200	15.86962000	-3.17392500
5.04521200	15.93066000	-3.19834000
5.05021200	16.15955000	-3.28989500
5.05521200	15.04562000	-2.84432500
5.06021200	12.72622000	-1.91656200
5.06521200	11.55125000	-1.47099200
5.07021200	11.55125000	-1.56254800
5.07521200	12.72622000	-1.58696200
5.08021200	15.04562000	-1.58696200
5.08521200	16.15955000	-1.61137700
5.09021200	15.93066000	-1.70293300
5.09521200	15.93066000	-1.23294800
5.10021200	16.15955000	-0.21362960
5.10521200	15.04562000	-0.23804440
5.11021200	12.72622000	-1.34891800
5.11521200	11.55125000	-1.37333300
5.12021200	11.55125000	-0.35401470
5.12521200	12.78725000	0.11597030
5.13021200	15.33555000	0.02441481
5.13521200	15.27451000	-0.02441481
5.14021200	12.49733000	-0.11597030
5.14521200	12.49733000	0.35401470
5.15021200	15.27451000	1.37333300
5.15521200	15.33555000	1.39774800
5.16021200	12.78725000	0.46998500
5.16521200	11.61229000	-0.44557020
5.17021200	11.84118000	-1.28177700
5.17521200	11.90222000	-1.72734800
5.18021200	11.90222000	-1.72734800
5.18521200	11.90222000	-1.23294800
5.19021200	11.90222000	-0.21362960
5.19521200	11.90222000	-0.21362960
5.20021200	11.90222000	-1.23294800
5.20521200	11.90222000	-1.70293300
5.21021200	11.90222000	-1.61137700
5.21521200	11.90222000	-1.58696200
5.22021200	11.90222000	-1.58696200
5.22521200	11.90222000	-1.58696200
5.23021200	11.90222000	-1.58696200
5.23521200	11.90222000	-1.56254800
5.24021200	11.90222000	-1.47099200
5.24521200	11.90222000	-1.94097700
5.25021200	11.90222000	-2.96029500
5.25521200	11.90222000	-2.96029500
5.26021200	11.90222000	-1.94097700
5.26521200	11.90222000	-1.47099200
5.27021200	11.90222000	-1.56254800
5.27521200	11.90222000	-1.58696200
5.28021200	11.90222000	-1.58696200
5.28521200	11.90222000	-1.58696200
5.29021200	11.90222000	-1.58696200
5.29521200	11.90222000	-1.56254800
5.30021200	11.90222000	-1.47099200
5.30521200	11.90222000	-1.91656200
5.31021200	11.90222000	-2.84432500
5.31521200	11.90222000	-3.28989500
5.32021200	11.90222000	-3.19834000
5.32521200	11.90222000	-3.19834000
5.33021200	11.90222000	-3.28989500
5.33521200	11.90222000	-2.81991000
5.34021200	11.90222000	-1.80059200
5.34521200	11.90222000	-1.82500700
5.35021200	11.90222000	-2.93588100
5.35521200	11.90222000	-2.96029500
5.36021200	11.90222000	-1.94097700
5.36521200	11.90222000	-1.47099200
5.37021200	11.90222000	-1.56254800
5.37521200	11.90222000	-1.58696200
5.38021200	11.90222000	-1.58696200
5.38521200	11.90222000	-1.61137700
5.39021200	11.90222000	-1.70293300
5.39521200	11.90222000	-1.25736300
5.40021200	11.90222000	-0.32959990
5.40521200	11.90222000	0.14038510
5.41021200	11.90222000	0.14038510
5.41521200	11.90222000	-0.32959990
5.42021200	11.90222000	-1.25736300
5.42521200	11.90222000	-1.70293300
5.43021200	11.90222000	-1.61137700
5.43521200	11.90222000	-1.58696200
5.44021200	11.90222000	-1.58696200
5.44521200	11.90222000	-1.58696200
5.45021200	11.90222000	-1.58696200
5.45521200	11.90222000	-1.58696200
5.46021200	11.90222000	-1.58696200
5.46521200	11.90222000	-1.58696200
5.47021200	11.90222000	-1.58696200
5.47521200	11.90222000	-1.58696200
5.48021200	11.90222000	-1.58696200
5.48521200	11.90222000	-1.61137700
5.49021200	11.90222000	-1.70293300
5.49521200	11.90222000	-1.25736300
5.50021200	11.90222000	-0.32959990
5.50521200	11.90222000	0.11597030
5.51021200	11.90222000	0.02441481
5.51521200	11.90222000	0.00000000
5.52021200	11.90222000	0.00000000
5.52521200	11.90222000	0.00000000
5.53021200	11.90222000	0.00000000
5.53521200	11.90222000	0.00000000
5.54021200	11.90222000	0.00000000
5.54521200	11.96325000	0.00000000
5.55021200	12.19214000	0.00000000
5.55521200	11.01718000	0.02441481
5.56021200	8.46888600	0.11597030
5.56521200	8.46888600	-0.35401470
5.57021200	11.01718000	-1.37333300
5.57521200	12.25318000	-1.34891800
5.58021200	12.25318000	-0.23804440
5.58521200	11.01718000	-0.21362960
5.59021200	8.46888600	-1.23294800
5.59521200	8.46888600	-1.72734800
5.60021200	11.01718000	-1.72734800
5.60521200	12.19214000	-1.23294800
5.61021200	11.96325000	-0.21362960
5.61521200	11.96325000	-0.18921480
5.62021200	12.19214000	-1.11697700
5.62521200	11.01718000	-2.05694700
5.63021200	8.46888600	-2.98471000
5.63521200	8.46888600	-2.96029500
5.64021200	11.01718000	-1.94097700
5.64521200	12.25318000	-1.47099200
5.65021200	12.25318000	-1.56254800
5.65521200	11.07822000	-1.58696200
5.66021200	8.75881200	-1.58696200
5.66521200	7.64488600	-1.58696200
5.67021200	7.87377500	-1.58696200
5.67521200	7.93481200	-1.58696200
5.68021200	7.93481200	-1.58696200
5.68521200	7.87377500	-1.58696200
5.69021200	7.64488600	-1.58696200
5.69521200	8.81984900	-1.58696200
5.70021200	11.36814000	-1.58696200
5.70521200	11.36814000	-1.56254800
5.71021200	8.81984900	-1.47099200
5.71521200	7.58384900	-1.94097700
5.72021200	7.58384900	-2.96029500
5.72521200	8.75881200	-2.96029500
5.73021200	11.07822000	-1.94097700
5.73521200	12.25318000	-1.47099200
5.74021200	12.25318000	-1.56254800
5.74521200	11.07822000	-1.61137700
5.75021200	8.75881200	-1.70293300
5.75521200	7.64488600	-1.25736300
5.76021200	7.87377500	-0.32959990
5.76521200	7.93481200	0.11597030
5.77021200	7.93481200	0.02441481
5.77521200	7.93481200	0.00000000
5.78021200	7.93481200	0.00000000
5.78521200	7.93481200	0.00000000
5.79021200	7.93481200	0.00000000
5.79521200	7.93481200	0.00000000
5.80021200	7.93481200	0.00000000
5.80521200	7.93481200	0.00000000
5.81021200	7.93481200	0.00000000
5.81521200	7.93481200	0.00000000
5.82021200	7.93481200	0.00000000
5.82521200	7.93481200	0.00000000
5.83021200	7.93481200	0.00000000
5.83521200	7.93481200	0.02441481
5.84021200	7.93481200	0.11597030
5.84521200	7.93481200	-0.32959990
5.85021200	7.93481200	-1.25736300
5.85521200	7.93481200	-1.72734800
5.86021200	7.93481200	-1.72734800
5.86521200	7.93481200	-1.23294800
5.87021200	7.93481200	-0.21362960
5.87521200	7.93481200	-0.21362960
5.88021200	7.93481200	-1.23294800
5.88521200	7.93481200	-1.70293300
5.89021200	7.93481200	-1.61137700
5.89521200	7.93481200	-1.56254800
5.90021200	7.93481200	-1.47099200
5.90521200	7.93481200	-1.96539200
5.91021200	7.93481200	-3.07626600
5.91521200	7.93481200	-2.60628100
5.92021200	7.93481200	-0.56764430
5.92521200	7.93481200	-0.09765923
5.93021200	7.93481200	-1.20853300
5.93521200	7.93481200	-1.72734800
5.94021200	7.93481200	-1.72734800
5.94521200	7.93481200	-1.25736300
5.95021200	7.93481200	-0.32959990
5.95521200	7.93481200	0.09155553
5.96021200	7.93481200	-0.09155553
5.96521200	7.93481200	0.35401470
5.97021200	7.93481200	1.37333300
5.97521200	7.93481200	1.37333300
5.98021200	7.93481200	0.35401470
5.98521200	7.93481200	-0.11597030
5.99021200	7.93481200	-0.02441481
5.99521200	7.93481200	0.02441481
6.00021200	7.93481200	0.11597030
6.00521200	7.93481200	-0.35401470
6.01021200	7.93481200	-1.37333300
6.01521200	7.93481200	-1.34891800
6.02021200	7.93481200	-0.23804440
6.02521200	7.93481200	-0.23804440
6.03021200	7.93481200	-1.34891800
6.03521200	7.93481200	-1.34891800
6.04021200	7.93481200	-0.23804440
6.04521200	7.93481200	-0.23804440
6.05021200	7.93481200	-1.34891800
6.05521200	7.93481200	-1.34891800
6.06021200	7.93481200	-0.23804440
6.06521200	7.93481200	-0.23804440
6.07021200	7.93481200	-1.34891800
6.07521200	7.93481200	-1.34891800
6.08021200	7.93481200	-0.23804440
6.08521200	7.93481200	-0.21362960
6.09021200	7.93481200	-1.23294800
6.09521200	7.93481200	-1.70293300
6.10021200	7.93481200	-1.61137700
6.10521200	7.93481200	-1.58696200
6.11021200	7.93481200	-1.58696200
6.11521200	7.93481200	-1.58696200
6.12021200	7.93481200	-1.58696200
6.12521200	7.93481200	-1.58696200
6.13021200	7.93481200	-1.58696200
6.13521200	7.93481200	-1.58696200
6.14021200	7.93481200	-1.58696200
6.14521200	7.93481200	-1.61137700
6.15021200	7.93481200	-1.70293300
6.15521200	7.93481200	-1.25736300
6.16021200	7.93481200	-0.32959990
6.16521200	7.93481200	0.11597030
6.17021200	7.93481200	0.02441481
6.17521200	7.93481200	-0.02441481
6.18021200	7.93481200	-0.11597030
6.18521200	7.93481200	0.28077030
6.19021200	7.93481200	1.02542200
6.19521200	7.93481200	2.31940700
6.20021200	7.93481200	3.88805800
6.20521200	7.93481200	5.60930200
6.21021200	7.93481200	7.08639800
6.21521200	7.93481200	8.75881200
6.22021200	7.93481200	10.14435000
6.22521200	7.93481200	12.26234000
6.23021200	7.93481200	14.57564000
6.23521200	7.93481200	17.07205000
6.24021200	7.93481200	19.00693000
6.24521200	7.93481200	22.82174000
6.25021200	7.93481200	27.54601000
6.25521200	7.93481200	32.65480000
6.26021200	7.93481200	36.90298000
6.26521200	7.93481200	42.86019000
6.27021200	7.93481200	49.05545000
6.27521200	7.93481200	55.45823000
6.28021200	7.93481200	60.54872000
6.28521200	7.93481200	66.48152000
6.29021200	7.93481200	71.74902000
6.29521200	7.99584900	77.26066000
6.30021200	8.22473800	81.60040000
6.30521200	7.04977500	86.69087000
6.31021200	4.50148000	91.21983000
6.31521200	4.50148000	95.90746000
6.32021200	7.04977500	99.60631000
6.32521200	8.22473800	103.44550000
6.33021200	7.99584900	106.49740000
6.33521200	7.93481200	109.01210000
6.34021200	7.93481200	110.30610000
6.34521200	7.99584900	111.97850000
6.35021200	8.22473800	113.55330000
6.35521200	7.04977500	114.85340000
6.36021200	4.50148000	115.59190000
6.36521200	4.50148000	116.01310000
6.37021200	7.04977500	116.01310000
6.37521200	8.22473800	115.56750000
6.38021200	7.99584900	114.73130000
6.38521200	7.93481200	113.90730000
6.39021200	7.93481200	113.35180000
6.39521200	7.93481200	111.65500000
6.40021200	7.93481200	109.25020000
6.40521200	7.99584900	106.66220000
6.41021200	8.22473800	104.44040000
6.41521200	7.11081200	101.87690000
6.42021200	4.79140600	99.56358000
6.42521200	3.61644300	97.47002000
6.43021200	3.61644300	96.17603000
6.43521200	4.79140600	94.08246000
6.44021200	7.11081200	91.76915000
6.44521200	8.22473800	89.20560000
6.45021200	7.99584900	86.98386000
6.45521200	7.93481200	84.46303000
6.46021200	7.93481200	82.33894000
6.46521200	7.93481200	79.34812000
6.47021200	7.93481200	76.19861000
6.47521200	7.99584900	73.18948000
6.48021200	8.22473800	70.96774000
6.48521200	7.04977500	68.89858000
6.49021200	4.50148000	67.60461000
6.49521200	4.50148000	65.48661000
6.50021200	7.04977500	63.08176000
6.50521200	8.22473800	60.96377000
6.51021200	7.99584900	59.66979000
6.51521200	7.93481200	57.55180000
6.52021200	7.93481200	55.14084000
6.52521200	7.93481200	52.99844000
6.53021200	7.93481200	51.61290000
6.53521200	7.93481200	49.94049000
6.54021200	7.93481200	48.46339000
6.54521200	7.93481200	46.74215000
6.55021200	7.93481200	45.17350000
6.55521200	7.93481200	43.89782000
6.56021200	7.93481200	43.25694000
6.56521200	7.93481200	42.45124000
6.57021200	7.93481200	41.81036000
6.57521200	7.93481200	40.53468000
6.58021200	7.93481200	38.96603000
6.58521200	7.99584900	37.22038000
6.59021200	8.22473800	35.65172000
6.59521200	7.04977500	34.35773000
6.60021200	4.50148000	33.61309000
6.60521200	4.56251700	33.26517000
6.61021200	7.33970100	33.53984000
6.61521200	7.33970100	32.69753000
6.62021200	4.56251700	30.93356000
6.62521200	4.50148000	29.63958000
6.63021199	7.04977500	29.09024000
6.63521199	8.22473800	27.79015000
6.64021199	7.99584900	26.03229000
6.64521199	7.93481200	25.17777000
6.65021199	7.93481200	25.45854000
6.65521199	7.93481200	25.08622000
6.66021199	7.93481200	24.25001000
6.66521199	7.93481200	23.38328000
6.67021199	7.93481200	22.63863000
6.67521199	7.93481200	21.74749000
6.68021199	7.93481200	20.81973000
6.68521199	7.99584900	20.86856000
6.69021199	8.22473800	21.97943000
6.69521199	7.04977500	22.02826000
6.70021199	4.50148000	21.10050000
6.70521199	4.50148000	20.18494000
6.71021199	7.04977500	19.34873000
6.71521199	8.22473800	18.92758000
6.72021199	7.99584900	19.01913000
6.72521199	7.99584900	19.06796000
6.73021199	8.22473800	19.15952000
6.73521199	7.11081200	18.68954000
6.74021199	4.79140600	17.67022000
6.74521199	3.61644300	17.69463000
6.75021199	3.61644300	18.80550000
6.75521199	4.85244300	18.85434000
6.76021199	7.40073800	17.92657000
6.76521199	7.40073800	17.01102000
6.77021199	4.85244300	16.17481000
6.77521199	3.61644300	15.75365000
6.78021199	3.61644300	15.84521000
6.78521199	4.79140600	15.86962000
6.79021199	7.11081200	15.86962000
6.79521199	8.22473800	15.89404000
6.80021199	7.99584900	15.98559000
6.80521199	7.99584900	15.54002000
6.81021199	8.22473800	14.61226000
6.81521199	7.11081200	14.19111000
6.82021199	4.79140600	14.37422000
6.82521199	3.67748000	13.95306000
6.83021199	3.90636900	13.02530000
6.83521199	3.96740600	12.57973000
6.84021199	3.96740600	12.67128000
6.84521199	3.90636900	12.69570000
6.85021199	3.67748000	12.69570000
6.85521199	4.85244300	12.69570000
6.86021199	7.40073800	12.69570000
6.86521199	7.40073800	12.69570000
6.87021199	4.85244300	12.69570000
6.87521199	3.67748000	12.72011000
6.88021199	3.90636900	12.81167000
6.88521199	3.96740600	12.36610000
6.89021199	3.96740600	11.43834000
6.89521199	3.90636900	10.99277000
6.90021199	3.67748000	11.08432000
6.90521199	4.85244300	11.10874000
6.91021199	7.40073800	11.10874000
6.91521199	7.40073800	11.13315000
6.92021199	4.85244300	11.22471000
6.92521199	3.67748000	10.77914000
6.93021199	3.90636900	9.85137500
6.93521199	3.96740600	9.43021900
6.94021199	3.96740600	9.61333000
6.94521199	3.96740600	9.19217500
6.95021199	3.96740600	8.26441300
6.95521199	3.96740600	7.79442700
6.96021199	3.96740600	7.79442700
6.96521199	3.96740600	8.26441300
6.97021199	3.96740600	9.19217500
6.97521199	3.96740600	9.63774600
6.98021199	3.96740600	9.54619000
6.98521199	3.96740600	9.52177400
6.99021199	3.96740600	9.52177400
6.99521199	3.96740600	9.52177400
7.00021199	3.96740600	9.52177400
7.00521199	3.96740600	9.52177400
7.01021199	3.96740600	9.52177400
7.01521199	3.96740600	9.52177400
7.02021199	3.96740600	9.52177400
7.02521199	3.96740600	9.54619000
7.03021199	3.96740600	9.63774600
7.03521199	3.96740600	9.19217500
7.04021199	3.96740600	8.26441300
7.04521199	3.96740600	7.84325600
7.05021199	3.96740600	8.02636700
7.05521199	3.96740600	7.60521200
7.06021199	3.96740600	6.67745000
7.06521199	3.96740600	6.20746500
7.07021199	3.96740600	6.20746500
7.07521199	3.96740600	6.70186400
7.08021199	3.96740600	7.72118300
7.08521199	3.96740600	7.72118300
7.09021199	3.96740600	6.70186400
7.09521199	3.96740600	6.23187900
7.10021199	3.96740600	6.32343500
7.10521199	3.96740600	6.34785000
7.11021199	3.96740600	6.34785000
7.11521199	3.96740600	6.34785000
7.12021199	3.96740600	6.34785000
7.12521199	3.96740600	6.34785000
7.13021199	3.96740600	6.34785000
7.13521199	3.96740600	6.34785000
7.14021199	3.96740600	6.34785000
7.14521199	3.96740600	6.34785000
7.15021199	3.96740600	6.34785000
7.15521199	3.96740600	6.34785000
7.16021199	3.96740600	6.34785000
7.16521199	3.96740600	6.34785000
7.17021199	3.96740600	6.34785000
7.17521199	3.96740600	6.34785000
7.18021199	3.96740600	6.34785000
7.18521199	3.96740600	6.34785000
7.19021199	3.96740600	6.34785000
7.19521199	3.96740600	6.34785000
7.20021199	3.96740600	6.34785000
7.20521199	3.96740600	6.37226500
7.21021199	3.96740600	6.46382000
7.21521199	3.96740600	6.01825000
7.22021199	3.96740600	5.09048700
7.22521199	3.96740600	4.62050200
7.23021199	3.96740600	4.62050200
7.23521199	3.96740600	5.11490200
7.24021199	3.96740600	6.13422100
7.24521199	3.96740600	6.13422100
7.25021199	3.96740600	5.11490200
7.25521199	3.96740600	4.62050200
7.26021199	3.96740600	4.62050200
7.26521199	3.96740600	5.11490200
7.27021199	3.96740600	6.13422100
7.27521199	3.96740600	6.13422100
7.28021199	3.96740600	5.11490200
7.28521199	3.96740600	4.64491700
7.29021199	3.96740600	4.73647300
7.29521199	3.96740600	4.78530200
7.30021199	3.96740600	4.87685800
7.30521199	3.96740600	4.40687300
7.31021199	3.96740600	3.38755500
7.31521199	3.96740600	3.38755500
7.32021199	3.96740600	4.40687300
7.32521199	3.96740600	4.87685800
7.33021199	3.96740600	4.78530200
7.33521199	3.96740600	4.76088700
7.34021199	3.96740600	4.76088700
7.34521199	3.96740600	4.76088700
7.35021199	3.96740600	4.76088700
7.35521199	3.96740600	4.73647300
7.36021199	3.96740600	4.64491700
7.36521199	3.96740600	5.11490200
7.37021199	3.96740600	6.13422100
7.37521199	3.96740600	6.10980600
7.38021199	3.96740600	4.99893200
7.38521199	3.96740600	4.99893200
7.39021199	3.96740600	6.10980600
7.39521199	3.96740600	6.10980600
7.40021199	3.96740600	4.99893200
7.40521199	3.96740600	4.99893200
7.41021199	3.96740600	6.10980600
7.41521199	3.96740600	6.13422100
7.42021199	3.96740600	5.11490200
7.42521199	3.96740600	4.64491700
7.43021199	3.96740600	4.73647300
7.43521199	3.96740600	4.73647300
7.44021199	3.96740600	4.64491700
7.44521199	3.96740600	5.09048700
7.45021199	3.96740600	6.01825000
7.45521199	3.96740600	6.46382000
7.46021199	3.96740600	6.37226500
7.46521199	3.96740600	6.34785000
7.47021199	3.96740600	6.34785000
7.47521199	3.96740600	6.34785000
7.48021199	3.96740600	6.34785000
7.48521199	3.96740600	6.34785000
7.49021199	3.96740600	6.34785000
7.49521199	3.96740600	6.34785000
7.50021199	3.96740600	6.34785000
7.50521199	3.96740600	6.34785000
7.51021199	3.96740600	6.34785000
7.51521199	3.96740600	6.37226500
7.52021199	3.96740600	6.46382000
7.52521199	3.96740600	6.01825000
7.53021199	3.96740600	5.09048700
7.53521199	3.96740600	4.64491700
7.54021199	3.96740600	4.73647300
7.54521199	3.96740600	4.76088700
7.55021199	3.96740600	4.76088700
7.55521199	3.96740600	4.76088700
7.56021199	3.96740600	4.76088700
7.56521199	3.96740600	4.76088700
7.57021199	3.96740600	4.76088700
7.57521199	3.96740600	4.76088700
7.58021199	3.96740600	4.76088700
7.58521199	3.96740600	4.76088700
7.59021199	3.96740600	4.76088700
7.59521199	3.96740600	4.76088700
7.60021199	3.96740600	4.76088700
7.60521199	3.96740600	4.78530200
7.61021199	3.96740600	4.87685800
7.61521199	3.96740600	4.38245800
7.62021199	3.96740600	3.27158400
7.62521199	3.96740600	3.71715500
7.63021199	3.96740600	5.66423500
7.63521199	3.96740600	6.60420600
7.64021199	3.96740600	6.51265000
7.64521199	3.96740600	6.01825000
7.65021199	3.96740600	5.09048700
7.65521199	3.96740600	4.64491700
7.66021199	3.96740600	4.73647300
7.66521199	3.96740600	4.78530200
7.67021199	3.96740600	4.87685800
7.67521199	3.96740600	4.43128700
7.68021199	3.96740600	3.50352500
7.68521199	3.96740600	3.05795500
7.69021199	3.96740600	3.14951000
7.69521199	3.96740600	3.14951000
7.70021199	3.96740600	3.05795500
7.70521199	3.96740600	3.50352500
7.71021199	3.96740600	4.43128700
7.71521199	3.96740600	4.85244300
7.72021199	3.96740600	4.66933200
7.72521199	3.96740600	5.11490200
7.73021199	3.96740600	6.13422100
7.73521199	3.96740600	6.15863500
7.74021199	3.96740600	5.23087300
7.74521199	3.96740600	4.29090200
7.75021199	3.96740600	3.36314000
7.75521199	3.96740600	3.38755500
7.76021199	3.96740600	4.40687300
7.76521199	3.96740600	4.87685800
7.77021199	3.96740600	4.78530200
7.77521199	3.96740600	4.76088700
7.78021199	3.96740600	4.76088700
7.78521199	3.96740600	4.76088700
7.79021199	3.96740600	4.76088700
7.79521199	3.96740600	4.76088700
7.80021199	3.96740600	4.76088700
7.80521199	3.96740600	4.78530200
7.81021199	3.96740600	4.87685800
7.81521199	3.96740600	4.43128700
7.82021199	3.96740600	3.50352500
7.82521199	3.96740600	3.05795500
7.83021199	3.96740600	3.14951000
7.83521199	3.96740600	3.14951000
7.84021199	3.96740600	3.05795500
7.84521199	3.96740600	3.52794000
7.85021199	3.96740600	4.54725700
7.85521199	3.96740600	4.54725700
7.86021199	3.96740600	3.52794000
7.86521199	3.96740600	3.05795500
7.87021199	3.96740600	3.14951000
7.87521199	3.96740600	3.17392500
7.88021199	3.96740600	3.17392500
7.88521199	3.96740600	3.14951000
7.89021199	3.96740600	3.05795500
7.89521199	3.96740600	3.50352500
7.90021199	3.96740600	4.43128700
7.90521199	3.96740600	4.87685800
7.91021199	3.96740600	4.78530200
7.91521199	3.96740600	4.76088700
7.92021199	3.96740600	4.76088700
7.92521199	3.96740600	4.76088700
7.93021199	3.96740600	4.76088700
7.93521199	3.96740600	4.76088700
7.94021199	3.96740600	4.76088700
7.94521199	3.96740600	4.76088700
7.95021199	3.96740600	4.76088700
7.95521199	3.96740600	4.78530200
7.96021199	3.96740600	4.87685800
7.96521199	3.96740600	4.40687300
7.97021199	3.96740600	3.38755500
7.97521199	3.96740600	3.41196900
7.98021199	3.96740600	4.52284300
7.98521199	3.96740600	4.52284300
7.99021199	3.96740600	3.41196900
7.99521199	3.96740600	3.41196900
8.00021199	3.96740600	4.52284300
8.00521199	3.96740600	4.54725700
8.01021199	3.96740600	3.52794000
8.01521199	3.96740600	3.05795500
8.02021199	3.96740600	3.14951000
8.02521199	3.96740600	3.17392500
8.03021199	3.96740600	3.17392500
8.03521199	3.96740600	3.17392500
8.04021199	3.96740600	3.17392500
8.04521199	3.96740600	3.17392500
8.05021199	3.96740600	3.17392500
8.05521199	3.96740600	3.17392500
8.06021199	3.96740600	3.17392500
8.06521199	3.96740600	3.17392500
8.07021199	3.96740600	3.17392500
8.07521199	3.96740600	3.17392500
8.08021199	3.96740600	3.17392500
8.08521199	3.96740600	3.19834000
8.09021199	3.96740600	3.28989500
8.09521199	3.96740600	2.81991000
8.10021199	3.96740600	1.80059200
8.10521199	3.96740600	1.80059200
8.11021199	3.96740600	2.81991000
8.11521199	3.96740600	3.31431000
8.12021199	3.96740600	3.31431000
8.12521199	3.96740600	2.84432500
8.13021199	3.96740600	1.91656200
8.13521199	3.96740600	1.47099200
8.14021199	3.96740600	1.56254800
8.14521199	3.96740600	1.56254800
8.15021199	3.96740600	1.47099200
8.15521199	3.96740600	1.91656200
8.16021199	3.96740600	2.84432500
8.16521199	3.96740600	3.31431000
8.17021199	3.96740600	3.31431000
8.17521199	3.96740600	2.81991000
8.18021199	3.96740600	1.80059200
8.18521199	3.96740600	1.80059200
8.19021199	3.96740600	2.81991000
8.19521199	3.96740600	3.26548100
8.20021199	3.96740600	3.08237000
8.20521199	3.96740600	3.52794000
8.21021199	3.96740600	4.54725700
8.21521199	3.96740600	4.54725700
8.22021199	3.96740600	3.52794000
8.22521199	3.96740600	3.05795500
8.23021199	3.96740600	3.14951000
8.23521199	3.96740600	3.17392500
8.24021199	3.96740600	3.17392500
8.24521199	3.96740600	3.19834000
8.25021199	3.96740600	3.28989500
8.25521199	3.96740600	2.81991000
8.26021199	3.96740600	1.80059200
8.26521199	3.96740600	1.82500700
8.27021199	3.96740600	2.93588100
8.27521198	3.96740600	2.96029500
8.28021198	3.96740600	1.94097700
8.28521198	3.96740600	1.44657700
8.29021198	3.96740600	1.44657700
8.29521198	3.96740600	1.91656200
8.30021198	3.96740600	2.84432500
8.30521198	3.96740600	3.28989500
8.31021198	3.96740600	3.19834000
8.31521198	3.96740600	3.17392500
8.32021198	3.96740600	3.17392500
8.32521198	3.96740600	3.19834000
8.33021198	3.96740600	3.28989500
8.33521198	3.96740600	2.79549500
8.34021198	3.96740600	1.68462200
8.34521198	3.96740600	2.15460700
8.35021198	3.96740600	4.19324400
8.35521198	3.96740600	4.66322800
8.36021198	3.96740600	3.55235400
8.36521198	4.02844300	3.05795500
8.37021198	4.25733200	3.14951000
8.37521198	3.08236900	3.17392500
8.38021198	0.53407390	3.17392500
8.38521198	0.53407390	3.19834000
8.39021198	3.08236900	3.28989500
8.39521198	4.25733200	2.81991000
8.40021198	4.02844300	1.80059200
8.40521198	3.96740600	1.82500700
8.41021198	3.96740600	2.93588100
8.41521198	3.96740600	2.93588100
8.42021198	3.96740600	1.82500700
8.42521198	3.96740600	1.80059200
8.43021198	3.96740600	2.81991000
8.43521198	4.02844300	3.28989500
8.44021198	4.25733200	3.19834000
8.44521198	3.08236900	3.17392500
8.45021198	0.53407390	3.17392500
8.45521198	0.53407390	3.17392500
8.46021198	3.08236900	3.17392500
8.46521198	4.25733200	3.17392500
8.47021198	4.02844300	3.17392500
8.47521198	3.96740600	3.17392500
8.48021198	3.96740600	3.17392500
8.48521198	3.96740600	3.17392500
8.49021198	3.96740600	3.17392500
8.49521198	3.96740600	3.17392500
8.50021198	3.96740600	3.17392500
8.50521198	4.02844300	3.17392500
8.51021198	4.25733200	3.17392500
8.51521198	3.08236900	3.17392500
8.52021198	0.53407390	3.17392500
8.52521198	0.53407390	3.17392500
8.53021198	3.08236900	3.17392500
8.53521198	4.25733200	3.17392500
8.54021198	4.02844300	3.17392500
8.54521198	3.96740600	3.17392500
8.55021198	3.96740600	3.17392500
8.55521198	3.96740600	3.17392500
8.56021198	3.96740600	3.17392500
8.56521198	4.02844300	3.17392500
8.57021198	4.25733200	3.17392500
8.57521198	3.08236900	3.17392500
8.58021198	0.53407390	3.17392500
8.58521198	0.53407390	3.17392500
8.59021198	3.08236900	3.17392500
8.59521198	4.25733200	3.17392500
8.60021198	4.02844300	3.17392500
8.60521198	4.02844300	3.17392500
8.61021198	4.25733200	3.17392500
8.61521198	3.08236900	3.17392500
8.62021198	0.53407390	3.17392500
8.62521198	0.59511090	3.19834000
8.63021198	3.37229500	3.28989500
8.63521198	3.43333200	2.84432500
8.64021198	0.88503670	1.91656200
8.64521198	-0.28992580	1.47099200
8.65021198	-0.06103702	1.56254800
8.65521198	0.00000000	1.61137700
8.66021198	0.00000000	1.70293300
8.66521198	0.00000000	1.25736300
8.67021198	0.00000000	0.32959990
8.67521198	0.00000000	-0.11597030
8.68021198	0.00000000	-0.02441481
8.68521198	0.00000000	0.00000000
8.69021198	0.00000000	0.00000000
8.69521198	0.00000000	0.00000000
8.70021198	0.00000000	0.00000000
8.70521198	-0.06103702	0.02441481
8.71021198	-0.28992580	0.11597030
8.71521198	0.88503670	-0.35401470
8.72021198	3.43333200	-1.37333300
8.72521198	3.43333200	-1.37333300
8.73021198	0.88503670	-0.35401470
8.73521198	-0.28992580	0.11597030
8.74021198	-0.06103702	0.02441481
8.74521198	0.00000000	0.00000000
8.75021198	0.00000000	0.00000000
8.75521198	0.00000000	0.00000000
8.76021198	0.00000000	0.00000000
8.76521198	0.00000000	0.00000000
8.77021198	0.00000000	0.00000000
8.77521198	0.00000000	-0.02441481
8.78021198	0.00000000	-0.11597030
8.78521198	0.00000000	0.32959990
8.79021198	0.00000000	1.25736300
8.79521198	0.00000000	1.67851800
8.80021198	0.00000000	1.49540700
8.80521198	-0.06103702	1.94097700
8.81021198	-0.28992580	2.96029500
8.81521198	0.88503670	2.96029500
8.82021198	3.43333200	1.94097700
8.82521198	3.37229500	1.47099200
8.83021198	0.59511090	1.56254800
8.83521198	0.59511090	1.58696200
8.84021198	3.37229500	1.58696200
8.84521198	3.43333200	1.58696200
8.85021198	0.88503670	1.58696200
8.85521198	-0.35096280	1.58696200
8.86021198	-0.35096280	1.58696200
8.86521198	0.82399970	1.58696200
8.87021198	3.14340600	1.58696200
8.87521198	4.31836900	1.58696200
8.88021198	4.31836900	1.58696200
8.88521198	3.14340600	1.61137700
8.89021198	0.82399970	1.70293300
8.89521198	-0.28992580	1.23294800
8.90021198	-0.06103702	0.21362960
8.90521198	-0.06103702	0.21362960
8.91021198	-0.28992580	1.23294800
8.91521198	0.88503670	1.72734800
8.92021198	3.43333200	1.72734800
8.92521198	3.37229500	1.25736300
8.93021198	0.59511090	0.32959990
8.93521198	0.59511090	-0.14038510
8.94021198	3.37229500	-0.14038510
8.94521198	3.43333200	0.32959990
8.95021198	0.88503670	1.25736300
8.95521198	-0.28992580	1.70293300
8.96021198	-0.06103702	1.61137700
8.96521198	0.00000000	1.58696200
8.97021198	0.00000000	1.58696200
8.97521198	0.00000000	1.61137700
8.98021198	0.00000000	1.70293300
8.98521198	-0.06103702	1.25736300
8.99021198	-0.28992580	0.32959990
8.99521198	0.88503670	-0.14038510
9.00021198	3.43333200	-0.14038510
9.00521198	3.43333200	0.35401470
9.01021198	0.88503670	1.37333300
9.01521198	-0.28992580	1.34891800
9.02021198	-0.06103702	0.23804440
9.02521198	0.00000000	0.21362960
9.03021198	0.00000000	1.23294800
