Time	Channel A	Channel B
(us)	(V)	(mV)

-2.01007606	-0.00793481	-1.58696200
-1.99007606	-0.00793481	-1.58696200
-1.97007606	-0.00793481	-1.58696200
-1.95007606	-0.00793481	-1.58696200
-1.93007606	-0.00793481	-3.17392500
-1.91007606	-0.00793481	-1.58696200
-1.89007606	-0.00793481	-1.58696200
-1.87007606	-0.00793481	-1.58696200
-1.85007606	-0.00793481	-1.58696200
-1.83007606	-0.00793481	-1.58696200
-1.81007606	-0.00793481	-3.17392500
-1.79007606	0.00000000	-4.76088700
-1.77007606	-0.00793481	-3.17392500
-1.75007606	-0.00793481	-3.17392500
-1.73007606	-0.00793481	-3.17392500
-1.71007606	-0.00793481	-3.17392500
-1.69007606	0.00000000	-4.76088700
-1.67007606	-0.00793481	-4.76088700
-1.65007606	-0.00793481	-4.76088700
-1.63007606	-0.00793481	-6.34785000
-1.61007606	-0.00793481	-4.76088700
-1.59007606	-0.00793481	-4.76088700
-1.57007606	-0.00793481	-1.58696200
-1.55007606	-0.00793481	-3.17392500
-1.53007606	-0.00793481	-3.17392500
-1.51007606	-0.00793481	-1.58696200
-1.49007606	-0.00793481	-3.17392500
-1.47007606	-0.00793481	-3.17392500
-1.45007606	-0.00793481	-4.76088700
-1.43007606	-0.00793481	-4.76088700
-1.41007606	-0.00793481	-4.76088700
-1.39007606	-0.00793481	-4.76088700
-1.37007606	-0.00793481	-4.76088700
-1.35007606	-0.00793481	-7.93481200
-1.33007606	-0.00793481	-4.76088700
-1.31007606	-0.00793481	-4.76088700
-1.29007606	-0.00793481	-3.17392500
-1.27007606	-0.00793481	-3.17392500
-1.25007606	-0.00793481	-3.17392500
-1.23007606	-0.00793481	-1.58696200
-1.21007606	-0.00793481	-1.58696200
-1.19007606	-0.00793481	-1.58696200
-1.17007606	-0.00793481	-1.58696200
-1.15007606	-0.00793481	-3.17392500
-1.13007606	-0.00793481	-3.17392500
-1.11007606	-0.00793481	-1.58696200
-1.09007606	-0.00793481	-1.58696200
-1.07007607	-0.00793481	-1.58696200
-1.05007607	-0.00793481	-1.58696200
-1.03007607	-0.00793481	-1.58696200
-1.01007607	-0.00793481	-1.58696200
-0.99007607	-0.00793481	-1.58696200
-0.97007607	-0.00793481	-1.58696200
-0.95007607	-0.00793481	-1.58696200
-0.93007607	-0.00793481	-3.17392500
-0.91007607	-0.00793481	-3.17392500
-0.89007607	-0.00793481	-3.17392500
-0.87007607	-0.00793481	-4.76088700
-0.85007607	-0.00793481	-4.76088700
-0.83007607	-0.00793481	-4.76088700
-0.81007607	-0.00793481	-4.76088700
-0.79007607	-0.00793481	-3.17392500
-0.77007607	-0.00793481	-4.76088700
-0.75007607	-0.00793481	-3.17392500
-0.73007607	-0.00793481	-1.58696200
-0.71007607	-0.00793481	-1.58696200
-0.69007607	-0.00793481	0.00000000
-0.67007607	-0.00793481	-1.58696200
-0.65007607	-0.00793481	-3.17392500
-0.63007607	-0.00793481	-3.17392500
-0.61007607	-0.00793481	-3.17392500
-0.59007607	-0.00793481	-3.17392500
-0.57007607	-0.00793481	-1.58696200
-0.55007607	-0.00793481	-3.17392500
-0.53007607	-0.00793481	-1.58696200
-0.51007607	-0.00793481	-3.17392500
-0.49007607	-0.00793481	-3.17392500
-0.47007607	-0.00793481	-3.17392500
-0.45007607	-0.00793481	-3.17392500
-0.43007607	-0.00793481	-1.58696200
-0.41007607	-0.00793481	-1.58696200
-0.39007607	-0.00793481	0.00000000
-0.37007607	-0.00793481	-1.58696200
-0.35007607	-0.00793481	-1.58696200
-0.33007607	-0.00793481	-1.58696200
-0.31007607	-0.00793481	-1.58696200
-0.29007607	-0.00793481	-1.58696200
-0.27007607	-0.00793481	-1.58696200
-0.25007607	-0.00793481	-1.58696200
-0.23007607	-0.00793481	-3.17392500
-0.21007607	-0.00793481	-3.17392500
-0.19007607	-0.00793481	-3.17392500
-0.17007607	0.00000000	-6.34785000
-0.15007607	0.00793481	-6.34785000
-0.13007607	0.01586962	-7.93481200
-0.11007607	0.02380444	-7.93481200
-0.09007607	0.03173925	-9.52177400
-0.07007607	0.04760887	-11.10874000
-0.05007607	0.06347850	-11.10874000
-0.03007607	0.07934812	-11.10874000
-0.01007607	0.09521775	-11.10874000
0.00992393	0.10315260	-12.69570000
0.02992393	0.11902220	-11.10874000
0.04992393	0.13489180	-12.69570000
0.06992393	0.14285710	-14.28266000
0.08992393	0.15079200	-12.69570000
0.10992393	0.15079200	-12.69570000
0.12992393	0.15079200	-9.52177400
0.14992393	0.15079200	-9.52177400
0.16992393	0.14285710	-6.34785000
0.18992393	0.14285710	-7.93481200
0.20992393	0.13489180	-6.34785000
0.22992393	0.12695700	-7.93481200
0.24992393	0.12695700	-6.34785000
0.26992393	0.11902220	-7.93481200
0.28992393	0.11902220	-9.52177400
0.30992393	0.11902220	-9.52177400
0.32992393	0.11108740	-9.52177400
0.34992393	0.11108740	-7.93481200
0.36992393	0.11108740	-6.34785000
0.38992393	0.11108740	-6.34785000
0.40992393	0.11108740	-6.34785000
0.42992393	0.11108740	-7.93481200
0.44992393	0.11108740	-6.34785000
0.46992393	0.11108740	-6.34785000
0.48992393	0.10315260	-4.76088700
0.50992393	0.10315260	-4.76088700
0.52992393	0.10315260	-3.17392500
0.54992393	0.10315260	-4.76088700
0.56992392	0.10315260	-6.34785000
0.58992392	0.10315260	-4.76088700
0.60992392	0.09521775	-4.76088700
0.62992392	0.09521775	-4.76088700
0.64992392	0.09521775	-3.17392500
0.66992392	0.09521775	-4.76088700
0.68992392	0.09521775	-4.76088700
0.70992392	0.09521775	-4.76088700
0.72992392	0.09521775	-3.17392500
0.74992392	0.09521775	-4.76088700
0.76992392	0.08728294	-3.17392500
0.78992392	0.08728294	-4.76088700
0.80992392	0.08728294	-1.58696200
0.82992392	0.08728294	-3.17392500
0.84992392	0.08728294	-4.76088700
0.86992392	0.08728294	-4.76088700
0.88992392	0.08728294	-4.76088700
0.90992392	0.08728294	-3.17392500
0.92992392	0.07934812	-4.76088700
0.94992392	0.07934812	-3.17392500
0.96992392	0.07934812	-3.17392500
0.98992392	0.07934812	-3.17392500
1.00992392	0.07934812	-3.17392500
1.02992392	0.07934812	-3.17392500
1.04992392	0.07934812	-3.17392500
1.06992392	0.07934812	-1.58696200
1.08992392	0.07934812	-3.17392500
1.10992392	0.07934812	-3.17392500
1.12992392	0.07141331	-3.17392500
1.14992392	0.07141331	-1.58696200
1.16992392	0.07141331	-3.17392500
1.18992392	0.07141331	-3.17392500
1.20992392	0.07141331	-3.17392500
1.22992392	0.07141331	-4.76088700
1.24992392	0.07141331	-3.17392500
1.26992392	0.07141331	-3.17392500
1.28992392	0.07141331	-1.58696200
1.30992392	0.06347850	-1.58696200
1.32992392	0.06347850	-1.58696200
1.34992392	0.06347850	-1.58696200
1.36992392	0.06347850	-1.58696200
1.38992392	0.06347850	-3.17392500
1.40992392	0.06347850	-3.17392500
1.42992392	0.06347850	-3.17392500
1.44992392	0.06347850	-3.17392500
1.46992392	0.06347850	-3.17392500
1.48992392	0.06347850	-4.76088700
1.50992392	0.05554369	-4.76088700
1.52992392	0.06347850	-3.17392500
1.54992392	0.05554369	-1.58696200
1.56992392	0.05554369	-1.58696200
1.58992392	0.05554369	-3.17392500
1.60992392	0.05554369	-3.17392500
1.62992392	0.05554369	-4.76088700
1.64992392	0.05554369	-4.76088700
1.66992392	0.05554369	-4.76088700
1.68992392	0.05554369	-3.17392500
1.70992392	0.05554369	-3.17392500
1.72992392	0.05554369	-3.17392500
1.74992392	0.05554369	-3.17392500
1.76992392	0.05554369	-4.76088700
1.78992392	0.04760887	-4.76088700
1.80992392	0.05554369	-4.76088700
1.82992392	0.04760887	-3.17392500
1.84992392	0.04760887	-1.58696200
1.86992392	0.04760887	-1.58696200
1.88992392	0.04760887	-1.58696200
1.90992392	0.04760887	-1.58696200
1.92992392	0.04760887	-1.58696200
1.94992392	0.04760887	-3.17392500
1.96992392	0.04760887	-1.58696200
1.98992392	0.04760887	-3.17392500
2.00992392	0.04760887	-1.58696200
2.02992392	0.04760887	-4.76088700
2.04992392	0.04760887	-4.76088700
2.06992392	0.04760887	-4.76088700
2.08992392	0.03967406	-4.76088700
2.10992392	0.03967406	-3.17392500
2.12992392	0.03967406	-3.17392500
2.14992392	0.03967406	-3.17392500
2.16992392	0.03967406	-4.76088700
2.18992392	0.03967406	-3.17392500
2.20992391	0.03967406	-4.76088700
2.22992391	0.03967406	-4.76088700
2.24992391	0.03967406	-4.76088700
2.26992391	0.03967406	-4.76088700
2.28992391	0.03967406	-4.76088700
2.30992391	0.03967406	-3.17392500
2.32992391	0.03967406	-3.17392500
2.34992391	0.03967406	-4.76088700
2.36992391	0.03967406	-3.17392500
2.38992391	0.03967406	-1.58696200
2.40992391	0.03967406	-3.17392500
2.42992391	0.03967406	-4.76088700
2.44992391	0.03173925	-4.76088700
2.46992391	0.03173925	-3.17392500
2.48992391	0.03173925	-3.17392500
2.50992391	0.03173925	-1.58696200
2.52992391	0.03173925	-1.58696200
2.54992391	0.03173925	-3.17392500
2.56992391	0.03173925	-3.17392500
2.58992391	0.03173925	-4.76088700
2.60992391	0.03173925	-4.76088700
2.62992391	0.03173925	-4.76088700
2.64992391	0.03173925	-3.17392500
2.66992391	0.03173925	-4.76088700
2.68992391	0.03173925	-4.76088700
2.70992391	0.03173925	-3.17392500
2.72992391	0.03173925	-3.17392500
2.74992391	0.03173925	-1.58696200
2.76992391	0.03173925	-1.58696200
2.78992391	0.03173925	-3.17392500
2.80992391	0.03173925	-3.17392500
2.82992391	0.02380444	-4.76088700
2.84992391	0.02380444	-4.76088700
2.86992391	0.02380444	-6.34785000
2.88992391	0.02380444	-6.34785000
2.90992391	0.02380444	-4.76088700
2.92992391	0.02380444	-4.76088700
2.94992391	0.02380444	-6.34785000
2.96992391	0.02380444	-4.76088700
2.98992391	0.02380444	-4.76088700
3.00992391	0.02380444	-3.17392500
3.02992391	0.02380444	-3.17392500
3.04992391	0.02380444	-1.58696200
3.06992391	0.02380444	-1.58696200
3.08992391	0.02380444	-1.58696200
3.10992391	0.02380444	-3.17392500
3.12992391	0.02380444	-3.17392500
3.14992391	0.02380444	-4.76088700
3.16992391	0.02380444	-3.17392500
3.18992391	0.02380444	-3.17392500
3.20992391	0.02380444	-3.17392500
3.22992391	0.02380444	-4.76088700
3.24992391	0.02380444	-4.76088700
3.26992391	0.02380444	-4.76088700
3.28992391	0.02380444	-3.17392500
3.30992391	0.02380444	-1.58696200
3.32992391	0.02380444	-1.58696200
3.34992391	0.02380444	-1.58696200
3.36992391	0.02380444	-3.17392500
3.38992391	0.02380444	-3.17392500
3.40992391	0.01586962	-1.58696200
3.42992391	0.01586962	-4.76088700
3.44992391	0.02380444	-4.76088700
3.46992391	0.01586962	-3.17392500
3.48992391	0.01586962	-4.76088700
3.50992391	0.01586962	-3.17392500
3.52992391	0.01586962	-3.17392500
3.54992391	0.01586962	-1.58696200
3.56992391	0.01586962	-1.58696200
3.58992391	0.01586962	-1.58696200
3.60992391	0.01586962	-1.58696200
3.62992391	0.01586962	-1.58696200
3.64992391	0.01586962	-1.58696200
3.66992391	0.01586962	-3.17392500
3.68992391	0.01586962	-1.58696200
3.70992391	0.01586962	-1.58696200
3.72992391	0.01586962	-3.17392500
3.74992391	0.01586962	-3.17392500
3.76992391	0.01586962	-3.17392500
3.78992391	0.01586962	-3.17392500
3.80992391	0.01586962	-3.17392500
3.82992391	0.01586962	-1.58696200
3.84992391	0.01586962	-3.17392500
3.86992390	0.01586962	-3.17392500
3.88992390	0.01586962	-4.76088700
3.90992390	0.01586962	-3.17392500
3.92992390	0.01586962	-3.17392500
3.94992390	0.01586962	-4.76088700
3.96992390	0.01586962	-3.17392500
3.98992390	0.01586962	-4.76088700
4.00992390	0.01586962	-4.76088700
4.02992390	0.01586962	-4.76088700
4.04992390	0.01586962	-6.34785000
4.06992390	0.01586962	-6.34785000
4.08992390	0.01586962	-4.76088700
4.10992390	0.01586962	-4.76088700
4.12992390	0.00793481	-3.17392500
4.14992390	0.01586962	-3.17392500
4.16992390	0.00793481	-3.17392500
4.18992390	0.00793481	-3.17392500
4.20992390	0.00793481	-3.17392500
4.22992390	0.00793481	-4.76088700
4.24992390	0.00793481	-4.76088700
4.26992390	0.00793481	-6.34785000
4.28992390	0.00793481	-6.34785000
4.30992390	0.00793481	-6.34785000
4.32992390	0.00793481	-6.34785000
4.34992390	0.00793481	-4.76088700
4.36992390	0.00793481	-4.76088700
4.38992390	0.00793481	-4.76088700
4.40992390	0.00793481	-3.17392500
4.42992390	0.00793481	-4.76088700
4.44992390	0.00793481	-3.17392500
4.46992390	0.00793481	-3.17392500
4.48992390	0.00793481	-3.17392500
4.50992390	0.00793481	-3.17392500
4.52992390	0.00793481	-1.58696200
4.54992390	0.00793481	-3.17392500
4.56992390	0.00793481	-4.76088700
4.58992390	0.00793481	-3.17392500
4.60992390	0.00793481	-4.76088700
4.62992390	0.00793481	-3.17392500
4.64992390	0.00793481	-4.76088700
4.66992390	0.00793481	-4.76088700
4.68992390	0.00793481	-4.76088700
4.70992390	0.00793481	-4.76088700
4.72992390	0.00793481	-4.76088700
4.74992390	0.00793481	-3.17392500
4.76992390	0.00793481	-3.17392500
4.78992390	0.00793481	-3.17392500
4.80992390	0.00793481	-3.17392500
4.82992390	0.00793481	-3.17392500
4.84992390	0.00793481	-3.17392500
4.86992390	0.00793481	-4.76088700
4.88992390	0.00793481	-3.17392500
4.90992390	0.00793481	-4.76088700
4.92992390	0.00793481	-3.17392500
4.94992390	0.00793481	-1.58696200
4.96992390	0.00793481	-3.17392500
4.98992390	0.00793481	-1.58696200
5.00992390	0.00793481	-1.58696200
5.02992390	0.00793481	-1.58696200
5.04992390	0.00793481	-1.58696200
5.06992390	0.00793481	-3.17392500
5.08992390	0.00793481	-3.17392500
5.10992390	0.00793481	-4.76088700
5.12992390	0.00793481	-3.17392500
5.14992390	0.00793481	-3.17392500
5.16992390	0.00793481	-1.58696200
5.18992390	0.00793481	-3.17392500
5.20992390	0.00793481	-3.17392500
5.22992390	0.00793481	-3.17392500
5.24992390	0.00793481	-1.58696200
5.26992390	0.00793481	-3.17392500
5.28992390	0.00793481	-3.17392500
5.30992390	0.00793481	-1.58696200
5.32992390	0.00793481	-3.17392500
5.34992390	0.00793481	-4.76088700
5.36992390	0.00000000	-4.76088700
5.38992390	0.00793481	-3.17392500
5.40992390	0.00793481	-1.58696200
5.42992390	0.00793481	-4.76088700
5.44992390	0.00000000	-4.76088700
5.46992390	0.00000000	-4.76088700
5.48992390	0.00000000	-4.76088700
5.50992389	0.00793481	-4.76088700
5.52992389	0.00000000	-4.76088700
5.54992389	0.00793481	-4.76088700
5.56992389	0.00000000	-4.76088700
5.58992389	0.00793481	-4.76088700
5.60992389	0.00000000	-4.76088700
5.62992389	0.00000000	-3.17392500
5.64992389	0.00000000	-4.76088700
5.66992389	0.00000000	-3.17392500
5.68992389	0.00000000	-4.76088700
5.70992389	0.00000000	-4.76088700
5.72992389	0.00000000	-3.17392500
5.74992389	0.00000000	-3.17392500
5.76992389	0.00000000	-3.17392500
5.78992389	0.00000000	-4.76088700
5.80992389	0.00000000	-3.17392500
5.82992389	0.00000000	-1.58696200
5.84992389	0.00000000	-1.58696200
5.86992389	0.00000000	-3.17392500
5.88992389	0.00000000	-3.17392500
5.90992389	0.00000000	-3.17392500
5.92992389	0.00000000	-4.76088700
5.94992389	0.00000000	-3.17392500
5.96992389	0.00000000	-3.17392500
5.98992389	0.00000000	-3.17392500
6.00992389	0.00000000	-3.17392500
6.02992389	0.00000000	-4.76088700
6.04992389	0.00000000	-3.17392500
6.06992389	0.00000000	-3.17392500
6.08992389	0.00000000	-3.17392500
6.10992389	0.00000000	-3.17392500
6.12992389	0.00000000	-4.76088700
6.14992389	0.00000000	-3.17392500
6.16992389	0.00000000	-1.58696200
6.18992389	0.00000000	0.00000000
6.20992389	0.00000000	-1.58696200
6.22992389	0.00000000	-1.58696200
6.24992389	0.00000000	-1.58696200
6.26992389	0.00000000	-3.17392500
6.28992389	0.00000000	-3.17392500
6.30992389	0.00000000	-4.76088700
6.32992389	0.00000000	-4.76088700
6.34992389	0.00000000	-3.17392500
6.36992389	0.00000000	-1.58696200
6.38992389	0.00000000	-1.58696200
6.40992389	0.00000000	-1.58696200
6.42992389	0.00000000	-1.58696200
6.44992389	0.00000000	-1.58696200
6.46992389	0.00000000	-1.58696200
6.48992389	0.00000000	-1.58696200
6.50992389	0.00000000	-1.58696200
6.52992389	0.00000000	-3.17392500
6.54992389	0.00000000	-3.17392500
6.56992389	0.00000000	-3.17392500
6.58992389	0.00000000	-4.76088700
6.60992389	0.00000000	-3.17392500
6.62992389	0.00000000	-4.76088700
6.64992389	0.00000000	-1.58696200
6.66992389	0.00000000	-1.58696200
6.68992389	0.00000000	-3.17392500
6.70992389	0.00000000	-1.58696200
6.72992389	0.00000000	-3.17392500
6.74992389	0.00000000	-1.58696200
6.76992389	0.00000000	0.00000000
6.78992389	0.00000000	-1.58696200
6.80992389	0.00000000	-1.58696200
6.82992389	0.00000000	-1.58696200
6.84992389	0.00000000	-1.58696200
6.86992389	0.00000000	-3.17392500
6.88992389	0.00000000	-3.17392500
6.90992389	0.00000000	-1.58696200
6.92992389	0.00000000	-1.58696200
6.94992389	0.00000000	-3.17392500
6.96992389	0.00000000	-3.17392500
6.98992389	0.00000000	-3.17392500
7.00992389	0.00000000	-3.17392500
7.02992389	0.00000000	-1.58696200
7.04992389	0.00000000	-1.58696200
7.06992389	0.00000000	-1.58696200
7.08992389	0.00000000	-3.17392500
7.10992389	0.00000000	-3.17392500
7.12992389	0.00000000	-1.58696200
7.14992388	0.00000000	-1.58696200
7.16992388	0.00000000	-3.17392500
7.18992388	0.00000000	-1.58696200
7.20992388	0.00000000	-3.17392500
7.22992388	0.00000000	-3.17392500
7.24992388	0.00000000	-3.17392500
7.26992388	0.00000000	-3.17392500
7.28992388	0.00000000	-3.17392500
7.30992388	0.00000000	-3.17392500
7.32992388	0.00000000	-4.76088700
7.34992388	0.00000000	-4.76088700
7.36992388	0.00000000	-3.17392500
7.38992388	0.00000000	-3.17392500
7.40992388	0.00000000	-1.58696200
7.42992388	0.00000000	-3.17392500
7.44992388	0.00000000	-1.58696200
7.46992388	0.00000000	-3.17392500
7.48992388	0.00000000	-3.17392500
7.50992388	0.00000000	-3.17392500
7.52992388	0.00000000	-3.17392500
7.54992388	0.00000000	-1.58696200
7.56992388	0.00000000	-3.17392500
7.58992388	0.00000000	-3.17392500
7.60992388	0.00000000	-1.58696200
7.62992388	0.00000000	-1.58696200
7.64992388	0.00000000	-1.58696200
7.66992388	0.00000000	-3.17392500
7.68992388	0.00000000	-1.58696200
7.70992388	0.00000000	-3.17392500
7.72992388	0.00000000	-3.17392500
7.74992388	0.00000000	-3.17392500
7.76992388	0.00000000	-3.17392500
7.78992388	0.00000000	-1.58696200
7.80992388	0.00000000	-1.58696200
7.82992388	0.00000000	-1.58696200
7.84992388	0.00000000	0.00000000
7.86992388	0.00000000	0.00000000
7.88992388	0.00000000	-1.58696200
7.90992388	0.00000000	0.00000000
7.92992388	0.00000000	-1.58696200
7.94992388	0.00000000	0.00000000
7.96992388	0.00000000	-1.58696200
7.98992388	0.00000000	-1.58696200
8.00992388	0.00000000	-1.58696200
8.02992388	0.00000000	-3.17392500
8.04992388	0.00000000	-3.17392500
8.06992388	0.00000000	-3.17392500
8.08992388	0.00000000	-1.58696200
8.10992388	0.00000000	-1.58696200
8.12992388	0.00000000	-1.58696200
8.14992388	0.00000000	-1.58696200
8.16992388	0.00000000	-1.58696200
8.18992388	0.00000000	-1.58696200
8.20992388	0.00000000	-1.58696200
8.22992388	0.00000000	-1.58696200
8.24992388	0.00000000	-1.58696200
8.26992388	0.00000000	-3.17392500
8.28992388	0.00000000	-3.17392500
8.30992388	0.00000000	-4.76088700
8.32992388	0.00000000	-4.76088700
8.34992388	0.00000000	-4.76088700
8.36992388	0.00000000	-3.17392500
8.38992388	0.00000000	-1.58696200
8.40992388	0.00000000	-1.58696200
8.42992388	0.00000000	-1.58696200
8.44992388	0.00000000	-1.58696200
8.46992388	0.00000000	-1.58696200
8.48992388	0.00000000	-1.58696200
8.50992388	0.00000000	-1.58696200
8.52992388	0.00000000	-1.58696200
8.54992388	0.00000000	-1.58696200
8.56992388	0.00000000	-1.58696200
8.58992388	0.00000000	-1.58696200
8.60992388	0.00000000	-1.58696200
8.62992388	0.00000000	-1.58696200
8.64992388	0.00000000	-1.58696200
8.66992388	0.00000000	-1.58696200
8.68992388	0.00000000	-1.58696200
8.70992388	0.00000000	-1.58696200
8.72992388	0.00000000	-1.58696200
8.74992388	0.00000000	-1.58696200
8.76992388	0.00000000	0.00000000
8.78992387	0.00000000	-1.58696200
8.80992387	0.00000000	-1.58696200
8.82992387	0.00000000	-3.17392500
8.84992387	0.00000000	0.00000000
8.86992387	0.00000000	-1.58696200
8.88992387	0.00000000	0.00000000
8.90992387	0.00000000	-1.58696200
8.92992387	0.00000000	-1.58696200
8.94992387	0.00000000	0.00000000
8.96992387	0.00000000	-1.58696200
8.98992387	0.00000000	0.00000000
9.00992387	0.00000000	-1.58696200
9.02992387	0.00000000	-1.58696200
9.04992387	0.00000000	-1.58696200
9.06992387	0.00000000	-1.58696200
9.08992387	0.00000000	-1.58696200
9.10992387	0.00000000	-3.17392500
9.12992387	0.00000000	-3.17392500
9.14992387	0.00000000	-3.17392500
9.16992387	0.00000000	-3.17392500
9.18992387	0.00000000	-3.17392500
9.20992387	0.00000000	-3.17392500
9.22992387	0.00000000	-3.17392500
9.24992387	0.00000000	-3.17392500
9.26992387	0.00000000	-3.17392500
9.28992387	0.00000000	-3.17392500
9.30992387	0.00000000	-1.58696200
9.32992387	0.00000000	-3.17392500
9.34992387	0.00000000	-1.58696200
9.36992387	0.00000000	-3.17392500
9.38992387	0.00000000	-3.17392500
9.40992387	0.00000000	-3.17392500
9.42992387	0.00000000	-1.58696200
9.44992387	0.00000000	0.00000000
9.46992387	0.00000000	-1.58696200
9.48992387	0.00000000	-1.58696200
9.50992387	0.00000000	-3.17392500
9.52992387	0.00000000	-1.58696200
9.54992387	0.00000000	-1.58696200
9.56992387	0.00000000	0.00000000
9.58992387	0.00000000	-1.58696200
9.60992387	0.00000000	-1.58696200
9.62992387	0.00000000	0.00000000
9.64992387	0.00000000	-1.58696200
9.66992387	0.00000000	-1.58696200
9.68992387	0.00000000	-1.58696200
9.70992387	0.00000000	-1.58696200
9.72992387	0.00000000	-1.58696200
9.74992387	0.00000000	-3.17392500
9.76992387	0.00000000	-3.17392500
9.78992387	0.00000000	-3.17392500
9.80992387	0.00000000	-1.58696200
9.82992387	0.00000000	-1.58696200
9.84992387	0.00000000	0.00000000
9.86992387	0.00000000	0.00000000
9.88992387	0.00000000	-1.58696200
9.90992387	0.00000000	-1.58696200
9.92992387	0.00000000	0.00000000
9.94992387	0.00000000	-1.58696200
9.96992387	0.00000000	-1.58696200
9.98992387	0.00000000	-1.58696200
10.00992387	0.00000000	-1.58696200
10.02992387	0.00000000	-1.58696200
10.04992387	0.00000000	-1.58696200
10.06992387	0.00000000	-1.58696200
10.08992387	0.00000000	0.00000000
10.10992387	0.00000000	0.00000000
10.12992387	0.00000000	-1.58696200
10.14992387	0.00000000	-1.58696200
10.16992387	0.00000000	-1.58696200
10.18992387	0.00000000	0.00000000
10.20992387	0.00000000	-1.58696200
10.22992387	0.00000000	-1.58696200
10.24992387	0.00000000	0.00000000
10.26992387	0.00000000	-1.58696200
10.28992387	0.00000000	-1.58696200
10.30992387	0.00000000	-1.58696200
10.32992387	0.00000000	-1.58696200
10.34992387	0.00000000	0.00000000
10.36992387	0.00000000	-1.58696200
10.38992387	0.00000000	0.00000000
10.40992387	0.00000000	-1.58696200
10.42992387	0.00000000	-3.17392500
10.44992386	0.00000000	0.00000000
10.46992386	0.00000000	0.00000000
10.48992386	0.00000000	-1.58696200
10.50992386	0.00000000	-1.58696200
10.52992386	0.00000000	1.58696200
10.54992386	0.00000000	-1.58696200
10.56992386	0.00000000	0.00000000
10.58992386	0.00000000	-1.58696200
10.60992386	0.00000000	-1.58696200
10.62992386	0.00000000	-1.58696200
10.64992386	0.00000000	0.00000000
10.66992386	0.00000000	-1.58696200
10.68992386	0.00000000	0.00000000
10.70992386	0.00000000	0.00000000
10.72992386	0.00000000	0.00000000
10.74992386	0.00000000	0.00000000
10.76992386	0.00000000	-1.58696200
10.78992386	0.00000000	0.00000000
10.80992386	0.00000000	0.00000000
10.82992386	0.00000000	-1.58696200
10.84992386	0.00000000	0.00000000
10.86992386	0.00000000	0.00000000
10.88992386	0.00000000	-1.58696200
10.90992386	0.00000000	0.00000000
10.92992386	0.00000000	0.00000000
10.94992386	0.00000000	0.00000000
10.96992386	0.00000000	0.00000000
10.98992386	0.00000000	0.00000000
11.00992386	0.00000000	0.00000000
11.02992386	0.00000000	0.00000000
11.04992386	0.00000000	0.00000000
11.06992386	0.00000000	-1.58696200
11.08992386	0.00000000	-1.58696200
11.10992386	0.00000000	-1.58696200
11.12992386	0.00000000	-1.58696200
11.14992386	0.00000000	-1.58696200
11.16992386	0.00000000	-1.58696200
11.18992386	0.00000000	-1.58696200
11.20992386	0.00000000	-1.58696200
11.22992386	0.00000000	-1.58696200
11.24992386	0.00000000	-3.17392500
11.26992386	0.00000000	-1.58696200
11.28992386	0.00000000	0.00000000
11.30992386	0.00000000	0.00000000
11.32992386	0.00000000	0.00000000
11.34992386	0.00000000	0.00000000
11.36992386	0.00000000	-1.58696200
11.38992386	0.00000000	-3.17392500
11.40992386	0.00000000	-1.58696200
11.42992386	0.00000000	0.00000000
11.44992386	0.00000000	-1.58696200
11.46992386	0.00000000	-1.58696200
11.48992386	0.00000000	-1.58696200
11.50992386	0.00000000	0.00000000
11.52992386	0.00000000	-1.58696200
11.54992386	0.00000000	-1.58696200
11.56992386	0.00000000	0.00000000
11.58992386	0.00000000	0.00000000
11.60992386	0.00000000	-1.58696200
11.62992386	0.00000000	0.00000000
11.64992386	0.00000000	0.00000000
11.66992386	0.00000000	0.00000000
11.68992386	0.00000000	0.00000000
11.70992386	0.00000000	0.00000000
11.72992386	0.00000000	0.00000000
11.74992386	0.00000000	0.00000000
11.76992386	0.00000000	-1.58696200
11.78992386	0.00000000	-1.58696200
11.80992386	0.00000000	-1.58696200
11.82992386	0.00000000	-1.58696200
11.84992386	0.00000000	-1.58696200
11.86992386	0.00000000	-1.58696200
11.88992386	0.00000000	-1.58696200
11.90992386	0.00000000	0.00000000
11.92992386	0.00000000	0.00000000
11.94992386	0.00000000	0.00000000
11.96992386	0.00000000	-1.58696200
11.98992386	0.00000000	0.00000000
12.00992386	0.00000000	-1.58696200
12.02992386	0.00000000	-1.58696200
12.04992386	0.00000000	-1.58696200
12.06992386	0.00000000	-1.58696200
12.08992385	0.00000000	-1.58696200
12.10992385	0.00000000	0.00000000
12.12992385	0.00000000	0.00000000
12.14992385	0.00000000	0.00000000
12.16992385	0.00000000	0.00000000
12.18992385	0.00000000	0.00000000
12.20992385	0.00000000	0.00000000
12.22992385	0.00000000	-1.58696200
12.24992385	0.00000000	0.00000000
12.26992385	0.00000000	-1.58696200
12.28992385	0.00000000	-1.58696200
12.30992385	0.00000000	-1.58696200
12.32992385	0.00000000	0.00000000
12.34992385	0.00000000	0.00000000
12.36992385	0.00000000	0.00000000
12.38992385	0.00000000	-1.58696200
12.40992385	0.00000000	-1.58696200
12.42992385	0.00000000	0.00000000
12.44992385	0.00000000	0.00000000
12.46992385	0.00000000	0.00000000
12.48992385	0.00000000	0.00000000
12.50992385	0.00000000	0.00000000
12.52992385	0.00000000	-1.58696200
12.54992385	0.00000000	-1.58696200
12.56992385	0.00000000	-1.58696200
12.58992385	0.00000000	-1.58696200
12.60992385	0.00000000	0.00000000
12.62992385	0.00000000	0.00000000
12.64992385	0.00000000	0.00000000
12.66992385	0.00000000	-1.58696200
12.68992385	0.00000000	-1.58696200
12.70992385	0.00000000	0.00000000
12.72992385	0.00000000	0.00000000
12.74992385	0.00000000	0.00000000
12.76992385	0.00000000	0.00000000
12.78992385	0.00000000	0.00000000
12.80992385	0.00000000	0.00000000
12.82992385	0.00000000	0.00000000
12.84992385	0.00000000	-1.58696200
12.86992385	0.00000000	0.00000000
12.88992385	0.00000000	0.00000000
12.90992385	0.00000000	0.00000000
12.92992385	0.00000000	1.58696200
12.94992385	0.00000000	0.00000000
12.96992385	0.00000000	1.58696200
12.98992385	0.00000000	0.00000000
13.00992385	0.00000000	1.58696200
13.02992385	0.00000000	0.00000000
13.04992385	0.00000000	0.00000000
13.06992385	0.00000000	0.00000000
13.08992385	0.00000000	0.00000000
13.10992385	0.00000000	0.00000000
13.12992385	0.00000000	0.00000000
13.14992385	0.00000000	0.00000000
13.16992385	0.00000000	-1.58696200
13.18992385	0.00000000	0.00000000
13.20992385	0.00000000	0.00000000
13.22992385	0.00000000	-1.58696200
13.24992385	0.00000000	0.00000000
13.26992385	0.00000000	-1.58696200
13.28992385	0.00000000	0.00000000
13.30992385	0.00000000	0.00000000
13.32992385	0.00000000	0.00000000
13.34992385	0.00000000	0.00000000
13.36992385	0.00000000	0.00000000
13.38992385	0.00000000	3.17392500
13.40992385	0.00000000	4.76088700
13.42992385	0.00000000	4.76088700
13.44992385	0.00000000	7.93481200
13.46992385	0.00000000	12.69570000
13.48992385	0.00000000	20.63051000
13.50992385	0.00000000	30.15839000
13.52992385	0.00000000	39.68016000
13.54992385	0.00000000	49.20194000
13.56992385	0.00000000	58.72982000
13.58992385	0.00000000	65.07767000
13.60992385	0.00000000	69.83855000
13.62992385	0.00000000	69.83855000
13.64992385	0.00000000	69.83855000
13.66992385	0.00000000	71.42551000
13.68992385	0.00000000	69.83855000
13.70992385	0.00000000	68.25159000
13.72992384	0.00000000	66.66463000
13.74992384	0.00000000	63.49071000
13.76992384	0.00000000	60.31678000
13.78992384	0.00000000	58.72982000
13.80992384	0.00000000	57.14286000
13.82992384	0.00000000	52.37587000
13.84992384	0.00000000	50.78890000
13.86992384	0.00000000	46.02802000
13.88992384	0.00000000	42.85409000
13.90992384	0.00000000	39.68016000
13.92992384	0.00000000	38.09320000
13.94992384	0.00000000	34.91928000
13.96992384	0.00000000	33.33232000
13.98992384	0.00000000	28.57143000
14.00992384	0.00000000	25.39140000
14.02992384	0.00000000	23.80444000
14.04992384	0.00000000	23.80444000
14.06992384	0.00000000	22.21748000
14.08992384	0.00000000	22.21748000
14.10992384	0.00000000	22.21748000
14.12992384	0.00000000	20.63051000
14.14992384	0.00000000	19.04355000
14.16992384	0.00000000	17.45659000
14.18992384	0.00000000	17.45659000
14.20992384	0.00000000	15.86962000
14.22992384	0.00000000	15.86962000
14.24992384	0.00000000	14.28266000
14.26992384	0.00000000	11.10874000
14.28992384	0.00000000	12.69570000
14.30992384	0.00000000	11.10874000
14.32992384	0.00000000	11.10874000
14.34992384	0.00000000	11.10874000
14.36992384	0.00000000	11.10874000
14.38992384	0.00000000	11.10874000
14.40992384	0.00000000	11.10874000
14.42992384	0.00000000	11.10874000
14.44992384	0.00000000	11.10874000
14.46992384	0.00000000	11.10874000
14.48992384	0.00000000	11.10874000
14.50992384	0.00000000	9.52177400
14.52992384	0.00000000	9.52177400
14.54992384	0.00000000	9.52177400
14.56992384	0.00000000	9.52177400
14.58992384	0.00000000	7.93481200
14.60992384	0.00000000	7.93481200
14.62992384	0.00000000	7.93481200
14.64992384	0.00000000	7.93481200
14.66992384	0.00000000	9.52177400
14.68992384	0.00000000	7.93481200
14.70992384	0.00000000	7.93481200
14.72992384	0.00000000	7.93481200
14.74992384	0.00000000	7.93481200
14.76992384	0.00000000	7.93481200
14.78992384	0.00000000	7.93481200
14.80992384	0.00000000	7.93481200
14.82992384	0.00000000	6.34785000
14.84992384	0.00000000	6.34785000
14.86992384	0.00000000	4.76088700
14.88992384	0.00000000	4.76088700
14.90992384	0.00000000	4.76088700
14.92992384	0.00000000	6.34785000
14.94992384	0.00000000	6.34785000
14.96992384	0.00000000	7.93481200
14.98992384	0.00000000	6.34785000
15.00992384	0.00000000	7.93481200
15.02992384	0.00000000	7.93481200
15.04992384	0.00000000	7.93481200
15.06992384	0.00000000	6.34785000
15.08992384	0.00000000	6.34785000
15.10992384	0.00000000	7.93481200
15.12992384	0.00000000	7.93481200
15.14992384	0.00000000	7.93481200
15.16992384	0.00000000	7.93481200
15.18992384	0.00000000	7.93481200
15.20992384	0.00000000	4.76088700
15.22992384	0.00000000	4.76088700
15.24992384	0.00000000	3.17392500
15.26992384	0.00000000	4.76088700
15.28992384	0.00000000	4.76088700
15.30992384	0.00000000	4.76088700
15.32992384	0.00000000	6.34785000
15.34992384	0.00000000	6.34785000
15.36992383	0.00000000	4.76088700
15.38992383	0.00000000	4.76088700
15.40992383	0.00000000	4.76088700
15.42992383	0.00000000	6.34785000
15.44992383	0.00000000	6.34785000
15.46992383	0.00000000	6.34785000
15.48992383	0.00000000	6.34785000
15.50992383	0.00000000	4.76088700
15.52992383	0.00000000	4.76088700
15.54992383	0.00000000	4.76088700
15.56992383	0.00000000	4.76088700
15.58992383	0.00000000	6.34785000
15.60992383	0.00000000	6.34785000
15.62992383	0.00000000	4.76088700
15.64992383	0.00000000	6.34785000
15.66992383	0.00000000	4.76088700
15.68992383	0.00000000	4.76088700
15.70992383	0.00000000	4.76088700
15.72992383	0.00000000	4.76088700
15.74992383	0.00000000	4.76088700
15.76992383	0.00000000	4.76088700
15.78992383	0.00000000	4.76088700
15.80992383	0.00000000	6.34785000
15.82992383	0.00000000	4.76088700
15.84992383	0.00000000	4.76088700
15.86992383	0.00000000	4.76088700
15.88992383	0.00000000	3.17392500
15.90992383	0.00000000	4.76088700
15.92992383	0.00000000	3.17392500
15.94992383	0.00000000	3.17392500
15.96992383	0.00000000	3.17392500
15.98992383	0.00000000	3.17392500
16.00992383	0.00000000	3.17392500
16.02992383	0.00000000	3.17392500
16.04992383	0.00000000	3.17392500
16.06992383	0.00000000	4.76088700
16.08992383	0.00000000	4.76088700
16.10992383	0.00000000	4.76088700
16.12992383	0.00000000	4.76088700
16.14992383	0.00000000	4.76088700
16.16992383	0.00000000	4.76088700
16.18992383	0.00000000	4.76088700
16.20992383	0.00000000	4.76088700
16.22992383	0.00000000	4.76088700
16.24992383	0.00000000	3.17392500
16.26992383	0.00000000	3.17392500
16.28992383	0.00000000	1.58696200
16.30992383	0.00000000	1.58696200
16.32992383	0.00000000	3.17392500
16.34992383	0.00000000	1.58696200
16.36992383	0.00000000	3.17392500
16.38992383	0.00000000	3.17392500
16.40992383	0.00000000	4.76088700
16.42992383	0.00000000	4.76088700
16.44992383	0.00000000	4.76088700
16.46992383	0.00000000	3.17392500
16.48992383	0.00000000	4.76088700
16.50992383	0.00000000	4.76088700
16.52992383	0.00000000	3.17392500
16.54992383	0.00000000	3.17392500
16.56992383	0.00000000	3.17392500
16.58992383	0.00000000	1.58696200
16.60992383	0.00000000	3.17392500
16.62992383	0.00000000	4.76088700
16.64992383	0.00000000	6.34785000
16.66992383	0.00000000	4.76088700
16.68992383	0.00000000	6.34785000
16.70992383	0.00000000	4.76088700
16.72992383	0.00000000	4.76088700
16.74992383	0.00000000	1.58696200
16.76992383	0.00000000	3.17392500
16.78992383	0.00000000	4.76088700
16.80992383	0.00000000	3.17392500
16.82992383	0.00000000	3.17392500
16.84992383	0.00000000	3.17392500
16.86992383	0.00000000	3.17392500
16.88992383	0.00000000	3.17392500
16.90992383	0.00000000	3.17392500
16.92992383	0.00000000	4.76088700
16.94992383	0.00000000	4.76088700
16.96992383	0.00000000	4.76088700
16.98992383	0.00000000	6.34785000
17.00992383	0.00000000	4.76088700
17.02992382	0.00000000	4.76088700
17.04992382	0.00000000	4.76088700
17.06992382	0.00000000	4.76088700
17.08992382	0.00000000	3.17392500
17.10992382	0.00000000	3.17392500
17.12992382	0.00000000	3.17392500
17.14992382	0.00000000	1.58696200
17.16992382	0.00000000	3.17392500
17.18992382	0.00000000	1.58696200
17.20992382	0.00000000	3.17392500
17.22992382	0.00000000	3.17392500
17.24992382	0.00000000	3.17392500
17.26992382	0.00000000	3.17392500
17.28992382	0.00000000	3.17392500
17.30992382	0.00000000	3.17392500
17.32992382	0.00000000	4.76088700
17.34992382	0.00000000	3.17392500
17.36992382	0.00000000	3.17392500
17.38992382	0.00000000	3.17392500
17.40992382	0.00000000	4.76088700
17.42992382	0.00000000	4.76088700
17.44992382	0.00000000	4.76088700
17.46992382	0.00000000	3.17392500
17.48992382	0.00000000	3.17392500
17.50992382	0.00000000	3.17392500
17.52992382	0.00000000	4.76088700
17.54992382	0.00000000	4.76088700
17.56992382	0.00000000	4.76088700
17.58992382	0.00000000	4.76088700
17.60992382	0.00000000	4.76088700
17.62992382	0.00000000	3.17392500
17.64992382	0.00000000	3.17392500
17.66992382	0.00000000	1.58696200
17.68992382	0.00000000	1.58696200
17.70992382	0.00000000	1.58696200
17.72992382	0.00000000	1.58696200
17.74992382	0.00000000	1.58696200
17.76992382	0.00000000	1.58696200
17.78992382	0.00000000	1.58696200
17.80992382	0.00000000	3.17392500
17.82992382	0.00000000	3.17392500
17.84992382	0.00000000	3.17392500
17.86992382	0.00000000	3.17392500
17.88992382	0.00000000	1.58696200
17.90992382	0.00000000	3.17392500
17.92992382	0.00000000	3.17392500
17.94992382	0.00000000	3.17392500
17.96992382	0.00000000	3.17392500
17.98992382	0.00000000	3.17392500
18.00992382	0.00000000	1.58696200
18.02992382	0.00000000	1.58696200
18.04992382	0.00000000	3.17392500
