Time	Channel A	Channel B
(us)	(mV)	(mV)

-1.01057200	0.00000000	0.00000000
-1.00557200	0.00000000	0.00000000
-1.00057200	0.00000000	0.00000000
-0.99557200	0.00000000	0.00000000
-0.99057200	0.00000000	0.00000000
-0.98557200	0.00000000	0.00000000
-0.98057200	0.00000000	0.00000000
-0.97557200	0.00000000	0.00000000
-0.97057200	0.00000000	0.00000000
-0.96557200	0.00000000	0.00000000
-0.96057200	0.00000000	0.00000000
-0.95557200	0.00000000	0.00000000
-0.95057200	0.00000000	0.00000000
-0.94557200	0.00000000	0.00000000
-0.94057200	0.00000000	0.00000000
-0.93557200	0.00000000	0.00000000
-0.93057200	0.00000000	0.00000000
-0.92557200	0.00000000	0.00000000
-0.92057200	0.00000000	0.00000000
-0.91557200	0.00000000	0.00000000
-0.91057200	0.00000000	0.00000000
-0.90557200	0.00000000	0.00000000
-0.90057200	0.00000000	0.00000000
-0.89557200	0.00000000	0.00000000
-0.89057200	0.00000000	0.00000000
-0.88557200	0.00000000	0.00000000
-0.88057200	0.00000000	0.00000000
-0.87557200	0.00000000	0.00000000
-0.87057200	0.00000000	0.00000000
-0.86557200	0.00000000	0.00000000
-0.86057200	0.00000000	0.00000000
-0.85557200	0.00000000	0.00000000
-0.85057200	0.00000000	0.00000000
-0.84557200	0.00000000	0.00000000
-0.84057200	0.00000000	0.00000000
-0.83557200	0.00000000	0.00000000
-0.83057200	0.00000000	0.06103702
-0.82557200	0.00000000	0.28992580
-0.82057201	0.00000000	-0.88503670
-0.81557201	0.00000000	-3.43333200
-0.81057201	0.00000000	-3.43333200
-0.80557201	0.00000000	-0.88503670
-0.80057201	0.00000000	0.28992580
-0.79557201	0.00000000	0.06103702
-0.79057201	0.00000000	0.00000000
-0.78557201	0.00000000	0.00000000
-0.78057201	0.00000000	0.00000000
-0.77557201	0.00000000	0.00000000
-0.77057201	0.00000000	0.00000000
-0.76557201	0.00000000	0.00000000
-0.76057201	0.00000000	0.00000000
-0.75557201	0.00000000	0.00000000
-0.75057201	0.00000000	0.00000000
-0.74557201	0.00000000	0.00000000
-0.74057201	0.00000000	0.00000000
-0.73557201	0.00000000	0.00000000
-0.73057201	0.00000000	0.00000000
-0.72557201	0.00000000	0.00000000
-0.72057201	0.00000000	0.00000000
-0.71557201	0.00000000	0.00000000
-0.71057201	0.00000000	0.00000000
-0.70557201	0.00000000	0.00000000
-0.70057201	0.00000000	0.00000000
-0.69557201	0.00000000	0.00000000
-0.69057201	0.00000000	0.00000000
-0.68557201	0.00000000	0.00000000
-0.68057201	0.00000000	0.00000000
-0.67557201	0.00000000	0.00000000
-0.67057201	0.00000000	0.00000000
-0.66557201	0.00000000	0.00000000
-0.66057201	0.00000000	0.00000000
-0.65557201	0.00000000	0.00000000
-0.65057201	0.00000000	0.00000000
-0.64557201	0.00000000	0.00000000
-0.64057201	0.00000000	0.00000000
-0.63557201	0.00000000	0.00000000
-0.63057201	0.00000000	0.00000000
-0.62557201	0.00000000	0.00000000
-0.62057201	0.00000000	0.00000000
-0.61557201	0.00000000	0.00000000
-0.61057201	0.00000000	0.00000000
-0.60557201	0.00000000	0.00000000
-0.60057201	0.00000000	0.00000000
-0.59557201	0.00000000	0.00000000
-0.59057201	0.00000000	0.00000000
-0.58557201	0.00000000	0.00000000
-0.58057201	0.00000000	0.00000000
-0.57557201	0.00000000	0.00000000
-0.57057201	0.00000000	0.00000000
-0.56557201	0.00000000	0.00000000
-0.56057201	0.00000000	0.00000000
-0.55557201	0.00000000	0.00000000
-0.55057201	0.00000000	0.00000000
-0.54557201	0.00000000	0.00000000
-0.54057201	0.00000000	0.00000000
-0.53557201	0.00000000	0.00000000
-0.53057201	0.00000000	0.00000000
-0.52557201	0.00000000	0.00000000
-0.52057201	0.00000000	0.00000000
-0.51557201	0.00000000	0.00000000
-0.51057201	0.00000000	0.00000000
-0.50557201	0.00000000	0.00000000
-0.50057201	0.00000000	0.00000000
-0.49557201	0.00000000	0.00000000
-0.49057201	0.00000000	0.00000000
-0.48557201	0.00000000	0.00000000
-0.48057201	0.00000000	0.00000000
-0.47557201	0.00000000	0.00000000
-0.47057201	0.00000000	0.00000000
-0.46557201	0.00000000	0.00000000
-0.46057201	0.00000000	0.00000000
-0.45557201	0.00000000	0.00000000
-0.45057201	0.00000000	0.00000000
-0.44557201	0.00000000	0.00000000
-0.44057201	0.00000000	0.00000000
-0.43557201	0.00000000	0.00000000
-0.43057201	0.00000000	0.00000000
-0.42557201	0.00000000	0.00000000
-0.42057201	0.00000000	0.00000000
-0.41557201	0.00000000	0.00000000
-0.41057201	0.00000000	0.00000000
-0.40557201	0.00000000	0.00000000
-0.40057201	0.00000000	0.00000000
-0.39557201	0.00000000	0.00000000
-0.39057201	0.00000000	0.00000000
-0.38557201	0.00000000	0.00000000
-0.38057201	0.00000000	0.00000000
-0.37557201	0.00000000	0.00000000
-0.37057201	0.00000000	0.00000000
-0.36557201	0.00000000	0.00000000
-0.36057201	0.00000000	0.00000000
-0.35557201	0.00000000	0.00000000
-0.35057201	0.00000000	0.00000000
-0.34557201	0.00000000	0.00000000
-0.34057201	0.00000000	0.00000000
-0.33557201	0.00000000	0.00000000
-0.33057201	0.00000000	0.00000000
-0.32557201	0.00000000	0.00000000
-0.32057201	0.00000000	0.00000000
-0.31557201	0.00000000	0.00000000
-0.31057201	0.00000000	0.00000000
-0.30557201	0.00000000	0.00000000
-0.30057201	0.00000000	0.00000000
-0.29557201	0.00000000	0.00000000
-0.29057201	0.00000000	0.06103702
-0.28557201	0.00000000	0.28992580
-0.28057201	0.00000000	-0.88503670
-0.27557201	0.00000000	-3.43333200
-0.27057201	0.00000000	-3.43333200
-0.26557201	0.00000000	-0.88503670
-0.26057201	0.00000000	0.28992580
-0.25557201	0.00000000	0.06103702
-0.25057201	0.00000000	0.06103702
-0.24557201	0.00000000	0.28992580
-0.24057201	0.00000000	-0.88503670
-0.23557201	0.00000000	-3.43333200
-0.23057201	0.00000000	-3.43333200
-0.22557201	0.00000000	-0.88503670
-0.22057201	0.00000000	0.35096280
-0.21557201	0.00000000	0.35096280
-0.21057201	0.00000000	-0.88503670
-0.20557201	0.00000000	-3.43333200
-0.20057201	0.00000000	-3.37229500
-0.19557201	0.00000000	-0.59511090
-0.19057201	0.00000000	-0.59511090
-0.18557201	0.00000000	-3.37229500
-0.18057201	0.00000000	-3.43333200
-0.17557201	0.00000000	-0.88503670
-0.17057201	0.00000000	0.35096280
-0.16557201	0.00000000	0.35096280
-0.16057201	0.00000000	-0.82399970
-0.15557201	0.00000000	-3.14340600
-0.15057201	0.00000000	-4.25733200
-0.14557201	0.00000000	-4.02844300
-0.14057201	0.00000000	-3.96740600
-0.13557201	0.00000000	-3.96740600
-0.13057201	-0.06103702	-3.96740600
-0.12557201	-0.28992580	-3.96740600
-0.12057201	0.70192570	-3.96740600
-0.11557201	2.56355500	-3.96740600
-0.11057201	5.85955300	-3.90636900
-0.10557201	10.01007000	-3.67748000
-0.10057201	13.19925000	-4.79140600
-0.09557201	14.57259000	-7.11081200
-0.09057201	17.70074000	-8.22473800
-0.08557201	21.62236000	-7.99584900
-0.08057201	25.92547000	-7.87377500
-0.07557201	29.61821000	-7.64488600
-0.07057201	33.79925000	-8.75881200
-0.06557201	37.26310000	-11.07822000
-0.06057201	42.61909000	-12.19214000
-0.05557201	48.63124000	-11.96325000
-0.05057201	53.98724000	-11.90222000
-0.04557201	57.45109000	-11.90222000
-0.04057201	61.57109000	-11.84118000
-0.03557201	65.03493000	-11.61229000
-0.03057201	70.39094000	-12.72622000
-0.02557201	76.41834000	-15.04562000
-0.02057201	81.71330000	-16.22059000
-0.01557201	84.94827000	-16.22059000
-0.01057201	90.24323000	-14.98459000
-0.00557201	96.25537000	-12.43629000
-0.00057201	101.55030000	-12.43629000
0.00442799	104.78530000	-14.98459000
0.00942799	110.08030000	-16.15955000
0.01442799	116.09240000	-15.93066000
0.01942799	121.38740000	-15.86962000
0.02442799	124.62230000	-15.86962000
0.02942799	129.91730000	-15.93066000
0.03442799	135.92940000	-16.15955000
0.03942799	141.28540000	-15.04562000
0.04442799	144.76450000	-12.72622000
0.04942799	148.94560000	-11.61229000
0.05442799	152.63830000	-11.84118000
0.05942799	156.81940000	-11.90222000
0.06442799	160.28320000	-11.90222000
0.06942799	165.70020000	-11.90222000
0.07442799	171.94130000	-11.90222000
0.07942799	176.18330000	-11.84118000
0.08442799	177.32780000	-11.61229000
0.08942799	180.39490000	-12.78725000
0.09442799	184.31650000	-15.33555000
0.09942799	188.61960000	-15.33555000
0.10442799	192.31240000	-12.78725000
0.10942799	196.61550000	-11.61229000
0.11442799	200.53710000	-11.84118000
0.11942799	203.72630000	-11.84118000
0.12442799	205.32850000	-11.61229000
0.12942799	207.34270000	-12.72622000
0.13442799	208.94500000	-15.04562000
0.13942799	212.19520000	-16.15955000
0.14442799	216.36100000	-15.93066000
0.14942799	219.61120000	-15.86962000
0.15442799	221.21340000	-15.86962000
0.15942799	223.27340000	-15.93066000
0.16442799	225.13500000	-16.15955000
0.16942799	227.24080000	-14.98459000
0.17442799	229.10240000	-12.43629000
0.17942799	231.20820000	-12.43629000
0.18442799	233.06980000	-14.98459000
0.18942799	235.17560000	-16.15955000
0.19442799	237.03720000	-15.93066000
0.19942799	239.20410000	-15.86962000
0.20442799	241.29460000	-15.86962000
0.20942799	242.28640000	-15.93066000
0.21442799	241.82860000	-16.15955000
0.21942799	242.88150000	-14.98459000
0.22442799	245.20090000	-12.43629000
0.22942799	246.25380000	-12.49733000
0.23442799	245.79610000	-15.27451000
0.23942799	246.84900000	-15.27451000
0.24442799	249.16840000	-12.49733000
0.24942799	250.22120000	-12.49733000
0.25442799	249.76350000	-15.27451000
0.25942799	250.81640000	-15.27451000
0.26442799	253.13580000	-12.49733000
0.26942799	254.24970000	-12.49733000
0.27442799	254.02080000	-15.27451000
0.27942799	253.95980000	-15.33555000
0.28442799	253.95980000	-12.78725000
0.28942799	253.95980000	-11.55125000
0.29442799	253.95980000	-11.55125000
0.29942799	253.95980000	-12.72622000
0.30442799	253.95980000	-15.04562000
0.30942799	253.89870000	-16.15955000
0.31442799	253.66980000	-15.93066000
0.31942799	254.78380000	-15.86962000
0.32442799	257.10310000	-15.86962000
0.32942799	258.21710000	-15.86962000
0.33442799	257.98820000	-15.86962000
0.33942799	257.92720000	-15.86962000
0.34442799	257.92720000	-15.86962000
0.34942799	257.92720000	-15.86962000
0.35442799	257.92720000	-15.86962000
0.35942799	257.86610000	-15.86962000
0.36442799	257.63720000	-15.86962000
0.36942799	258.75120000	-15.86962000
0.37442799	261.07060000	-15.86962000
0.37942799	262.18450000	-15.86962000
0.38442799	261.95560000	-15.86962000
0.38942799	261.89460000	-15.86962000
0.39442799	261.89460000	-15.86962000
0.39942799	261.89460000	-15.86962000
0.40442799	261.89460000	-15.86962000
0.40942799	261.89460000	-15.86962000
0.41442799	261.89460000	-15.86962000
0.41942799	261.89460000	-15.86962000
0.42442799	261.89460000	-15.86962000
0.42942799	261.83350000	-15.86962000
0.43442799	261.60460000	-15.86962000
0.43942799	262.71860000	-15.86962000
0.44442799	265.03800000	-15.86962000
0.44942799	266.15190000	-15.86962000
0.45442799	265.92300000	-15.86962000
0.45942799	265.92300000	-15.93066000
0.46442799	266.15190000	-16.15955000
0.46942799	265.03800000	-15.04562000
0.47442799	262.71860000	-12.72622000
0.47942799	261.60460000	-11.61229000
0.48442799	261.83350000	-11.84118000
0.48942799	261.89460000	-11.90222000
0.49442799	261.89460000	-11.90222000
0.49942799	261.89460000	-11.90222000
0.50442799	261.89460000	-11.90222000
0.50942799	261.95560000	-11.90222000
0.51442799	262.18450000	-11.90222000
0.51942799	261.07060000	-11.90222000
0.52442799	258.75120000	-11.90222000
0.52942799	257.69830000	-11.90222000
0.53442799	258.15600000	-11.90222000
0.53942799	257.10310000	-11.90222000
0.54442799	254.78380000	-11.90222000
0.54942799	253.73090000	-11.90222000
0.55442799	254.18860000	-11.90222000
0.55942799	253.19680000	-11.90222000
0.56442799	251.10630000	-11.90222000
0.56942799	248.87840000	-11.96325000
0.57442799	246.78790000	-12.19214000
0.57942799	245.79610000	-11.01718000
0.58442799	246.25380000	-8.46888600
0.58942799	245.26200000	-8.46888600
0.59442799	243.17150000	-11.01718000
0.59942799	240.94360000	-12.25318000
0.60442799	238.85310000	-12.25318000
0.60942799	237.86130000	-11.07822000
0.61442799	238.31900000	-8.75881200
0.61942799	237.32720000	-7.64488600
0.62442799	235.23670000	-7.87377500
0.62942799	233.00880000	-7.93481200
0.63442799	230.91830000	-7.93481200
0.63942799	229.92640000	-7.93481200
0.64442799	230.38420000	-7.93481200
0.64942799	229.33130000	-7.93481200
0.65442799	227.01190000	-7.93481200
0.65942799	225.95900000	-7.93481200
0.66442799	226.41680000	-7.93481200
0.66942799	225.36390000	-7.93481200
0.67442799	223.04450000	-7.93481200
0.67942799	221.99160000	-7.93481200
0.68442799	222.44940000	-7.93481200
0.68942799	221.39650000	-7.93481200
0.69442799	219.07710000	-7.93481200
0.69942799	217.96320000	-7.93481200
0.70442799	218.19210000	-7.93481200
0.70942799	218.31410000	-7.93481200
0.71442799	218.54300000	-7.93481200
0.71942799	217.42910000	-7.93481200
0.72442799	215.10970000	-7.93481200
0.72942799	213.99580000	-7.93481200
0.73442799	214.22470000	-7.93481200
0.73942799	214.34670000	-7.93481200
0.74442799	214.57560000	-7.93481200
0.74942799	213.46170000	-7.93481200
0.75442799	211.12700000	-7.93481200
0.75942799	210.01310000	-7.93481200
0.76442799	210.24200000	-7.93481200
0.76942799	210.30300000	-7.93481200
0.77442799	210.30300000	-7.93481200
0.77942799	210.36410000	-7.93481200
0.78442799	210.59300000	-7.93481200
0.78942799	209.47900000	-7.93481200
0.79442799	207.15960000	-7.93481200
0.79942799	206.04570000	-7.93481200
0.80442799	206.27460000	-7.93481200
0.80942799	206.33560000	-7.87377500
0.81442799	206.33560000	-7.64488600
0.81942799	206.33560000	-8.81984900
0.82442798	206.33560000	-11.36814000
0.82942798	206.39670000	-11.36814000
0.83442798	206.62550000	-8.81984900
0.83942798	205.57270000	-7.64488600
0.84442798	203.48210000	-7.87377500
0.84942798	201.25430000	-7.93481200
0.85442798	199.16380000	-7.93481200
0.85942798	198.11090000	-7.93481200
0.86442798	198.33980000	-7.93481200
0.86942798	198.40080000	-7.93481200
0.87442798	198.40080000	-7.93481200
0.87942798	198.46190000	-7.93481200
0.88442798	198.69080000	-7.93481200
0.88942798	197.57680000	-7.93481200
0.89442798	195.25740000	-7.93481200
0.89942798	194.14350000	-7.99584900
0.90442798	194.37240000	-8.22473800
0.90942798	194.43340000	-7.04977500
0.91442798	194.43340000	-4.50148000
0.91942798	194.49440000	-4.56251700
0.92442798	194.72330000	-7.33970100
0.92942798	193.60940000	-7.40073800
0.93442798	191.29000000	-4.85244300
0.93942798	190.17610000	-3.67748000
0.94442798	190.40500000	-3.90636900
0.94942798	190.46600000	-3.96740600
0.95442798	190.46600000	-3.96740600
0.95942798	190.46600000	-3.96740600
0.96442798	190.46600000	-3.96740600
0.96942798	190.52700000	-3.96740600
0.97442798	190.75590000	-3.96740600
0.97942798	189.64200000	-3.96740600
0.98442798	187.32260000	-3.96740600
0.98942798	186.20870000	-3.96740600
0.99442798	186.43760000	-3.96740600
0.99942798	186.49860000	-3.96740600
1.00442798	186.49860000	-3.96740600
1.00942798	186.55960000	-3.96740600
1.01442798	186.78850000	-3.96740600
1.01942798	185.67460000	-3.96740600
1.02442798	183.35520000	-3.96740600
1.02942798	182.24130000	-3.96740600
1.03442798	182.47020000	-3.96740600
1.03942798	182.53120000	-3.96740600
1.04442798	182.53120000	-3.96740600
1.04942798	182.59220000	-3.96740600
1.05442798	182.82110000	-3.96740600
1.05942798	181.70720000	-3.96740600
1.06442798	179.38780000	-3.96740600
1.06942798	178.27390000	-3.96740600
1.07442798	178.50280000	-3.96740600
1.07942798	178.62480000	-3.96740600
1.08442798	178.85370000	-3.96740600
1.08942798	177.73980000	-3.96740600
1.09442798	175.42040000	-3.96740600
1.09942798	174.30650000	-3.96740600
1.10442798	174.53530000	-3.96740600
1.10942798	174.59640000	-3.96740600
1.11442798	174.59640000	-3.96740600
1.11942798	174.59640000	-3.96740600
1.12442798	174.59640000	-3.96740600
1.12942798	174.65740000	-3.96740600
1.13442798	174.88630000	-3.96740600
1.13942798	173.77240000	-3.96740600
1.14442798	171.45300000	-3.96740600
1.14942798	170.33910000	-3.96740600
1.15442798	170.56790000	-3.96740600
1.15942798	170.62900000	-3.96740600
1.16442798	170.62900000	-3.96740600
1.16942798	170.62900000	-3.96740600
1.17442798	170.62900000	-3.96740600
1.17942798	170.69000000	-3.96740600
1.18442798	170.91890000	-3.96740600
1.18942798	169.80500000	-3.96740600
1.19442798	167.48560000	-3.96740600
1.19942798	166.37160000	-3.96740600
1.20442798	166.60050000	-3.96740600
1.20942798	166.66160000	-3.96740600
1.21442798	166.66160000	-3.96740600
1.21942798	166.72260000	-3.96740600
1.22442798	166.95150000	-3.96740600
1.22942798	165.83760000	-3.96740600
1.23442798	163.51820000	-3.96740600
1.23942798	162.40430000	-3.96740600
1.24442798	162.63310000	-3.96740600
1.24942798	162.69420000	-3.96740600
1.25442798	162.69420000	-3.96740600
1.25942798	162.75520000	-3.96740600
1.26442798	162.98410000	-3.96740600
1.26942798	161.87020000	-3.96740600
1.27442798	159.55080000	-3.96740600
1.27942798	158.43680000	-3.96740600
1.28442798	158.66570000	-3.96740600
1.28942798	158.72680000	-3.96740600
1.29442798	158.72680000	-3.96740600
1.29942798	158.78780000	-3.96740600
1.30442798	159.01670000	-3.96740600
1.30942798	157.90280000	-3.96740600
1.31442798	155.58340000	-3.96740600
1.31942798	154.46940000	-3.96740600
1.32442798	154.69830000	-3.96740600
1.32942798	154.75940000	-3.96740600
1.33442798	154.75940000	-3.96740600
1.33942798	154.75940000	-3.96740600
1.34442798	154.75940000	-3.96740600
1.34942798	154.82040000	-3.96740600
1.35442798	155.04930000	-3.96740600
1.35942798	153.93530000	-3.96740600
1.36442798	151.61590000	-3.96740600
1.36942798	150.50200000	-3.96740600
1.37442798	150.73090000	-3.96740600
1.37942798	150.79190000	-3.96740600
1.38442798	150.79190000	-3.96740600
1.38942798	150.79190000	-3.96740600
1.39442798	150.79190000	-3.96740600
1.39942798	150.85300000	-3.96740600
1.40442798	151.08190000	-3.96740600
1.40942798	149.96790000	-3.96740600
1.41442798	147.64850000	-3.96740600
1.41942798	146.53460000	-3.96740600
1.42442798	146.76350000	-3.96740600
1.42942798	146.82450000	-3.96740600
1.43442798	146.82450000	-3.96740600
1.43942798	146.82450000	-3.96740600
1.44442798	146.82450000	-3.96740600
1.44942798	146.88560000	-3.96740600
1.45442798	147.11450000	-3.96740600
1.45942798	146.00050000	-3.96740600
1.46442798	143.68110000	-3.96740600
1.46942798	142.56720000	-3.96740600
1.47442798	142.79610000	-3.96740600
1.47942798	142.85710000	-3.96740600
1.48442798	142.85710000	-3.96740600
1.48942798	142.85710000	-3.96740600
1.49442798	142.85710000	-3.96740600
1.49942798	142.85710000	-3.96740600
1.50442798	142.85710000	-3.96740600
1.50942798	142.91820000	-3.96740600
1.51442798	143.14710000	-3.96740600
1.51942798	142.03310000	-3.96740600
1.52442798	139.69850000	-3.96740600
1.52942798	138.58450000	-3.96740600
1.53442798	138.81340000	-3.96740600
1.53942798	138.87450000	-3.96740600
1.54442798	138.87450000	-3.96740600
1.54942798	138.87450000	-3.96740600
1.55442798	138.87450000	-3.96740600
1.55942798	138.93550000	-3.96740600
1.56442798	139.16440000	-3.96740600
1.56942798	138.05050000	-3.96740600
1.57442798	135.73110000	-3.96740600
1.57942798	134.61710000	-3.96740600
1.58442798	134.84600000	-3.96740600
1.58942798	134.90710000	-3.96740600
1.59442798	134.90710000	-3.96740600
1.59942798	134.90710000	-3.96740600
1.60442798	134.90710000	-3.96740600
1.60942798	134.96810000	-3.96740600
1.61442798	135.19700000	-3.96740600
1.61942798	134.08310000	-3.96740600
1.62442798	131.76370000	-3.96740600
1.62942798	130.64970000	-3.96740600
1.63442798	130.87860000	-3.96740600
1.63942798	130.93970000	-3.96740600
1.64442798	130.93970000	-3.96740600
1.64942798	130.93970000	-3.96740600
1.65442798	130.93970000	-3.96740600
1.65942798	130.93970000	-3.96740600
1.66442798	130.93970000	-3.96740600
1.66942798	131.00070000	-3.96740600
1.67442798	131.22960000	-3.96740600
1.67942798	130.11560000	-3.96740600
1.68442798	127.79630000	-3.96740600
1.68942798	126.68230000	-3.96740600
1.69442798	126.91120000	-3.96740600
1.69942798	126.97230000	-3.96740600
1.70442798	126.97230000	-3.96740600
1.70942798	126.97230000	-3.96740600
1.71442798	126.97230000	-3.96740600
1.71942798	127.03330000	-3.96740600
1.72442798	127.26220000	-3.96740600
1.72942798	126.08720000	-3.96740600
1.73442798	123.53890000	-3.96740600
1.73942798	123.60000000	-3.96740600
1.74442798	126.37710000	-3.96740600
1.74942798	126.43820000	-3.96740600
1.75442798	123.88990000	-3.96740600
1.75942798	122.71490000	-3.96740600
1.76442798	122.94380000	-3.96740600
1.76942798	123.06590000	-3.96740600
1.77442798	123.29480000	-3.96740600
1.77942798	122.11980000	-3.96740600
1.78442798	119.57150000	-3.96740600
1.78942798	119.63260000	-3.96740600
1.79442798	122.40970000	-3.96740600
1.79942798	122.47080000	-3.96740600
1.80442798	119.92250000	-3.96740600
1.80942798	118.74750000	-3.96740600
1.81442798	118.97640000	-3.96740600
1.81942798	119.03740000	-3.96740600
1.82442798	119.03740000	-3.96740600
1.82942798	119.03740000	-3.96740600
1.83442798	119.03740000	-3.96740600
1.83942798	119.09850000	-3.96740600
1.84442798	119.32740000	-3.96740600
1.84942798	118.21340000	-3.96740600
1.85442798	115.89400000	-3.96740600
1.85942798	114.78010000	-3.96740600
1.86442798	115.00900000	-3.96740600
1.86942798	115.07000000	-3.96740600
1.87442798	115.07000000	-3.96740600
1.87942798	115.07000000	-3.96740600
1.88442798	115.07000000	-3.96740600
1.88942798	115.07000000	-3.96740600
1.89442798	115.07000000	-3.96740600
1.89942798	115.07000000	-3.90636900
1.90442798	115.07000000	-3.67748000
1.90942798	115.13110000	-4.85244300
1.91442798	115.36000000	-7.40073800
1.91942798	114.24600000	-7.33970100
1.92442798	111.92660000	-4.56251700
1.92942798	110.81270000	-4.50148000
1.93442798	111.04160000	-7.04977500
1.93942798	111.10260000	-8.22473800
1.94442798	111.10260000	-7.99584900
1.94942798	111.10260000	-7.93481200
1.95442798	111.10260000	-7.93481200
1.95942798	111.10260000	-7.99584900
1.96442798	111.10260000	-8.22473800
1.96942798	111.16370000	-7.11081200
1.97442798	111.39250000	-4.79140600
1.97942798	110.27860000	-3.67748000
1.98442798	107.95920000	-3.90636900
1.98942798	106.84530000	-3.96740600
1.99442798	107.07420000	-3.96740600
1.99942798	107.13520000	-3.90636900
2.00442798	107.13520000	-3.67748000
2.00942798	107.13520000	-4.79140600
2.01442798	107.13520000	-7.11081200
2.01942798	107.13520000	-8.28577500
2.02442798	107.13520000	-8.28577500
2.02942798	107.13520000	-7.11081200
2.03442798	107.13520000	-4.79140600
2.03942798	107.19630000	-3.61644300
2.04442798	107.42510000	-3.61644300
2.04942798	106.25020000	-4.79140600
2.05442798	103.70190000	-7.11081200
2.05942798	103.76290000	-8.28577500
2.06442798	106.54010000	-8.28577500
2.06942798	106.60120000	-7.11081200
2.07442798	104.05280000	-4.79140600
2.07942798	102.87790000	-3.67748000
2.08442798	103.10680000	-3.90636900
2.08942798	103.16780000	-3.96740600
2.09442798	103.16780000	-3.96740600
2.09942798	103.22890000	-3.96740600
2.10442798	103.45770000	-3.96740600
2.10942798	102.34380000	-3.96740600
2.11442798	100.02440000	-3.96740600
2.11942798	98.91048000	-3.96740600
2.12442798	99.13937000	-3.96740600
2.12942798	99.20041000	-4.02844300
2.13442798	99.20041000	-4.25733200
2.13942798	99.20041000	-3.08236900
2.14442798	99.20041000	-0.53407390
2.14942798	99.20041000	-0.53407390
2.15442798	99.20041000	-3.08236900
2.15942798	99.20041000	-4.25733200
2.16442798	99.20041000	-4.02844300
2.16942798	99.20041000	-3.96740600
2.17442798	99.20041000	-3.96740600
2.17942798	99.20041000	-3.96740600
2.18442798	99.20041000	-3.96740600
2.18942798	99.26145000	-3.96740600
2.19442798	99.49034000	-3.96740600
2.19942798	98.37641000	-3.96740600
2.20442798	96.05700000	-3.96740600
2.20942798	94.94308000	-3.96740600
2.21442798	95.17197000	-3.96740600
2.21942798	95.23300000	-3.96740600
2.22442798	95.23300000	-3.96740600
2.22942798	95.23300000	-3.96740600
2.23442798	95.23300000	-3.96740600
2.23942798	95.23300000	-3.96740600
2.24442798	95.23300000	-3.96740600
2.24942798	95.23300000	-3.96740600
2.25442798	95.23300000	-3.96740600
2.25942798	95.23300000	-3.96740600
2.26442798	95.23300000	-3.96740600
2.26942798	95.23300000	-3.96740600
2.27442798	95.23300000	-3.96740600
2.27942798	95.29404000	-3.96740600
2.28442798	95.52293000	-3.96740600
2.28942798	94.40900000	-3.96740600
2.29442798	92.08959000	-3.96740600
2.29942798	90.97568000	-3.96740600
2.30442798	91.20457000	-3.96740600
2.30942798	91.26560000	-3.96740600
2.31442798	91.26560000	-3.96740600
2.31942798	91.26560000	-3.96740600
2.32442798	91.26560000	-3.96740600
2.32942798	91.26560000	-3.96740600
2.33442798	91.26560000	-3.96740600
2.33942798	91.26560000	-3.96740600
2.34442798	91.26560000	-3.96740600
2.34942798	91.32664000	-3.96740600
2.35442798	91.55552000	-3.96740600
2.35942798	90.44160000	-3.96740600
2.36442798	88.12219000	-3.96740600
2.36942798	87.00826000	-3.96740600
2.37442798	87.23715000	-3.96740600
2.37942798	87.29819000	-3.96740600
2.38442798	87.29819000	-3.96740600
2.38942798	87.29819000	-3.96740600
2.39442798	87.29819000	-3.96740600
2.39942798	87.29819000	-3.96740600
2.40442798	87.29819000	-3.96740600
2.40942798	87.29819000	-3.96740600
2.41442798	87.29819000	-3.96740600
2.41942798	87.35923000	-3.96740600
2.42442798	87.58812000	-3.96740600
2.42942798	86.47419000	-3.96740600
2.43442798	84.15479000	-3.96740600
2.43942798	83.04086000	-3.96740600
2.44442798	83.26974000	-3.96740600
2.44942798	83.33078000	-3.96740600
2.45442798	83.33078000	-3.96740600
2.45942798	83.33078000	-3.96740600
2.46442798	83.33078000	-3.96740600
2.46942797	83.33078000	-3.96740600
2.47442797	83.33078000	-3.96740600
2.47942797	83.33078000	-3.96740600
2.48442797	83.33078000	-3.96740600
2.48942797	83.33078000	-3.96740600
2.49442797	83.33078000	-3.96740600
2.49942797	83.33078000	-3.96740600
2.50442797	83.33078000	-3.96740600
2.50942797	83.39182000	-4.02844300
2.51442797	83.62070000	-4.25733200
2.51942797	82.50678000	-3.08236900
2.52442797	80.18738000	-0.53407390
2.52942797	79.07346000	-0.53407390
2.53442797	79.30235000	-3.08236900
2.53942797	79.36338000	-4.25733200
2.54442797	79.36338000	-4.02844300
2.54942797	79.36338000	-3.96740600
2.55442797	79.36338000	-3.96740600
2.55942797	79.36338000	-3.96740600
2.56442797	79.36338000	-3.96740600
2.56942797	79.36338000	-3.96740600
2.57442797	79.36338000	-3.96740600
2.57942797	79.36338000	-3.96740600
2.58442797	79.36338000	-3.96740600
2.58942797	79.42442000	-3.96740600
2.59442797	79.65331000	-3.96740600
2.59942797	78.47834000	-3.96740600
2.60442797	75.93005000	-3.96740600
2.60942797	75.99108000	-3.96740600
2.61442797	78.76827000	-3.96740600
2.61942797	78.82931000	-3.96740600
2.62442797	76.28101000	-3.96740600
2.62942797	75.10605000	-3.96740600
2.63442797	75.33494000	-3.96740600
2.63942797	75.39597000	-3.96740600
2.64442797	75.39597000	-3.96740600
2.64942797	75.39597000	-3.96740600
2.65442797	75.39597000	-3.96740600
2.65942797	75.39597000	-3.96740600
2.66442797	75.39597000	-3.96740600
2.66942797	75.39597000	-3.96740600
2.67442797	75.39597000	-3.96740600
2.67942797	75.45701000	-3.96740600
2.68442797	75.68590000	-3.96740600
2.68942797	74.57197000	-3.96740600
2.69442797	72.25256000	-3.96740600
2.69942797	71.13864000	-3.96740600
2.70442797	71.36753000	-3.96740600
2.70942797	71.42857000	-3.96740600
2.71442797	71.42857000	-3.96740600
2.71942797	71.42857000	-3.96740600
2.72442797	71.42857000	-3.96740600
2.72942797	71.42857000	-3.96740600
2.73442797	71.42857000	-3.96740600
2.73942797	71.42857000	-3.96740600
2.74442797	71.42857000	-3.96740600
2.74942797	71.42857000	-3.96740600
2.75442797	71.42857000	-3.96740600
2.75942797	71.42857000	-3.96740600
2.76442797	71.42857000	-3.96740600
2.76942797	71.42857000	-3.96740600
2.77442797	71.42857000	-3.96740600
2.77942797	71.42857000	-3.96740600
2.78442797	71.42857000	-3.96740600
2.78942797	71.48961000	-3.96740600
2.79442797	71.71850000	-3.96740600
2.79942797	70.60457000	-3.96740600
2.80442797	68.26991000	-3.96740600
2.80942797	67.15598000	-3.96740600
2.81442797	67.38486000	-3.96740600
2.81942797	67.44590000	-3.96740600
2.82442797	67.44590000	-3.96740600
2.82942797	67.44590000	-3.96740600
2.83442797	67.44590000	-3.96740600
2.83942797	67.44590000	-3.96740600
2.84442797	67.44590000	-3.96740600
2.84942797	67.44590000	-3.96740600
2.85442797	67.44590000	-3.96740600
2.85942797	67.44590000	-3.96740600
2.86442797	67.44590000	-3.96740600
2.86942797	67.44590000	-3.96740600
2.87442797	67.44590000	-3.96740600
2.87942797	67.44590000	-3.96740600
2.88442797	67.44590000	-3.96740600
2.88942797	67.50694000	-3.96740600
2.89442797	67.73582000	-3.96740600
2.89942797	66.62190000	-3.96740600
2.90442797	64.30249000	-3.96740600
2.90942797	63.12754000	-3.96740600
2.91442797	63.12754000	-3.96740600
2.91942797	64.36353000	-3.96740600
2.92442797	66.91183000	-3.96740600
2.92942797	66.91183000	-3.96740600
2.93442797	64.36353000	-3.96740600
2.93942797	63.18857000	-3.96740600
2.94442797	63.41746000	-3.96740600
2.94942797	63.47850000	-4.02844300
2.95442797	63.47850000	-4.25733200
2.95942797	63.47850000	-3.20444300
2.96442797	63.47850000	-1.11392600
2.96942797	63.47850000	1.00711100
2.97442797	63.47850000	2.60933200
2.97942797	63.47850000	5.73747900
2.98442797	63.47850000	9.43021900
2.98942797	63.47850000	14.66414000
2.99442797	63.47850000	19.97436000
2.99942797	63.53953000	28.45851000
3.00442797	63.76842000	37.93451000
3.00942797	62.65450000	49.69939000
3.01442797	60.33509000	61.02176000
3.01942797	59.22116000	73.80901000
3.02442797	59.45005000	84.90249000
3.02942797	59.51109000	97.68974000
3.03442797	59.51109000	109.01210000
3.03942797	59.51109000	120.71600000
3.04442797	59.51109000	129.96310000
3.04942797	59.51109000	139.50010000
3.05442797	59.51109000	146.90080000
3.05942797	59.51109000	154.27110000
3.06442797	59.51109000	159.58130000
3.06942797	59.51109000	165.99020000
3.07442797	59.51109000	172.00230000
3.07942797	59.51109000	176.24440000
3.08442797	59.51109000	177.61770000
3.08942797	59.51109000	179.67770000
3.09442797	59.51109000	181.76820000
3.09942797	59.51109000	182.88220000
3.10442797	59.51109000	182.88220000
3.10942797	59.57213000	181.76820000
3.11442797	59.80102000	179.67770000
3.11942797	58.68709000	177.55670000
3.12442797	56.36768000	175.95450000
3.12942797	55.25376000	172.76530000
3.13442797	55.48264000	168.84360000
3.13942797	55.54368000	164.54050000
3.14442797	55.54368000	160.84780000
3.14942797	55.54368000	156.60570000
3.15442797	55.54368000	152.91300000
3.15942797	55.54368000	148.67090000
3.16442797	55.54368000	144.97820000
3.16942797	55.54368000	140.73610000
3.17442797	55.54368000	137.02810000
3.17942797	55.54368000	132.78600000
3.18442797	55.54368000	129.09330000
3.18942797	55.54368000	124.91230000
3.19442797	55.54368000	121.44840000
3.19942797	55.54368000	116.03140000
3.20442797	55.54368000	109.79030000
3.20942797	55.54368000	105.54830000
3.21442797	55.54368000	104.40380000
3.21942797	55.54368000	101.27570000
3.22442797	55.54368000	97.12515000
3.22942797	55.54368000	93.93597000
3.23442797	55.54368000	92.56263000
3.23942797	55.54368000	89.37345000
3.24442797	55.54368000	85.22293000
3.24942797	55.54368000	81.97271000
3.25442797	55.54368000	80.37049000
3.25942797	55.54368000	78.31049000
3.26442797	55.54368000	76.44886000
3.26942797	55.60472000	74.38886000
3.27442797	55.83361000	72.78664000
3.27942797	54.65865000	69.53642000
3.28442797	52.11035000	65.37064000
3.28942797	52.17139000	62.05938000
3.29442797	54.94857000	60.21301000
3.29942797	55.00961000	59.28220000
3.30442797	52.46132000	59.73998000
3.30942797	51.28635000	58.74813000
3.31442797	51.51524000	56.65761000
3.31942797	51.57627000	54.49080000
3.32442797	51.57627000	52.62917000
3.32942797	51.57627000	50.52339000
3.33442797	51.57627000	48.66176000
3.33942797	51.57627000	46.49495000
3.34442797	51.57627000	44.40443000
3.34942797	51.57627000	43.41258000
3.35442797	51.57627000	43.87035000
3.35942797	51.57627000	42.81747000
3.36442797	51.57627000	40.49806000
3.36942797	51.57627000	39.38414000
3.37442797	51.57627000	39.61302000
3.37942797	51.57627000	39.73510000
3.38442797	51.57627000	39.96399000
3.38942797	51.57627000	38.85006000
3.39442797	51.57627000	36.53065000
3.39942797	51.63731000	35.47777000
3.40442797	51.86620000	35.93554000
3.40942797	50.75228000	34.88266000
3.41442797	48.43287000	32.56325000
3.41942797	47.31895000	31.44932000
3.42442797	47.54784000	31.67821000
3.42942797	47.60887000	31.80028000
3.43442797	47.60887000	32.02917000
3.43942797	47.60887000	30.91525000
3.44442797	47.60887000	28.59584000
3.44942797	47.60887000	27.48192000
3.45442797	47.60887000	27.71080000
3.45942797	47.60887000	27.83288000
3.46442797	47.60887000	28.06177000
3.46942797	47.60887000	26.94784000
3.47442797	47.60887000	24.62844000
3.47942797	47.60887000	23.51451000
3.48442797	47.60887000	23.74340000
3.48942797	47.60887000	23.80444000
3.49442797	47.60887000	23.80444000
3.49942797	47.60887000	23.80444000
3.50442797	47.60887000	23.80444000
3.50942797	47.60887000	23.80444000
3.51442797	47.60887000	23.80444000
3.51942797	47.60887000	23.80444000
3.52442797	47.60887000	23.80444000
3.52942797	47.60887000	23.86547000
3.53442797	47.60887000	24.09436000
3.53942797	47.60887000	22.98043000
3.54442797	47.60887000	20.66103000
3.54942797	47.66991000	19.54710000
3.55442797	47.89880000	19.77599000
3.55942797	46.78487000	19.83703000
3.56442797	44.46547000	19.83703000
3.56942797	43.35154000	19.83703000
3.57442797	43.58043000	19.83703000
3.57942797	43.64147000	19.83703000
3.58442797	43.64147000	19.83703000
3.58942797	43.64147000	19.83703000
3.59442797	43.64147000	19.83703000
3.59942797	43.64147000	19.89807000
3.60442797	43.64147000	20.12696000
3.60942797	43.64147000	19.01303000
3.61442797	43.64147000	16.69362000
3.61942797	43.64147000	15.57970000
3.62442797	43.64147000	15.80859000
3.62942797	43.64147000	15.86962000
3.63442797	43.64147000	15.86962000
3.63942797	43.64147000	15.93066000
3.64442797	43.64147000	16.15955000
3.64942797	43.64147000	15.04562000
3.65442797	43.64147000	12.72622000
3.65942797	43.64147000	11.61229000
3.66442797	43.64147000	11.84118000
3.66942797	43.64147000	11.90222000
3.67442797	43.64147000	11.90222000
3.67942797	43.64147000	11.90222000
3.68442797	43.64147000	11.90222000
3.68942797	43.64147000	11.90222000
3.69442797	43.64147000	11.90222000
3.69942797	43.64147000	11.90222000
3.70442797	43.64147000	11.90222000
3.70942797	43.64147000	11.90222000
3.71442797	43.64147000	11.90222000
3.71942797	43.70250000	11.90222000
3.72442797	43.93139000	11.90222000
3.72942797	42.81747000	11.90222000
3.73442797	40.49806000	11.90222000
3.73942797	39.32310000	11.90222000
3.74442797	39.32310000	11.90222000
3.74942797	40.49806000	11.96325000
3.75442797	42.81747000	12.19214000
3.75942797	43.99243000	11.07822000
3.76442797	43.99243000	8.75881200
3.76942797	42.81747000	7.58384900
3.77442797	40.49806000	7.58384900
3.77942797	39.38414000	8.75881200
3.78442797	39.61302000	11.07822000
3.78942797	39.67406000	12.19214000
3.79442797	39.67406000	11.96325000
3.79942797	39.67406000	11.90222000
3.80442797	39.67406000	11.90222000
3.80942797	39.67406000	11.90222000
3.81442797	39.67406000	11.90222000
3.81942797	39.67406000	11.90222000
3.82442797	39.67406000	11.90222000
3.82942797	39.67406000	11.96325000
3.83442797	39.67406000	12.19214000
3.83942797	39.67406000	11.01718000
3.84442797	39.67406000	8.46888600
3.84942797	39.67406000	8.46888600
3.85442797	39.67406000	11.01718000
3.85942797	39.67406000	12.19214000
3.86442797	39.67406000	11.96325000
3.86942797	39.73510000	11.90222000
3.87442797	39.96399000	11.90222000
3.87942797	38.78902000	11.96325000
3.88442797	36.24073000	12.19214000
3.88942797	36.24073000	11.07822000
3.89442797	38.78902000	8.75881200
3.89942797	39.96399000	7.64488600
3.90442797	39.73510000	7.87377500
3.90942797	39.73510000	7.93481200
3.91442797	39.96399000	7.93481200
3.91942797	38.85006000	7.93481200
3.92442797	36.53065000	7.93481200
3.92942797	35.41673000	7.93481200
3.93442797	35.64562000	7.93481200
3.93942797	35.70665000	7.93481200
3.94442797	35.70665000	7.93481200
3.94942797	35.70665000	7.93481200
3.95442797	35.70665000	7.93481200
3.95942797	35.70665000	7.93481200
3.96442797	35.70665000	7.93481200
3.96942797	35.70665000	7.93481200
3.97442797	35.70665000	7.93481200
3.97942797	35.70665000	7.93481200
3.98442797	35.70665000	7.93481200
3.98942797	35.70665000	7.93481200
3.99442797	35.70665000	7.93481200
3.99942797	35.70665000	7.93481200
4.00442797	35.70665000	7.93481200
4.00942797	35.70665000	7.93481200
4.01442797	35.70665000	7.93481200
4.01942797	35.70665000	7.99584900
4.02442797	35.70665000	8.22473800
4.02942797	35.70665000	7.11081200
4.03442797	35.70665000	4.79140600
4.03942797	35.70665000	3.67748000
4.04442797	35.70665000	3.90636900
4.04942797	35.70665000	3.96740600
4.05442797	35.70665000	3.96740600
4.05942797	35.70665000	3.96740600
4.06442797	35.70665000	3.96740600
4.06942797	35.70665000	3.96740600
4.07442797	35.70665000	3.96740600
4.07942797	35.76769000	3.90636900
4.08442797	35.99658000	3.67748000
4.08942797	34.88266000	4.85244300
4.09442797	32.56325000	7.40073800
4.09942797	31.44932000	7.40073800
4.10442797	31.67821000	4.85244300
4.10942797	31.73925000	3.67748000
4.11442796	31.73925000	3.90636900
4.11942796	31.73925000	3.96740600
4.12442796	31.73925000	3.96740600
4.12942796	31.73925000	3.96740600
4.13442796	31.73925000	3.96740600
4.13942796	31.73925000	3.96740600
4.14442796	31.73925000	3.96740600
4.14942796	31.73925000	3.90636900
4.15442796	31.73925000	3.67748000
4.15942796	31.73925000	4.85244300
4.16442796	31.73925000	7.40073800
4.16942796	31.73925000	7.40073800
4.17442796	31.73925000	4.85244300
4.17942796	31.73925000	3.67748000
4.18442796	31.73925000	3.90636900
4.18942796	31.73925000	3.96740600
4.19442796	31.73925000	3.96740600
4.19942796	31.73925000	3.96740600
4.20442796	31.73925000	3.96740600
4.20942796	31.73925000	3.96740600
4.21442796	31.73925000	3.96740600
4.21942796	31.73925000	3.96740600
4.22442796	31.73925000	3.96740600
4.22942796	31.73925000	3.96740600
4.23442796	31.73925000	3.96740600
4.23942796	31.73925000	3.96740600
4.24442796	31.73925000	3.96740600
4.24942796	31.73925000	4.02844300
4.25442796	31.73925000	4.25733200
4.25942796	31.80028000	3.14340600
4.26442796	32.02917000	0.82399970
4.26942796	30.85421000	-0.28992580
4.27442796	28.30592000	-0.06103702
4.27942796	28.30592000	0.00000000
4.28442796	30.85421000	0.00000000
4.28942796	32.02917000	0.00000000
4.29442796	31.80028000	0.00000000
4.29942796	31.73925000	0.00000000
4.30442796	31.73925000	0.00000000
4.30942796	31.80028000	0.00000000
4.31442796	32.02917000	0.00000000
4.31942796	30.85421000	0.00000000
4.32442796	28.30592000	0.00000000
4.32942796	28.36695000	0.00000000
4.33442796	31.14414000	0.00000000
4.33942796	31.20517000	0.00000000
4.34442796	28.65688000	0.00000000
4.34942796	27.48192000	0.00000000
4.35442796	27.71080000	0.00000000
4.35942796	27.77184000	0.00000000
4.36442796	27.77184000	0.00000000
4.36942796	27.77184000	0.00000000
4.37442796	27.77184000	0.00000000
4.37942796	27.77184000	0.00000000
4.38442796	27.77184000	0.00000000
4.38942796	27.77184000	0.00000000
4.39442796	27.77184000	0.00000000
4.39942796	27.77184000	0.00000000
4.40442796	27.77184000	0.00000000
4.40942796	27.77184000	0.00000000
4.41442796	27.77184000	0.00000000
4.41942796	27.77184000	0.00000000
4.42442796	27.77184000	0.00000000
4.42942796	27.77184000	0.00000000
4.43442796	27.77184000	0.00000000
4.43942796	27.77184000	0.00000000
4.44442796	27.77184000	0.00000000
4.44942796	27.77184000	0.00000000
4.45442796	27.77184000	0.00000000
4.45942796	27.77184000	0.00000000
4.46442796	27.77184000	0.00000000
4.46942796	27.77184000	0.00000000
4.47442796	27.77184000	0.00000000
4.47942796	27.77184000	0.00000000
4.48442796	27.77184000	0.00000000
4.48942796	27.77184000	0.00000000
4.49442796	27.77184000	0.00000000
4.49942796	27.77184000	0.00000000
4.50442796	27.77184000	0.00000000
4.50942796	27.83288000	0.00000000
4.51442796	28.06177000	0.00000000
4.51942796	26.88680000	0.00000000
4.52442796	24.33851000	0.00000000
4.52942796	24.33851000	0.00000000
4.53442796	26.88680000	0.00000000
4.53942796	28.12280000	0.00000000
4.54442796	28.12280000	0.00000000
4.54942796	26.94784000	0.00000000
4.55442796	24.62844000	0.00000000
4.55942796	23.51451000	0.00000000
4.56442796	23.74340000	0.00000000
4.56942796	23.80444000	0.00000000
4.57442796	23.80444000	0.00000000
4.57942796	23.80444000	0.00000000
4.58442796	23.80444000	0.00000000
4.58942796	23.74340000	0.00000000
4.59442796	23.51451000	0.00000000
4.59942796	24.68947000	0.00000000
4.60442796	27.23777000	0.00000000
4.60942796	27.23777000	0.00000000
4.61442796	24.68947000	0.00000000
4.61942796	23.51451000	0.00000000
4.62442796	23.74340000	0.00000000
4.62942796	23.80444000	0.00000000
4.63442796	23.80444000	0.00000000
4.63942796	23.80444000	0.00000000
4.64442796	23.80444000	0.00000000
4.64942796	23.80444000	0.00000000
4.65442796	23.80444000	0.00000000
4.65942796	23.80444000	0.00000000
4.66442796	23.80444000	0.00000000
4.66942796	23.80444000	0.00000000
4.67442796	23.80444000	0.00000000
4.67942796	23.80444000	0.00000000
4.68442796	23.80444000	0.00000000
4.68942796	23.80444000	0.00000000
4.69442796	23.80444000	0.00000000
4.69942796	23.80444000	0.00000000
4.70442796	23.80444000	0.00000000
4.70942796	23.80444000	0.00000000
4.71442796	23.80444000	0.00000000
4.71942796	23.80444000	0.00000000
4.72442796	23.80444000	0.00000000
4.72942796	23.80444000	0.00000000
4.73442796	23.80444000	0.00000000
4.73942796	23.80444000	0.00000000
4.74442796	23.80444000	0.00000000
4.74942796	23.80444000	0.00000000
4.75442796	23.80444000	0.00000000
4.75942796	23.80444000	0.00000000
4.76442796	23.80444000	0.00000000
4.76942796	23.80444000	-0.06103702
4.77442796	23.80444000	-0.28992580
4.77942796	23.80444000	0.82399970
4.78442796	23.80444000	3.14340600
4.78942796	23.80444000	4.31836900
4.79442796	23.80444000	4.31836900
4.79942796	23.86547000	3.14340600
4.80442796	24.09436000	0.82399970
4.80942796	22.91940000	-0.28992580
4.81442796	20.37111000	-0.06103702
4.81942796	20.43214000	0.00000000
4.82442796	23.20932000	0.00000000
4.82942796	23.27036000	0.00000000
4.83442796	20.72207000	0.00000000
4.83942796	19.54710000	0.00000000
4.84442796	19.77599000	0.00000000
4.84942796	19.83703000	0.00000000
4.85442796	19.83703000	0.00000000
4.85942796	19.83703000	0.00000000
4.86442796	19.83703000	0.00000000
4.86942796	19.83703000	0.00000000
4.87442796	19.83703000	0.00000000
4.87942796	19.83703000	0.00000000
4.88442796	19.83703000	0.00000000
4.88942796	19.83703000	0.00000000
4.89442796	19.83703000	0.00000000
4.89942796	19.83703000	0.00000000
4.90442796	19.83703000	0.00000000
4.90942796	19.83703000	0.00000000
4.91442796	19.83703000	0.00000000
4.91942796	19.83703000	0.00000000
4.92442796	19.83703000	0.00000000
4.92942796	19.83703000	0.00000000
4.93442796	19.83703000	0.00000000
4.93942796	19.83703000	0.00000000
4.94442796	19.83703000	0.00000000
4.94942796	19.83703000	0.00000000
4.95442796	19.83703000	0.00000000
4.95942796	19.83703000	0.00000000
4.96442796	19.83703000	0.00000000
4.96942796	19.83703000	0.00000000
4.97442796	19.83703000	0.00000000
4.97942796	19.83703000	0.00000000
4.98442796	19.83703000	0.00000000
4.98942796	19.83703000	0.00000000
4.99442796	19.83703000	0.00000000
4.99942796	19.83703000	0.00000000
5.00442796	19.83703000	0.00000000
5.00942796	19.83703000	0.00000000
5.01442796	19.83703000	0.00000000
5.01942796	19.83703000	0.00000000
5.02442796	19.83703000	0.00000000
5.02942796	19.83703000	0.00000000
5.03442796	19.83703000	0.00000000
5.03942796	19.83703000	0.00000000
5.04442796	19.83703000	0.00000000
5.04942796	19.83703000	0.06103702
5.05442796	19.83703000	0.28992580
5.05942796	19.83703000	-0.82399970
5.06442796	19.83703000	-3.14340600
5.06942796	19.83703000	-4.25733200
5.07442796	19.83703000	-4.02844300
5.07942796	19.83703000	-3.96740600
5.08442796	19.83703000	-3.96740600
5.08942796	19.83703000	-3.96740600
5.09442796	19.83703000	-3.96740600
5.09942796	19.89807000	-3.96740600
5.10442796	20.12696000	-3.96740600
5.10942796	19.01303000	-3.96740600
5.11442796	16.69362000	-3.96740600
5.11942796	15.51866000	-3.96740600
5.12442796	15.51866000	-3.96740600
5.12942796	16.75466000	-4.02844300
5.13442796	19.30296000	-4.25733200
5.13942796	19.24192000	-3.14340600
5.14442796	16.46474000	-0.82399970
5.14942796	16.46474000	0.28992580
5.15442796	19.24192000	0.06103702
5.15942796	19.24192000	0.00000000
5.16442796	16.46474000	0.00000000
5.16942796	16.46474000	0.00000000
5.17442796	19.24192000	0.00000000
5.17942796	19.24192000	0.00000000
5.18442796	16.46474000	0.00000000
5.18942796	16.46474000	0.00000000
5.19442796	19.24192000	0.00000000
5.19942796	19.30296000	0.00000000
5.20442796	16.75466000	0.00000000
5.20942796	15.57970000	0.00000000
5.21442796	15.80859000	0.00000000
5.21942796	15.86962000	0.00000000
5.22442796	15.86962000	0.00000000
5.22942796	15.86962000	0.06103702
5.23442796	15.86962000	0.28992580
5.23942796	15.86962000	-0.88503670
5.24442796	15.86962000	-3.43333200
5.24942796	15.86962000	-3.43333200
5.25442796	15.86962000	-0.88503670
5.25942796	15.86962000	0.28992580
5.26442796	15.86962000	0.06103702
5.26942796	15.86962000	0.00000000
5.27442796	15.86962000	0.00000000
5.27942796	15.86962000	0.00000000
5.28442796	15.86962000	0.00000000
5.28942796	15.86962000	0.06103702
5.29442796	15.86962000	0.28992580
5.29942796	15.86962000	-0.88503670
5.30442796	15.86962000	-3.43333200
5.30942796	15.86962000	-3.37229500
5.31442796	15.86962000	-0.59511090
5.31942796	15.86962000	-0.53407390
5.32442796	15.86962000	-3.08236900
5.32942796	15.86962000	-4.25733200
5.33442796	15.86962000	-4.02844300
5.33942796	15.86962000	-3.96740600
5.34442796	15.86962000	-3.96740600
5.34942796	15.86962000	-3.96740600
5.35442796	15.86962000	-3.96740600
5.35942796	15.86962000	-3.96740600
5.36442796	15.86962000	-3.96740600
5.36942796	15.86962000	-3.96740600
5.37442796	15.86962000	-3.96740600
5.37942796	15.86962000	-3.96740600
5.38442796	15.86962000	-3.96740600
5.38942796	15.86962000	-3.96740600
5.39442796	15.86962000	-3.96740600
5.39942796	15.86962000	-3.96740600
5.40442796	15.86962000	-3.96740600
5.40942796	15.86962000	-4.02844300
5.41442796	15.86962000	-4.25733200
5.41942796	15.86962000	-3.08236900
5.42442796	15.86962000	-0.53407390
5.42942796	15.86962000	-0.53407390
5.43442796	15.86962000	-3.08236900
5.43942796	15.86962000	-4.25733200
5.44442796	15.86962000	-4.02844300
5.44942796	15.86962000	-3.96740600
5.45442796	15.86962000	-3.96740600
5.45942796	15.86962000	-3.96740600
5.46442796	15.86962000	-3.96740600
5.46942796	15.86962000	-3.96740600
5.47442796	15.86962000	-3.96740600
5.47942796	15.86962000	-3.96740600
5.48442796	15.86962000	-3.96740600
5.48942796	15.86962000	-3.96740600
5.49442796	15.86962000	-3.96740600
5.49942796	15.86962000	-3.96740600
5.50442796	15.86962000	-3.96740600
5.50942796	15.86962000	-3.96740600
5.51442796	15.86962000	-3.96740600
5.51942796	15.86962000	-3.96740600
5.52442796	15.86962000	-3.96740600
5.52942796	15.86962000	-3.96740600
5.53442796	15.86962000	-3.96740600
5.53942796	15.93066000	-3.96740600
5.54442796	16.15955000	-3.96740600
5.54942796	15.04562000	-4.02844300
5.55442796	12.72622000	-4.25733200
5.55942796	11.61229000	-3.08236900
5.56442796	11.84118000	-0.53407390
5.56942796	11.84118000	-0.59511090
5.57442796	11.61229000	-3.37229500
5.57942796	12.78725000	-3.43333200
5.58442796	15.33555000	-0.88503670
5.58942796	15.33555000	0.28992580
5.59442796	12.78725000	0.06103702
5.59942796	11.61229000	0.00000000
5.60442796	11.84118000	0.00000000
5.60942796	11.90222000	0.00000000
5.61442796	11.90222000	0.00000000
5.61942796	11.90222000	0.00000000
5.62442796	11.90222000	0.00000000
5.62942796	11.90222000	0.00000000
5.63442796	11.90222000	0.00000000
5.63942796	11.90222000	0.00000000
5.64442796	11.90222000	0.00000000
5.64942796	11.90222000	0.00000000
5.65442796	11.90222000	0.00000000
5.65942796	11.90222000	0.00000000
5.66442796	11.90222000	0.00000000
5.66942796	11.90222000	0.00000000
5.67442796	11.90222000	0.00000000
5.67942796	11.90222000	0.06103702
5.68442796	11.90222000	0.28992580
5.68942796	11.90222000	-0.88503670
5.69442796	11.90222000	-3.43333200
5.69942796	11.90222000	-3.37229500
5.70442796	11.90222000	-0.59511090
5.70942796	11.90222000	-0.53407390
5.71442796	11.90222000	-3.08236900
5.71942796	11.90222000	-4.25733200
5.72442796	11.90222000	-4.02844300
5.72942796	11.90222000	-3.96740600
5.73442796	11.90222000	-3.96740600
5.73942796	11.90222000	-3.96740600
5.74442796	11.90222000	-3.96740600
5.74942796	11.90222000	-3.96740600
5.75442796	11.90222000	-3.96740600
5.75942795	11.90222000	-3.96740600
5.76442795	11.90222000	-3.96740600
5.76942795	11.90222000	-4.02844300
5.77442795	11.90222000	-4.25733200
5.77942795	11.90222000	-3.14340600
5.78442795	11.90222000	-0.82399970
5.78942795	11.90222000	0.35096280
5.79442795	11.90222000	0.35096280
5.79942795	11.90222000	-0.88503670
5.80442795	11.90222000	-3.43333200
5.80942795	11.90222000	-3.43333200
5.81442795	11.90222000	-0.88503670
5.81942795	11.90222000	0.35096280
5.82442795	11.90222000	0.35096280
5.82942795	11.90222000	-0.88503670
5.83442795	11.90222000	-3.43333200
5.83942795	11.90222000	-3.37229500
5.84442795	11.90222000	-0.59511090
5.84942795	11.90222000	-0.53407390
5.85442795	11.90222000	-3.08236900
5.85942795	11.90222000	-4.25733200
5.86442795	11.90222000	-4.02844300
5.86942795	11.90222000	-3.96740600
5.87442795	11.90222000	-3.96740600
5.87942795	11.90222000	-3.96740600
5.88442795	11.90222000	-3.96740600
5.88942795	11.90222000	-3.96740600
5.89442795	11.90222000	-3.96740600
5.89942795	11.90222000	-3.96740600
5.90442795	11.90222000	-3.96740600
5.90942795	11.90222000	-3.96740600
5.91442795	11.90222000	-3.96740600
5.91942795	11.90222000	-3.96740600
5.92442795	11.90222000	-3.96740600
5.92942795	11.90222000	-4.02844300
5.93442795	11.90222000	-4.25733200
5.93942795	11.90222000	-3.08236900
5.94442795	11.90222000	-0.53407390
5.94942795	11.90222000	-0.59511090
5.95442795	11.90222000	-3.37229500
5.95942795	11.96325000	-3.37229500
5.96442795	12.19214000	-0.59511090
5.96942795	11.01718000	-0.59511090
5.97442795	8.46888600	-3.37229500
5.97942795	8.52992300	-3.37229500
5.98442795	11.30711000	-0.59511090
5.98942795	11.36814000	-0.53407390
5.99442795	8.81984900	-3.08236900
5.99942795	7.64488600	-4.25733200
6.00442795	7.87377500	-4.02844300
6.00942795	7.93481200	-3.96740600
6.01442795	7.93481200	-3.96740600
6.01942795	7.93481200	-3.96740600
6.02442795	7.93481200	-3.96740600
6.02942795	7.93481200	-3.96740600
6.03442795	7.93481200	-3.96740600
6.03942795	7.93481200	-3.96740600
6.04442795	7.93481200	-3.96740600
6.04942795	7.93481200	-3.96740600
6.05442795	7.93481200	-3.96740600
6.05942795	7.93481200	-3.96740600
6.06442795	7.93481200	-3.96740600
6.06942795	7.93481200	-3.96740600
6.07442795	7.93481200	-3.96740600
6.07942795	7.87377500	-3.96740600
6.08442795	7.64488600	-3.96740600
6.08942795	8.81984900	-3.96740600
6.09442795	11.36814000	-3.96740600
6.09942795	11.36814000	-3.96740600
6.10442795	8.81984900	-3.96740600
6.10942795	7.64488600	-3.96740600
6.11442795	7.87377500	-3.96740600
6.11942795	7.93481200	-3.96740600
6.12442795	7.93481200	-3.96740600
6.12942795	7.93481200	-3.96740600
6.13442795	7.93481200	-3.96740600
6.13942795	7.93481200	-3.96740600
6.14442795	7.93481200	-3.96740600
6.14942795	7.93481200	-3.90636900
6.15442795	7.93481200	-3.67748000
6.15942795	7.93481200	-4.85244300
6.16442795	7.93481200	-7.40073800
6.16942795	7.93481200	-7.40073800
6.17442795	7.93481200	-4.85244300
6.17942795	7.93481200	-3.67748000
6.18442795	7.93481200	-3.90636900
6.18942795	7.93481200	-3.96740600
6.19442795	7.93481200	-3.96740600
6.19942795	7.93481200	-3.96740600
6.20442795	7.93481200	-3.96740600
6.20942795	7.93481200	-3.96740600
6.21442795	7.93481200	-3.96740600
6.21942795	7.93481200	-3.96740600
6.22442795	7.93481200	-3.96740600
6.22942795	7.93481200	-3.96740600
6.23442795	7.93481200	-3.96740600
6.23942795	7.93481200	-3.96740600
6.24442795	7.93481200	-3.96740600
6.24942795	7.93481200	-3.96740600
6.25442795	7.93481200	-3.96740600
6.25942795	7.93481200	-3.96740600
6.26442795	7.93481200	-3.96740600
6.26942795	7.93481200	-3.96740600
6.27442795	7.93481200	-3.96740600
6.27942795	7.93481200	-3.96740600
6.28442795	7.93481200	-3.96740600
6.28942795	7.93481200	-3.96740600
6.29442795	7.93481200	-3.96740600
6.29942795	7.93481200	-3.96740600
6.30442795	7.93481200	-3.96740600
6.30942795	7.93481200	-3.96740600
6.31442795	7.93481200	-3.96740600
6.31942795	7.93481200	-3.96740600
6.32442795	7.93481200	-3.96740600
6.32942795	7.93481200	-3.96740600
6.33442795	7.93481200	-3.96740600
6.33942795	7.93481200	-3.96740600
6.34442795	7.93481200	-3.96740600
6.34942795	7.93481200	-3.96740600
6.35442795	7.93481200	-3.96740600
6.35942795	7.93481200	-3.96740600
6.36442795	7.93481200	-3.96740600
6.36942795	7.99584900	-3.96740600
6.37442795	8.22473800	-3.96740600
6.37942795	7.04977500	-4.02844300
6.38442795	4.50148000	-4.25733200
6.38942795	4.50148000	-3.08236900
6.39442795	7.04977500	-0.53407390
6.39942795	8.22473800	-0.59511090
6.40442795	7.99584900	-3.37229500
6.40942795	7.93481200	-3.37229500
6.41442795	7.93481200	-0.59511090
6.41942795	7.93481200	-0.53407390
6.42442795	7.93481200	-3.08236900
6.42942795	7.93481200	-4.25733200
6.43442795	7.93481200	-4.02844300
6.43942795	7.93481200	-3.96740600
6.44442795	7.93481200	-3.96740600
6.44942795	7.93481200	-3.96740600
6.45442795	7.93481200	-3.96740600
6.45942795	7.93481200	-3.96740600
6.46442795	7.93481200	-3.96740600
6.46942795	7.93481200	-3.96740600
6.47442795	7.93481200	-3.96740600
6.47942795	7.93481200	-3.96740600
6.48442795	7.93481200	-3.96740600
6.48942795	7.93481200	-4.02844300
6.49442795	7.93481200	-4.25733200
6.49942795	7.93481200	-3.14340600
6.50442795	7.93481200	-0.82399970
6.50942795	7.93481200	0.35096280
6.51442795	7.93481200	0.35096280
6.51942795	7.93481200	-0.82399970
6.52442795	7.93481200	-3.14340600
6.52942795	7.93481200	-4.25733200
6.53442795	7.93481200	-4.02844300
6.53942795	7.93481200	-3.96740600
6.54442795	7.93481200	-3.96740600
6.54942795	7.93481200	-3.96740600
6.55442795	7.93481200	-3.96740600
6.55942795	7.99584900	-3.96740600
6.56442795	8.22473800	-3.96740600
6.56942795	7.04977500	-3.96740600
6.57442795	4.50148000	-3.96740600
6.57942795	4.50148000	-3.96740600
6.58442795	7.04977500	-3.96740600
6.58942795	8.22473800	-3.96740600
6.59442795	7.99584900	-3.96740600
6.59942795	7.93481200	-3.96740600
6.60442795	7.93481200	-3.96740600
6.60942795	7.93481200	-3.96740600
6.61442795	7.93481200	-3.96740600
6.61942795	7.93481200	-3.96740600
6.62442795	7.93481200	-3.96740600
6.62942795	7.93481200	-3.96740600
6.63442795	7.93481200	-3.96740600
6.63942795	7.93481200	-3.96740600
6.64442795	7.93481200	-3.96740600
6.64942795	7.93481200	-3.96740600
6.65442795	7.93481200	-3.96740600
6.65942795	7.93481200	-3.96740600
6.66442795	7.93481200	-3.96740600
6.66942795	7.93481200	-3.96740600
6.67442795	7.93481200	-3.96740600
6.67942795	7.93481200	-3.96740600
6.68442795	7.93481200	-3.96740600
6.68942795	7.93481200	-3.96740600
6.69442795	7.93481200	-3.96740600
6.69942795	7.93481200	-3.96740600
6.70442795	7.93481200	-3.96740600
6.70942795	7.93481200	-3.96740600
6.71442795	7.93481200	-3.96740600
6.71942795	7.93481200	-3.96740600
6.72442795	7.93481200	-3.96740600
6.72942795	7.99584900	-3.96740600
6.73442795	8.22473800	-3.96740600
6.73942795	7.11081200	-3.96740600
6.74442795	4.79140600	-3.96740600
6.74942795	3.67748000	-3.96740600
6.75442795	3.90636900	-3.96740600
6.75942795	3.96740600	-3.96740600
6.76442795	3.96740600	-3.96740600
6.76942795	3.96740600	-3.96740600
6.77442795	3.96740600	-3.96740600
6.77942795	3.96740600	-3.96740600
6.78442795	3.96740600	-3.96740600
6.78942795	3.90636900	-3.96740600
6.79442795	3.67748000	-3.96740600
6.79942795	4.85244300	-3.96740600
6.80442795	7.40073800	-3.96740600
6.80942795	7.40073800	-3.96740600
6.81442795	4.85244300	-3.96740600
6.81942795	3.67748000	-3.96740600
6.82442795	3.90636900	-3.96740600
6.82942795	3.96740600	-3.96740600
6.83442795	3.96740600	-3.96740600
6.83942795	3.90636900	-3.96740600
6.84442795	3.67748000	-3.96740600
6.84942795	4.85244300	-3.90636900
6.85442795	7.40073800	-3.67748000
6.85942795	7.40073800	-4.85244300
6.86442795	4.85244300	-7.40073800
6.86942795	3.67748000	-7.33970100
6.87442795	3.90636900	-4.56251700
6.87942795	3.96740600	-4.50148000
6.88442795	3.96740600	-7.04977500
6.88942795	3.96740600	-8.28577500
6.89442795	3.96740600	-8.28577500
6.89942795	3.96740600	-7.11081200
6.90442795	3.96740600	-4.79140600
6.90942795	3.96740600	-3.61644300
6.91442795	3.96740600	-3.61644300
6.91942795	3.96740600	-4.79140600
6.92442795	3.96740600	-7.11081200
6.92942795	3.96740600	-8.22473800
6.93442795	3.96740600	-7.99584900
6.93942795	3.96740600	-7.93481200
6.94442795	3.96740600	-7.93481200
6.94942795	3.96740600	-7.93481200
6.95442795	3.96740600	-7.93481200
6.95942795	3.96740600	-7.93481200
6.96442795	3.96740600	-7.93481200
6.96942795	3.96740600	-7.99584900
6.97442795	3.96740600	-8.22473800
6.97942795	3.96740600	-7.11081200
6.98442795	3.96740600	-4.79140600
6.98942795	3.96740600	-3.67748000
6.99442795	3.96740600	-3.90636900
6.99942795	3.96740600	-3.96740600
7.00442795	3.96740600	-3.96740600
7.00942795	3.96740600	-3.96740600
7.01442795	3.96740600	-3.96740600
7.01942795	3.96740600	-3.96740600
7.02442795	3.96740600	-3.96740600
7.02942795	3.96740600	-3.96740600
7.03442795	3.96740600	-3.96740600
7.03942795	3.96740600	-3.96740600
7.04442795	3.96740600	-3.96740600
7.04942795	3.96740600	-3.96740600
7.05442795	3.96740600	-3.96740600
7.05942795	3.96740600	-3.96740600
7.06442795	3.96740600	-3.96740600
7.06942795	3.96740600	-3.96740600
7.07442795	3.96740600	-3.96740600
7.07942795	3.96740600	-3.96740600
7.08442795	3.96740600	-3.96740600
7.08942795	3.96740600	-3.90636900
7.09442795	3.96740600	-3.67748000
7.09942795	3.96740600	-4.79140600
7.10442795	3.96740600	-7.11081200
7.10942795	3.96740600	-8.22473800
7.11442795	3.96740600	-7.99584900
7.11942795	3.96740600	-7.99584900
7.12442795	3.96740600	-8.22473800
7.12942795	3.96740600	-7.04977500
7.13442795	3.96740600	-4.50148000
7.13942795	3.96740600	-4.50148000
7.14442795	3.96740600	-7.04977500
7.14942795	3.96740600	-8.28577500
7.15442795	3.96740600	-8.28577500
7.15942795	3.96740600	-7.04977500
7.16442795	3.96740600	-4.50148000
7.16942795	3.96740600	-4.56251700
7.17442795	3.96740600	-7.33970100
7.17942795	3.96740600	-7.33970100
7.18442795	3.96740600	-4.56251700
7.18942795	3.96740600	-4.56251700
7.19442795	3.96740600	-7.33970100
7.19942795	3.96740600	-7.40073800
7.20442795	3.96740600	-4.85244300
7.20942795	3.96740600	-3.67748000
7.21442795	3.96740600	-3.90636900
7.21942795	3.96740600	-3.96740600
7.22442795	3.96740600	-3.96740600
7.22942795	3.96740600	-3.96740600
7.23442795	3.96740600	-3.96740600
7.23942795	3.96740600	-3.96740600
7.24442795	3.96740600	-3.96740600
7.24942795	3.96740600	-3.96740600
7.25442795	3.96740600	-3.96740600
7.25942795	3.96740600	-3.96740600
7.26442795	3.96740600	-3.96740600
7.26942795	3.96740600	-3.96740600
7.27442795	3.96740600	-3.96740600
7.27942795	3.96740600	-3.96740600
7.28442795	3.96740600	-3.96740600
7.28942795	3.96740600	-3.96740600
7.29442795	3.96740600	-3.96740600
7.29942795	3.96740600	-3.96740600
7.30442795	3.96740600	-3.96740600
7.30942795	3.96740600	-3.96740600
7.31442795	3.96740600	-3.96740600
7.31942795	3.96740600	-3.96740600
7.32442795	3.96740600	-3.96740600
7.32942795	3.96740600	-3.96740600
7.33442795	3.96740600	-3.96740600
7.33942795	3.96740600	-3.90636900
7.34442795	3.96740600	-3.67748000
7.34942795	4.02844300	-4.85244300
7.35442795	4.25733200	-7.40073800
7.35942795	3.08236900	-7.40073800
7.36442795	0.53407390	-4.85244300
7.36942795	0.53407390	-3.67748000
7.37442795	3.08236900	-3.90636900
7.37942795	4.25733200	-3.96740600
7.38442795	4.02844300	-3.96740600
7.38942795	3.96740600	-3.96740600
7.39442795	3.96740600	-3.96740600
7.39942795	3.96740600	-3.96740600
7.40442795	3.96740600	-3.96740600
7.40942794	4.02844300	-3.96740600
7.41442794	4.25733200	-3.96740600
7.41942794	3.14340600	-3.96740600
7.42442794	0.82399970	-3.96740600
7.42942794	-0.35096280	-3.96740600
7.43442794	-0.35096280	-3.96740600
7.43942794	0.82399970	-3.96740600
7.44442794	3.14340600	-3.96740600
7.44942794	4.25733200	-3.96740600
7.45442794	4.02844300	-3.96740600
7.45942794	3.96740600	-3.96740600
7.46442794	3.96740600	-3.96740600
7.46942794	4.02844300	-3.96740600
7.47442794	4.25733200	-3.96740600
7.47942794	3.08236900	-3.90636900
7.48442794	0.53407390	-3.67748000
7.48942794	0.53407390	-4.85244300
7.49442794	3.08236900	-7.40073800
7.49942794	4.31836900	-7.40073800
7.50442794	4.31836900	-4.85244300
7.50942794	3.08236900	-3.67748000
7.51442794	0.53407390	-3.90636900
7.51942794	0.53407390	-3.90636900
7.52442794	3.08236900	-3.67748000
7.52942794	4.31836900	-4.85244300
7.53442794	4.31836900	-7.40073800
7.53942794	3.08236900	-7.40073800
7.54442794	0.53407390	-4.85244300
7.54942794	0.53407390	-3.67748000
7.55442794	3.08236900	-3.90636900
7.55942794	4.25733200	-3.96740600
7.56442794	4.02844300	-3.96740600
7.56942794	4.02844300	-3.96740600
7.57442794	4.25733200	-3.96740600
7.57942794	3.14340600	-3.90636900
7.58442794	0.82399970	-3.67748000
7.58942794	-0.28992580	-4.85244300
7.59442794	-0.06103702	-7.40073800
7.59942794	-0.06103702	-7.33970100
7.60442794	-0.28992580	-4.56251700
7.60942794	0.88503670	-4.56251700
7.61442794	3.43333200	-7.33970100
7.61942794	3.43333200	-7.40073800
7.62442794	0.88503670	-4.85244300
7.62942794	-0.28992580	-3.61644300
7.63442794	-0.06103702	-3.61644300
7.63942794	0.00000000	-4.79140600
7.64442794	0.00000000	-7.11081200
7.64942794	0.00000000	-8.22473800
7.65442794	0.00000000	-7.99584900
7.65942794	0.00000000	-7.93481200
7.66442794	0.00000000	-7.93481200
7.66942794	0.00000000	-7.93481200
7.67442794	0.00000000	-7.93481200
7.67942794	0.00000000	-7.93481200
7.68442794	0.00000000	-7.93481200
7.68942794	0.00000000	-7.93481200
7.69442794	0.00000000	-7.93481200
7.69942794	-0.06103702	-7.93481200
7.70442794	-0.28992580	-7.93481200
7.70942794	0.88503670	-7.93481200
7.71442794	3.43333200	-7.93481200
7.71942794	3.43333200	-7.93481200
7.72442794	0.88503670	-7.93481200
7.72942794	-0.28992580	-7.93481200
7.73442794	-0.06103702	-7.93481200
7.73942794	0.00000000	-7.93481200
7.74442794	0.00000000	-7.93481200
7.74942794	0.00000000	-7.93481200
7.75442794	0.00000000	-7.93481200
7.75942794	0.00000000	-7.93481200
7.76442794	0.00000000	-7.93481200
7.76942794	0.00000000	-7.93481200
7.77442794	0.00000000	-7.93481200
7.77942794	0.00000000	-7.93481200
7.78442794	0.00000000	-7.93481200
7.78942794	0.00000000	-7.93481200
7.79442794	0.00000000	-7.93481200
7.79942794	0.00000000	-7.93481200
7.80442794	0.00000000	-7.93481200
7.80942794	0.00000000	-7.99584900
7.81442794	0.00000000	-8.22473800
7.81942794	0.00000000	-7.04977500
7.82442794	0.00000000	-4.50148000
7.82942794	0.00000000	-4.56251700
7.83442794	0.00000000	-7.33970100
7.83942794	0.00000000	-7.33970100
7.84442794	0.00000000	-4.56251700
7.84942794	0.00000000	-4.56251700
7.85442794	0.00000000	-7.33970100
7.85942794	0.00000000	-7.33970100
7.86442794	0.00000000	-4.56251700
7.86942794	0.00000000	-4.50148000
7.87442794	0.00000000	-7.04977500
7.87942794	0.00000000	-8.22473800
7.88442794	0.00000000	-7.99584900
7.88942794	0.00000000	-7.93481200
7.89442794	0.00000000	-7.93481200
7.89942794	0.00000000	-7.93481200
7.90442794	0.00000000	-7.93481200
7.90942794	0.00000000	-7.93481200
7.91442794	0.00000000	-7.93481200
7.91942794	0.00000000	-7.93481200
7.92442794	0.00000000	-7.93481200
7.92942794	0.00000000	-7.93481200
7.93442794	0.00000000	-7.93481200
7.93942794	0.00000000	-7.93481200
7.94442794	0.00000000	-7.93481200
7.94942794	0.00000000	-7.93481200
7.95442794	0.00000000	-7.93481200
7.95942794	0.00000000	-7.93481200
7.96442794	0.00000000	-7.93481200
7.96942794	0.00000000	-7.93481200
7.97442794	0.00000000	-7.93481200
7.97942794	0.00000000	-7.93481200
7.98442794	0.00000000	-7.93481200
7.98942794	0.00000000	-7.93481200
7.99442794	0.00000000	-7.93481200
7.99942794	0.00000000	-7.93481200
8.00442794	0.00000000	-7.93481200
8.00942794	0.00000000	-7.93481200
8.01442794	0.00000000	-7.93481200
8.01942794	0.00000000	-7.93481200
8.02442794	0.00000000	-7.93481200
8.02942794	0.00000000	-7.93481200
8.03442794	0.00000000	-7.93481200
8.03942794	0.00000000	-7.93481200
8.04442794	0.00000000	-7.93481200
8.04942794	0.00000000	-7.93481200
8.05442794	0.00000000	-7.93481200
8.05942794	0.00000000	-7.93481200
8.06442794	0.00000000	-7.93481200
8.06942794	0.00000000	-7.93481200
8.07442794	0.00000000	-7.93481200
8.07942794	0.00000000	-7.99584900
8.08442794	0.00000000	-8.22473800
8.08942794	0.00000000	-7.04977500
8.09442794	0.00000000	-4.50148000
8.09942794	0.00000000	-4.56251700
8.10442794	0.00000000	-7.33970100
8.10942794	0.00000000	-7.33970100
8.11442794	0.00000000	-4.56251700
8.11942794	0.00000000	-4.50148000
8.12442794	0.00000000	-7.04977500
8.12942794	0.00000000	-8.28577500
8.13442794	0.00000000	-8.28577500
8.13942794	0.00000000	-7.04977500
8.14442794	0.00000000	-4.50148000
8.14942794	0.00000000	-4.50148000
8.15442794	0.00000000	-7.04977500
8.15942794	0.00000000	-8.22473800
8.16442794	0.00000000	-7.99584900
8.16942794	0.00000000	-7.99584900
8.17442794	0.00000000	-8.22473800
8.17942794	0.00000000	-7.11081200
8.18442794	0.00000000	-4.79140600
8.18942794	0.00000000	-3.61644300
8.19442794	0.00000000	-3.61644300
8.19942794	0.00000000	-4.85244300
8.20442794	0.00000000	-7.40073800
8.20942794	0.00000000	-7.33970100
8.21442794	0.00000000	-4.56251700
8.21942794	0.00000000	-4.56251700
8.22442794	0.00000000	-7.33970100
8.22942794	0.00000000	-7.40073800
8.23442794	0.00000000	-4.85244300
8.23942794	0.00000000	-3.61644300
8.24442794	0.00000000	-3.61644300
8.24942794	0.00000000	-4.79140600
8.25442794	0.00000000	-7.11081200
8.25942794	0.00000000	-8.22473800
8.26442794	0.00000000	-7.99584900
8.26942794	0.00000000	-7.93481200
8.27442794	0.00000000	-7.93481200
8.27942794	0.00000000	-7.93481200
8.28442794	0.00000000	-7.93481200
8.28942794	0.00000000	-7.93481200
8.29442794	0.00000000	-7.93481200
8.29942794	0.00000000	-7.93481200
8.30442794	0.00000000	-7.93481200
8.30942794	0.00000000	-7.93481200
8.31442794	0.00000000	-7.93481200
8.31942794	0.00000000	-7.93481200
8.32442794	0.00000000	-7.93481200
8.32942794	0.00000000	-7.93481200
8.33442794	0.00000000	-7.93481200
8.33942794	0.00000000	-7.93481200
8.34442794	0.00000000	-7.93481200
8.34942794	0.00000000	-7.93481200
8.35442794	0.00000000	-7.93481200
8.35942794	0.00000000	-7.93481200
8.36442794	0.00000000	-7.93481200
8.36942794	0.00000000	-7.93481200
8.37442794	0.00000000	-7.93481200
8.37942794	0.00000000	-7.93481200
8.38442794	0.00000000	-7.93481200
8.38942794	0.00000000	-7.93481200
8.39442794	0.00000000	-7.93481200
8.39942794	0.00000000	-7.93481200
8.40442794	0.00000000	-7.93481200
8.40942794	0.00000000	-7.93481200
8.41442794	0.00000000	-7.93481200
8.41942794	0.00000000	-7.93481200
8.42442794	0.00000000	-7.93481200
8.42942794	0.00000000	-7.93481200
8.43442794	0.00000000	-7.93481200
8.43942794	0.00000000	-7.93481200
8.44442794	0.00000000	-7.93481200
8.44942794	0.00000000	-7.93481200
8.45442794	0.00000000	-7.93481200
8.45942794	0.00000000	-7.93481200
8.46442794	0.00000000	-7.93481200
8.46942794	0.00000000	-7.93481200
8.47442794	0.00000000	-7.93481200
8.47942794	0.00000000	-7.93481200
8.48442794	0.00000000	-7.93481200
8.48942794	0.00000000	-7.93481200
8.49442794	0.00000000	-7.93481200
8.49942794	0.00000000	-7.93481200
8.50442794	0.00000000	-7.93481200
8.50942794	0.06103702	-7.93481200
8.51442794	0.28992580	-7.93481200
8.51942794	-0.88503670	-7.93481200
8.52442794	-3.43333200	-7.93481200
8.52942794	-3.43333200	-7.93481200
8.53442794	-0.88503670	-7.93481200
8.53942794	0.28992580	-7.93481200
8.54442794	0.06103702	-7.93481200
8.54942794	0.00000000	-7.93481200
8.55442794	0.00000000	-7.93481200
8.55942794	0.00000000	-7.93481200
8.56442794	0.00000000	-7.93481200
8.56942794	0.00000000	-7.93481200
8.57442794	0.00000000	-7.93481200
8.57942794	0.00000000	-7.93481200
8.58442794	0.00000000	-7.93481200
8.58942794	0.00000000	-7.93481200
8.59442794	0.00000000	-7.93481200
8.59942794	0.00000000	-7.93481200
8.60442794	0.00000000	-7.93481200
8.60942794	0.00000000	-7.93481200
8.61442794	0.00000000	-7.93481200
8.61942794	0.00000000	-7.93481200
8.62442794	0.00000000	-7.93481200
8.62942794	0.00000000	-7.99584900
8.63442794	0.00000000	-8.22473800
8.63942794	0.00000000	-7.11081200
8.64442794	0.00000000	-4.79140600
8.64942794	0.00000000	-3.67748000
8.65442794	0.00000000	-3.90636900
8.65942794	0.00000000	-3.96740600
8.66442794	0.00000000	-3.96740600
8.66942794	0.00000000	-3.96740600
8.67442794	0.00000000	-3.96740600
8.67942794	0.00000000	-3.96740600
8.68442794	0.00000000	-3.96740600
8.68942794	0.00000000	-3.96740600
8.69442794	0.00000000	-3.96740600
8.69942794	0.00000000	-3.96740600
8.70442794	0.00000000	-3.96740600
8.70942794	0.00000000	-3.90636900
8.71442794	0.00000000	-3.67748000
8.71942794	0.00000000	-4.85244300
8.72442794	0.00000000	-7.40073800
8.72942794	0.00000000	-7.40073800
8.73442794	0.00000000	-4.85244300
8.73942794	0.06103702	-3.67748000
8.74442794	0.28992580	-3.90636900
8.74942794	-0.88503670	-3.96740600
8.75442794	-3.43333200	-3.96740600
8.75942794	-3.43333200	-3.90636900
8.76442794	-0.88503670	-3.67748000
8.76942794	0.28992580	-4.85244300
8.77442794	0.06103702	-7.40073800
8.77942794	0.00000000	-7.33970100
8.78442794	0.00000000	-4.56251700
8.78942794	0.06103702	-4.50148000
8.79442794	0.28992580	-7.04977500
8.79942794	-0.88503670	-8.22473800
8.80442794	-3.43333200	-7.99584900
8.80942794	-3.43333200	-7.93481200
8.81442794	-0.88503670	-7.93481200
8.81942794	0.28992580	-7.99584900
8.82442794	0.06103702	-8.22473800
8.82942794	0.00000000	-7.04977500
8.83442794	0.00000000	-4.50148000
8.83942794	0.00000000	-4.50148000
8.84442794	0.00000000	-7.04977500
8.84942794	0.00000000	-8.22473800
8.85442794	0.00000000	-7.99584900
8.85942794	0.00000000	-7.93481200
8.86442794	0.00000000	-7.93481200
8.86942794	0.00000000	-7.93481200
8.87442794	0.00000000	-7.93481200
8.87942794	0.00000000	-7.93481200
8.88442794	0.00000000	-7.93481200
8.88942794	0.00000000	-7.93481200
8.89442794	0.00000000	-7.93481200
8.89942794	0.00000000	-7.93481200
8.90442794	0.00000000	-7.93481200
8.90942794	0.00000000	-7.93481200
8.91442794	0.00000000	-7.93481200
8.91942794	0.00000000	-7.99584900
8.92442794	0.00000000	-8.22473800
8.92942794	0.00000000	-7.11081200
8.93442794	0.00000000	-4.79140600
8.93942794	0.06103702	-3.67748000
8.94442794	0.28992580	-3.90636900
8.94942794	-0.88503670	-3.96740600
8.95442794	-3.43333200	-3.96740600
8.95942794	-3.43333200	-3.90636900
8.96442794	-0.88503670	-3.67748000
8.96942794	0.28992580	-4.79140600
8.97442794	0.06103702	-7.11081200
8.97942794	0.00000000	-8.28577500
8.98442794	0.00000000	-8.28577500
8.98942794	0.06103702	-7.11081200
8.99442794	0.28992580	-4.79140600
8.99942794	-0.88503670	-3.67748000
9.00442794	-3.43333200	-3.90636900
9.00942794	-3.43333200	-3.90636900
9.01442794	-0.88503670	-3.67748000
9.01942794	0.28992580	-4.79140600
9.02442794	0.06103702	-7.11081200
