Time	Channel A	Channel B
(us)	(mV)	(mV)

-1.00776905	-14.98459000	-15.86962000
-1.00276905	-12.43629000	-15.86962000
-0.99776905	-12.49733000	-15.86962000
-0.99276905	-15.27451000	-15.86962000
-0.98776905	-15.27451000	-15.86962000
-0.98276906	-12.49733000	-15.86962000
-0.97776906	-12.43629000	-15.86962000
-0.97276906	-14.98459000	-15.86962000
-0.96776906	-16.15955000	-15.86962000
-0.96276906	-15.93066000	-15.86962000
-0.95776906	-15.86962000	-15.86962000
-0.95276906	-15.86962000	-15.86962000
-0.94776906	-15.86962000	-15.86962000
-0.94276906	-15.86962000	-15.86962000
-0.93776906	-15.86962000	-15.80859000
-0.93276906	-15.86962000	-15.57970000
-0.92776906	-15.86962000	-16.75466000
-0.92276906	-15.86962000	-19.30296000
-0.91776906	-15.86962000	-19.30296000
-0.91276906	-15.86962000	-16.75466000
-0.90776906	-15.86962000	-15.57970000
-0.90276906	-15.86962000	-15.80859000
-0.89776906	-15.86962000	-15.86962000
-0.89276906	-15.86962000	-15.86962000
-0.88776906	-15.86962000	-15.86962000
-0.88276906	-15.86962000	-15.86962000
-0.87776906	-15.86962000	-15.86962000
-0.87276906	-15.86962000	-15.86962000
-0.86776906	-15.86962000	-15.86962000
-0.86276906	-15.86962000	-15.86962000
-0.85776906	-15.93066000	-15.86962000
-0.85276906	-16.15955000	-15.86962000
-0.84776906	-14.98459000	-15.86962000
-0.84276906	-12.43629000	-15.86962000
-0.83776906	-12.43629000	-15.86962000
-0.83276906	-14.98459000	-15.86962000
-0.82776906	-16.15955000	-15.86962000
-0.82276906	-15.93066000	-15.86962000
-0.81776906	-15.86962000	-15.86962000
-0.81276906	-15.86962000	-15.86962000
-0.80776906	-15.86962000	-15.80859000
-0.80276906	-15.86962000	-15.57970000
-0.79776906	-15.86962000	-16.69362000
-0.79276906	-15.86962000	-19.01303000
-0.78776906	-15.86962000	-20.18799000
-0.78276906	-15.86962000	-20.18799000
-0.77776906	-15.93066000	-19.01303000
-0.77276906	-16.15955000	-16.69362000
-0.76776906	-14.98459000	-15.57970000
-0.76276906	-12.43629000	-15.80859000
-0.75776906	-12.43629000	-15.86962000
-0.75276906	-14.98459000	-15.86962000
-0.74776906	-16.15955000	-15.86962000
-0.74276906	-15.93066000	-15.86962000
-0.73776906	-15.86962000	-15.86962000
-0.73276906	-15.86962000	-15.86962000
-0.72776906	-15.86962000	-15.86962000
-0.72276906	-15.86962000	-15.86962000
-0.71776906	-15.86962000	-15.86962000
-0.71276906	-15.86962000	-15.86962000
-0.70776906	-15.86962000	-15.86962000
-0.70276906	-15.86962000	-15.86962000
-0.69776906	-15.86962000	-15.86962000
-0.69276906	-15.86962000	-15.86962000
-0.68776906	-15.86962000	-15.86962000
-0.68276906	-15.86962000	-15.86962000
-0.67776906	-15.86962000	-15.86962000
-0.67276906	-15.86962000	-15.86962000
-0.66776906	-15.86962000	-15.86962000
-0.66276906	-15.86962000	-15.86962000
-0.65776906	-15.86962000	-15.86962000
-0.65276906	-15.86962000	-15.86962000
-0.64776906	-15.86962000	-15.86962000
-0.64276906	-15.86962000	-15.86962000
-0.63776906	-15.86962000	-15.86962000
-0.63276906	-15.86962000	-15.86962000
-0.62776906	-15.86962000	-15.86962000
-0.62276906	-15.86962000	-15.86962000
-0.61776906	-15.86962000	-15.86962000
-0.61276906	-15.86962000	-15.86962000
-0.60776906	-15.86962000	-15.80859000
-0.60276906	-15.86962000	-15.57970000
-0.59776906	-15.86962000	-16.75466000
-0.59276906	-15.86962000	-19.30296000
-0.58776906	-15.86962000	-19.24192000
-0.58276906	-15.86962000	-16.46474000
-0.57776906	-15.86962000	-16.40370000
-0.57276906	-15.86962000	-18.95199000
-0.56776906	-15.86962000	-20.12696000
-0.56276906	-15.86962000	-19.89807000
-0.55776906	-15.86962000	-19.83703000
-0.55276906	-15.86962000	-19.83703000
-0.54776906	-15.86962000	-19.83703000
-0.54276906	-15.86962000	-19.83703000
-0.53776906	-15.86962000	-19.83703000
-0.53276906	-15.86962000	-19.83703000
-0.52776906	-15.86962000	-19.89807000
-0.52276906	-15.86962000	-20.12696000
-0.51776906	-15.86962000	-18.95199000
-0.51276906	-15.86962000	-16.40370000
-0.50776906	-15.86962000	-16.40370000
-0.50276906	-15.86962000	-18.95199000
-0.49776906	-15.86962000	-20.12696000
-0.49276906	-15.86962000	-19.89807000
-0.48776906	-15.86962000	-19.83703000
-0.48276906	-15.86962000	-19.83703000
-0.47776906	-15.86962000	-19.89807000
-0.47276906	-15.86962000	-20.12696000
-0.46776906	-15.86962000	-18.95199000
-0.46276906	-15.86962000	-16.40370000
-0.45776906	-15.86962000	-16.40370000
-0.45276906	-15.86962000	-18.95199000
-0.44776906	-15.86962000	-20.18799000
-0.44276906	-15.86962000	-20.18799000
-0.43776906	-15.86962000	-19.01303000
-0.43276906	-15.86962000	-16.69362000
-0.42776906	-15.86962000	-15.57970000
-0.42276906	-15.86962000	-15.80859000
-0.41776906	-15.86962000	-15.80859000
-0.41276906	-15.86962000	-15.57970000
-0.40776906	-15.86962000	-16.75466000
-0.40276906	-15.86962000	-19.30296000
-0.39776906	-15.86962000	-19.30296000
-0.39276906	-15.86962000	-16.75466000
-0.38776906	-15.86962000	-15.57970000
-0.38276906	-15.86962000	-15.80859000
-0.37776906	-15.86962000	-15.86962000
-0.37276906	-15.86962000	-15.86962000
-0.36776906	-15.86962000	-15.86962000
-0.36276906	-15.86962000	-15.86962000
-0.35776906	-15.86962000	-15.80859000
-0.35276906	-15.86962000	-15.57970000
-0.34776906	-15.86962000	-16.69362000
-0.34276906	-15.86962000	-19.01303000
-0.33776906	-15.86962000	-20.18799000
-0.33276906	-15.86962000	-20.18799000
-0.32776906	-15.86962000	-19.01303000
-0.32276906	-15.86962000	-16.69362000
-0.31776906	-15.86962000	-15.57970000
-0.31276906	-15.86962000	-15.80859000
-0.30776906	-15.86962000	-15.86962000
-0.30276906	-15.86962000	-15.86962000
-0.29776906	-15.86962000	-15.86962000
-0.29276906	-15.86962000	-15.86962000
-0.28776906	-15.86962000	-15.86962000
-0.28276906	-15.86962000	-15.86962000
-0.27776906	-15.86962000	-15.86962000
-0.27276906	-15.86962000	-15.86962000
-0.26776906	-15.86962000	-15.86962000
-0.26276906	-15.86962000	-15.86962000
-0.25776906	-15.86962000	-15.86962000
-0.25276906	-15.86962000	-15.86962000
-0.24776906	-15.86962000	-15.86962000
-0.24276906	-15.86962000	-15.86962000
-0.23776906	-15.86962000	-15.86962000
-0.23276906	-15.86962000	-15.86962000
-0.22776906	-15.86962000	-15.86962000
-0.22276906	-15.86962000	-15.86962000
-0.21776906	-15.86962000	-15.86962000
-0.21276906	-15.86962000	-15.86962000
-0.20776906	-15.86962000	-15.86962000
-0.20276906	-15.86962000	-15.86962000
-0.19776906	-15.86962000	-15.86962000
-0.19276906	-15.86962000	-15.86962000
-0.18776906	-15.86962000	-15.86962000
-0.18276906	-15.86962000	-15.86962000
-0.17776906	-15.86962000	-15.86962000
-0.17276906	-15.86962000	-15.86962000
-0.16776906	-15.86962000	-15.80859000
-0.16276906	-15.86962000	-15.57970000
-0.15776906	-15.86962000	-16.75466000
-0.15276906	-15.86962000	-19.30296000
-0.14776906	-15.86962000	-19.24192000
-0.14276906	-15.86962000	-16.46474000
-0.13776906	-15.86962000	-16.46474000
-0.13276906	-15.86962000	-19.24192000
-0.12776906	-15.86962000	-19.24192000
-0.12276906	-15.86962000	-16.46474000
-0.11776906	-15.93066000	-16.40370000
-0.11276906	-16.15955000	-18.95199000
-0.10776906	-15.16770000	-20.12696000
-0.10276906	-13.30607000	-19.89807000
-0.09776906	-10.13214000	-19.77599000
-0.09276906	-6.43940500	-19.54710000
-0.08776906	-1.08340700	-20.59999000
-0.08276906	4.69985000	-22.69051000
-0.07776906	11.04770000	-24.91836000
-0.07276906	16.37318000	-27.00888000
-0.06776906	23.83495000	-28.06177000
-0.06276906	31.70873000	-27.83288000
-0.05776906	39.17051000	-27.71080000
-0.05276906	44.49598000	-27.48192000
-0.04776906	50.84383000	-28.59584000
-0.04276906	56.62709000	-30.91525000
-0.03776906	61.86102000	-32.02917000
-0.03276906	65.09598000	-31.80028000
-0.02776906	70.32990000	-31.73925000
-0.02276906	76.12842000	-31.73925000
-0.01776906	82.59834000	-31.73925000
-0.01276906	88.38160000	-31.73925000
-0.00776906	93.61552000	-31.73925000
-0.00276906	96.85049000	-31.73925000
0.00223094	102.08440000	-31.73925000
0.00723094	107.86770000	-31.73925000
0.01223094	114.33760000	-31.73925000
0.01723094	120.12080000	-31.73925000
0.02223094	125.35480000	-31.80028000
0.02723094	128.58970000	-32.02917000
0.03223094	133.88470000	-30.91525000
0.03723094	139.91210000	-28.59584000
0.04223094	145.20700000	-27.48192000
0.04723094	148.44200000	-27.71080000
0.05223094	153.73700000	-27.77184000
0.05723094	159.74910000	-27.77184000
0.06223094	165.04410000	-27.77184000
0.06723094	168.27910000	-27.77184000
0.07223094	173.63510000	-27.71080000
0.07723094	179.87610000	-27.48192000
0.08223094	184.11810000	-28.65688000
0.08723094	185.26260000	-31.20517000
0.09223094	188.26870000	-31.14414000
0.09723094	191.96140000	-28.36695000
0.10223094	197.43950000	-28.30592000
0.10723094	203.68050000	-30.85421000
0.11223094	207.92260000	-32.02917000
0.11723094	209.06700000	-31.80028000
0.12223094	212.19520000	-31.73925000
0.12723094	216.36100000	-31.73925000
0.13223094	219.61120000	-31.73925000
0.13723094	221.21340000	-31.73925000
0.14223094	223.27340000	-31.73925000
0.14723094	225.13500000	-31.73925000
0.15223094	227.24080000	-31.73925000
0.15723094	229.10240000	-31.73925000
0.16223094	231.20820000	-31.73925000
0.16723094	233.06980000	-31.73925000
0.17223094	235.17560000	-31.73925000
0.17723094	237.03720000	-31.73925000
0.18223094	239.14300000	-31.73925000
0.18723094	241.00470000	-31.73925000
0.19223094	243.11040000	-31.73925000
0.19723094	244.97210000	-31.73925000
0.20223094	247.07780000	-31.73925000
0.20723094	248.93950000	-31.73925000
0.21223094	251.10630000	-31.73925000
0.21723094	253.19680000	-31.73925000
0.22223094	254.18860000	-31.73925000
0.22723094	253.73090000	-31.73925000
0.23223094	254.78380000	-31.73925000
0.23723094	257.10310000	-31.73925000
0.24223094	258.15600000	-31.73925000
0.24723094	257.69830000	-31.73925000
0.25223094	258.75120000	-31.73925000
0.25723094	261.07060000	-31.73925000
0.26223094	262.18450000	-31.73925000
0.26723094	261.95560000	-31.73925000
0.27223094	261.89460000	-31.73925000
0.27723094	261.89460000	-31.73925000
0.28223094	261.89460000	-31.73925000
0.28723094	261.89460000	-31.73925000
0.29223094	261.83350000	-31.73925000
0.29723094	261.60460000	-31.73925000
0.30223094	262.71860000	-31.73925000
0.30723094	265.03800000	-31.73925000
0.31223094	266.21300000	-31.73925000
0.31723094	266.21300000	-31.73925000
0.32223094	264.97690000	-31.73925000
0.32723094	262.42860000	-31.73925000
0.33223094	262.42860000	-31.73925000
0.33723094	264.97690000	-31.73925000
0.34223094	266.15190000	-31.73925000
0.34723094	265.92300000	-31.73925000
0.35223094	265.86200000	-31.73925000
0.35723094	265.86200000	-31.73925000
0.36223094	265.86200000	-31.73925000
0.36723094	265.86200000	-31.73925000
0.37223094	265.86200000	-31.73925000
0.37723094	265.86200000	-31.73925000
0.38223094	265.86200000	-31.73925000
0.38723094	265.86200000	-31.73925000
0.39223094	265.86200000	-31.80028000
0.39723094	265.86200000	-32.02917000
0.40223094	265.86200000	-30.85421000
0.40723094	265.86200000	-28.30592000
0.41223094	265.86200000	-28.36695000
0.41723094	265.86200000	-31.14414000
0.42223094	265.86200000	-31.20517000
0.42723094	265.86200000	-28.65688000
0.43223094	265.86200000	-27.48192000
0.43723094	265.86200000	-27.71080000
0.44223094	265.86200000	-27.77184000
0.44723094	265.86200000	-27.77184000
0.45223094	265.86200000	-27.77184000
0.45723094	265.86200000	-27.77184000
0.46223094	265.86200000	-27.77184000
0.46723094	265.86200000	-27.77184000
0.47223094	265.86200000	-27.77184000
0.47723094	265.86200000	-27.77184000
0.48223094	265.86200000	-27.77184000
0.48723094	265.86200000	-27.77184000
0.49223094	265.92300000	-27.77184000
0.49723094	266.15190000	-27.77184000
0.50223094	265.03800000	-27.77184000
0.50723094	262.71860000	-27.77184000
0.51223094	261.60460000	-27.77184000
0.51723094	261.83350000	-27.77184000
0.52223094	261.95560000	-27.77184000
0.52723094	262.18450000	-27.77184000
0.53223094	261.07060000	-27.77184000
0.53723094	258.75120000	-27.77184000
0.54223094	257.69830000	-27.77184000
0.54723094	258.15600000	-27.77184000
0.55223094	257.10310000	-27.77184000
0.55723094	254.78380000	-27.77184000
0.56223094	253.73090000	-27.77184000
0.56723094	254.18860000	-27.77184000
0.57223094	253.19680000	-27.77184000
0.57723094	251.10630000	-27.77184000
0.58223094	248.87840000	-27.77184000
0.58723094	246.78790000	-27.77184000
0.59223094	245.79610000	-27.77184000
0.59723094	246.25380000	-27.77184000
0.60223094	245.26200000	-27.83288000
0.60723094	243.17150000	-28.06177000
0.61223094	241.00470000	-26.94784000
0.61723094	239.14300000	-24.62844000
0.62223094	236.97620000	-23.51451000
0.62723094	234.88570000	-23.74340000
0.63223094	233.89380000	-23.80444000
0.63723094	234.35160000	-23.80444000
0.64223094	233.29870000	-23.80444000
0.64723094	230.97930000	-23.80444000
0.65223094	229.92640000	-23.80444000
0.65723094	230.38420000	-23.80444000
0.66223093	229.33130000	-23.80444000
0.66723093	227.01190000	-23.80444000
0.67223093	225.95900000	-23.80444000
0.67723093	226.41680000	-23.80444000
0.68223093	225.36390000	-23.80444000
0.68723093	223.04450000	-23.80444000
0.69223093	221.99160000	-23.80444000
0.69723093	222.44940000	-23.80444000
0.70223093	221.39650000	-23.80444000
0.70723093	219.07710000	-23.80444000
0.71223093	218.02420000	-23.80444000
0.71723093	218.48200000	-23.80444000
0.72223093	217.42910000	-23.80444000
0.72723093	215.10970000	-23.80444000
0.73223093	213.99580000	-23.86547000
0.73723093	214.22470000	-24.09436000
0.74223093	214.28570000	-22.98043000
0.74723093	214.28570000	-20.66103000
0.75223093	214.34670000	-19.54710000
0.75723093	214.57560000	-19.77599000
0.76223093	213.46170000	-19.83703000
0.76723093	211.12700000	-19.83703000
0.77223093	210.01310000	-19.83703000
0.77723093	210.24200000	-19.83703000
0.78223093	210.36410000	-19.83703000
0.78723093	210.59300000	-19.83703000
0.79223093	209.47900000	-19.83703000
0.79723093	207.15960000	-19.83703000
0.80223093	206.04570000	-19.83703000
0.80723093	206.27460000	-19.83703000
0.81223093	206.39670000	-19.83703000
0.81723093	206.62550000	-19.83703000
0.82223093	205.51160000	-19.83703000
0.82723093	203.19220000	-19.83703000
0.83223093	202.07830000	-19.83703000
0.83723093	202.30720000	-19.83703000
0.84223093	202.42930000	-19.77599000
0.84723093	202.65810000	-19.54710000
0.85223093	201.54420000	-20.72207000
0.85723093	199.22480000	-23.27036000
0.86223093	198.11090000	-23.27036000
0.86723093	198.33980000	-20.72207000
0.87223093	198.40080000	-19.54710000
0.87723093	198.40080000	-19.77599000
0.88223093	198.40080000	-19.77599000
0.88723093	198.40080000	-19.54710000
0.89223093	198.46190000	-20.72207000
0.89723093	198.69080000	-23.27036000
0.90223093	197.63790000	-23.27036000
0.90723093	195.54730000	-20.72207000
0.91223093	193.31950000	-19.54710000
0.91723093	191.22900000	-19.77599000
0.92223093	190.17610000	-19.83703000
0.92723093	190.40500000	-19.83703000
0.93223093	190.46600000	-19.83703000
0.93723093	190.46600000	-19.83703000
0.94223093	190.46600000	-19.83703000
0.94723093	190.46600000	-19.83703000
0.95223093	190.52700000	-19.83703000
0.95723093	190.75590000	-19.83703000
0.96223093	189.64200000	-19.83703000
0.96723093	187.32260000	-19.83703000
0.97223093	186.20870000	-19.83703000
0.97723093	186.43760000	-19.83703000
0.98223093	186.55960000	-19.83703000
0.98723093	186.78850000	-19.83703000
0.99223093	185.67460000	-19.83703000
0.99723093	183.35520000	-19.83703000
1.00223093	182.24130000	-19.83703000
1.00723093	182.47020000	-19.83703000
1.01223093	182.53120000	-19.83703000
1.01723093	182.53120000	-19.83703000
1.02223093	182.53120000	-19.83703000
1.02723093	182.53120000	-19.83703000
1.03223093	182.59220000	-19.83703000
1.03723093	182.82110000	-19.83703000
1.04223093	181.70720000	-19.83703000
1.04723093	179.38780000	-19.83703000
1.05223093	178.27390000	-19.83703000
1.05723093	178.50280000	-19.83703000
1.06223093	178.56380000	-19.83703000
1.06723093	178.56380000	-19.83703000
1.07223093	178.62480000	-19.89807000
1.07723093	178.85370000	-20.12696000
1.08223093	177.73980000	-18.95199000
1.08723093	175.42040000	-16.40370000
1.09223093	174.30650000	-16.46474000
1.09723093	174.53530000	-19.24192000
1.10223093	174.65740000	-19.24192000
1.10723093	174.88630000	-16.46474000
1.11223093	173.77240000	-16.46474000
1.11723093	171.45300000	-19.24192000
1.12223093	170.33910000	-19.24192000
1.12723093	170.56790000	-16.46474000
1.13223093	170.62900000	-16.40370000
1.13723093	170.62900000	-18.95199000
1.14223093	170.69000000	-20.12696000
1.14723093	170.91890000	-19.89807000
1.15223093	169.80500000	-19.83703000
1.15723093	167.48560000	-19.83703000
1.16223093	166.37160000	-19.83703000
1.16723093	166.60050000	-19.83703000
1.17223093	166.66160000	-19.83703000
1.17723093	166.66160000	-19.83703000
1.18223093	166.66160000	-19.83703000
1.18723093	166.66160000	-19.83703000
1.19223093	166.72260000	-19.83703000
1.19723093	166.95150000	-19.83703000
1.20223093	165.83760000	-19.83703000
1.20723093	163.51820000	-19.83703000
1.21223093	162.40430000	-19.83703000
1.21723093	162.63310000	-19.83703000
1.22223093	162.75520000	-19.83703000
1.22723093	162.98410000	-19.83703000
1.23223093	161.87020000	-19.83703000
1.23723093	159.55080000	-19.83703000
1.24223093	158.43680000	-19.83703000
1.24723093	158.66570000	-19.83703000
1.25223093	158.72680000	-19.89807000
1.25723093	158.72680000	-20.12696000
1.26223093	158.72680000	-19.01303000
1.26723093	158.72680000	-16.69362000
1.27223093	158.78780000	-15.57970000
1.27723093	159.01670000	-15.80859000
1.28223093	157.90280000	-15.80859000
1.28723093	155.58340000	-15.57970000
1.29223093	154.46940000	-16.69362000
1.29723093	154.69830000	-19.01303000
1.30223093	154.75940000	-20.12696000
1.30723093	154.75940000	-19.89807000
1.31223093	154.82040000	-19.89807000
1.31723093	155.04930000	-20.12696000
1.32223093	153.93530000	-19.01303000
1.32723093	151.61590000	-16.69362000
1.33223093	150.50200000	-15.57970000
1.33723093	150.73090000	-15.80859000
1.34223093	150.79190000	-15.80859000
1.34723093	150.79190000	-15.57970000
1.35223093	150.79190000	-16.75466000
1.35723093	150.79190000	-19.30296000
1.36223093	150.79190000	-19.30296000
1.36723093	150.79190000	-16.75466000
1.37223093	150.85300000	-15.57970000
1.37723093	151.08190000	-15.80859000
1.38223093	149.96790000	-15.86962000
1.38723093	147.64850000	-15.86962000
1.39223093	146.59560000	-15.86962000
1.39723093	147.05340000	-15.86962000
1.40223093	146.00050000	-15.86962000
1.40723093	143.68110000	-15.86962000
1.41223093	142.56720000	-15.80859000
1.41723093	142.79610000	-15.57970000
1.42223093	142.85710000	-16.69362000
1.42723093	142.85710000	-19.01303000
1.43223093	142.85710000	-20.12696000
1.43723093	142.85710000	-19.89807000
1.44223093	142.91820000	-19.83703000
1.44723093	143.14710000	-19.83703000
1.45223093	142.03310000	-19.83703000
1.45723093	139.69850000	-19.83703000
1.46223093	138.58450000	-19.83703000
1.46723093	138.81340000	-19.83703000
1.47223093	138.87450000	-19.83703000
1.47723093	138.87450000	-19.83703000
1.48223093	138.87450000	-19.83703000
1.48723093	138.87450000	-19.83703000
1.49223093	138.93550000	-19.89807000
1.49723093	139.16440000	-20.12696000
1.50223093	138.05050000	-18.95199000
1.50723093	135.73110000	-16.40370000
1.51223093	134.61710000	-16.46474000
1.51723093	134.84600000	-19.24192000
1.52223093	134.90710000	-19.30296000
1.52723093	134.90710000	-16.75466000
1.53223093	134.90710000	-15.57970000
1.53723093	134.90710000	-15.80859000
1.54223093	134.90710000	-15.86962000
1.54723093	134.90710000	-15.86962000
1.55223093	134.96810000	-15.86962000
1.55723093	135.19700000	-15.86962000
1.56223093	134.08310000	-15.86962000
1.56723093	131.76370000	-15.86962000
1.57223093	130.64970000	-15.86962000
1.57723093	130.87860000	-15.86962000
1.58223093	131.00070000	-15.86962000
1.58723093	131.22960000	-15.86962000
1.59223093	130.05460000	-15.86962000
1.59723093	127.50630000	-15.86962000
1.60223093	127.50630000	-15.86962000
1.60723093	130.05460000	-15.86962000
1.61223093	131.29060000	-15.86962000
1.61723093	131.29060000	-15.86962000
1.62223093	130.11560000	-15.86962000
1.62723093	127.79630000	-15.86962000
1.63223093	126.68230000	-15.86962000
1.63723093	126.91120000	-15.86962000
1.64223093	126.97230000	-15.80859000
1.64723093	126.97230000	-15.57970000
1.65223093	127.03330000	-16.69362000
1.65723093	127.26220000	-19.01303000
1.66223093	126.14820000	-20.18799000
1.66723093	123.82880000	-20.18799000
1.67223093	122.71490000	-18.95199000
1.67723093	122.94380000	-16.40370000
1.68223093	123.00480000	-16.40370000
1.68723093	123.00480000	-18.95199000
1.69223093	123.00480000	-20.12696000
1.69723093	123.00480000	-19.89807000
1.70223093	123.06590000	-19.83703000
1.70723093	123.29480000	-19.83703000
1.71223093	122.18080000	-19.89807000
1.71723093	119.86140000	-20.12696000
1.72223093	118.74750000	-18.95199000
1.72723093	118.97640000	-16.40370000
1.73223093	119.03740000	-16.46474000
1.73723093	119.03740000	-19.24192000
1.74223093	119.03740000	-19.30296000
1.74723093	119.03740000	-16.75466000
1.75223093	119.03740000	-15.57970000
1.75723093	119.03740000	-15.80859000
1.76223093	119.09850000	-15.86962000
1.76723093	119.32740000	-15.86962000
1.77223093	118.21340000	-15.86962000
1.77723093	115.89400000	-15.86962000
1.78223093	114.78010000	-15.86962000
1.78723093	115.00900000	-15.86962000
1.79223093	115.07000000	-15.86962000
1.79723093	115.07000000	-15.86962000
1.80223093	115.07000000	-15.80859000
1.80723093	115.07000000	-15.57970000
1.81223093	115.13110000	-16.75466000
1.81723093	115.36000000	-19.30296000
1.82223093	114.24600000	-19.30296000
1.82723093	111.92660000	-16.75466000
1.83223093	110.81270000	-15.51866000
1.83723093	111.04160000	-15.51866000
1.84223093	111.10260000	-16.75466000
1.84723093	111.10260000	-19.30296000
1.85223093	111.10260000	-19.24192000
1.85723093	111.10260000	-16.46474000
1.86223093	111.10260000	-16.46474000
1.86723093	111.10260000	-19.24192000
1.87223093	111.16370000	-19.24192000
1.87723093	111.39250000	-16.46474000
1.88223093	110.27860000	-16.46474000
1.88723093	107.95920000	-19.24192000
1.89223093	106.84530000	-19.30296000
1.89723093	107.07420000	-16.75466000
1.90223093	107.13520000	-15.57970000
1.90723093	107.13520000	-15.80859000
1.91223093	107.13520000	-15.86962000
1.91723093	107.13520000	-15.86962000
1.92223093	107.13520000	-15.80859000
1.92723093	107.13520000	-15.57970000
1.93223093	107.19630000	-16.75466000
1.93723093	107.42510000	-19.30296000
1.94223093	106.31120000	-19.30296000
1.94723093	103.99180000	-16.75466000
1.95223093	102.87790000	-15.57970000
1.95723093	103.10680000	-15.80859000
1.96223093	103.16780000	-15.86962000
1.96723093	103.16780000	-15.86962000
1.97223093	103.16780000	-15.80859000
1.97723093	103.16780000	-15.57970000
1.98223093	103.16780000	-16.75466000
1.98723093	103.16780000	-19.30296000
1.99223093	103.16780000	-19.30296000
1.99723093	103.16780000	-16.75466000
2.00223093	103.16780000	-15.51866000
2.00723093	103.16780000	-15.51866000
2.01223093	103.22890000	-16.69362000
2.01723093	103.45770000	-19.01303000
2.02223093	102.34380000	-20.18799000
2.02723093	100.02440000	-20.18799000
2.03223093	98.91048000	-19.01303000
2.03723093	99.13937000	-16.69362000
2.04223093	99.20041000	-15.51866000
2.04723093	99.20041000	-15.51866000
2.05223093	99.20041000	-16.75466000
2.05723093	99.20041000	-19.30296000
2.06223093	99.20041000	-19.24192000
2.06723093	99.20041000	-16.46474000
2.07223093	99.26145000	-16.40370000
2.07723093	99.49034000	-18.95199000
2.08223093	98.37641000	-20.12696000
2.08723093	96.05700000	-19.89807000
2.09223093	94.94308000	-19.83703000
2.09723093	95.17197000	-19.83703000
2.10223093	95.23300000	-19.83703000
2.10723093	95.23300000	-19.83703000
2.11223093	95.23300000	-19.83703000
2.11723093	95.23300000	-19.83703000
2.12223093	95.23300000	-19.83703000
2.12723093	95.23300000	-19.83703000
2.13223093	95.29404000	-19.89807000
2.13723093	95.52293000	-20.12696000
2.14223093	94.40900000	-19.01303000
2.14723093	92.08959000	-16.69362000
2.15223093	90.97568000	-15.57970000
2.15723093	91.20457000	-15.80859000
2.16223093	91.26560000	-15.86962000
2.16723093	91.26560000	-15.86962000
2.17223093	91.26560000	-15.86962000
2.17723093	91.26560000	-15.86962000
2.18223093	91.26560000	-15.86962000
2.18723093	91.26560000	-15.86962000
2.19223093	91.32664000	-15.86962000
2.19723093	91.55552000	-15.86962000
2.20223093	90.38056000	-15.86962000
2.20723093	87.83227000	-15.86962000
2.21223093	87.89330000	-15.86962000
2.21723093	90.67049000	-15.86962000
2.22223093	90.73153000	-15.80859000
2.22723093	88.18323000	-15.57970000
2.23223093	87.00826000	-16.69362000
2.23723093	87.23715000	-19.01303000
2.24223093	87.29819000	-20.12696000
2.24723093	87.29819000	-19.89807000
2.25223093	87.29819000	-19.83703000
2.25723093	87.29819000	-19.83703000
2.26223093	87.29819000	-19.83703000
2.26723093	87.29819000	-19.83703000
2.27223093	87.35923000	-19.83703000
2.27723093	87.58812000	-19.83703000
2.28223093	86.47419000	-19.83703000
2.28723093	84.15479000	-19.83703000
2.29223093	83.04086000	-19.83703000
2.29723093	83.26974000	-19.83703000
2.30223093	83.33078000	-19.83703000
2.30723092	83.33078000	-19.83703000
2.31223092	83.33078000	-19.83703000
2.31723092	83.33078000	-19.83703000
2.32223092	83.33078000	-19.89807000
2.32723092	83.33078000	-20.12696000
2.33223092	83.33078000	-18.95199000
2.33723092	83.33078000	-16.40370000
2.34223092	83.33078000	-16.40370000
2.34723092	83.33078000	-18.95199000
2.35223092	83.39182000	-20.12696000
2.35723092	83.62070000	-19.89807000
2.36223092	82.50678000	-19.83703000
2.36723092	80.18738000	-19.83703000
2.37223092	79.07346000	-19.89807000
2.37723092	79.30235000	-20.12696000
2.38223092	79.36338000	-19.01303000
2.38723092	79.36338000	-16.69362000
2.39223092	79.36338000	-15.51866000
2.39723092	79.36338000	-15.51866000
2.40223092	79.36338000	-16.75466000
2.40723092	79.36338000	-19.30296000
2.41223092	79.36338000	-19.30296000
2.41723092	79.36338000	-16.75466000
2.42223092	79.36338000	-15.57970000
2.42723092	79.36338000	-15.80859000
2.43223092	79.42442000	-15.80859000
2.43723092	79.65331000	-15.57970000
2.44223092	78.53938000	-16.75466000
2.44723092	76.21997000	-19.30296000
2.45223092	75.10605000	-19.30296000
2.45723092	75.33494000	-16.75466000
2.46223092	75.39597000	-15.51866000
2.46723092	75.39597000	-15.51866000
2.47223092	75.39597000	-16.75466000
2.47723092	75.39597000	-19.30296000
2.48223092	75.39597000	-19.24192000
2.48723092	75.39597000	-16.46474000
2.49223092	75.39597000	-16.40370000
2.49723092	75.39597000	-18.95199000
2.50223092	75.45701000	-20.12696000
2.50723092	75.68590000	-19.89807000
2.51223092	74.57197000	-19.83703000
2.51723092	72.25256000	-19.83703000
2.52223092	71.13864000	-19.83703000
2.52723092	71.36753000	-19.83703000
2.53223092	71.42857000	-19.89807000
2.53723092	71.42857000	-20.12696000
2.54223092	71.42857000	-19.01303000
2.54723092	71.42857000	-16.69362000
2.55223092	71.42857000	-15.57970000
2.55723092	71.42857000	-15.80859000
2.56223092	71.42857000	-15.86962000
2.56723092	71.42857000	-15.86962000
2.57223092	71.42857000	-15.86962000
2.57723092	71.42857000	-15.86962000
2.58223092	71.42857000	-15.86962000
2.58723092	71.42857000	-15.86962000
2.59223092	71.42857000	-15.86962000
2.59723092	71.42857000	-15.86962000
2.60223092	71.42857000	-15.86962000
2.60723092	71.42857000	-15.86962000
2.61223092	71.48961000	-15.86962000
2.61723092	71.71850000	-15.86962000
2.62223092	70.60457000	-15.86962000
2.62723092	68.26991000	-15.86962000
2.63223092	67.15598000	-15.86962000
2.63723092	67.38486000	-15.86962000
2.64223092	67.44590000	-15.86962000
2.64723092	67.44590000	-15.86962000
2.65223092	67.44590000	-15.86962000
2.65723092	67.44590000	-15.86962000
2.66223092	67.44590000	-15.86962000
2.66723092	67.44590000	-15.86962000
2.67223092	67.44590000	-15.86962000
2.67723092	67.44590000	-15.86962000
2.68223092	67.50694000	-15.80859000
2.68723092	67.73582000	-15.57970000
2.69223092	66.62190000	-16.75466000
2.69723092	64.30249000	-19.30296000
2.70223092	63.18857000	-19.30296000
2.70723092	63.41746000	-16.75466000
2.71223092	63.47850000	-15.57970000
2.71723092	63.47850000	-15.80859000
2.72223092	63.47850000	-15.86962000
2.72723092	63.47850000	-15.86962000
2.73223092	63.47850000	-15.86962000
2.73723092	63.47850000	-15.86962000
2.74223092	63.47850000	-15.86962000
2.74723092	63.47850000	-15.86962000
2.75223092	63.47850000	-15.86962000
2.75723092	63.47850000	-15.86962000
2.76223092	63.47850000	-15.86962000
2.76723092	63.47850000	-15.86962000
2.77223092	63.47850000	-15.86962000
2.77723092	63.47850000	-15.86962000
2.78223092	63.47850000	-15.86962000
2.78723092	63.47850000	-15.86962000
2.79223092	63.47850000	-15.86962000
2.79723092	63.47850000	-15.86962000
2.80223092	63.53953000	-15.86962000
2.80723092	63.76842000	-15.86962000
2.81223092	62.65450000	-15.86962000
2.81723092	60.33509000	-15.86962000
2.82223092	59.22116000	-15.86962000
2.82723092	59.45005000	-15.86962000
2.83223092	59.51109000	-15.86962000
2.83723092	59.51109000	-15.86962000
2.84223092	59.51109000	-15.86962000
2.84723092	59.51109000	-15.86962000
2.85223092	59.51109000	-15.86962000
2.85723092	59.51109000	-15.86962000
2.86223092	59.57213000	-15.86962000
2.86723092	59.80102000	-15.86962000
2.87223092	58.62605000	-15.86962000
2.87723092	56.07775000	-15.86962000
2.88223092	56.07775000	-15.86962000
2.88723092	58.62605000	-15.86962000
2.89223092	59.80102000	-15.86962000
2.89723092	59.57213000	-15.86962000
2.90223092	59.57213000	-15.86962000
2.90723092	59.80102000	-15.86962000
2.91223092	58.68709000	-15.86962000
2.91723092	56.36768000	-15.86962000
2.92223092	55.25376000	-15.86962000
2.92723092	55.48264000	-15.86962000
2.93223092	55.54368000	-15.86962000
2.93723092	55.54368000	-15.86962000
2.94223092	55.54368000	-15.86962000
2.94723092	55.54368000	-15.86962000
2.95223092	55.54368000	-15.86962000
2.95723092	55.54368000	-15.86962000
2.96223092	55.54368000	-15.86962000
2.96723092	55.54368000	-15.86962000
2.97223092	55.54368000	-15.86962000
2.97723092	55.54368000	-15.86962000
2.98223092	55.54368000	-15.86962000
2.98723092	55.54368000	-15.86962000
2.99223092	55.60472000	-15.93066000
2.99723092	55.83361000	-16.15955000
3.00223092	54.65865000	-15.10666000
3.00723092	52.11035000	-13.01614000
3.01223092	52.11035000	-10.84933000
3.01723092	54.65865000	-8.98770000
3.02223092	55.89465000	-7.04977500
3.02723092	55.89465000	-5.90533100
3.03223092	54.71968000	-0.67140720
3.03723092	52.40028000	7.18710900
3.04223092	51.28635000	16.84622000
3.04723092	51.51524000	26.09332000
3.05223092	51.57627000	37.75139000
3.05723092	51.57627000	48.82961000
3.06223092	51.57627000	62.66976000
3.06723092	51.57627000	75.85375000
3.07223092	51.57627000	90.74679000
3.07723092	51.57627000	103.68660000
3.08223092	51.57627000	118.64070000
3.08723092	51.57627000	132.03830000
3.09223092	51.57627000	144.82560000
3.09723092	51.57627000	153.84380000
3.10223092	51.57627000	163.38080000
3.10723092	51.57627000	171.01050000
3.11223092	51.63731000	177.29730000
3.11723092	51.86620000	180.53220000
3.12223092	50.75228000	184.71330000
3.12723092	48.43287000	188.63490000
3.13223092	47.25791000	191.86990000
3.13723092	47.25791000	193.73150000
3.14223092	48.49391000	194.78440000
3.14723092	51.04220000	194.78440000
3.15223092	51.04220000	193.73150000
3.15723092	48.49391000	191.86990000
3.16223092	47.31895000	188.63490000
3.16723092	47.54784000	184.71330000
3.17223092	47.60887000	180.41020000
3.17723092	47.60887000	176.71740000
3.18223092	47.60887000	172.47530000
3.18723092	47.60887000	168.78260000
3.19223092	47.60887000	164.54050000
3.19723092	47.60887000	160.84780000
3.20223092	47.60887000	156.66680000
3.20723092	47.60887000	153.20290000
3.21223092	47.60887000	147.84690000
3.21723092	47.60887000	141.81950000
3.22223092	47.60887000	136.46350000
3.22723092	47.60887000	132.99960000
3.23223092	47.60887000	128.87970000
3.23723092	47.60887000	125.41580000
3.24223092	47.60887000	120.05980000
3.24723092	47.60887000	114.04770000
3.25223092	47.60887000	108.69170000
3.25723092	47.60887000	105.22780000
3.26223092	47.66991000	100.98570000
3.26723092	47.89880000	97.06412000
3.27223092	46.78487000	93.93597000
3.27723092	44.46547000	92.56263000
3.28223092	43.35154000	89.37345000
3.28723092	43.58043000	85.22293000
3.29223092	43.64147000	82.03374000
3.29723092	43.64147000	80.66042000
3.30223092	43.64147000	77.47123000
3.30723092	43.64147000	73.32071000
3.31223092	43.64147000	70.07050000
3.31723092	43.64147000	68.45301000
3.32223092	43.64147000	66.43879000
3.32723092	43.64147000	64.83657000
3.33223092	43.64147000	61.58635000
3.33723092	43.64147000	57.43583000
3.34223092	43.64147000	54.13984000
3.34723092	43.64147000	52.27820000
3.35223092	43.64147000	51.34739000
3.35723092	43.64147000	51.80516000
3.36223092	43.70250000	50.81331000
3.36723092	43.93139000	48.72280000
3.37223092	42.75643000	46.55598000
3.37723092	40.20813000	44.69436000
3.38223092	40.20813000	42.52754000
3.38723092	42.75643000	40.43702000
3.39223092	43.99243000	39.44517000
3.39723092	43.99243000	39.90295000
3.40223092	42.81747000	38.85006000
3.40723092	40.49806000	36.53065000
3.41223092	39.38414000	35.47777000
3.41723092	39.61302000	35.93554000
3.42223092	39.67406000	34.88266000
3.42723092	39.67406000	32.56325000
3.43223092	39.67406000	31.51036000
3.43723092	39.67406000	31.96814000
3.44223092	39.67406000	30.97629000
3.44723092	39.67406000	28.88577000
3.45223092	39.67406000	26.65792000
3.45723092	39.67406000	24.56740000
3.46223092	39.67406000	23.51451000
3.46723092	39.67406000	23.74340000
3.47223092	39.67406000	23.86547000
3.47723092	39.67406000	24.09436000
3.48223092	39.67406000	22.98043000
3.48723092	39.67406000	20.66103000
3.49223092	39.67406000	19.54710000
3.49723092	39.67406000	19.77599000
3.50223092	39.67406000	19.89807000
3.50723092	39.67406000	20.12696000
3.51223092	39.67406000	19.01303000
3.51723092	39.67406000	16.69362000
3.52223092	39.67406000	15.57970000
3.52723092	39.67406000	15.80859000
3.53223092	39.67406000	15.93066000
3.53723092	39.67406000	16.15955000
3.54223092	39.73510000	15.04562000
3.54723092	39.96399000	12.72622000
3.55223092	38.85006000	11.61229000
3.55723092	36.53065000	11.84118000
3.56223092	35.41673000	11.90222000
3.56723092	35.64562000	11.90222000
3.57223092	35.70665000	11.90222000
3.57723092	35.70665000	11.90222000
3.58223092	35.70665000	11.90222000
3.58723092	35.70665000	11.90222000
3.59223092	35.70665000	11.96325000
3.59723092	35.70665000	12.19214000
3.60223092	35.70665000	11.07822000
3.60723092	35.70665000	8.75881200
3.61223092	35.70665000	7.64488600
3.61723092	35.70665000	7.87377500
3.62223092	35.76769000	7.93481200
3.62723092	35.99658000	7.93481200
3.63223092	34.88266000	7.93481200
3.63723092	32.56325000	7.93481200
3.64223092	31.38828000	7.93481200
3.64723092	31.38828000	7.93481200
3.65223092	32.62428000	7.93481200
3.65723092	35.17258000	7.93481200
3.66223092	35.17258000	7.99584900
3.66723092	32.62428000	8.22473800
3.67223092	31.44932000	7.11081200
3.67723092	31.67821000	4.79140600
3.68223092	31.73925000	3.67748000
3.68723092	31.73925000	3.90636900
3.69223092	31.73925000	3.96740600
3.69723092	31.73925000	3.96740600
3.70223092	31.73925000	3.96740600
3.70723092	31.73925000	3.96740600
3.71223092	31.73925000	4.02844300
3.71723092	31.73925000	4.25733200
3.72223092	31.73925000	3.08236900
3.72723092	31.73925000	0.53407390
3.73223092	31.73925000	0.53407390
3.73723092	31.73925000	3.08236900
3.74223092	31.73925000	4.25733200
3.74723092	31.73925000	4.02844300
3.75223092	31.73925000	3.96740600
3.75723092	31.73925000	3.96740600
3.76223092	31.73925000	3.96740600
3.76723092	31.73925000	3.96740600
3.77223092	31.73925000	3.96740600
3.77723092	31.73925000	3.96740600
3.78223092	31.73925000	4.02844300
3.78723092	31.73925000	4.25733200
3.79223092	31.73925000	3.08236900
3.79723092	31.73925000	0.53407390
3.80223092	31.73925000	0.59511090
3.80723092	31.73925000	3.37229500
3.81223092	31.73925000	3.43333200
3.81723092	31.73925000	0.88503670
3.82223092	31.73925000	-0.28992580
3.82723092	31.73925000	-0.06103702
3.83223092	31.73925000	0.00000000
3.83723092	31.73925000	0.00000000
3.84223092	31.73925000	0.00000000
3.84723092	31.73925000	0.00000000
3.85223092	31.80028000	0.00000000
3.85723092	32.02917000	0.00000000
3.86223092	30.91525000	0.00000000
3.86723092	28.59584000	0.00000000
3.87223092	27.48192000	0.00000000
3.87723092	27.71080000	0.00000000
3.88223092	27.77184000	0.00000000
3.88723092	27.77184000	0.00000000
3.89223092	27.77184000	0.00000000
3.89723092	27.77184000	0.00000000
3.90223092	27.77184000	0.00000000
3.90723092	27.77184000	0.00000000
3.91223092	27.77184000	0.00000000
3.91723092	27.77184000	0.00000000
3.92223092	27.77184000	0.06103702
3.92723092	27.77184000	0.28992580
3.93223092	27.77184000	-0.82399970
3.93723092	27.77184000	-3.14340600
3.94223092	27.77184000	-4.25733200
3.94723092	27.77184000	-4.02844300
3.95223091	27.77184000	-3.96740600
3.95723091	27.77184000	-3.96740600
3.96223091	27.77184000	-3.96740600
3.96723091	27.77184000	-3.96740600
3.97223091	27.77184000	-3.96740600
3.97723091	27.77184000	-3.96740600
3.98223091	27.77184000	-3.96740600
3.98723091	27.77184000	-3.96740600
3.99223091	27.83288000	-3.96740600
3.99723091	28.06177000	-3.96740600
4.00223091	26.88680000	-3.96740600
4.00723091	24.33851000	-3.96740600
4.01223091	24.33851000	-3.96740600
4.01723091	26.88680000	-3.96740600
4.02223091	28.12280000	-3.96740600
4.02723091	28.12280000	-3.96740600
4.03223091	26.88680000	-3.96740600
4.03723091	24.33851000	-3.96740600
4.04223091	24.33851000	-3.96740600
4.04723091	26.88680000	-3.96740600
4.05223091	28.12280000	-3.96740600
4.05723091	28.12280000	-3.96740600
4.06223091	26.94784000	-3.96740600
4.06723091	24.62844000	-3.96740600
4.07223091	23.51451000	-3.96740600
4.07723091	23.74340000	-3.96740600
4.08223091	23.80444000	-3.96740600
4.08723091	23.80444000	-3.96740600
4.09223091	23.80444000	-3.96740600
4.09723091	23.80444000	-3.96740600
4.10223091	23.80444000	-3.96740600
4.10723091	23.80444000	-3.96740600
4.11223091	23.80444000	-3.96740600
4.11723091	23.80444000	-3.96740600
4.12223091	23.80444000	-3.96740600
4.12723091	23.80444000	-3.96740600
4.13223091	23.80444000	-3.96740600
4.13723091	23.80444000	-3.96740600
4.14223091	23.80444000	-3.96740600
4.14723091	23.80444000	-3.96740600
4.15223091	23.80444000	-3.96740600
4.15723091	23.80444000	-3.96740600
4.16223091	23.80444000	-3.96740600
4.16723091	23.80444000	-3.96740600
4.17223091	23.80444000	-4.02844300
4.17723091	23.80444000	-4.25733200
4.18223091	23.80444000	-3.08236900
4.18723091	23.80444000	-0.53407390
4.19223091	23.80444000	-0.53407390
4.19723091	23.80444000	-3.08236900
4.20223091	23.80444000	-4.25733200
4.20723091	23.80444000	-4.02844300
4.21223091	23.86547000	-3.96740600
4.21723091	24.09436000	-3.96740600
4.22223091	22.91940000	-3.96740600
4.22723091	20.37111000	-3.96740600
4.23223091	20.37111000	-3.96740600
4.23723091	22.91940000	-3.96740600
4.24223091	24.15540000	-3.96740600
4.24723091	24.15540000	-3.96740600
4.25223091	22.91940000	-3.96740600
4.25723091	20.37111000	-3.96740600
4.26223091	20.43214000	-3.96740600
4.26723091	23.20932000	-3.96740600
4.27223091	23.27036000	-3.96740600
4.27723091	20.72207000	-3.96740600
4.28223091	19.54710000	-3.96740600
4.28723091	19.77599000	-3.96740600
4.29223091	19.83703000	-3.96740600
4.29723091	19.83703000	-3.96740600
4.30223091	19.83703000	-3.90636900
4.30723091	19.83703000	-3.67748000
4.31223091	19.83703000	-4.79140600
4.31723091	19.83703000	-7.11081200
4.32223091	19.83703000	-8.22473800
4.32723091	19.83703000	-7.99584900
4.33223091	19.83703000	-7.93481200
4.33723091	19.83703000	-7.93481200
4.34223091	19.83703000	-7.93481200
4.34723091	19.83703000	-7.93481200
4.35223091	19.83703000	-7.93481200
4.35723091	19.83703000	-7.93481200
4.36223091	19.83703000	-7.99584900
4.36723091	19.83703000	-8.22473800
4.37223091	19.83703000	-7.04977500
4.37723091	19.83703000	-4.50148000
4.38223091	19.89807000	-4.50148000
4.38723091	20.12696000	-7.04977500
4.39223091	18.95199000	-8.28577500
4.39723091	16.40370000	-8.28577500
4.40223091	16.40370000	-7.11081200
4.40723091	18.95199000	-4.79140600
4.41223091	20.12696000	-3.61644300
4.41723091	19.89807000	-3.61644300
4.42223091	19.83703000	-4.79140600
4.42723091	19.83703000	-7.11081200
4.43223091	19.89807000	-8.22473800
4.43723091	20.12696000	-7.99584900
4.44223091	19.01303000	-7.93481200
4.44723091	16.69362000	-7.93481200
4.45223091	15.57970000	-7.93481200
4.45723091	15.80859000	-7.93481200
4.46223091	15.80859000	-7.93481200
4.46723091	15.57970000	-7.93481200
4.47223091	16.75466000	-7.93481200
4.47723091	19.30296000	-7.93481200
4.48223091	19.30296000	-7.93481200
4.48723091	16.75466000	-7.93481200
4.49223091	15.57970000	-7.93481200
4.49723091	15.80859000	-7.93481200
4.50223091	15.86962000	-7.93481200
4.50723091	15.86962000	-7.93481200
4.51223091	15.86962000	-7.93481200
4.51723091	15.86962000	-7.93481200
4.52223091	15.86962000	-7.93481200
4.52723091	15.86962000	-7.93481200
4.53223091	15.86962000	-7.93481200
4.53723091	15.86962000	-7.93481200
4.54223091	15.86962000	-7.87377500
4.54723091	15.86962000	-7.64488600
4.55223091	15.86962000	-8.81984900
4.55723091	15.86962000	-11.36814000
4.56223091	15.86962000	-11.30711000
4.56723091	15.86962000	-8.52992300
4.57223091	15.86962000	-8.52992300
4.57723091	15.86962000	-11.30711000
4.58223091	15.86962000	-11.30711000
4.58723091	15.86962000	-8.52992300
4.59223091	15.86962000	-8.46888600
4.59723091	15.86962000	-11.01718000
4.60223091	15.86962000	-12.25318000
4.60723091	15.86962000	-12.25318000
4.61223091	15.86962000	-11.01718000
4.61723091	15.86962000	-8.46888600
4.62223091	15.86962000	-8.46888600
4.62723091	15.86962000	-11.01718000
4.63223091	15.86962000	-12.19214000
4.63723091	15.86962000	-11.96325000
4.64223091	15.86962000	-11.90222000
4.64723091	15.86962000	-11.90222000
4.65223091	15.86962000	-11.96325000
4.65723091	15.86962000	-12.19214000
4.66223091	15.86962000	-11.07822000
4.66723091	15.86962000	-8.75881200
4.67223091	15.86962000	-7.64488600
4.67723091	15.86962000	-7.87377500
4.68223091	15.86962000	-7.93481200
4.68723091	15.86962000	-7.93481200
4.69223091	15.86962000	-7.93481200
4.69723091	15.86962000	-7.93481200
4.70223091	15.86962000	-7.93481200
4.70723091	15.86962000	-7.93481200
4.71223091	15.86962000	-7.93481200
4.71723091	15.86962000	-7.93481200
4.72223091	15.86962000	-7.93481200
4.72723091	15.86962000	-7.93481200
4.73223091	15.86962000	-7.93481200
4.73723091	15.86962000	-7.93481200
4.74223091	15.93066000	-7.93481200
4.74723091	16.15955000	-7.93481200
4.75223091	14.98459000	-7.93481200
4.75723091	12.43629000	-7.93481200
4.76223091	12.49733000	-7.87377500
4.76723091	15.27451000	-7.64488600
4.77223091	15.27451000	-8.81984900
4.77723091	12.49733000	-11.36814000
4.78223091	12.43629000	-11.36814000
4.78723091	14.98459000	-8.81984900
4.79223091	16.22059000	-7.64488600
4.79723091	16.22059000	-7.87377500
4.80223091	15.04562000	-7.93481200
4.80723091	12.72622000	-7.93481200
4.81223091	11.61229000	-7.93481200
4.81723091	11.84118000	-7.93481200
4.82223091	11.90222000	-7.93481200
4.82723091	11.90222000	-7.93481200
4.83223091	11.90222000	-7.93481200
4.83723091	11.90222000	-7.93481200
4.84223091	11.90222000	-7.93481200
4.84723091	11.90222000	-7.93481200
4.85223091	11.90222000	-7.93481200
4.85723091	11.90222000	-7.93481200
4.86223091	11.90222000	-7.93481200
4.86723091	11.90222000	-7.93481200
4.87223091	11.90222000	-7.93481200
4.87723091	11.90222000	-7.93481200
4.88223091	11.90222000	-7.93481200
4.88723091	11.90222000	-7.93481200
4.89223091	11.90222000	-7.87377500
4.89723091	11.90222000	-7.64488600
4.90223091	11.90222000	-8.75881200
4.90723091	11.90222000	-11.07822000
4.91223091	11.90222000	-12.19214000
4.91723091	11.90222000	-11.96325000
4.92223091	11.90222000	-11.90222000
4.92723091	11.90222000	-11.90222000
4.93223091	11.96325000	-11.90222000
4.93723091	12.19214000	-11.90222000
4.94223091	11.01718000	-11.90222000
4.94723091	8.46888600	-11.90222000
4.95223091	8.46888600	-11.96325000
4.95723091	11.01718000	-12.19214000
4.96223091	12.19214000	-11.01718000
4.96723091	11.96325000	-8.46888600
4.97223091	11.90222000	-8.46888600
4.97723091	11.90222000	-11.01718000
4.98223091	11.90222000	-12.25318000
4.98723091	11.90222000	-12.25318000
4.99223091	11.96325000	-11.01718000
4.99723091	12.19214000	-8.46888600
5.00223091	11.07822000	-8.46888600
5.00723091	8.75881200	-11.01718000
5.01223091	7.58384900	-12.19214000
5.01723091	7.58384900	-11.96325000
5.02223091	8.75881200	-11.90222000
5.02723091	11.07822000	-11.90222000
5.03223091	12.19214000	-11.90222000
5.03723091	11.96325000	-11.90222000
5.04223091	11.90222000	-11.90222000
5.04723091	11.90222000	-11.90222000
5.05223091	11.90222000	-11.90222000
5.05723091	11.90222000	-11.90222000
5.06223091	11.96325000	-11.96325000
5.06723091	12.19214000	-12.19214000
5.07223091	11.07822000	-11.01718000
5.07723091	8.75881200	-8.46888600
5.08223091	7.64488600	-8.46888600
5.08723091	7.87377500	-11.01718000
5.09223091	7.93481200	-12.19214000
5.09723091	7.93481200	-11.96325000
5.10223091	7.93481200	-11.90222000
5.10723091	7.93481200	-11.90222000
5.11223091	7.93481200	-11.90222000
5.11723091	7.93481200	-11.90222000
5.12223091	7.93481200	-11.90222000
5.12723091	7.93481200	-11.90222000
5.13223091	7.93481200	-11.90222000
5.13723091	7.93481200	-11.90222000
5.14223091	7.93481200	-11.90222000
5.14723091	7.93481200	-11.90222000
5.15223091	7.93481200	-11.90222000
5.15723091	7.93481200	-11.90222000
5.16223091	7.93481200	-11.90222000
5.16723091	7.93481200	-11.90222000
5.17223091	7.93481200	-11.90222000
5.17723091	7.93481200	-11.90222000
5.18223091	7.93481200	-11.90222000
5.18723091	7.93481200	-11.90222000
5.19223091	7.93481200	-11.90222000
5.19723091	7.93481200	-11.90222000
5.20223091	7.93481200	-11.90222000
5.20723091	7.93481200	-11.90222000
5.21223091	7.93481200	-11.90222000
5.21723091	7.93481200	-11.90222000
5.22223091	7.93481200	-11.90222000
5.22723091	7.93481200	-11.90222000
5.23223091	7.93481200	-11.90222000
5.23723091	7.93481200	-11.90222000
5.24223091	7.93481200	-11.90222000
5.24723091	7.93481200	-11.90222000
5.25223091	7.93481200	-11.90222000
5.25723091	7.93481200	-11.90222000
5.26223091	7.93481200	-11.90222000
5.26723091	7.93481200	-11.90222000
5.27223091	7.93481200	-11.90222000
5.27723091	7.93481200	-11.90222000
5.28223091	7.93481200	-11.90222000
5.28723091	7.93481200	-11.90222000
5.29223091	7.93481200	-11.90222000
5.29723091	7.93481200	-11.90222000
5.30223091	7.93481200	-11.90222000
5.30723091	7.93481200	-11.90222000
5.31223091	7.93481200	-11.90222000
5.31723091	7.93481200	-11.90222000
5.32223091	7.93481200	-11.90222000
5.32723091	7.93481200	-11.90222000
5.33223091	7.93481200	-11.90222000
5.33723091	7.93481200	-11.90222000
5.34223091	7.93481200	-11.90222000
5.34723091	7.93481200	-11.90222000
5.35223091	7.93481200	-11.90222000
5.35723091	7.93481200	-11.90222000
5.36223091	7.93481200	-11.90222000
5.36723091	7.93481200	-11.90222000
5.37223091	7.93481200	-11.90222000
5.37723091	7.93481200	-11.90222000
5.38223091	7.93481200	-11.90222000
5.38723091	7.93481200	-11.90222000
5.39223091	7.93481200	-11.90222000
5.39723091	7.93481200	-11.90222000
5.40223091	7.93481200	-11.90222000
5.40723091	7.93481200	-11.90222000
5.41223091	7.93481200	-11.90222000
5.41723091	7.93481200	-11.90222000
5.42223091	7.93481200	-11.90222000
5.42723091	7.93481200	-11.90222000
5.43223091	7.93481200	-11.90222000
5.43723091	7.93481200	-11.90222000
5.44223091	7.93481200	-11.90222000
5.44723091	7.93481200	-11.90222000
5.45223091	7.93481200	-11.90222000
5.45723091	7.93481200	-11.90222000
5.46223091	7.93481200	-11.90222000
5.46723091	7.93481200	-11.90222000
5.47223091	7.93481200	-11.90222000
5.47723091	7.93481200	-11.90222000
5.48223091	7.93481200	-11.90222000
5.48723091	7.93481200	-11.90222000
5.49223091	7.93481200	-11.90222000
5.49723091	7.93481200	-11.90222000
5.50223091	7.93481200	-11.90222000
5.50723091	7.93481200	-11.90222000
5.51223091	7.93481200	-11.90222000
5.51723091	7.93481200	-11.90222000
5.52223091	7.93481200	-11.90222000
5.52723091	7.93481200	-11.90222000
5.53223091	7.99584900	-11.90222000
5.53723091	8.22473800	-11.90222000
5.54223091	7.04977500	-11.90222000
5.54723091	4.50148000	-11.90222000
5.55223091	4.50148000	-11.90222000
5.55723091	7.04977500	-11.90222000
5.56223091	8.22473800	-11.90222000
5.56723091	7.99584900	-11.90222000
5.57223091	7.93481200	-11.90222000
5.57723091	7.93481200	-11.90222000
5.58223091	7.99584900	-11.90222000
5.58723091	8.22473800	-11.90222000
5.59223091	7.11081200	-11.90222000
5.59723090	4.79140600	-11.90222000
5.60223090	3.61644300	-11.90222000
5.60723090	3.61644300	-11.90222000
5.61223090	4.85244300	-11.96325000
5.61723090	7.40073800	-12.19214000
5.62223090	7.40073800	-11.07822000
5.62723090	4.85244300	-8.75881200
5.63223090	3.67748000	-7.64488600
5.63723090	3.90636900	-7.87377500
5.64223090	3.96740600	-7.87377500
5.64723090	3.96740600	-7.64488600
5.65223090	3.96740600	-8.75881200
5.65723090	3.96740600	-11.07822000
5.66223090	3.96740600	-12.19214000
5.66723090	3.96740600	-11.96325000
5.67223090	3.96740600	-11.90222000
5.67723090	3.96740600	-11.90222000
5.68223090	3.96740600	-11.90222000
5.68723090	3.96740600	-11.90222000
5.69223090	3.96740600	-11.90222000
5.69723090	3.96740600	-11.90222000
5.70223090	3.96740600	-11.90222000
5.70723090	3.96740600	-11.90222000
5.71223090	3.96740600	-11.90222000
5.71723090	3.96740600	-11.90222000
5.72223090	3.96740600	-11.90222000
5.72723090	3.96740600	-11.90222000
5.73223090	3.96740600	-11.90222000
5.73723090	3.96740600	-11.90222000
5.74223090	3.96740600	-11.90222000
5.74723090	3.96740600	-11.90222000
5.75223090	3.96740600	-11.90222000
5.75723090	3.96740600	-11.90222000
5.76223090	3.96740600	-11.90222000
5.76723090	3.96740600	-11.90222000
5.77223090	3.96740600	-11.90222000
5.77723090	3.96740600	-11.90222000
5.78223090	3.96740600	-11.90222000
5.78723090	3.96740600	-11.90222000
5.79223090	3.96740600	-11.90222000
5.79723090	3.96740600	-11.90222000
5.80223090	3.96740600	-11.90222000
5.80723090	3.96740600	-11.90222000
5.81223090	3.96740600	-11.90222000
5.81723090	3.96740600	-11.90222000
5.82223090	3.96740600	-11.90222000
5.82723090	3.96740600	-11.90222000
5.83223090	3.96740600	-11.90222000
5.83723090	3.96740600	-11.90222000
5.84223090	3.96740600	-11.90222000
5.84723090	3.96740600	-11.90222000
5.85223090	3.96740600	-11.90222000
5.85723090	3.96740600	-11.90222000
5.86223090	3.96740600	-11.90222000
5.86723090	3.96740600	-11.90222000
5.87223090	3.96740600	-11.90222000
5.87723090	3.96740600	-11.90222000
5.88223090	3.96740600	-11.90222000
5.88723090	3.96740600	-11.90222000
5.89223090	3.96740600	-11.90222000
5.89723090	3.96740600	-11.90222000
5.90223090	3.96740600	-11.90222000
5.90723090	3.96740600	-11.90222000
5.91223090	3.96740600	-11.90222000
5.91723090	3.96740600	-11.90222000
5.92223090	3.96740600	-11.90222000
5.92723090	3.96740600	-11.90222000
5.93223090	3.96740600	-11.90222000
5.93723090	3.96740600	-11.90222000
5.94223090	4.02844300	-11.90222000
5.94723090	4.25733200	-11.90222000
5.95223090	3.08236900	-11.90222000
5.95723090	0.53407390	-11.90222000
5.96223090	0.53407390	-11.90222000
5.96723090	3.08236900	-11.90222000
5.97223090	4.31836900	-11.90222000
5.97723090	4.31836900	-11.90222000
5.98223090	3.14340600	-11.84118000
5.98723090	0.82399970	-11.61229000
5.99223090	-0.28992580	-12.78725000
5.99723090	-0.06103702	-15.33555000
6.00223090	0.00000000	-15.27451000
6.00723090	0.00000000	-12.49733000
6.01223090	0.00000000	-12.49733000
6.01723090	0.00000000	-15.27451000
6.02223090	-0.06103702	-15.33555000
6.02723090	-0.28992580	-12.78725000
6.03223090	0.88503670	-11.61229000
6.03723090	3.43333200	-11.84118000
6.04223090	3.43333200	-11.84118000
6.04723090	0.88503670	-11.61229000
6.05223090	-0.28992580	-12.78725000
6.05723090	-0.06103702	-15.33555000
6.06223090	0.00000000	-15.33555000
6.06723090	0.00000000	-12.78725000
6.07223090	0.00000000	-11.61229000
6.07723090	0.00000000	-11.84118000
6.08223090	-0.06103702	-11.90222000
6.08723090	-0.28992580	-11.90222000
6.09223090	0.88503670	-11.90222000
6.09723090	3.43333200	-11.90222000
6.10223090	3.43333200	-11.90222000
6.10723090	0.88503670	-11.90222000
6.11223090	-0.28992580	-11.90222000
6.11723090	-0.06103702	-11.90222000
6.12223090	0.00000000	-11.90222000
6.12723090	0.00000000	-11.90222000
6.13223090	0.00000000	-11.90222000
6.13723090	0.00000000	-11.90222000
6.14223090	0.00000000	-11.90222000
6.14723090	0.00000000	-11.90222000
6.15223090	0.00000000	-11.90222000
6.15723090	0.00000000	-11.90222000
6.16223090	0.00000000	-11.90222000
6.16723090	0.00000000	-11.90222000
6.17223090	0.00000000	-11.90222000
6.17723090	0.00000000	-11.90222000
6.18223090	0.00000000	-11.90222000
6.18723090	0.00000000	-11.90222000
6.19223090	0.00000000	-11.90222000
6.19723090	0.00000000	-11.90222000
6.20223090	0.00000000	-11.90222000
6.20723090	0.00000000	-11.90222000
6.21223090	0.00000000	-11.90222000
6.21723090	0.00000000	-11.90222000
6.22223090	0.00000000	-11.90222000
6.22723090	0.00000000	-11.90222000
6.23223090	0.00000000	-11.90222000
6.23723090	0.00000000	-11.90222000
6.24223090	0.00000000	-11.90222000
6.24723090	0.00000000	-11.90222000
6.25223090	0.00000000	-11.90222000
6.25723090	0.00000000	-11.90222000
6.26223090	0.00000000	-11.90222000
6.26723090	0.00000000	-11.90222000
6.27223090	0.00000000	-11.90222000
6.27723090	0.00000000	-11.90222000
6.28223090	0.00000000	-11.90222000
6.28723090	0.00000000	-11.90222000
6.29223090	0.00000000	-11.90222000
6.29723090	0.00000000	-11.90222000
6.30223090	0.00000000	-11.90222000
6.30723090	0.00000000	-11.90222000
6.31223090	0.00000000	-11.90222000
6.31723090	0.00000000	-11.90222000
6.32223090	0.00000000	-11.90222000
6.32723090	0.00000000	-11.90222000
6.33223090	0.00000000	-11.90222000
6.33723090	0.00000000	-11.90222000
6.34223090	0.00000000	-11.90222000
6.34723090	0.00000000	-11.90222000
6.35223090	0.00000000	-11.90222000
6.35723090	0.00000000	-11.90222000
6.36223090	0.00000000	-11.90222000
6.36723090	0.00000000	-11.90222000
6.37223090	0.00000000	-11.90222000
6.37723090	0.00000000	-11.90222000
6.38223090	0.00000000	-11.90222000
6.38723090	0.00000000	-11.90222000
6.39223090	0.00000000	-11.90222000
6.39723090	0.00000000	-11.90222000
6.40223090	0.00000000	-11.96325000
6.40723090	0.00000000	-12.19214000
6.41223090	0.00000000	-11.01718000
6.41723090	0.00000000	-8.46888600
6.42223090	0.00000000	-8.52992300
6.42723090	0.00000000	-11.30711000
6.43223090	0.00000000	-11.36814000
6.43723090	0.00000000	-8.81984900
6.44223090	0.00000000	-7.58384900
6.44723090	0.00000000	-7.58384900
6.45223090	0.00000000	-8.81984900
6.45723090	0.00000000	-11.36814000
6.46223090	0.00000000	-11.36814000
6.46723090	0.00000000	-8.81984900
6.47223090	0.00000000	-7.64488600
6.47723090	0.00000000	-7.87377500
6.48223090	0.00000000	-7.87377500
6.48723090	0.00000000	-7.64488600
6.49223090	0.00000000	-8.75881200
6.49723090	0.00000000	-11.07822000
6.50223090	0.00000000	-12.19214000
6.50723090	0.00000000	-11.96325000
6.51223090	0.00000000	-11.90222000
6.51723090	0.00000000	-11.90222000
6.52223090	0.00000000	-11.90222000
6.52723090	0.00000000	-11.90222000
6.53223090	0.00000000	-11.90222000
6.53723090	0.00000000	-11.90222000
6.54223090	0.00000000	-11.90222000
6.54723090	0.00000000	-11.90222000
6.55223090	0.00000000	-11.90222000
6.55723090	0.00000000	-11.90222000
6.56223090	0.00000000	-11.84118000
6.56723090	0.00000000	-11.61229000
6.57223090	0.00000000	-12.72622000
6.57723090	0.00000000	-15.04562000
6.58223090	0.06103702	-16.15955000
6.58723090	0.28992580	-15.93066000
6.59223090	-0.88503670	-15.86962000
6.59723090	-3.43333200	-15.86962000
6.60223090	-3.43333200	-15.86962000
6.60723090	-0.88503670	-15.86962000
6.61223090	0.35096280	-15.86962000
6.61723090	0.35096280	-15.86962000
6.62223090	-0.88503670	-15.86962000
6.62723090	-3.43333200	-15.86962000
6.63223090	-3.43333200	-15.93066000
6.63723090	-0.88503670	-16.15955000
6.64223090	0.28992580	-14.98459000
6.64723090	0.06103702	-12.43629000
6.65223090	0.06103702	-12.49733000
6.65723090	0.28992580	-15.27451000
6.66223090	-0.82399970	-15.33555000
6.66723090	-3.14340600	-12.78725000
6.67223090	-4.31836900	-11.61229000
6.67723090	-4.31836900	-11.84118000
6.68223090	-3.08236900	-11.90222000
6.68723090	-0.53407390	-11.90222000
6.69223090	-0.53407390	-11.90222000
6.69723090	-3.08236900	-11.90222000
6.70223090	-4.25733200	-11.90222000
6.70723090	-4.02844300	-11.90222000
6.71223090	-4.02844300	-11.90222000
6.71723090	-4.25733200	-11.90222000
6.72223090	-3.08236900	-11.90222000
6.72723090	-0.53407390	-11.90222000
6.73223090	-0.53407390	-11.90222000
6.73723090	-3.08236900	-11.90222000
6.74223090	-4.25733200	-11.90222000
6.74723090	-4.02844300	-11.90222000
6.75223090	-3.96740600	-11.90222000
6.75723090	-3.96740600	-11.90222000
6.76223090	-4.02844300	-11.90222000
6.76723090	-4.25733200	-11.90222000
6.77223090	-3.08236900	-11.90222000
6.77723090	-0.53407390	-11.90222000
6.78223090	-0.53407390	-11.90222000
6.78723090	-3.08236900	-11.90222000
6.79223090	-4.25733200	-11.90222000
6.79723090	-4.02844300	-11.90222000
6.80223090	-3.96740600	-11.84118000
6.80723090	-3.96740600	-11.61229000
6.81223090	-3.96740600	-12.78725000
6.81723090	-3.96740600	-15.33555000
6.82223090	-3.96740600	-15.33555000
6.82723090	-3.96740600	-12.78725000
6.83223090	-3.96740600	-11.61229000
6.83723090	-3.96740600	-11.84118000
6.84223090	-4.02844300	-11.84118000
6.84723090	-4.25733200	-11.61229000
6.85223090	-3.08236900	-12.72622000
6.85723090	-0.53407390	-15.04562000
6.86223090	-0.53407390	-16.15955000
6.86723090	-3.08236900	-15.93066000
6.87223090	-4.25733200	-15.86962000
6.87723090	-4.02844300	-15.86962000
6.88223090	-3.96740600	-15.86962000
6.88723090	-3.96740600	-15.86962000
6.89223090	-3.96740600	-15.86962000
6.89723090	-3.96740600	-15.86962000
6.90223090	-3.96740600	-15.86962000
6.90723090	-3.96740600	-15.86962000
6.91223090	-3.96740600	-15.86962000
6.91723090	-3.96740600	-15.86962000
6.92223090	-3.96740600	-15.93066000
6.92723090	-3.96740600	-16.15955000
6.93223090	-3.96740600	-15.04562000
6.93723090	-3.96740600	-12.72622000
6.94223090	-3.96740600	-11.61229000
6.94723090	-3.96740600	-11.84118000
6.95223090	-3.96740600	-11.90222000
6.95723090	-3.96740600	-11.90222000
6.96223090	-3.96740600	-11.84118000
6.96723090	-3.96740600	-11.61229000
6.97223090	-3.96740600	-12.72622000
6.97723090	-3.96740600	-15.04562000
6.98223090	-3.96740600	-16.15955000
6.98723090	-3.96740600	-15.93066000
6.99223090	-3.96740600	-15.86962000
6.99723090	-3.96740600	-15.86962000
7.00223090	-3.96740600	-15.86962000
7.00723090	-3.96740600	-15.86962000
7.01223090	-3.96740600	-15.86962000
7.01723090	-3.96740600	-15.86962000
7.02223090	-3.96740600	-15.86962000
7.02723090	-3.96740600	-15.86962000
7.03223090	-3.96740600	-15.93066000
7.03723090	-3.96740600	-16.15955000
7.04223090	-3.96740600	-14.98459000
7.04723090	-3.96740600	-12.43629000
7.05223090	-3.96740600	-12.43629000
7.05723090	-3.96740600	-14.98459000
7.06223090	-3.96740600	-16.22059000
7.06723090	-3.96740600	-16.22059000
7.07223090	-3.96740600	-14.98459000
7.07723090	-3.96740600	-12.43629000
7.08223090	-3.96740600	-12.49733000
7.08723090	-3.96740600	-15.27451000
7.09223090	-3.96740600	-15.27451000
7.09723090	-3.96740600	-12.49733000
7.10223090	-3.96740600	-12.49733000
7.10723090	-3.96740600	-15.27451000
7.11223090	-3.96740600	-15.27451000
7.11723090	-3.96740600	-12.49733000
7.12223090	-3.96740600	-12.43629000
7.12723090	-3.96740600	-14.98459000
7.13223090	-3.96740600	-16.15955000
7.13723090	-3.96740600	-15.93066000
7.14223090	-3.96740600	-15.86962000
7.14723090	-3.96740600	-15.86962000
7.15223090	-3.96740600	-15.86962000
7.15723090	-3.96740600	-15.86962000
7.16223090	-3.96740600	-15.86962000
7.16723090	-3.96740600	-15.86962000
7.17223090	-3.96740600	-15.86962000
7.17723090	-3.96740600	-15.86962000
7.18223090	-3.96740600	-15.86962000
7.18723090	-3.96740600	-15.86962000
7.19223090	-3.96740600	-15.86962000
7.19723090	-3.96740600	-15.86962000
7.20223090	-3.96740600	-15.86962000
7.20723090	-3.96740600	-15.86962000
7.21223090	-3.96740600	-15.86962000
7.21723090	-3.96740600	-15.86962000
7.22223090	-3.96740600	-15.86962000
7.22723090	-3.96740600	-15.86962000
7.23223090	-3.96740600	-15.93066000
7.23723090	-3.96740600	-16.15955000
7.24223089	-3.96740600	-14.98459000
7.24723089	-3.96740600	-12.43629000
7.25223089	-3.96740600	-12.49733000
7.25723089	-3.96740600	-15.27451000
7.26223089	-3.96740600	-15.27451000
7.26723089	-3.96740600	-12.49733000
7.27223089	-3.96740600	-12.43629000
7.27723089	-3.96740600	-14.98459000
7.28223089	-3.96740600	-16.15955000
7.28723089	-3.96740600	-15.93066000
7.29223089	-3.96740600	-15.86962000
7.29723089	-3.96740600	-15.86962000
7.30223089	-3.96740600	-15.86962000
7.30723089	-3.96740600	-15.86962000
7.31223089	-3.96740600	-15.86962000
7.31723089	-3.96740600	-15.86962000
7.32223089	-3.96740600	-15.86962000
7.32723089	-3.96740600	-15.86962000
7.33223089	-3.96740600	-15.93066000
7.33723089	-3.96740600	-16.15955000
7.34223089	-3.96740600	-14.98459000
7.34723089	-3.96740600	-12.43629000
7.35223089	-3.96740600	-12.43629000
7.35723089	-3.96740600	-14.98459000
7.36223089	-3.96740600	-16.15955000
7.36723089	-3.96740600	-15.93066000
7.37223089	-3.96740600	-15.86962000
7.37723089	-3.96740600	-15.86962000
7.38223089	-3.96740600	-15.86962000
7.38723089	-3.96740600	-15.86962000
7.39223089	-3.96740600	-15.86962000
7.39723089	-3.96740600	-15.86962000
7.40223089	-3.96740600	-15.86962000
7.40723089	-3.96740600	-15.86962000
7.41223089	-3.96740600	-15.86962000
7.41723089	-3.96740600	-15.86962000
7.42223089	-3.96740600	-15.86962000
7.42723089	-3.96740600	-15.86962000
7.43223089	-3.96740600	-15.86962000
7.43723089	-3.96740600	-15.86962000
7.44223089	-3.96740600	-15.86962000
7.44723089	-3.96740600	-15.86962000
7.45223089	-3.96740600	-15.86962000
7.45723089	-3.96740600	-15.86962000
7.46223089	-3.96740600	-15.86962000
7.46723089	-3.96740600	-15.86962000
7.47223089	-3.96740600	-15.86962000
7.47723089	-3.96740600	-15.86962000
7.48223089	-3.90636900	-15.86962000
7.48723089	-3.67748000	-15.86962000
7.49223089	-4.85244300	-15.86962000
7.49723089	-7.40073800	-15.86962000
7.50223089	-7.33970100	-15.86962000
7.50723089	-4.56251700	-15.86962000
7.51223089	-4.56251700	-15.86962000
7.51723089	-7.33970100	-15.86962000
7.52223089	-7.40073800	-15.86962000
7.52723089	-4.85244300	-15.86962000
7.53223089	-3.67748000	-15.86962000
7.53723089	-3.90636900	-15.86962000
7.54223089	-3.96740600	-15.86962000
7.54723089	-3.96740600	-15.86962000
7.55223089	-3.96740600	-15.86962000
7.55723089	-3.96740600	-15.86962000
7.56223089	-3.96740600	-15.86962000
7.56723089	-3.96740600	-15.86962000
7.57223089	-3.90636900	-15.86962000
7.57723089	-3.67748000	-15.86962000
7.58223089	-4.79140600	-15.86962000
7.58723089	-7.11081200	-15.86962000
7.59223089	-8.28577500	-15.86962000
7.59723089	-8.28577500	-15.86962000
7.60223089	-7.11081200	-15.86962000
7.60723089	-4.79140600	-15.86962000
7.61223089	-3.67748000	-15.86962000
7.61723089	-3.90636900	-15.86962000
7.62223089	-3.96740600	-15.86962000
7.62723089	-3.96740600	-15.86962000
7.63223089	-3.90636900	-15.86962000
7.63723089	-3.67748000	-15.86962000
7.64223089	-4.79140600	-15.86962000
7.64723089	-7.11081200	-15.86962000
7.65223089	-8.28577500	-15.86962000
7.65723089	-8.28577500	-15.86962000
7.66223089	-7.04977500	-15.86962000
7.66723089	-4.50148000	-15.86962000
7.67223089	-4.56251700	-15.86962000
7.67723089	-7.33970100	-15.86962000
7.68223089	-7.40073800	-15.86962000
7.68723089	-4.85244300	-15.86962000
7.69223089	-3.61644300	-15.86962000
7.69723089	-3.61644300	-15.86962000
7.70223089	-4.85244300	-15.86962000
7.70723089	-7.40073800	-15.86962000
7.71223089	-7.33970100	-15.86962000
7.71723089	-4.56251700	-15.86962000
7.72223089	-4.50148000	-15.86962000
7.72723089	-7.04977500	-15.86962000
7.73223089	-8.22473800	-15.86962000
7.73723089	-7.99584900	-15.86962000
7.74223089	-7.93481200	-15.86962000
7.74723089	-7.93481200	-15.86962000
7.75223089	-7.99584900	-15.86962000
7.75723089	-8.22473800	-15.86962000
7.76223089	-7.04977500	-15.86962000
7.76723089	-4.50148000	-15.86962000
7.77223089	-4.50148000	-15.86962000
7.77723089	-7.04977500	-15.86962000
7.78223089	-8.22473800	-15.86962000
7.78723089	-7.99584900	-15.86962000
7.79223089	-7.99584900	-15.86962000
7.79723089	-8.22473800	-15.86962000
7.80223089	-7.11081200	-15.86962000
7.80723089	-4.79140600	-15.86962000
7.81223089	-3.67748000	-15.86962000
7.81723089	-3.90636900	-15.86962000
7.82223089	-3.90636900	-15.86962000
7.82723089	-3.67748000	-15.86962000
7.83223089	-4.79140600	-15.86962000
7.83723089	-7.11081200	-15.86962000
7.84223089	-8.22473800	-15.86962000
7.84723089	-7.99584900	-15.86962000
7.85223089	-7.99584900	-15.86962000
7.85723089	-8.22473800	-15.86962000
7.86223089	-7.04977500	-15.86962000
7.86723089	-4.50148000	-15.86962000
7.87223089	-4.50148000	-15.86962000
7.87723089	-7.04977500	-15.86962000
7.88223089	-8.22473800	-15.86962000
7.88723089	-7.99584900	-15.86962000
7.89223089	-7.93481200	-15.93066000
7.89723089	-7.93481200	-16.15955000
7.90223089	-7.93481200	-14.98459000
7.90723089	-7.93481200	-12.43629000
7.91223089	-7.93481200	-12.43629000
7.91723089	-7.93481200	-14.98459000
7.92223089	-7.93481200	-16.22059000
7.92723089	-7.93481200	-16.22059000
7.93223089	-7.93481200	-14.98459000
7.93723089	-7.93481200	-12.43629000
7.94223089	-7.93481200	-12.43629000
7.94723089	-7.93481200	-14.98459000
7.95223089	-7.93481200	-16.15955000
7.95723089	-7.93481200	-15.93066000
7.96223089	-7.93481200	-15.86962000
7.96723089	-7.93481200	-15.86962000
7.97223089	-7.93481200	-15.86962000
7.97723089	-7.93481200	-15.86962000
7.98223089	-7.93481200	-15.86962000
7.98723089	-7.93481200	-15.86962000
7.99223089	-7.93481200	-15.86962000
7.99723089	-7.93481200	-15.86962000
8.00223089	-7.93481200	-15.86962000
8.00723089	-7.93481200	-15.86962000
8.01223089	-7.93481200	-15.86962000
8.01723089	-7.93481200	-15.86962000
8.02223089	-7.93481200	-15.86962000
8.02723089	-7.93481200	-15.86962000
8.03223089	-7.93481200	-15.86962000
8.03723089	-7.93481200	-15.86962000
8.04223089	-7.93481200	-15.86962000
8.04723089	-7.93481200	-15.86962000
8.05223089	-7.93481200	-15.86962000
8.05723089	-7.93481200	-15.86962000
8.06223089	-7.93481200	-15.86962000
8.06723089	-7.93481200	-15.86962000
8.07223089	-7.93481200	-15.86962000
8.07723089	-7.93481200	-15.86962000
8.08223089	-7.93481200	-15.86962000
8.08723089	-7.93481200	-15.86962000
8.09223089	-7.93481200	-15.86962000
8.09723089	-7.93481200	-15.86962000
8.10223089	-7.93481200	-15.86962000
8.10723089	-7.93481200	-15.86962000
8.11223089	-7.93481200	-15.86962000
8.11723089	-7.93481200	-15.86962000
8.12223089	-7.93481200	-15.86962000
8.12723089	-7.93481200	-15.86962000
8.13223089	-7.93481200	-15.86962000
8.13723089	-7.93481200	-15.86962000
8.14223089	-7.93481200	-15.86962000
8.14723089	-7.93481200	-15.86962000
8.15223089	-7.93481200	-15.86962000
8.15723089	-7.93481200	-15.86962000
8.16223089	-7.93481200	-15.86962000
8.16723089	-7.93481200	-15.86962000
8.17223089	-7.93481200	-15.86962000
8.17723089	-7.93481200	-15.86962000
8.18223089	-7.93481200	-15.86962000
8.18723089	-7.93481200	-15.86962000
8.19223089	-7.93481200	-15.86962000
8.19723089	-7.93481200	-15.86962000
8.20223089	-7.93481200	-15.86962000
8.20723089	-7.93481200	-15.86962000
8.21223089	-7.93481200	-15.86962000
8.21723089	-7.93481200	-15.86962000
8.22223089	-7.93481200	-15.86962000
8.22723089	-7.93481200	-15.86962000
8.23223089	-7.93481200	-15.86962000
8.23723089	-7.93481200	-15.86962000
8.24223089	-7.93481200	-15.86962000
8.24723089	-7.93481200	-15.86962000
8.25223089	-7.93481200	-15.86962000
8.25723089	-7.93481200	-15.86962000
8.26223089	-7.93481200	-15.86962000
8.26723089	-7.93481200	-15.86962000
8.27223089	-7.93481200	-15.86962000
8.27723089	-7.93481200	-15.86962000
8.28223089	-7.93481200	-15.86962000
8.28723089	-7.93481200	-15.86962000
8.29223089	-7.93481200	-15.86962000
8.29723089	-7.93481200	-15.86962000
8.30223089	-7.93481200	-15.86962000
8.30723089	-7.93481200	-15.86962000
8.31223089	-7.93481200	-15.86962000
8.31723089	-7.93481200	-15.86962000
8.32223089	-7.93481200	-15.86962000
8.32723089	-7.93481200	-15.86962000
8.33223089	-7.93481200	-15.86962000
8.33723089	-7.93481200	-15.86962000
8.34223089	-7.93481200	-15.86962000
8.34723089	-7.93481200	-15.86962000
8.35223089	-7.93481200	-15.86962000
8.35723089	-7.93481200	-15.86962000
8.36223089	-7.93481200	-15.86962000
8.36723089	-7.93481200	-15.86962000
8.37223089	-7.93481200	-15.86962000
8.37723089	-7.93481200	-15.86962000
8.38223089	-7.93481200	-15.86962000
8.38723089	-7.93481200	-15.86962000
8.39223089	-7.93481200	-15.86962000
8.39723089	-7.93481200	-15.86962000
8.40223089	-7.93481200	-15.86962000
8.40723089	-7.93481200	-15.86962000
8.41223089	-7.93481200	-15.86962000
8.41723089	-7.93481200	-15.86962000
8.42223089	-7.93481200	-15.86962000
8.42723089	-7.93481200	-15.86962000
8.43223089	-7.93481200	-15.80859000
8.43723089	-7.93481200	-15.57970000
8.44223089	-7.93481200	-16.75466000
8.44723089	-7.93481200	-19.30296000
8.45223089	-7.93481200	-19.24192000
8.45723089	-7.93481200	-16.46474000
8.46223089	-7.93481200	-16.46474000
8.46723089	-7.93481200	-19.24192000
8.47223089	-7.93481200	-19.30296000
8.47723089	-7.93481200	-16.75466000
8.48223089	-7.93481200	-15.51866000
8.48723089	-7.93481200	-15.51866000
8.49223089	-7.93481200	-16.75466000
8.49723089	-7.93481200	-19.30296000
8.50223089	-7.93481200	-19.30296000
8.50723089	-7.93481200	-16.75466000
8.51223089	-7.93481200	-15.57970000
8.51723089	-7.93481200	-15.80859000
8.52223089	-7.93481200	-15.86962000
8.52723089	-7.93481200	-15.86962000
8.53223089	-7.93481200	-15.86962000
8.53723089	-7.93481200	-15.86962000
8.54223089	-7.93481200	-15.86962000
8.54723089	-7.93481200	-15.86962000
8.55223089	-7.93481200	-15.86962000
8.55723089	-7.93481200	-15.86962000
8.56223089	-7.93481200	-15.86962000
8.56723089	-7.93481200	-15.86962000
8.57223089	-7.93481200	-15.86962000
8.57723089	-7.93481200	-15.86962000
8.58223089	-7.93481200	-15.86962000
8.58723089	-7.93481200	-15.86962000
8.59223089	-7.93481200	-15.86962000
8.59723089	-7.93481200	-15.86962000
8.60223089	-7.93481200	-15.80859000
8.60723089	-7.93481200	-15.57970000
8.61223089	-7.93481200	-16.75466000
8.61723089	-7.93481200	-19.30296000
8.62223089	-7.93481200	-19.24192000
8.62723089	-7.93481200	-16.46474000
8.63223089	-7.93481200	-16.46474000
8.63723089	-7.93481200	-19.24192000
8.64223089	-7.93481200	-19.30296000
8.64723089	-7.93481200	-16.75466000
8.65223089	-7.93481200	-15.57970000
8.65723089	-7.93481200	-15.80859000
8.66223089	-7.93481200	-15.86962000
8.66723089	-7.93481200	-15.86962000
8.67223089	-7.93481200	-15.86962000
8.67723089	-7.93481200	-15.86962000
8.68223089	-7.93481200	-15.86962000
8.68723089	-7.93481200	-15.86962000
8.69223089	-7.93481200	-15.86962000
8.69723089	-7.93481200	-15.86962000
8.70223089	-7.93481200	-15.86962000
8.70723089	-7.93481200	-15.86962000
8.71223089	-7.93481200	-15.86962000
8.71723089	-7.93481200	-15.86962000
8.72223089	-7.93481200	-15.86962000
8.72723089	-7.93481200	-15.86962000
8.73223089	-7.93481200	-15.86962000
8.73723089	-7.93481200	-15.86962000
8.74223089	-7.93481200	-15.86962000
8.74723089	-7.93481200	-15.86962000
8.75223089	-7.93481200	-15.86962000
8.75723089	-7.93481200	-15.86962000
8.76223089	-7.93481200	-15.86962000
8.76723089	-7.93481200	-15.86962000
8.77223089	-7.93481200	-15.86962000
8.77723089	-7.93481200	-15.86962000
8.78223089	-7.93481200	-15.86962000
8.78723089	-7.93481200	-15.86962000
8.79223089	-7.93481200	-15.86962000
8.79723089	-7.93481200	-15.86962000
8.80223089	-7.93481200	-15.86962000
8.80723089	-7.93481200	-15.86962000
8.81223089	-7.93481200	-15.86962000
8.81723089	-7.93481200	-15.86962000
8.82223089	-7.93481200	-15.86962000
8.82723089	-7.93481200	-15.86962000
8.83223089	-7.93481200	-15.86962000
8.83723089	-7.93481200	-15.86962000
8.84223089	-7.93481200	-15.86962000
8.84723089	-7.93481200	-15.86962000
8.85223089	-7.93481200	-15.86962000
8.85723089	-7.93481200	-15.86962000
8.86223089	-7.93481200	-15.86962000
8.86723089	-7.93481200	-15.86962000
8.87223089	-7.93481200	-15.86962000
8.87723089	-7.93481200	-15.86962000
8.88223089	-7.93481200	-15.86962000
8.88723088	-7.93481200	-15.86962000
8.89223088	-7.93481200	-15.86962000
8.89723088	-7.93481200	-15.86962000
8.90223088	-7.93481200	-15.86962000
8.90723088	-7.93481200	-15.86962000
8.91223088	-7.93481200	-15.86962000
8.91723088	-7.93481200	-15.86962000
8.92223088	-7.93481200	-15.86962000
8.92723088	-7.93481200	-15.86962000
8.93223088	-7.93481200	-15.86962000
8.93723088	-7.93481200	-15.86962000
8.94223088	-7.93481200	-15.86962000
8.94723088	-7.93481200	-15.86962000
8.95223088	-7.93481200	-15.93066000
8.95723088	-7.93481200	-16.15955000
8.96223088	-7.93481200	-14.98459000
8.96723088	-7.93481200	-12.43629000
8.97223088	-7.93481200	-12.43629000
8.97723088	-7.93481200	-14.98459000
8.98223088	-7.93481200	-16.15955000
8.98723088	-7.93481200	-15.93066000
8.99223088	-7.93481200	-15.86962000
8.99723088	-7.93481200	-15.86962000
9.00223088	-7.93481200	-15.86962000
9.00723088	-7.93481200	-15.86962000
9.01223088	-7.93481200	-15.86962000
9.01723088	-7.93481200	-15.86962000
9.02223088	-7.93481200	-15.93066000
9.02723088	-7.93481200	-16.15955000
