Time	Channel A	Channel B
(us)	(mV)	(mV)

-1.00456900	-3.96740600	-3.28989500
-0.99956900	-3.96740600	-3.19834000
-0.99456900	-3.96740600	-3.17392500
-0.98956900	-3.96740600	-3.17392500
-0.98456900	-3.96740600	-3.17392500
-0.97956900	-3.96740600	-3.17392500
-0.97456900	-3.96740600	-3.17392500
-0.96956900	-3.96740600	-3.17392500
-0.96456900	-3.96740600	-3.19834000
-0.95956900	-3.96740600	-3.28989500
-0.95456900	-3.96740600	-2.84432500
-0.94956900	-3.96740600	-1.91656200
-0.94456900	-3.96740600	-1.47099200
-0.93956900	-3.96740600	-1.56254800
-0.93456900	-3.96740600	-1.56254800
-0.92956900	-3.96740600	-1.47099200
-0.92456900	-3.96740600	-1.91656200
-0.91956900	-3.96740600	-2.84432500
-0.91456900	-3.96740600	-3.31431000
-0.90956900	-3.96740600	-3.31431000
-0.90456900	-3.96740600	-2.84432500
-0.89956900	-3.96740600	-1.91656200
-0.89456900	-3.96740600	-1.44657700
-0.88956900	-3.96740600	-1.44657700
-0.88456900	-3.96740600	-1.91656200
-0.87956900	-3.96740600	-2.84432500
-0.87456900	-3.96740600	-3.28989500
-0.86956900	-3.96740600	-3.19834000
-0.86456900	-3.96740600	-3.19834000
-0.85956900	-3.96740600	-3.28989500
-0.85456900	-3.96740600	-2.81991000
-0.84956900	-3.96740600	-1.80059200
-0.84456900	-3.96740600	-1.82500700
-0.83956900	-3.96740600	-2.93588100
-0.83456900	-3.96740600	-2.93588100
-0.82956900	-3.96740600	-1.82500700
-0.82456900	-3.96740600	-1.82500700
-0.81956900	-3.96740600	-2.93588100
-0.81456900	-3.96740600	-2.96029500
-0.80956900	-3.96740600	-1.94097700
-0.80456900	-3.96740600	-1.49540700
-0.79956900	-3.96740600	-1.67851800
-0.79456900	-3.96740600	-1.25736300
-0.78956900	-3.96740600	-0.32959990
-0.78456900	-3.96740600	0.14038510
-0.77956900	-3.96740600	0.14038510
-0.77456900	-3.96740600	-0.35401470
-0.76956900	-3.96740600	-1.37333300
-0.76456900	-3.96740600	-1.37333300
-0.75956900	-3.96740600	-0.35401470
-0.75456900	-3.96740600	0.14038510
-0.74956900	-3.96740600	0.14038510
-0.74456900	-3.96740600	-0.32959990
-0.73956900	-3.96740600	-1.25736300
-0.73456900	-3.96740600	-1.70293300
-0.72956900	-3.96740600	-1.61137700
-0.72456900	-3.96740600	-1.58696200
-0.71956900	-3.96740600	-1.58696200
-0.71456900	-3.96740600	-1.58696200
-0.70956900	-3.96740600	-1.58696200
-0.70456900	-3.96740600	-1.58696200
-0.69956900	-3.96740600	-1.58696200
-0.69456900	-3.96740600	-1.58696200
-0.68956900	-3.96740600	-1.58696200
-0.68456900	-3.96740600	-1.58696200
-0.67956900	-3.96740600	-1.58696200
-0.67456900	-3.96740600	-1.58696200
-0.66956900	-3.96740600	-1.58696200
-0.66456900	-3.96740600	-1.58696200
-0.65956900	-3.96740600	-1.58696200
-0.65456900	-3.96740600	-1.58696200
-0.64956900	-3.96740600	-1.58696200
-0.64456900	-3.96740600	-1.61137700
-0.63956900	-3.96740600	-1.70293300
-0.63456900	-3.96740600	-1.25736300
-0.62956900	-3.96740600	-0.32959990
-0.62456900	-3.96740600	0.11597030
-0.61956900	-3.96740600	0.02441481
-0.61456900	-3.96740600	0.00000000
-0.60956900	-3.96740600	0.00000000
-0.60456900	-4.02844300	0.02441481
-0.59956900	-4.25733200	0.11597030
-0.59456900	-3.08236900	-0.35401470
-0.58956900	-0.53407390	-1.37333300
-0.58456900	-0.53407390	-1.39774800
-0.57956900	-3.08236900	-0.46998500
-0.57456900	-4.25733200	0.49439980
-0.56956900	-4.02844300	1.51371800
-0.56456900	-3.96740600	1.01931800
-0.55956900	-3.96740600	-1.01931800
-0.55456900	-3.96740600	-1.46488800
-0.54956900	-3.96740600	-0.26245920
-0.54456900	-3.96740600	-0.21362960
-0.53956900	-3.96740600	-1.23294800
-0.53456900	-3.96740600	-1.72734800
-0.52956900	-3.96740600	-1.72734800
-0.52456900	-3.96740600	-1.23294800
-0.51956900	-3.96740600	-0.21362960
-0.51456900	-3.96740600	-0.21362960
-0.50956900	-3.96740600	-1.23294800
-0.50456900	-3.96740600	-1.70293300
-0.49956900	-3.96740600	-1.61137700
-0.49456900	-3.96740600	-1.56254800
-0.48956900	-3.96740600	-1.47099200
-0.48456900	-3.96740600	-1.94097700
-0.47956900	-3.96740600	-2.96029500
-0.47456900	-3.96740600	-2.93588100
-0.46956900	-3.96740600	-1.82500700
-0.46456900	-3.96740600	-1.77617700
-0.45956900	-3.96740600	-2.70394000
-0.45456900	-3.96740600	-3.66832500
-0.44956900	-3.96740600	-4.68764300
-0.44456900	-3.96740600	-4.19324400
-0.43956900	-3.96740600	-2.15460700
-0.43456900	-3.96740600	-1.68462200
-0.42956900	-3.96740600	-2.79549500
-0.42456900	-3.96740600	-3.28989500
-0.41956900	-3.96740600	-3.19834000
-0.41456900	-4.02844300	-3.19834000
-0.40956900	-4.25733200	-3.28989500
-0.40456900	-3.08236900	-2.81991000
-0.39956900	-0.53407390	-1.80059200
-0.39456900	-0.53407390	-1.82500700
-0.38956900	-3.08236900	-2.93588100
-0.38456900	-4.25733200	-2.96029500
-0.37956900	-4.02844300	-1.94097700
-0.37456900	-3.96740600	-1.44657700
-0.36956900	-3.96740600	-1.44657700
-0.36456900	-3.96740600	-1.91656200
-0.35956900	-3.96740600	-2.84432500
-0.35456900	-3.96740600	-3.28989500
-0.34956900	-3.96740600	-3.19834000
-0.34456900	-3.96740600	-3.19834000
-0.33956900	-3.96740600	-3.28989500
-0.33456900	-3.96740600	-2.84432500
-0.32956900	-3.96740600	-1.91656200
-0.32456900	-3.96740600	-1.47099200
-0.31956900	-3.96740600	-1.56254800
-0.31456900	-3.96740600	-1.58696200
-0.30956900	-3.96740600	-1.58696200
-0.30456900	-3.96740600	-1.58696200
-0.29956900	-3.96740600	-1.58696200
-0.29456900	-3.96740600	-1.58696200
-0.28956900	-3.96740600	-1.58696200
-0.28456900	-3.96740600	-1.58696200
-0.27956900	-3.96740600	-1.58696200
-0.27456900	-3.96740600	-1.58696200
-0.26956900	-3.96740600	-1.58696200
-0.26456900	-3.96740600	-1.58696200
-0.25956900	-3.96740600	-1.58696200
-0.25456900	-3.96740600	-1.58696200
-0.24956900	-3.96740600	-1.58696200
-0.24456900	-3.96740600	-1.58696200
-0.23956900	-3.96740600	-1.58696200
-0.23456900	-3.96740600	-1.56254800
-0.22956900	-3.96740600	-1.47099200
-0.22456900	-3.96740600	-1.91656200
-0.21956900	-3.96740600	-2.84432500
-0.21456900	-3.96740600	-3.31431000
-0.20956900	-3.96740600	-3.31431000
-0.20456900	-3.96740600	-2.84432500
-0.19956900	-3.96740600	-1.91656200
-0.19456900	-3.96740600	-1.47099200
-0.18956900	-3.96740600	-1.56254800
-0.18456900	-4.02844300	-1.58696200
-0.17956900	-4.25733200	-1.58696200
-0.17456900	-3.08236900	-1.58696200
-0.16956900	-0.53407390	-1.58696200
-0.16456900	-0.53407390	-1.58696200
-0.15956900	-3.08236900	-1.58696200
-0.15456900	-4.31836900	-1.58696200
-0.14956900	-4.31836900	-1.58696200
-0.14456900	-3.14340600	-1.56254800
-0.13956900	-0.82399970	-1.47099200
-0.13456900	0.22888880	-1.91656200
-0.12956900	-0.22888880	-2.84432500
-0.12456900	0.76296270	-3.26548100
-0.11956900	2.85348100	-3.08237000
-0.11456900	4.97451700	-3.47911000
-0.10956900	6.57673800	-4.31531700
-0.10456900	9.76592300	-5.18204300
-0.09956900	13.68755000	-5.92669400
-0.09456900	17.99066000	-6.79342000
-0.08956900	21.68340000	-7.62962700
-0.08456900	25.92547000	-8.02636700
-0.07956900	29.61821000	-7.84325600
-0.07456900	33.86028000	-8.26441300
-0.06956900	37.55302000	-9.19217500
-0.06456900	41.73406000	-9.63774600
-0.05956900	45.19791000	-9.54619000
-0.05456900	50.49287000	-9.49735900
-0.04956900	56.27613000	-9.40580500
-0.04456900	62.74605000	-9.90020500
-0.03956900	68.54457000	-11.01108000
-0.03456900	73.83952000	-10.58992000
-0.02956900	77.30338000	-8.73439700
-0.02456900	81.48442000	-7.37327200
-0.01956900	85.17715000	-6.62862000
-0.01456900	89.41923000	-6.25629500
-0.00956900	93.11196000	-6.43940500
-0.00456900	97.35404000	-6.01825000
0.00043100	101.04680000	-5.09048700
0.00543100	105.28880000	-4.64491700
0.01043100	108.98160000	-4.73647300
0.01543100	113.16260000	-4.73647300
0.02043100	116.62650000	-4.64491700
0.02543100	122.04350000	-5.11490200
0.03043100	128.28450000	-6.13422100
0.03543100	132.52660000	-6.10980600
0.04043100	133.67110000	-4.99893200
0.04543100	136.73820000	-4.95010200
0.05043100	140.67510000	-5.87786500
0.05543100	144.97820000	-6.81783500
0.06043100	148.67090000	-7.74559700
0.06543100	152.97400000	-7.72118300
0.07043100	156.89560000	-6.70186400
0.07543100	160.08480000	-6.23187900
0.08043100	161.68710000	-6.32343500
0.08543100	163.70130000	-6.32343500
0.09043100	165.30350000	-6.23187900
0.09543100	168.55370000	-6.67745000
0.10043100	172.70420000	-7.60521200
0.10543100	175.95450000	-8.05078300
0.11043100	177.55670000	-7.95922800
0.11543100	179.67770000	-7.93481200
0.12043100	181.76820000	-7.93481200
0.12543100	182.76010000	-7.93481200
0.13043100	182.30230000	-7.93481200
0.13543100	183.35520000	-7.95922800
0.14043100	185.67460000	-8.05078300
0.14543100	186.72750000	-7.58079800
0.15043100	186.26970000	-6.56148000
0.15543100	187.32260000	-6.56148000
0.16043100	189.64200000	-7.58079800
0.16543100	190.75590000	-8.09961200
0.17043100	190.52700000	-8.19116800
0.17543100	190.46600000	-7.27561200
0.18043100	190.46600000	-5.42008700
0.18543100	190.46600000	-4.50453200
0.19043099	190.46600000	-4.59608700
0.19543099	190.46600000	-5.11490200
0.20043099	190.46600000	-6.13422100
0.20543099	190.52700000	-6.15863500
0.21043099	190.75590000	-5.23087300
0.21543099	189.64200000	-4.31531700
0.22043099	187.32260000	-3.47911000
0.22543099	186.20870000	-3.05795500
0.23043099	186.43760000	-3.14951000
0.23543099	186.55960000	-3.19834000
0.24043099	186.78850000	-3.28989500
0.24543099	185.67460000	-2.81991000
0.25043099	183.35520000	-1.80059200
0.25543099	182.30230000	-1.80059200
0.26043099	182.76010000	-2.81991000
0.26543099	181.70720000	-3.28989500
0.27043099	179.38780000	-3.19834000
0.27543099	178.33490000	-3.14951000
0.28043099	178.79270000	-3.05795500
0.28543099	177.73980000	-3.50352500
0.29043099	175.42040000	-4.43128700
0.29543099	174.36750000	-4.85244300
0.30043099	174.82530000	-4.66933200
0.30543099	173.83340000	-5.06607200
0.31043099	171.74290000	-5.90228000
0.31543099	169.51500000	-6.79342000
0.32043099	167.42450000	-7.62962700
0.32543099	166.37160000	-8.05078300
0.33043099	166.60050000	-7.95922800
0.33543099	166.72260000	-7.93481200
0.34043099	166.95150000	-7.93481200
0.34543099	165.83760000	-7.93481200
0.35043099	163.51820000	-7.93481200
0.35543099	162.46530000	-7.93481200
0.36043099	162.92310000	-7.93481200
0.36543099	161.87020000	-7.93481200
0.37043099	159.55080000	-7.93481200
0.37543099	158.43680000	-7.93481200
0.38043099	158.66570000	-7.93481200
0.38543099	158.78780000	-7.95922800
0.39043099	159.01670000	-8.05078300
0.39543099	157.90280000	-7.62962700
0.40043099	155.58340000	-6.79342000
0.40543099	154.53050000	-5.90228000
0.41043099	154.98820000	-5.06607200
0.41543099	153.87430000	-4.64491700
0.42043099	151.32600000	-4.73647300
0.42543099	151.38710000	-4.78530200
0.43043099	154.16420000	-4.87685800
0.43543099	154.22530000	-4.45570200
0.44043099	151.67700000	-3.61949500
0.44543099	150.50200000	-2.70394000
0.45043099	150.73090000	-1.77617700
0.45543099	150.79190000	-1.77617700
0.46043099	150.79190000	-2.70394000
0.46543099	150.85300000	-3.64391000
0.47043099	151.08190000	-4.57167300
0.47543099	149.96790000	-4.54725700
0.48043099	147.64850000	-3.52794000
0.48543099	146.53460000	-3.03354000
0.49043099	146.76350000	-3.03354000
0.49543099	146.82450000	-3.50352500
0.50043099	146.82450000	-4.43128700
0.50543099	146.82450000	-4.87685800
0.51043099	146.82450000	-4.78530200
0.51543099	146.88560000	-4.76088700
0.52043099	147.11450000	-4.76088700
0.52543099	146.00050000	-4.76088700
0.53043099	143.68110000	-4.76088700
0.53543099	142.56720000	-4.78530200
0.54043099	142.79610000	-4.87685800
0.54543099	142.85710000	-4.43128700
0.55043099	142.85710000	-3.50352500
0.55543099	142.85710000	-3.05795500
0.56043099	142.85710000	-3.14951000
0.56543099	142.91820000	-3.17392500
0.57043099	143.14710000	-3.17392500
0.57543099	142.03310000	-3.17392500
0.58043099	139.69850000	-3.17392500
0.58543099	138.58450000	-3.17392500
0.59043099	138.81340000	-3.17392500
0.59543099	138.87450000	-3.17392500
0.60043099	138.87450000	-3.17392500
0.60543099	138.87450000	-3.14951000
0.61043099	138.87450000	-3.05795500
0.61543099	138.93550000	-3.52794000
0.62043099	139.16440000	-4.54725700
0.62543099	138.05050000	-4.54725700
0.63043099	135.73110000	-3.52794000
0.63543099	134.61710000	-3.03354000
0.64043099	134.84600000	-3.03354000
0.64543099	134.90710000	-3.52794000
0.65043099	134.90710000	-4.54725700
0.65543099	134.90710000	-4.54725700
0.66043099	134.90710000	-3.52794000
0.66543099	134.90710000	-3.05795500
0.67043099	134.90710000	-3.14951000
0.67543099	134.90710000	-3.17392500
0.68043099	134.90710000	-3.17392500
0.68543099	134.96810000	-3.19834000
0.69043099	135.19700000	-3.28989500
0.69543099	134.08310000	-2.84432500
0.70043099	131.76370000	-1.91656200
0.70543099	130.64970000	-1.44657700
0.71043099	130.87860000	-1.44657700
0.71543099	130.93970000	-1.91656200
0.72043099	130.93970000	-2.84432500
0.72543099	130.93970000	-3.31431000
0.73043099	130.93970000	-3.31431000
0.73543099	131.00070000	-2.81991000
0.74043099	131.22960000	-1.80059200
0.74543099	130.11560000	-1.80059200
0.75043099	127.79630000	-2.81991000
0.75543099	126.68230000	-3.28989500
0.76043099	126.91120000	-3.19834000
0.76543099	126.97230000	-3.19834000
0.77043099	126.97230000	-3.28989500
0.77543099	127.03330000	-2.84432500
0.78043099	127.26220000	-1.91656200
0.78543099	126.08720000	-1.47099200
0.79043099	123.53890000	-1.56254800
0.79543099	123.60000000	-1.58696200
0.80043099	126.37710000	-1.58696200
0.80543099	126.43820000	-1.61137700
0.81043099	123.88990000	-1.70293300
0.81543099	122.71490000	-1.25736300
0.82043099	122.94380000	-0.32959990
0.82543099	123.00480000	0.14038510
0.83043099	123.00480000	0.14038510
0.83543099	123.00480000	-0.32959990
0.84043099	123.00480000	-1.25736300
0.84543099	123.06590000	-1.72734800
0.85043099	123.29480000	-1.72734800
0.85543099	122.18080000	-1.23294800
0.86043099	119.86140000	-0.21362960
0.86543099	118.74750000	-0.21362960
0.87043099	118.97640000	-1.23294800
0.87543099	119.03740000	-1.67851800
0.88043099	119.03740000	-1.49540700
0.88543099	119.03740000	-1.91656200
0.89043099	119.03740000	-2.84432500
0.89543099	119.03740000	-3.28989500
0.90043099	119.03740000	-3.19834000
0.90543099	119.03740000	-3.17392500
0.91043099	119.03740000	-3.17392500
0.91543099	119.09850000	-3.17392500
0.92043099	119.32740000	-3.17392500
0.92543099	118.21340000	-3.14951000
0.93043099	115.89400000	-3.05795500
0.93543099	114.78010000	-3.52794000
0.94043099	115.00900000	-4.54725700
0.94543099	115.07000000	-4.52284300
0.95043099	115.07000000	-3.41196900
0.95543099	115.07000000	-3.41196900
0.96043099	115.07000000	-4.52284300
0.96543099	115.07000000	-4.54725700
0.97043099	115.07000000	-3.52794000
0.97543099	115.13110000	-3.03354000
0.98043099	115.36000000	-3.03354000
0.98543099	114.24600000	-3.52794000
0.99043099	111.92660000	-4.54725700
0.99543099	110.81270000	-4.57167300
1.00043099	111.04160000	-3.64391000
1.00543099	111.10260000	-2.67952500
1.01043099	111.10260000	-1.66020700
1.01543099	111.10260000	-2.13019200
1.02043099	111.10260000	-4.07727300
1.02543099	111.10260000	-5.04165700
1.03043099	111.10260000	-5.04165700
1.03543099	111.10260000	-4.10168800
1.04043099	111.10260000	-2.24616200
1.04543099	111.10260000	-1.35502200
1.05043099	111.10260000	-1.53813300
1.05543099	111.10260000	-1.56254800
1.06043099	111.10260000	-1.47099200
1.06543099	111.16370000	-1.94097700
1.07043099	111.39250000	-2.96029500
1.07543099	110.27860000	-2.96029500
1.08043099	107.95920000	-1.94097700
1.08543099	106.84530000	-1.47099200
1.09043099	107.07420000	-1.56254800
1.09543099	107.13520000	-1.58696200
1.10043099	107.13520000	-1.58696200
1.10543099	107.13520000	-1.58696200
1.11043099	107.13520000	-1.58696200
1.11543099	107.13520000	-1.58696200
1.12043099	107.13520000	-1.58696200
1.12543099	107.19630000	-1.61137700
1.13043099	107.42510000	-1.70293300
1.13543099	106.31120000	-1.23294800
1.14043099	103.99180000	-0.21362960
1.14543099	102.87790000	-0.21362960
1.15043099	103.10680000	-1.23294800
1.15543099	103.16780000	-1.72734800
1.16043099	103.16780000	-1.72734800
1.16543099	103.16780000	-1.23294800
1.17043099	103.16780000	-0.21362960
1.17543099	103.16780000	-0.21362960
1.18043099	103.16780000	-1.23294800
1.18543099	103.16780000	-1.70293300
1.19043099	103.16780000	-1.61137700
1.19543099	103.22890000	-1.58696200
1.20043099	103.45770000	-1.58696200
1.20543099	102.34380000	-1.61137700
1.21043099	100.02440000	-1.70293300
1.21543099	98.91048000	-1.23294800
1.22043099	99.13937000	-0.21362960
1.22543099	99.20041000	-0.21362960
1.23043099	99.20041000	-1.23294800
1.23543099	99.20041000	-1.70293300
1.24043099	99.20041000	-1.61137700
1.24543099	99.20041000	-1.58696200
1.25043099	99.20041000	-1.58696200
1.25543099	99.20041000	-1.58696200
1.26043099	99.20041000	-1.58696200
1.26543099	99.26145000	-1.58696200
1.27043099	99.49034000	-1.58696200
1.27543099	98.37641000	-1.56254800
1.28043099	96.05700000	-1.47099200
1.28543099	94.94308000	-1.94097700
1.29043099	95.17197000	-2.96029500
1.29543099	95.23300000	-2.93588100
1.30043099	95.23300000	-1.82500700
1.30543099	95.23300000	-1.82500700
1.31043099	95.23300000	-2.93588100
1.31543099	95.23300000	-2.96029500
1.32043099	95.23300000	-1.94097700
1.32543099	95.23300000	-1.47099200
1.33043099	95.23300000	-1.56254800
1.33543099	95.23300000	-1.58696200
1.34043099	95.23300000	-1.58696200
1.34543099	95.23300000	-1.58696200
1.35043099	95.23300000	-1.58696200
1.35543099	95.23300000	-1.61137700
1.36043099	95.23300000	-1.70293300
1.36543099	95.23300000	-1.23294800
1.37043099	95.23300000	-0.21362960
1.37543099	95.23300000	-0.21362960
1.38043099	95.23300000	-1.23294800
1.38543099	95.29404000	-1.70293300
1.39043099	95.52293000	-1.61137700
1.39543099	94.40900000	-1.58696200
1.40043099	92.08959000	-1.58696200
1.40543099	90.97568000	-1.58696200
1.41043099	91.20457000	-1.58696200
1.41543099	91.26560000	-1.61137700
1.42043099	91.26560000	-1.70293300
1.42543099	91.32664000	-1.23294800
1.43043099	91.55552000	-0.21362960
1.43543099	90.44160000	-0.23804440
1.44043099	88.12219000	-1.34891800
1.44543099	87.00826000	-1.34891800
1.45043099	87.23715000	-0.23804440
1.45543099	87.29819000	-0.23804440
1.46043099	87.29819000	-1.34891800
1.46543099	87.29819000	-1.34891800
1.47043099	87.29819000	-0.23804440
1.47543099	87.29819000	-0.23804440
1.48043099	87.29819000	-1.34891800
1.48543099	87.29819000	-1.34891800
1.49043099	87.29819000	-0.23804440
1.49543099	87.29819000	-0.18921480
1.50043099	87.29819000	-1.11697700
1.50543099	87.29819000	-2.03253300
1.51043099	87.29819000	-2.86874000
1.51543099	87.29819000	-3.31431000
1.52043099	87.29819000	-3.31431000
1.52543099	87.35923000	-2.84432500
1.53043099	87.58812000	-1.91656200
1.53543099	86.47419000	-1.47099200
1.54043099	84.15479000	-1.56254800
1.54543099	83.04086000	-1.56254800
1.55043099	83.26974000	-1.47099200
1.55543099	83.33078000	-1.94097700
1.56043099	83.33078000	-2.96029500
1.56543099	83.33078000	-2.98471000
1.57043099	83.33078000	-2.05694700
1.57543099	83.33078000	-1.14139200
1.58043099	83.33078000	-0.30518510
1.58543099	83.33078000	0.11597030
1.59043099	83.33078000	0.02441481
1.59543099	83.33078000	0.00000000
1.60043099	83.33078000	0.00000000
1.60543099	83.33078000	0.00000000
1.61043099	83.33078000	0.00000000
1.61543099	83.33078000	0.00000000
1.62043099	83.33078000	0.00000000
1.62543099	83.39182000	0.00000000
1.63043099	83.62070000	0.00000000
1.63543099	82.50678000	0.00000000
1.64043099	80.18738000	0.00000000
1.64543099	79.07346000	0.00000000
1.65043099	79.30235000	0.00000000
1.65543099	79.36338000	0.02441481
1.66043099	79.36338000	0.11597030
1.66543099	79.36338000	-0.35401470
1.67043099	79.36338000	-1.37333300
1.67543099	79.36338000	-1.34891800
1.68043099	79.36338000	-0.23804440
1.68543099	79.36338000	-0.21362960
1.69043099	79.36338000	-1.23294800
1.69543099	79.36338000	-1.70293300
1.70043099	79.36338000	-1.61137700
1.70543099	79.36338000	-1.58696200
1.71043099	79.36338000	-1.58696200
1.71543099	79.36338000	-1.58696200
1.72043099	79.36338000	-1.58696200
1.72543099	79.36338000	-1.56254800
1.73043099	79.36338000	-1.47099200
1.73543099	79.42442000	-1.91656200
1.74043099	79.65331000	-2.84432500
1.74543099	78.53938000	-3.31431000
1.75043099	76.21997000	-3.31431000
1.75543099	75.10605000	-2.81991000
1.76043099	75.33494000	-1.80059200
1.76543099	75.39597000	-1.80059200
1.77043099	75.39597000	-2.81991000
1.77543099	75.39597000	-3.26548100
1.78043099	75.39597000	-3.08237000
1.78543099	75.39597000	-3.52794000
1.79043099	75.39597000	-4.54725700
1.79543099	75.39597000	-4.54725700
1.80043099	75.39597000	-3.52794000
1.80543099	75.39597000	-3.05795500
1.81043099	75.39597000	-3.14951000
1.81543099	75.39597000	-3.17392500
1.82043099	75.39597000	-3.17392500
1.82543099	75.45701000	-3.14951000
1.83043099	75.68590000	-3.05795500
1.83543098	74.57197000	-3.52794000
1.84043098	72.25256000	-4.54725700
1.84543098	71.13864000	-4.57167300
1.85043098	71.36753000	-3.64391000
1.85543098	71.42857000	-2.72835500
1.86043098	71.42857000	-1.89214800
1.86543098	71.42857000	-1.49540700
1.87043098	71.42857000	-1.67851800
1.87543098	71.42857000	-1.23294800
1.88043098	71.42857000	-0.21362960
1.88543098	71.42857000	-0.23804440
1.89043098	71.42857000	-1.34891800
1.89543098	71.42857000	-1.34891800
1.90043098	71.42857000	-0.23804440
1.90543098	71.42857000	-0.21362960
1.91043098	71.42857000	-1.23294800
1.91543098	71.42857000	-1.72734800
1.92043098	71.42857000	-1.72734800
1.92543098	71.48961000	-1.23294800
1.93043098	71.71850000	-0.21362960
1.93543098	70.54353000	-0.21362960
1.94043098	67.97997000	-1.23294800
1.94543098	68.04102000	-1.70293300
1.95043098	70.83346000	-1.61137700
1.95543098	70.89449000	-1.58696200
1.96043098	68.33094000	-1.58696200
1.96543098	67.15598000	-1.58696200
1.97043098	67.38486000	-1.58696200
1.97543098	67.44590000	-1.56254800
1.98043098	67.44590000	-1.47099200
1.98543098	67.44590000	-1.91656200
1.99043098	67.44590000	-2.84432500
1.99543098	67.44590000	-3.33872500
2.00043098	67.44590000	-3.43028000
2.00543098	67.44590000	-2.49031000
2.01043098	67.44590000	-0.54322950
2.01543098	67.44590000	-0.07324442
2.02043098	67.44590000	-1.09256300
2.02543098	67.50694000	-2.03253300
2.03043098	67.73582000	-2.86874000
2.03543098	66.62190000	-3.28989500
2.04043098	64.30249000	-3.19834000
2.04543098	63.12754000	-3.17392500
2.05043098	63.12754000	-3.17392500
2.05543098	64.36353000	-3.17392500
2.06043098	66.91183000	-3.17392500
2.06543098	66.91183000	-3.17392500
2.07043098	64.36353000	-3.17392500
2.07543098	63.18857000	-3.17392500
2.08043098	63.41746000	-3.17392500
2.08543098	63.47850000	-3.19834000
2.09043098	63.47850000	-3.28989500
2.09543098	63.47850000	-2.84432500
2.10043098	63.47850000	-1.91656200
2.10543098	63.47850000	-1.47099200
2.11043098	63.47850000	-1.56254800
2.11543098	63.47850000	-1.58696200
2.12043098	63.47850000	-1.58696200
2.12543098	63.47850000	-1.58696200
2.13043098	63.47850000	-1.58696200
2.13543098	63.47850000	-1.58696200
2.14043098	63.47850000	-1.58696200
2.14543098	63.47850000	-1.58696200
2.15043098	63.47850000	-1.58696200
2.15543098	63.53953000	-1.58696200
2.16043098	63.76842000	-1.58696200
2.16543098	62.65450000	-1.58696200
2.17043098	60.33509000	-1.58696200
2.17543098	59.22116000	-1.58696200
2.18043098	59.45005000	-1.58696200
2.18543098	59.51109000	-1.58696200
2.19043098	59.51109000	-1.58696200
2.19543098	59.51109000	-1.58696200
2.20043098	59.51109000	-1.58696200
2.20543098	59.51109000	-1.61137700
2.21043098	59.51109000	-1.70293300
2.21543098	59.51109000	-1.25736300
2.22043098	59.51109000	-0.32959990
2.22543098	59.51109000	0.14038510
2.23043098	59.51109000	0.14038510
2.23543098	59.51109000	-0.32959990
2.24043098	59.51109000	-1.25736300
2.24543098	59.51109000	-1.70293300
2.25043098	59.51109000	-1.61137700
2.25543098	59.51109000	-1.58696200
2.26043098	59.51109000	-1.58696200
2.26543098	59.57213000	-1.58696200
2.27043098	59.80102000	-1.58696200
2.27543098	58.68709000	-1.61137700
2.28043098	56.36768000	-1.70293300
2.28543098	55.25376000	-1.23294800
2.29043098	55.48264000	-0.21362960
2.29543098	55.54368000	-0.21362960
2.30043098	55.54368000	-1.23294800
2.30543098	55.54368000	-1.70293300
2.31043098	55.54368000	-1.61137700
2.31543098	55.54368000	-1.58696200
2.32043098	55.54368000	-1.58696200
2.32543098	55.54368000	-1.58696200
2.33043098	55.54368000	-1.58696200
2.33543098	55.54368000	-1.58696200
2.34043098	55.54368000	-1.58696200
2.34543098	55.54368000	-1.58696200
2.35043098	55.54368000	-1.58696200
2.35543098	55.54368000	-1.58696200
2.36043098	55.54368000	-1.58696200
2.36543098	55.54368000	-1.58696200
2.37043098	55.54368000	-1.58696200
2.37543098	55.54368000	-1.58696200
2.38043098	55.54368000	-1.58696200
2.38543098	55.54368000	-1.58696200
2.39043098	55.54368000	-1.58696200
2.39543098	55.54368000	-1.58696200
2.40043098	55.54368000	-1.58696200
2.40543098	55.54368000	-1.58696200
2.41043098	55.54368000	-1.58696200
2.41543098	55.54368000	-1.58696200
2.42043098	55.54368000	-1.58696200
2.42543098	55.60472000	-1.56254800
2.43043098	55.83361000	-1.47099200
2.43543098	54.71968000	-1.94097700
2.44043098	52.40028000	-2.96029500
2.44543098	51.28635000	-2.96029500
2.45043098	51.51524000	-1.94097700
2.45543098	51.57627000	-1.47099200
2.46043098	51.57627000	-1.56254800
2.46543098	51.57627000	-1.61137700
2.47043098	51.57627000	-1.70293300
2.47543098	51.57627000	-1.25736300
2.48043098	51.57627000	-0.32959990
2.48543098	51.57627000	0.11597030
2.49043098	51.57627000	0.02441481
2.49543098	51.57627000	-0.02441481
2.50043098	51.57627000	-0.11597030
2.50543098	51.57627000	0.35401470
2.51043098	51.57627000	1.37333300
2.51543098	51.57627000	1.37333300
2.52043098	51.57627000	0.35401470
2.52543098	51.57627000	-0.11597030
2.53043098	51.57627000	-0.02441481
2.53543098	51.63731000	0.00000000
2.54043098	51.86620000	0.00000000
2.54543098	50.69124000	0.02441481
2.55043098	48.14294000	0.11597030
2.55543098	48.20398000	-0.32959990
2.56043098	50.98117000	-1.25736300
2.56543098	51.04220000	-1.70293300
2.57043098	48.49391000	-1.61137700
2.57543098	47.31895000	-1.58696200
2.58043098	47.54784000	-1.58696200
2.58543098	47.60887000	-1.58696200
2.59043098	47.60887000	-1.58696200
2.59543098	47.60887000	-1.58696200
2.60043098	47.60887000	-1.58696200
2.60543098	47.60887000	-1.58696200
2.61043098	47.60887000	-1.58696200
2.61543098	47.60887000	-1.58696200
2.62043098	47.60887000	-1.58696200
2.62543098	47.60887000	-1.58696200
2.63043098	47.60887000	-1.58696200
2.63543098	47.60887000	-1.56254800
2.64043098	47.60887000	-1.47099200
2.64543098	47.60887000	-1.94097700
2.65043098	47.60887000	-2.96029500
2.65543098	47.60887000	-2.96029500
2.66043098	47.60887000	-1.94097700
2.66543098	47.60887000	-1.47099200
2.67043098	47.60887000	-1.56254800
2.67543098	47.60887000	-1.56254800
2.68043098	47.60887000	-1.47099200
2.68543098	47.60887000	-1.91656200
2.69043098	47.60887000	-2.84432500
2.69543098	47.60887000	-3.28989500
2.70043098	47.60887000	-3.19834000
2.70543098	47.66991000	-3.17392500
2.71043098	47.89880000	-3.17392500
2.71543098	46.78487000	-3.17392500
2.72043098	44.46547000	-3.17392500
2.72543098	43.35154000	-3.19834000
2.73043098	43.58043000	-3.28989500
2.73543098	43.64147000	-2.84432500
2.74043098	43.64147000	-1.91656200
2.74543098	43.64147000	-1.44657700
2.75043098	43.64147000	-1.44657700
2.75543098	43.64147000	-1.94097700
2.76043098	43.64147000	-2.96029500
2.76543098	43.64147000	-2.96029500
2.77043098	43.64147000	-1.94097700
2.77543098	43.64147000	-1.44657700
2.78043098	43.64147000	-1.44657700
2.78543098	43.64147000	-1.94097700
2.79043098	43.64147000	-2.96029500
2.79543098	43.64147000	-2.96029500
2.80043098	43.64147000	-1.94097700
2.80543098	43.64147000	-1.44657700
2.81043098	43.64147000	-1.44657700
2.81543098	43.64147000	-1.91656200
2.82043098	43.64147000	-2.84432500
2.82543098	43.64147000	-3.31431000
2.83043098	43.64147000	-3.31431000
2.83543098	43.70250000	-2.84432500
2.84043098	43.93139000	-1.91656200
2.84543098	42.75643000	-1.47099200
2.85043098	40.20813000	-1.56254800
2.85543098	40.20813000	-1.58696200
2.86043098	42.75643000	-1.58696200
2.86543098	43.93139000	-1.58696200
2.87043098	43.70250000	-1.58696200
2.87543098	43.70250000	-1.58696200
2.88043098	43.93139000	-1.58696200
2.88543098	42.75643000	-1.58696200
2.89043098	40.20813000	-1.58696200
2.89543098	40.26917000	-1.58696200
2.90043098	43.04636000	-1.58696200
2.90543098	43.10739000	-1.58696200
2.91043098	40.55910000	-1.58696200
2.91543098	39.38414000	-1.58696200
2.92043098	39.61302000	-1.58696200
2.92543098	39.67406000	-1.58696200
2.93043098	39.67406000	-1.58696200
2.93543098	39.67406000	-1.58696200
2.94043098	39.67406000	-1.58696200
2.94543098	39.67406000	-1.56254800
2.95043098	39.67406000	-1.47099200
2.95543098	39.67406000	-1.91656200
2.96043098	39.67406000	-2.84432500
2.96543098	39.67406000	-3.28989500
2.97043098	39.67406000	-3.19834000
2.97543098	39.67406000	-3.17392500
2.98043098	39.67406000	-3.17392500
2.98543098	39.67406000	-3.17392500
2.99043098	39.67406000	-3.17392500
2.99543098	39.67406000	-3.19834000
3.00043098	39.67406000	-3.28989500
3.00543098	39.67406000	-2.79549500
3.01043098	39.67406000	-1.68462200
3.01543098	39.67406000	-2.13019200
3.02043098	39.67406000	-4.07727300
3.02543098	39.67406000	-5.01724300
3.03043098	39.67406000	-4.92568700
3.03543098	39.67406000	-4.43128700
3.04043098	39.67406000	-3.50352500
3.04543098	39.67406000	-3.05795500
3.05043098	39.67406000	-3.14951000
3.05543098	39.67406000	-3.19834000
3.06043098	39.67406000	-3.28989500
3.06543098	39.67406000	-2.84432500
3.07043098	39.67406000	-1.91656200
3.07543098	39.73510000	-1.47099200
3.08043098	39.96399000	-1.56254800
3.08543098	38.85006000	-1.58696200
3.09043098	36.53065000	-1.58696200
3.09543098	35.41673000	-1.61137700
3.10043098	35.64562000	-1.70293300
3.10543098	35.70665000	-1.23294800
3.11043098	35.70665000	-0.21362960
3.11543098	35.70665000	-0.21362960
3.12043098	35.70665000	-1.23294800
3.12543098	35.70665000	-1.70293300
3.13043098	35.70665000	-1.61137700
3.13543098	35.70665000	-1.58696200
3.14043098	35.70665000	-1.58696200
3.14543098	35.70665000	-1.58696200
3.15043098	35.70665000	-1.58696200
3.15543098	35.70665000	-1.56254800
3.16043098	35.70665000	-1.47099200
3.16543098	35.70665000	-1.91656200
3.17043098	35.70665000	-2.84432500
3.17543098	35.70665000	-3.31431000
3.18043098	35.70665000	-3.31431000
3.18543098	35.70665000	-2.81991000
3.19043098	35.70665000	-1.80059200
3.19543098	35.70665000	-1.82500700
3.20043098	35.70665000	-2.93588100
3.20543098	35.70665000	-2.96029500
3.21043098	35.70665000	-1.94097700
3.21543098	35.70665000	-1.47099200
3.22043098	35.70665000	-1.56254800
3.22543098	35.70665000	-1.58696200
3.23043098	35.70665000	-1.58696200
3.23543098	35.70665000	-1.58696200
3.24043098	35.70665000	-1.58696200
3.24543098	35.70665000	-1.58696200
3.25043098	35.70665000	-1.58696200
3.25543098	35.70665000	-1.58696200
3.26043098	35.70665000	-1.58696200
3.26543098	35.70665000	-1.58696200
3.27043098	35.70665000	-1.58696200
3.27543098	35.70665000	-1.58696200
3.28043098	35.70665000	-1.58696200
3.28543098	35.76769000	-1.58696200
3.29043098	35.99658000	-1.58696200
3.29543098	34.82162000	-1.58696200
3.30043098	32.27332000	-1.58696200
3.30543098	32.27332000	-1.61137700
3.31043098	34.82162000	-1.70293300
3.31543098	36.05762000	-1.23294800
3.32043098	36.05762000	-0.21362960
3.32543098	34.88266000	-0.21362960
3.33043098	32.56325000	-1.23294800
3.33543098	31.44932000	-1.70293300
3.34043098	31.67821000	-1.61137700
3.34543098	31.73925000	-1.58696200
3.35043098	31.73925000	-1.58696200
3.35543098	31.73925000	-1.58696200
3.36043098	31.73925000	-1.58696200
3.36543098	31.73925000	-1.56254800
3.37043098	31.73925000	-1.47099200
3.37543098	31.73925000	-1.94097700
3.38043098	31.73925000	-2.96029500
3.38543098	31.73925000	-2.96029500
3.39043098	31.73925000	-1.94097700
3.39543098	31.73925000	-1.47099200
3.40043098	31.73925000	-1.56254800
3.40543098	31.73925000	-1.58696200
3.41043098	31.73925000	-1.58696200
3.41543098	31.73925000	-1.58696200
3.42043098	31.73925000	-1.58696200
3.42543098	31.73925000	-1.58696200
3.43043098	31.73925000	-1.58696200
3.43543098	31.73925000	-1.58696200
3.44043098	31.73925000	-1.58696200
3.44543098	31.73925000	-1.58696200
3.45043098	31.73925000	-1.58696200
3.45543098	31.73925000	-1.58696200
3.46043098	31.73925000	-1.58696200
3.46543098	31.73925000	-1.58696200
3.47043098	31.73925000	-1.58696200
3.47543098	31.73925000	-1.58696200
3.48043097	31.73925000	-1.58696200
3.48543097	31.80028000	-1.58696200
3.49043097	32.02917000	-1.58696200
3.49543097	30.85421000	-1.58696200
3.50043097	28.30592000	-1.58696200
3.50543097	28.36695000	-1.56254800
3.51043097	31.14414000	-1.47099200
3.51543097	31.14414000	-1.94097700
3.52043097	28.36695000	-2.96029500
3.52543097	28.36695000	-2.96029500
3.53043097	31.14414000	-1.94097700
3.53543097	31.14414000	-1.47099200
3.54043097	28.36695000	-1.56254800
3.54543097	28.36695000	-1.58696200
3.55043097	31.14414000	-1.58696200
3.55543097	31.20517000	-1.56254800
3.56043097	28.65688000	-1.47099200
3.56543097	27.48192000	-1.94097700
3.57043097	27.71080000	-2.96029500
3.57543097	27.77184000	-2.96029500
3.58043097	27.77184000	-1.94097700
3.58543097	27.77184000	-1.47099200
3.59043097	27.77184000	-1.56254800
3.59543097	27.77184000	-1.58696200
3.60043097	27.77184000	-1.58696200
3.60543097	27.77184000	-1.58696200
3.61043097	27.77184000	-1.58696200
3.61543097	27.77184000	-1.58696200
3.62043097	27.77184000	-1.58696200
3.62543097	27.77184000	-1.58696200
3.63043097	27.77184000	-1.58696200
3.63543097	27.77184000	-1.58696200
3.64043097	27.77184000	-1.58696200
3.64543097	27.77184000	-1.56254800
3.65043097	27.77184000	-1.47099200
3.65543097	27.77184000	-1.94097700
3.66043097	27.77184000	-2.96029500
3.66543097	27.77184000	-2.96029500
3.67043097	27.77184000	-1.94097700
3.67543097	27.77184000	-1.47099200
3.68043097	27.77184000	-1.56254800
3.68543097	27.77184000	-1.58696200
3.69043097	27.77184000	-1.58696200
3.69543097	27.77184000	-1.58696200
3.70043097	27.77184000	-1.58696200
3.70543097	27.77184000	-1.58696200
3.71043097	27.77184000	-1.58696200
3.71543097	27.77184000	-1.58696200
3.72043097	27.77184000	-1.58696200
3.72543097	27.77184000	-1.58696200
3.73043097	27.77184000	-1.58696200
3.73543097	27.83288000	-1.58696200
3.74043097	28.06177000	-1.58696200
3.74543097	26.88680000	-1.58696200
3.75043097	24.33851000	-1.58696200
3.75543097	24.39955000	-1.56254800
3.76043097	27.17673000	-1.47099200
3.76543097	27.17673000	-1.94097700
3.77043097	24.39955000	-2.96029500
3.77543097	24.33851000	-2.93588100
3.78043097	26.88680000	-1.82500700
3.78543097	28.06177000	-1.80059200
3.79043097	27.83288000	-2.81991000
3.79543097	27.83288000	-3.31431000
3.80043097	28.06177000	-3.31431000
3.80543097	26.94784000	-2.84432500
3.81043097	24.62844000	-1.91656200
3.81543097	23.51451000	-1.47099200
3.82043097	23.74340000	-1.56254800
3.82543097	23.80444000	-1.56254800
3.83043097	23.80444000	-1.47099200
3.83543097	23.80444000	-1.94097700
3.84043097	23.80444000	-2.96029500
3.84543097	23.80444000	-2.93588100
3.85043097	23.80444000	-1.82500700
3.85543097	23.80444000	-1.82500700
3.86043097	23.80444000	-2.93588100
3.86543097	23.80444000	-2.96029500
3.87043097	23.80444000	-1.94097700
3.87543097	23.80444000	-1.47099200
3.88043097	23.80444000	-1.56254800
3.88543097	23.80444000	-1.58696200
3.89043097	23.80444000	-1.58696200
3.89543097	23.80444000	-1.61137700
3.90043097	23.80444000	-1.70293300
3.90543097	23.80444000	-1.23294800
3.91043097	23.80444000	-0.21362960
3.91543097	23.80444000	-0.21362960
3.92043097	23.80444000	-1.23294800
3.92543097	23.80444000	-1.70293300
3.93043097	23.80444000	-1.61137700
3.93543097	23.80444000	-1.58696200
3.94043097	23.80444000	-1.58696200
3.94543097	23.80444000	-1.61137700
3.95043097	23.80444000	-1.70293300
3.95543097	23.80444000	-1.23294800
3.96043097	23.80444000	-0.21362960
3.96543097	23.80444000	-0.21362960
3.97043097	23.80444000	-1.23294800
3.97543097	23.80444000	-1.70293300
3.98043097	23.80444000	-1.61137700
3.98543097	23.80444000	-1.58696200
3.99043097	23.80444000	-1.58696200
3.99543097	23.80444000	-1.58696200
4.00043097	23.80444000	-1.58696200
4.00543097	23.80444000	-1.58696200
4.01043097	23.80444000	-1.58696200
4.01543097	23.80444000	-1.58696200
4.02043097	23.80444000	-1.58696200
4.02543097	23.80444000	-1.56254800
4.03043097	23.80444000	-1.47099200
4.03543097	23.80444000	-1.91656200
4.04043097	23.80444000	-2.84432500
4.04543097	23.80444000	-3.28989500
4.05043097	23.80444000	-3.19834000
4.05543097	23.80444000	-3.17392500
4.06043097	23.80444000	-3.17392500
4.06543097	23.80444000	-3.17392500
4.07043097	23.80444000	-3.17392500
4.07543097	23.80444000	-3.17392500
4.08043097	23.80444000	-3.17392500
4.08543097	23.86547000	-3.19834000
4.09043097	24.09436000	-3.28989500
4.09543097	22.91940000	-2.84432500
4.10043097	20.37111000	-1.91656200
4.10543097	20.43214000	-1.47099200
4.11043097	23.20932000	-1.56254800
4.11543097	23.20932000	-1.58696200
4.12043097	20.43214000	-1.58696200
4.12543097	20.43214000	-1.58696200
4.13043097	23.20932000	-1.58696200
4.13543097	23.20932000	-1.61137700
4.14043097	20.43214000	-1.70293300
4.14543097	20.43214000	-1.25736300
4.15043097	23.20932000	-0.32959990
4.15543097	23.27036000	0.11597030
4.16043097	20.72207000	0.02441481
4.16543097	19.54710000	0.02441481
4.17043097	19.77599000	0.11597030
4.17543097	19.83703000	-0.32959990
4.18043097	19.83703000	-1.25736300
4.18543097	19.83703000	-1.70293300
4.19043097	19.83703000	-1.61137700
4.19543097	19.83703000	-1.61137700
4.20043097	19.83703000	-1.70293300
4.20543097	19.83703000	-1.23294800
4.21043097	19.83703000	-0.21362960
4.21543097	19.83703000	-0.21362960
4.22043097	19.83703000	-1.23294800
4.22543097	19.83703000	-1.70293300
4.23043097	19.83703000	-1.61137700
4.23543097	19.83703000	-1.58696200
4.24043097	19.83703000	-1.58696200
4.24543097	19.83703000	-1.61137700
4.25043097	19.83703000	-1.70293300
4.25543097	19.83703000	-1.23294800
4.26043097	19.83703000	-0.21362960
4.26543097	19.83703000	-0.21362960
4.27043097	19.83703000	-1.23294800
4.27543097	19.83703000	-1.72734800
4.28043097	19.83703000	-1.72734800
4.28543097	19.83703000	-1.23294800
4.29043097	19.83703000	-0.21362960
4.29543097	19.83703000	-0.21362960
4.30043097	19.83703000	-1.23294800
4.30543097	19.83703000	-1.70293300
4.31043097	19.83703000	-1.61137700
4.31543097	19.83703000	-1.58696200
4.32043097	19.83703000	-1.58696200
4.32543097	19.83703000	-1.56254800
4.33043097	19.83703000	-1.47099200
4.33543097	19.83703000	-1.94097700
4.34043097	19.83703000	-2.96029500
4.34543097	19.83703000	-2.98471000
4.35043097	19.83703000	-2.05694700
4.35543097	19.83703000	-1.06814800
4.36043097	19.83703000	0.04272591
4.36543097	19.83703000	-0.89724420
4.37043097	19.83703000	-3.86364300
4.37543097	19.83703000	-4.82802800
4.38043097	19.83703000	-3.80871000
4.38543097	19.83703000	-2.37434000
4.39043097	19.83703000	-0.51881460
4.39543097	19.89807000	-0.09765923
4.40043097	20.12696000	-1.20853300
4.40543097	18.95199000	-1.67851800
4.41043097	16.40370000	-1.49540700
4.41543097	16.46474000	-1.94097700
4.42043097	19.24192000	-2.96029500
4.42543097	19.24192000	-2.96029500
4.43043097	16.46474000	-1.94097700
4.43543097	16.40370000	-1.44657700
4.44043097	18.95199000	-1.44657700
4.44543097	20.18799000	-1.91656200
4.45043097	20.18799000	-2.84432500
4.45543097	19.01303000	-3.26548100
4.46043097	16.69362000	-3.08237000
4.46543097	15.51866000	-3.52794000
4.47043097	15.51866000	-4.54725700
4.47543097	16.75466000	-4.57167300
4.48043097	19.30296000	-3.64391000
4.48543097	19.30296000	-2.72835500
4.49043097	16.75466000	-1.89214800
4.49543097	15.57970000	-1.44657700
4.50043097	15.80859000	-1.44657700
4.50543097	15.86962000	-1.94097700
4.51043097	15.86962000	-2.96029500
4.51543097	15.86962000	-2.96029500
4.52043097	15.86962000	-1.94097700
4.52543097	15.86962000	-1.44657700
4.53043097	15.86962000	-1.44657700
4.53543097	15.86962000	-1.94097700
4.54043097	15.86962000	-2.96029500
4.54543097	15.86962000	-2.96029500
4.55043097	15.86962000	-1.94097700
4.55543097	15.86962000	-1.47099200
4.56043097	15.86962000	-1.56254800
4.56543097	15.86962000	-1.58696200
4.57043097	15.86962000	-1.58696200
4.57543097	15.86962000	-1.58696200
4.58043097	15.86962000	-1.58696200
4.58543097	15.86962000	-1.58696200
4.59043097	15.86962000	-1.58696200
4.59543097	15.86962000	-1.56254800
4.60043097	15.86962000	-1.47099200
4.60543097	15.86962000	-1.91656200
4.61043097	15.86962000	-2.84432500
4.61543097	15.86962000	-3.28989500
4.62043097	15.86962000	-3.19834000
4.62543097	15.86962000	-3.19834000
4.63043097	15.86962000	-3.28989500
4.63543097	15.86962000	-2.81991000
4.64043097	15.86962000	-1.80059200
4.64543097	15.86962000	-1.80059200
4.65043097	15.86962000	-2.81991000
4.65543097	15.86962000	-3.28989500
4.66043097	15.86962000	-3.19834000
4.66543097	15.86962000	-3.17392500
4.67043097	15.86962000	-3.17392500
4.67543097	15.86962000	-3.17392500
4.68043097	15.86962000	-3.17392500
4.68543097	15.86962000	-3.17392500
4.69043097	15.86962000	-3.17392500
4.69543097	15.86962000	-3.17392500
4.70043097	15.86962000	-3.17392500
4.70543097	15.86962000	-3.17392500
4.71043097	15.86962000	-3.17392500
4.71543097	15.86962000	-3.19834000
4.72043097	15.86962000	-3.28989500
4.72543097	15.86962000	-2.84432500
4.73043097	15.86962000	-1.91656200
4.73543097	15.86962000	-1.47099200
4.74043097	15.86962000	-1.56254800
4.74543097	15.86962000	-1.58696200
4.75043097	15.86962000	-1.58696200
4.75543097	15.86962000	-1.56254800
4.76043097	15.86962000	-1.47099200
4.76543097	15.86962000	-1.94097700
4.77043097	15.86962000	-2.96029500
4.77543097	15.86962000	-2.93588100
4.78043097	15.86962000	-1.82500700
4.78543097	15.86962000	-1.80059200
4.79043097	15.86962000	-2.81991000
4.79543097	15.86962000	-3.28989500
4.80043097	15.86962000	-3.19834000
4.80543097	15.86962000	-3.19834000
4.81043097	15.86962000	-3.28989500
4.81543097	15.86962000	-2.84432500
4.82043097	15.86962000	-1.91656200
4.82543097	15.86962000	-1.47099200
4.83043097	15.86962000	-1.56254800
4.83543097	15.86962000	-1.56254800
4.84043097	15.86962000	-1.47099200
4.84543097	15.86962000	-1.94097700
4.85043097	15.86962000	-2.96029500
4.85543097	15.93066000	-2.93588100
4.86043097	16.15955000	-1.82500700
4.86543097	14.98459000	-1.82500700
4.87043097	12.43629000	-2.93588100
4.87543097	12.43629000	-2.93588100
4.88043097	14.98459000	-1.82500700
4.88543097	16.22059000	-1.80059200
4.89043097	16.22059000	-2.81991000
4.89543097	14.98459000	-3.28989500
4.90043097	12.43629000	-3.19834000
4.90543097	12.49733000	-3.19834000
4.91043097	15.27451000	-3.28989500
4.91543097	15.33555000	-2.84432500
4.92043097	12.78725000	-1.91656200
4.92543097	11.61229000	-1.47099200
4.93043097	11.84118000	-1.56254800
4.93543097	11.84118000	-1.58696200
4.94043097	11.61229000	-1.58696200
4.94543097	12.78725000	-1.58696200
4.95043097	15.33555000	-1.58696200
4.95543097	15.33555000	-1.56254800
4.96043097	12.78725000	-1.47099200
4.96543097	11.61229000	-1.94097700
4.97043097	11.84118000	-2.96029500
4.97543097	11.90222000	-2.96029500
4.98043097	11.90222000	-1.94097700
4.98543097	11.84118000	-1.47099200
4.99043097	11.61229000	-1.56254800
4.99543097	12.78725000	-1.58696200
5.00043097	15.33555000	-1.58696200
5.00543097	15.33555000	-1.58696200
5.01043097	12.78725000	-1.58696200
5.01543097	11.61229000	-1.58696200
5.02043097	11.84118000	-1.58696200
5.02543097	11.90222000	-1.58696200
5.03043097	11.90222000	-1.58696200
5.03543097	11.90222000	-1.56254800
5.04043097	11.90222000	-1.47099200
5.04543097	11.90222000	-1.94097700
5.05043097	11.90222000	-2.96029500
5.05543097	11.90222000	-2.93588100
5.06043097	11.90222000	-1.82500700
5.06543097	11.90222000	-1.80059200
5.07043097	11.90222000	-2.81991000
5.07543097	11.84118000	-3.28989500
5.08043097	11.61229000	-3.19834000
5.08543097	12.78725000	-3.19834000
5.09043097	15.33555000	-3.28989500
5.09543097	15.33555000	-2.81991000
5.10043097	12.78725000	-1.80059200
5.10543097	11.61229000	-1.82500700
5.11043097	11.84118000	-2.93588100
5.11543097	11.90222000	-2.96029500
5.12043097	11.90222000	-1.94097700
5.12543096	11.90222000	-1.44657700
5.13043096	11.90222000	-1.44657700
5.13543096	11.90222000	-1.91656200
5.14043096	11.90222000	-2.84432500
5.14543096	11.90222000	-3.28989500
5.15043096	11.90222000	-3.19834000
5.15543096	11.90222000	-3.17392500
5.16043096	11.90222000	-3.17392500
5.16543096	11.90222000	-3.19834000
5.17043096	11.90222000	-3.28989500
5.17543096	11.90222000	-2.81991000
5.18043096	11.90222000	-1.80059200
5.18543096	11.90222000	-1.80059200
5.19043096	11.90222000	-2.81991000
5.19543096	11.90222000	-3.28989500
5.20043096	11.90222000	-3.19834000
5.20543096	11.90222000	-3.17392500
5.21043096	11.90222000	-3.17392500
5.21543096	11.90222000	-3.17392500
5.22043096	11.90222000	-3.17392500
5.22543096	11.90222000	-3.17392500
5.23043096	11.90222000	-3.17392500
5.23543096	11.90222000	-3.17392500
5.24043096	11.90222000	-3.17392500
5.24543096	11.90222000	-3.17392500
5.25043096	11.90222000	-3.17392500
5.25543096	11.90222000	-3.17392500
5.26043096	11.90222000	-3.17392500
5.26543096	11.90222000	-3.17392500
5.27043096	11.90222000	-3.17392500
5.27543096	11.90222000	-3.19834000
5.28043096	11.90222000	-3.28989500
5.28543096	11.90222000	-2.81991000
5.29043096	11.90222000	-1.80059200
5.29543096	11.90222000	-1.82500700
5.30043096	11.90222000	-2.93588100
5.30543096	11.90222000	-2.96029500
5.31043096	11.90222000	-1.94097700
5.31543096	11.90222000	-1.49540700
5.32043096	11.90222000	-1.67851800
5.32543096	11.90222000	-1.23294800
5.33043096	11.90222000	-0.21362960
5.33543096	11.90222000	-0.21362960
5.34043096	11.90222000	-1.23294800
5.34543096	11.90222000	-1.70293300
5.35043096	11.90222000	-1.61137700
5.35543096	11.90222000	-1.58696200
5.36043096	11.90222000	-1.58696200
5.36543096	11.90222000	-1.58696200
5.37043096	11.90222000	-1.58696200
5.37543096	11.90222000	-1.56254800
5.38043096	11.90222000	-1.47099200
5.38543096	11.96325000	-1.89214800
5.39043096	12.19214000	-2.72835500
5.39543096	11.01718000	-3.64391000
5.40043096	8.46888600	-4.57167300
5.40543096	8.46888600	-4.52284300
5.41043096	11.01718000	-3.41196900
5.41543096	12.19214000	-3.41196900
5.42043096	11.96325000	-4.52284300
5.42543096	11.96325000	-4.54725700
5.43043096	12.19214000	-3.52794000
5.43543096	11.01718000	-3.03354000
5.44043096	8.46888600	-3.03354000
5.44543096	8.46888600	-3.50352500
5.45043096	11.01718000	-4.43128700
5.45543096	12.25318000	-4.87685800
5.46043096	12.25318000	-4.78530200
5.46543096	11.01718000	-4.76088700
5.47043096	8.46888600	-4.76088700
5.47543096	8.46888600	-4.76088700
5.48043096	11.01718000	-4.76088700
5.48543096	12.19214000	-4.76088700
5.49043096	11.96325000	-4.76088700
5.49543096	11.90222000	-4.76088700
5.50043096	11.90222000	-4.76088700
5.50543096	11.96325000	-4.78530200
5.51043096	12.19214000	-4.87685800
5.51543096	11.07822000	-4.43128700
5.52043096	8.75881200	-3.50352500
5.52543096	7.64488600	-3.05795500
5.53043096	7.87377500	-3.14951000
5.53543096	7.93481200	-3.14951000
5.54043096	7.93481200	-3.05795500
5.54543096	7.93481200	-3.52794000
5.55043096	7.93481200	-4.54725700
5.55543096	7.87377500	-4.54725700
5.56043096	7.64488600	-3.52794000
5.56543096	8.81984900	-3.05795500
5.57043096	11.36814000	-3.14951000
5.57543096	11.36814000	-3.14951000
5.58043096	8.81984900	-3.05795500
5.58543096	7.64488600	-3.52794000
5.59043096	7.87377500	-4.54725700
5.59543096	7.93481200	-4.54725700
5.60043096	7.93481200	-3.52794000
5.60543096	7.93481200	-3.05795500
5.61043096	7.93481200	-3.14951000
5.61543096	7.93481200	-3.17392500
5.62043096	7.93481200	-3.17392500
5.62543096	7.93481200	-3.17392500
5.63043096	7.93481200	-3.17392500
5.63543096	7.93481200	-3.17392500
5.64043096	7.93481200	-3.17392500
5.64543096	7.93481200	-3.17392500
5.65043096	7.93481200	-3.17392500
5.65543096	7.93481200	-3.14951000
5.66043096	7.93481200	-3.05795500
5.66543096	7.93481200	-3.50352500
5.67043096	7.93481200	-4.43128700
5.67543096	7.93481200	-4.90127200
5.68043096	7.93481200	-4.90127200
5.68543096	7.93481200	-4.40687300
5.69043096	7.93481200	-3.38755500
5.69543096	7.93481200	-3.41196900
5.70043096	7.93481200	-4.52284300
5.70543096	7.93481200	-4.54725700
5.71043096	7.93481200	-3.52794000
5.71543096	7.93481200	-3.05795500
5.72043096	7.93481200	-3.14951000
5.72543096	7.93481200	-3.19834000
5.73043096	7.93481200	-3.28989500
5.73543096	7.93481200	-2.81991000
5.74043096	7.93481200	-1.80059200
5.74543096	7.93481200	-1.80059200
5.75043096	7.93481200	-2.81991000
5.75543096	7.93481200	-3.26548100
5.76043096	7.93481200	-3.08237000
5.76543096	7.93481200	-3.50352500
5.77043096	7.93481200	-4.43128700
5.77543096	7.93481200	-4.87685800
5.78043096	7.93481200	-4.78530200
5.78543096	7.93481200	-4.76088700
5.79043096	7.93481200	-4.76088700
5.79543096	7.93481200	-4.76088700
5.80043096	7.93481200	-4.76088700
5.80543096	7.93481200	-4.76088700
5.81043096	7.93481200	-4.76088700
5.81543096	7.93481200	-4.76088700
5.82043096	7.93481200	-4.76088700
5.82543096	7.93481200	-4.76088700
5.83043096	7.93481200	-4.76088700
5.83543096	7.93481200	-4.76088700
5.84043096	7.93481200	-4.76088700
5.84543096	7.93481200	-4.76088700
5.85043096	7.93481200	-4.76088700
5.85543096	7.93481200	-4.78530200
5.86043096	7.93481200	-4.87685800
5.86543096	7.93481200	-4.40687300
5.87043096	7.93481200	-3.38755500
5.87543096	7.93481200	-3.41196900
5.88043096	7.93481200	-4.52284300
5.88543096	7.93481200	-4.54725700
5.89043096	7.93481200	-3.52794000
5.89543096	7.93481200	-3.05795500
5.90043096	7.93481200	-3.14951000
5.90543096	7.93481200	-3.17392500
5.91043096	7.93481200	-3.17392500
5.91543096	7.93481200	-3.17392500
5.92043096	7.93481200	-3.17392500
5.92543096	7.93481200	-3.17392500
5.93043096	7.93481200	-3.17392500
5.93543096	7.93481200	-3.17392500
5.94043096	7.93481200	-3.17392500
5.94543096	7.93481200	-3.19834000
5.95043096	7.93481200	-3.28989500
5.95543096	7.93481200	-2.81991000
5.96043096	7.93481200	-1.80059200
5.96543096	7.93481200	-1.80059200
5.97043096	7.93481200	-2.81991000
5.97543096	7.93481200	-3.28989500
5.98043096	7.93481200	-3.19834000
5.98543096	7.93481200	-3.17392500
5.99043096	7.93481200	-3.17392500
5.99543096	7.93481200	-3.17392500
6.00043096	7.93481200	-3.17392500
6.00543096	7.93481200	-3.17392500
6.01043096	7.93481200	-3.17392500
6.01543096	7.93481200	-3.14951000
6.02043096	7.93481200	-3.05795500
6.02543096	7.93481200	-3.50352500
6.03043096	7.93481200	-4.43128700
6.03543096	7.93481200	-4.90127200
6.04043096	7.93481200	-4.90127200
6.04543096	7.93481200	-4.40687300
6.05043096	7.93481200	-3.38755500
6.05543096	7.93481200	-3.38755500
6.06043096	7.93481200	-4.40687300
6.06543096	7.93481200	-4.90127200
6.07043096	7.93481200	-4.90127200
6.07543096	7.93481200	-4.43128700
6.08043096	7.93481200	-3.50352500
6.08543096	7.93481200	-3.03354000
6.09043096	7.93481200	-3.03354000
6.09543096	7.93481200	-3.50352500
6.10043096	7.93481200	-4.43128700
6.10543096	7.93481200	-4.90127200
6.11043096	7.93481200	-4.90127200
6.11543096	7.93481200	-4.43128700
6.12043096	7.93481200	-3.50352500
6.12543096	7.93481200	-3.05795500
6.13043096	7.93481200	-3.14951000
6.13543096	7.93481200	-3.17392500
6.14043096	7.93481200	-3.17392500
6.14543096	7.99584900	-3.14951000
6.15043096	8.22473800	-3.05795500
6.15543096	7.04977500	-3.52794000
6.16043096	4.50148000	-4.54725700
6.16543096	4.50148000	-4.54725700
6.17043096	7.04977500	-3.52794000
6.17543096	8.22473800	-3.05795500
6.18043096	7.99584900	-3.14951000
6.18543096	7.93481200	-3.17392500
6.19043096	7.93481200	-3.17392500
6.19543096	7.93481200	-3.17392500
6.20043096	7.93481200	-3.17392500
6.20543096	7.93481200	-3.19834000
6.21043096	7.93481200	-3.28989500
6.21543096	7.93481200	-2.84432500
6.22043096	7.93481200	-1.91656200
6.22543096	7.93481200	-1.44657700
6.23043096	7.93481200	-1.44657700
6.23543096	7.93481200	-1.94097700
6.24043096	7.93481200	-2.96029500
6.24543096	7.93481200	-2.93588100
6.25043096	7.93481200	-1.82500700
6.25543096	7.93481200	-1.80059200
6.26043096	7.93481200	-2.81991000
6.26543096	7.99584900	-3.31431000
6.27043096	8.22473800	-3.31431000
6.27543096	7.04977500	-2.81991000
6.28043096	4.50148000	-1.80059200
6.28543096	4.50148000	-1.80059200
6.29043096	7.04977500	-2.81991000
6.29543096	8.28577500	-3.31431000
6.30043096	8.28577500	-3.31431000
6.30543096	7.04977500	-2.81991000
6.31043096	4.50148000	-1.80059200
6.31543096	4.50148000	-1.82500700
6.32043096	7.04977500	-2.93588100
6.32543096	8.28577500	-2.93588100
6.33043096	8.28577500	-1.82500700
6.33543096	7.04977500	-1.84942200
6.34043096	4.50148000	-3.05185100
6.34543096	4.56251700	-2.60628100
6.35043096	7.33970100	-0.56764430
6.35543096	7.33970100	-0.09765923
6.36043096	4.56251700	-1.20853300
6.36543096	4.50148000	-1.70293300
6.37043096	7.04977500	-1.61137700
6.37543096	8.28577500	-1.58696200
6.38043096	8.28577500	-1.58696200
6.38543096	7.11081200	-1.58696200
6.39043096	4.79140600	-1.58696200
6.39543096	3.67748000	-1.56254800
6.40043096	3.90636900	-1.47099200
6.40543096	3.96740600	-1.94097700
6.41043096	3.96740600	-2.96029500
6.41543096	3.96740600	-2.96029500
6.42043096	3.96740600	-1.94097700
6.42543096	3.96740600	-1.44657700
6.43043096	3.96740600	-1.44657700
6.43543096	3.96740600	-1.91656200
6.44043096	3.96740600	-2.84432500
6.44543096	3.96740600	-3.31431000
6.45043096	3.96740600	-3.31431000
6.45543096	3.96740600	-2.84432500
6.46043096	3.96740600	-1.91656200
6.46543096	3.90636900	-1.47099200
6.47043096	3.67748000	-1.56254800
6.47543096	4.85244300	-1.56254800
6.48043096	7.40073800	-1.47099200
6.48543096	7.40073800	-1.91656200
6.49043096	4.85244300	-2.84432500
6.49543096	3.67748000	-3.31431000
6.50043096	3.90636900	-3.31431000
6.50543096	3.96740600	-2.84432500
6.51043096	3.96740600	-1.91656200
6.51543096	3.96740600	-1.47099200
6.52043096	3.96740600	-1.56254800
6.52543096	3.96740600	-1.58696200
6.53043096	3.96740600	-1.58696200
6.53543096	3.96740600	-1.56254800
6.54043096	3.96740600	-1.47099200
6.54543096	3.96740600	-1.94097700
6.55043096	3.96740600	-2.96029500
6.55543096	3.96740600	-2.93588100
6.56043096	3.96740600	-1.82500700
6.56543096	3.96740600	-1.80059200
6.57043096	3.96740600	-2.81991000
6.57543096	3.96740600	-3.28989500
6.58043096	3.96740600	-3.19834000
6.58543096	3.96740600	-3.14951000
6.59043096	3.96740600	-3.05795500
6.59543096	3.96740600	-3.52794000
6.60043096	3.96740600	-4.54725700
6.60543096	3.96740600	-4.54725700
6.61043096	3.96740600	-3.52794000
6.61543096	3.96740600	-3.05795500
6.62043096	3.96740600	-3.14951000
6.62543096	3.96740600	-3.17392500
6.63043096	3.96740600	-3.17392500
6.63543096	3.96740600	-3.17392500
6.64043096	3.96740600	-3.17392500
6.64543096	3.96740600	-3.17392500
6.65043096	3.96740600	-3.17392500
6.65543096	3.90636900	-3.17392500
6.66043096	3.67748000	-3.17392500
6.66543096	4.85244300	-3.17392500
6.67043096	7.40073800	-3.17392500
6.67543096	7.40073800	-3.17392500
6.68043096	4.85244300	-3.17392500
6.68543096	3.67748000	-3.17392500
6.69043096	3.90636900	-3.17392500
6.69543096	3.96740600	-3.17392500
6.70043096	3.96740600	-3.17392500
6.70543096	3.96740600	-3.17392500
6.71043096	3.96740600	-3.17392500
6.71543096	3.96740600	-3.17392500
6.72043096	3.96740600	-3.17392500
6.72543096	3.96740600	-3.17392500
6.73043096	3.96740600	-3.17392500
6.73543096	3.96740600	-3.17392500
6.74043096	3.96740600	-3.17392500
6.74543096	3.96740600	-3.19834000
6.75043096	3.96740600	-3.28989500
6.75543096	3.96740600	-2.81991000
6.76043096	3.96740600	-1.80059200
6.76543096	3.96740600	-1.80059200
6.77043095	3.96740600	-2.81991000
6.77543095	3.96740600	-3.28989500
6.78043095	3.96740600	-3.19834000
6.78543095	3.96740600	-3.17392500
6.79043095	3.96740600	-3.17392500
6.79543095	3.96740600	-3.17392500
6.80043095	3.96740600	-3.17392500
6.80543095	3.96740600	-3.19834000
6.81043095	3.96740600	-3.28989500
6.81543095	3.96740600	-2.81991000
6.82043095	3.96740600	-1.80059200
6.82543095	3.96740600	-1.80059200
6.83043095	3.96740600	-2.81991000
6.83543095	3.96740600	-3.28989500
6.84043095	3.96740600	-3.19834000
6.84543095	3.96740600	-3.17392500
6.85043095	3.96740600	-3.17392500
6.85543095	3.96740600	-3.17392500
6.86043095	3.96740600	-3.17392500
6.86543095	3.96740600	-3.14951000
6.87043095	3.96740600	-3.05795500
6.87543095	3.96740600	-3.52794000
6.88043095	3.96740600	-4.54725700
6.88543095	3.96740600	-4.54725700
6.89043095	3.96740600	-3.52794000
6.89543095	3.96740600	-3.05795500
6.90043095	3.96740600	-3.14951000
6.90543095	3.96740600	-3.17392500
6.91043095	3.96740600	-3.17392500
6.91543095	3.96740600	-3.17392500
6.92043095	3.96740600	-3.17392500
6.92543095	3.96740600	-3.19834000
6.93043095	3.96740600	-3.28989500
6.93543095	3.96740600	-2.81991000
6.94043095	3.96740600	-1.80059200
6.94543095	3.96740600	-1.82500700
6.95043095	3.96740600	-2.93588100
6.95543095	3.96740600	-2.93588100
6.96043095	3.96740600	-1.82500700
6.96543095	3.96740600	-1.82500700
6.97043095	3.96740600	-2.93588100
6.97543095	3.96740600	-2.93588100
6.98043095	3.96740600	-1.82500700
6.98543095	3.96740600	-1.82500700
6.99043095	3.96740600	-2.93588100
6.99543095	3.96740600	-2.96029500
7.00043095	3.96740600	-1.94097700
7.00543095	3.96740600	-1.47099200
7.01043095	3.96740600	-1.56254800
7.01543095	3.96740600	-1.58696200
7.02043095	3.96740600	-1.58696200
7.02543095	3.96740600	-1.56254800
7.03043095	3.96740600	-1.47099200
7.03543095	3.96740600	-1.91656200
7.04043095	3.96740600	-2.84432500
7.04543095	3.96740600	-3.31431000
7.05043095	3.96740600	-3.31431000
7.05543095	3.96740600	-2.84432500
7.06043095	3.96740600	-1.91656200
7.06543095	3.96740600	-1.47099200
7.07043095	3.96740600	-1.56254800
7.07543095	3.96740600	-1.58696200
7.08043095	3.96740600	-1.58696200
7.08543095	3.96740600	-1.58696200
7.09043095	3.96740600	-1.58696200
7.09543095	3.96740600	-1.58696200
7.10043095	3.96740600	-1.58696200
7.10543095	3.96740600	-1.58696200
7.11043095	3.96740600	-1.58696200
7.11543095	3.96740600	-1.58696200
7.12043095	3.96740600	-1.58696200
7.12543095	3.96740600	-1.58696200
7.13043095	3.96740600	-1.58696200
7.13543095	3.96740600	-1.61137700
7.14043095	3.96740600	-1.70293300
7.14543095	3.96740600	-1.25736300
7.15043095	3.96740600	-0.32959990
7.15543095	3.96740600	0.11597030
7.16043095	3.96740600	0.02441481
7.16543095	3.96740600	-0.04882962
7.17043095	3.96740600	-0.23194070
7.17543095	3.96740600	0.61647390
7.18043095	3.96740600	2.27668100
7.18543095	3.96740600	4.02233900
7.19043095	3.96740600	5.49943500
7.19543095	3.96740600	7.17185000
7.20043095	3.96740600	8.55739000
7.20543095	3.96740600	10.67537000
7.21043095	3.96740600	12.98868000
7.21543095	3.96740600	15.52782000
7.22043095	3.96740600	17.65801000
7.22543095	3.96740600	20.57558000
7.23043095	3.96740600	23.43822000
7.23543095	3.96740600	27.72301000
7.24043095	3.96740600	32.44728000
7.24543095	4.02844300	37.11050000
7.25043095	4.25733200	40.52248000
7.25543095	3.08236900	45.63128000
7.26043095	0.53407390	51.18564000
7.26543095	0.53407390	56.29444000
7.27043095	3.08236900	59.71251000
7.27543095	4.25733200	64.35133000
7.28043095	4.02844300	68.97794000
7.28543095	3.96740600	73.65948000
7.29043095	3.96740600	77.26676000
7.29543095	3.96740600	81.52715000
7.30043095	3.96740600	85.41520000
7.30543095	4.02844300	88.80886000
7.31043095	4.25733200	90.83529000
7.31543095	3.08236900	93.35612000
7.32043095	0.53407390	95.66942000
7.32543095	0.53407390	97.81182000
7.33043095	3.08236900	99.28892000
7.33543095	4.25733200	100.55850000
7.34043095	4.02844300	101.30310000
7.34543095	3.96740600	101.69990000
7.35043095	3.96740600	101.60830000
7.35543095	3.96740600	101.58390000
7.36043095	3.96740600	101.58390000
7.36543095	3.96740600	101.63270000
7.37043095	3.96740600	101.81580000
7.37543095	3.96740600	100.96740000
7.38043095	3.96740600	99.30723000
7.38543095	3.96740600	97.56157000
7.39043095	3.96740600	96.08448000
7.39543095	4.02844300	94.38764000
7.40043095	4.25733200	92.91055000
7.40543095	3.14340600	91.23814000
7.41043095	0.82399970	89.85259000
7.41543095	-0.35096280	87.71020000
7.42043095	-0.35096280	85.29923000
7.42543095	0.82399970	83.18125000
7.43043095	3.14340600	81.88726000
7.43543095	4.25733200	79.79369000
7.44043095	4.02844300	77.48039000
7.44543095	3.96740600	74.89242000
7.45043095	3.96740600	72.57912000
7.45543095	3.96740600	70.50996000
7.46043095	3.96740600	69.30753000
7.46543095	3.96740600	66.71957000
7.47043095	3.96740600	63.29539000
7.47543095	3.96740600	61.17740000
7.48043095	3.96740600	60.90274000
7.48543095	4.02844300	59.23032000
7.49043095	4.25733200	56.63625000
7.49543095	3.08236900	54.93942000
7.50043095	0.53407390	54.57320000
7.50543095	0.59511090	52.87637000
7.51043095	3.37229500	50.28840000
7.51543095	3.37229500	48.56715000
7.52043095	0.59511090	48.10938000
7.52543095	0.59511090	46.85812000
7.53043095	3.37229500	45.19791000
7.53543095	3.37229500	43.92224000
7.54043095	0.59511090	43.37291000
7.54543095	0.53407390	42.12165000
7.55043095	3.08236900	40.55299000
7.55543095	4.25733200	38.80734000
7.56043095	4.02844300	37.23869000
7.56543095	4.02844300	35.94470000
7.57043095	4.25733200	35.20005000
7.57543095	3.08236900	34.85214000
7.58043095	0.53407390	35.12680000
7.58543095	0.53407390	34.26008000
7.59043095	3.08236900	32.40455000
7.59543095	4.31836900	31.53783000
7.60043095	4.31836900	31.81249000
7.60543095	3.08236900	31.44017000
7.61043095	0.53407390	30.60396000
7.61543095	0.59511090	29.73724000
7.62043095	3.37229500	28.99869000
7.62543095	3.37229500	28.16858000
7.63043095	0.59511090	27.52159000
7.63543095	0.53407390	26.19709000
7.64043095	3.08236900	24.43922000
7.64543095	4.25733200	23.59691000
7.65043095	4.02844300	23.87158000
7.65543095	3.96740600	23.47484000
7.66043095	3.96740600	22.54707000
7.66543095	3.96740600	22.12592000
7.67043095	3.96740600	22.30903000
7.67543095	3.96740600	21.88787000
7.68043095	3.96740600	20.96011000
7.68543095	3.96740600	20.53896000
7.69043095	3.96740600	20.72207000
7.69543095	3.96740600	20.30091000
7.70043095	3.96740600	19.37315000
7.70543095	4.02844300	18.95199000
7.71043095	4.25733200	19.13511000
7.71543095	3.14340600	18.73836000
7.72043095	0.82399970	17.90216000
7.72543095	-0.35096280	17.01102000
7.73043095	-0.35096280	16.17481000
7.73543095	0.82399970	15.75365000
7.74043095	3.14340600	15.84521000
7.74543095	4.31836900	15.89404000
7.75043095	4.31836900	15.98559000
7.75543095	3.08236900	15.54002000
7.76043095	0.53407390	14.61226000
7.76543095	0.59511090	14.19111000
7.77043095	3.37229500	14.37422000
7.77543095	3.43333200	13.97748000
7.78043095	0.88503670	13.14127000
7.78543095	-0.28992580	12.17689000
7.79043095	-0.06103702	11.06601000
7.79543095	-0.06103702	12.03040000
7.80043095	-0.28992580	15.08835000
7.80543095	0.88503670	15.58275000
7.81043095	3.43333200	13.54411000
7.81543095	3.43333200	12.13416000
7.82043095	0.88503670	11.38951000
7.82543095	-0.28992580	10.96835000
7.83043095	-0.06103702	10.96835000
7.83543095	0.00000000	11.46275000
7.84043095	0.00000000	12.48207000
7.84543095	0.00000000	12.50648000
7.85043095	0.00000000	11.57872000
7.85543095	-0.06103702	10.66317000
7.86043095	-0.28992580	9.82696000
7.86543095	0.88503670	9.40580500
7.87043095	3.43333200	9.49735900
7.87543095	3.37229500	9.52177400
7.88043095	0.59511090	9.52177400
7.88543095	0.53407390	9.52177400
7.89043095	3.08236900	9.52177400
7.89543095	4.31836900	9.52177400
7.90043095	4.31836900	9.52177400
7.90543095	3.14340600	9.52177400
7.91043095	0.82399970	9.52177400
7.91543095	-0.28992580	9.54619000
7.92043095	-0.06103702	9.63774600
7.92543095	0.00000000	9.19217500
7.93043095	0.00000000	8.26441300
7.93543095	0.00000000	7.79442700
7.94043095	0.00000000	7.79442700
7.94543095	0.00000000	8.26441300
7.95043095	0.00000000	9.19217500
7.95543095	0.00000000	9.63774600
7.96043095	0.00000000	9.54619000
7.96543095	0.00000000	9.54619000
7.97043095	0.00000000	9.63774600
7.97543095	0.00000000	9.19217500
7.98043095	0.00000000	8.26441300
7.98543095	0.00000000	7.81884200
7.99043095	0.00000000	7.91039800
7.99543095	0.00000000	7.95922800
8.00043095	0.00000000	8.05078300
8.00543095	0.00000000	7.60521200
8.01043095	0.00000000	6.67745000
8.01543095	0.00000000	6.20746500
8.02043095	0.00000000	6.20746500
8.02543095	0.00000000	6.70186400
8.03043095	0.00000000	7.72118300
8.03543095	0.00000000	7.74559700
8.04043095	0.00000000	6.81783500
8.04543095	0.00000000	5.87786500
8.05043095	0.00000000	4.95010200
8.05543095	0.00000000	4.97451700
8.06043095	0.00000000	5.99383500
8.06543095	0.00000000	6.48823500
8.07043095	0.00000000	6.48823500
8.07543095	0.00000000	6.04266500
8.08043095	0.00000000	5.20645800
8.08543095	0.00000000	4.29090200
8.09043095	0.00000000	3.36314000
8.09543095	0.00000000	3.38755500
8.10043095	0.00000000	4.40687300
8.10543095	-0.06103702	4.87685800
8.11043095	-0.28992580	4.78530200
8.11543095	0.88503670	4.73647300
8.12043095	3.43333200	4.64491700
8.12543095	3.43333200	5.09048700
8.13043095	0.88503670	6.01825000
8.13543095	-0.28992580	6.48823500
8.14043095	-0.06103702	6.48823500
8.14543095	0.00000000	6.01825000
8.15043095	0.00000000	5.09048700
8.15543095	0.00000000	4.62050200
8.16043095	0.00000000	4.62050200
8.16543095	-0.06103702	5.09048700
8.17043095	-0.28992580	6.01825000
8.17543095	0.88503670	6.48823500
8.18043095	3.43333200	6.48823500
8.18543095	3.43333200	5.99383500
8.19043095	0.88503670	4.97451700
8.19543095	-0.28992580	4.99893200
8.20043095	-0.06103702	6.10980600
8.20543095	0.00000000	6.13422100
8.21043095	0.00000000	5.11490200
8.21543095	0.00000000	4.64491700
8.22043095	0.00000000	4.73647300
8.22543095	0.00000000	4.76088700
8.23043095	0.00000000	4.76088700
8.23543095	0.00000000	4.78530200
8.24043095	0.00000000	4.87685800
8.24543095	0.00000000	4.40687300
8.25043095	0.00000000	3.38755500
8.25543095	0.00000000	3.41196900
8.26043095	0.00000000	4.52284300
8.26543095	0.00000000	4.54725700
8.27043095	0.00000000	3.52794000
8.27543095	0.00000000	3.05795500
8.28043095	0.00000000	3.14951000
8.28543095	0.00000000	3.19834000
8.29043095	0.00000000	3.28989500
8.29543095	0.00000000	2.81991000
8.30043095	0.00000000	1.80059200
8.30543095	0.00000000	1.80059200
8.31043095	0.00000000	2.81991000
8.31543095	0.00000000	3.31431000
8.32043095	0.00000000	3.31431000
8.32543095	0.00000000	2.84432500
8.33043095	0.00000000	1.91656200
8.33543095	0.00000000	1.49540700
8.34043095	0.00000000	1.67851800
8.34543095	0.00000000	1.23294800
8.35043095	0.00000000	0.21362960
8.35543095	0.00000000	0.18921480
8.36043095	0.00000000	1.11697700
8.36543095	0.00000000	2.05694700
8.37043095	0.00000000	2.98471000
8.37543095	0.00000000	2.93588100
8.38043095	0.00000000	1.82500700
8.38543095	0.00000000	1.77617700
8.39043095	0.00000000	2.70394000
8.39543095	0.00000000	3.61949500
8.40043095	0.00000000	4.45570200
8.40543095	0.00000000	4.90127200
8.41043095	0.00000000	4.90127200
8.41543094	0.00000000	4.40687300
8.42043094	0.00000000	3.38755500
8.42543094	0.00000000	3.41196900
8.43043094	0.00000000	4.52284300
8.43543094	0.00000000	4.52284300
8.44043094	0.00000000	3.41196900
8.44543094	0.00000000	3.38755500
8.45043094	0.00000000	4.40687300
8.45543094	0.00000000	4.90127200
8.46043094	0.00000000	4.90127200
8.46543094	0.00000000	4.43128700
8.47043094	0.00000000	3.50352500
8.47543094	0.00000000	3.05795500
8.48043094	0.00000000	3.14951000
8.48543094	0.00000000	3.17392500
8.49043094	0.00000000	3.17392500
8.49543094	0.00000000	3.19834000
8.50043094	0.00000000	3.28989500
8.50543094	0.00000000	2.84432500
8.51043094	0.00000000	1.91656200
8.51543094	0.00000000	1.47099200
8.52043094	0.00000000	1.56254800
8.52543094	0.00000000	1.56254800
8.53043094	0.00000000	1.47099200
8.53543094	0.00000000	1.94097700
8.54043094	0.00000000	2.96029500
8.54543094	0.00000000	2.98471000
8.55043094	0.00000000	2.05694700
8.55543094	0.00000000	1.11697700
8.56043094	0.00000000	0.18921480
8.56543094	0.00000000	0.21362960
8.57043094	0.00000000	1.23294800
8.57543094	0.00000000	1.70293300
8.58043094	0.00000000	1.61137700
8.58543094	0.00000000	1.61137700
8.59043094	0.00000000	1.70293300
8.59543094	0.00000000	1.25736300
8.60043094	0.00000000	0.32959990
8.60543094	0.00000000	-0.14038510
8.61043094	0.00000000	-0.14038510
8.61543094	0.00000000	0.32959990
8.62043094	0.00000000	1.25736300
8.62543094	0.00000000	1.70293300
8.63043094	0.00000000	1.61137700
8.63543094	0.00000000	1.61137700
8.64043094	0.00000000	1.70293300
8.64543094	0.00000000	1.23294800
8.65043094	0.00000000	0.21362960
8.65543094	0.00000000	0.23804440
8.66043094	0.00000000	1.34891800
8.66543094	0.00000000	1.37333300
8.67043094	0.00000000	0.35401470
8.67543094	0.00000000	-0.11597030
8.68043094	0.00000000	-0.02441481
8.68543094	0.00000000	-0.02441481
8.69043094	0.00000000	-0.11597030
8.69543094	0.00000000	0.35401470
8.70043094	0.00000000	1.37333300
8.70543094	0.00000000	1.34891800
8.71043094	0.00000000	0.23804440
8.71543094	0.00000000	0.21362960
8.72043094	0.00000000	1.23294800
8.72543094	0.00000000	1.70293300
8.73043094	0.00000000	1.61137700
8.73543094	0.00000000	1.58696200
8.74043094	0.00000000	1.58696200
8.74543094	0.00000000	1.58696200
8.75043094	0.00000000	1.58696200
8.75543094	0.00000000	1.58696200
8.76043094	0.00000000	1.58696200
8.76543094	0.00000000	1.56254800
8.77043094	0.00000000	1.47099200
8.77543094	0.00000000	1.94097700
8.78043094	0.00000000	2.96029500
8.78543094	0.00000000	2.98471000
8.79043094	0.00000000	2.05694700
8.79543094	0.00000000	1.11697700
8.80043094	0.00000000	0.18921480
8.80543094	0.00000000	0.21362960
8.81043094	0.00000000	1.23294800
8.81543094	0.00000000	1.72734800
8.82043094	0.00000000	1.72734800
8.82543094	0.00000000	1.25736300
8.83043094	0.00000000	0.32959990
8.83543094	0.00000000	-0.11597030
8.84043094	0.00000000	-0.02441481
8.84543094	0.00000000	0.00000000
8.85043094	0.00000000	0.00000000
8.85543094	0.00000000	0.02441481
8.86043094	0.00000000	0.11597030
8.86543094	0.00000000	-0.35401470
8.87043094	0.00000000	-1.37333300
8.87543094	0.00000000	-1.37333300
8.88043094	0.00000000	-0.35401470
8.88543094	0.00000000	0.11597030
8.89043094	0.00000000	0.02441481
8.89543094	0.00000000	0.02441481
8.90043094	0.00000000	0.11597030
8.90543094	0.00000000	-0.32959990
8.91043094	0.00000000	-1.25736300
8.91543094	0.00000000	-1.70293300
8.92043094	0.00000000	-1.61137700
8.92543094	0.00000000	-1.61137700
8.93043094	0.00000000	-1.70293300
8.93543094	0.00000000	-1.23294800
8.94043094	0.00000000	-0.21362960
8.94543094	0.00000000	-0.21362960
8.95043094	0.00000000	-1.23294800
8.95543094	0.00000000	-1.70293300
8.96043094	0.00000000	-1.61137700
8.96543094	0.00000000	-1.61137700
8.97043094	0.00000000	-1.70293300
8.97543094	0.00000000	-1.25736300
8.98043094	0.00000000	-0.32959990
8.98543094	0.00000000	0.11597030
8.99043094	0.00000000	0.02441481
8.99543094	0.00000000	0.02441481
9.00043094	0.00000000	0.11597030
9.00543094	0.00000000	-0.37842950
9.01043094	0.00000000	-1.48930300
9.01543094	0.00000000	-1.04373300
9.02043094	0.00000000	0.90334780
9.02543094	0.00000000	1.81890300
9.03043094	0.00000000	1.63579200
