Time	Channel A	Channel B
(us)	(mV)	(mV)

-1.00785398	-3.96740600	-3.17392500
-1.00285398	-3.96740600	-3.17392500
-0.99785398	-4.02844300	-3.17392500
-0.99285398	-4.25733200	-3.17392500
-0.98785398	-3.08236900	-3.17392500
-0.98285398	-0.53407390	-3.17392500
-0.97785398	-0.53407390	-3.17392500
-0.97285398	-3.08236900	-3.17392500
-0.96785398	-4.25733200	-3.17392500
-0.96285398	-4.02844300	-3.17392500
-0.95785398	-3.96740600	-3.17392500
-0.95285398	-3.96740600	-3.17392500
-0.94785398	-4.02844300	-3.19834000
-0.94285398	-4.25733200	-3.28989500
-0.93785398	-3.08236900	-2.84432500
-0.93285398	-0.53407390	-1.91656200
-0.92785398	-0.53407390	-1.44657700
-0.92285398	-3.08236900	-1.44657700
-0.91785398	-4.31836900	-1.94097700
-0.91285398	-4.31836900	-2.96029500
-0.90785398	-3.14340600	-2.96029500
-0.90285398	-0.82399970	-1.94097700
-0.89785398	0.35096280	-1.49540700
-0.89285398	0.35096280	-1.67851800
-0.88785398	-0.82399970	-1.25736300
-0.88285398	-3.14340600	-0.32959990
-0.87785398	-4.25733200	0.14038510
-0.87285398	-4.02844300	0.14038510
-0.86785398	-4.02844300	-0.32959990
-0.86285398	-4.25733200	-1.25736300
-0.85785398	-3.08236900	-1.72734800
-0.85285398	-0.53407390	-1.72734800
-0.84785398	-0.53407390	-1.23294800
-0.84285398	-3.08236900	-0.21362960
-0.83785398	-4.31836900	-0.21362960
-0.83285398	-4.31836900	-1.23294800
-0.82785398	-3.14340600	-1.70293300
-0.82285398	-0.82399970	-1.61137700
-0.81785398	0.35096280	-1.58696200
-0.81285398	0.35096280	-1.58696200
-0.80785398	-0.82399970	-1.58696200
-0.80285398	-3.14340600	-1.58696200
-0.79785398	-4.25733200	-1.56254800
-0.79285398	-4.02844300	-1.47099200
-0.78785398	-4.02844300	-1.94097700
-0.78285398	-4.25733200	-2.96029500
-0.77785398	-3.08236900	-2.98471000
-0.77285398	-0.53407390	-2.05694700
-0.76785398	-0.53407390	-1.11697700
-0.76285398	-3.08236900	-0.18921480
-0.75785398	-4.25733200	-0.21362960
-0.75285398	-4.02844300	-1.23294800
-0.74785398	-3.96740600	-1.70293300
-0.74285398	-3.96740600	-1.61137700
-0.73785398	-4.02844300	-1.58696200
-0.73285398	-4.25733200	-1.58696200
-0.72785398	-3.08236900	-1.58696200
-0.72285398	-0.53407390	-1.58696200
-0.71785398	-0.59511090	-1.56254800
-0.71285398	-3.37229500	-1.47099200
-0.70785398	-3.37229500	-1.94097700
-0.70285398	-0.59511090	-2.96029500
-0.69785398	-0.53407390	-2.96029500
-0.69285398	-3.08236900	-1.94097700
-0.68785398	-4.25733200	-1.47099200
-0.68285398	-4.02844300	-1.56254800
-0.67785398	-3.96740600	-1.56254800
-0.67285398	-3.96740600	-1.47099200
-0.66785398	-3.96740600	-1.91656200
-0.66285398	-3.96740600	-2.84432500
-0.65785398	-3.96740600	-3.28989500
-0.65285398	-3.96740600	-3.19834000
-0.64785398	-3.96740600	-3.17392500
-0.64285398	-3.96740600	-3.17392500
-0.63785398	-4.02844300	-3.14951000
-0.63285398	-4.25733200	-3.05795500
-0.62785398	-3.14340600	-3.52794000
-0.62285398	-0.82399970	-4.54725700
-0.61785398	0.35096280	-4.54725700
-0.61285398	0.35096280	-3.52794000
-0.60785398	-0.88503670	-3.03354000
-0.60285398	-3.43333200	-3.03354000
-0.59785398	-3.43333200	-3.50352500
-0.59285398	-0.88503670	-4.43128700
-0.58785398	0.28992580	-4.87685800
-0.58285398	0.06103702	-4.78530200
-0.57785398	0.06103702	-4.76088700
-0.57285398	0.28992580	-4.76088700
-0.56785398	-0.82399970	-4.76088700
-0.56285398	-3.14340600	-4.76088700
-0.55785398	-4.25733200	-4.78530200
-0.55285398	-4.02844300	-4.87685800
-0.54785398	-3.96740600	-4.43128700
-0.54285398	-3.96740600	-3.50352500
-0.53785398	-3.96740600	-3.03354000
-0.53285398	-3.96740600	-3.03354000
-0.52785398	-3.96740600	-3.52794000
-0.52285398	-3.96740600	-4.54725700
-0.51785398	-3.96740600	-4.54725700
-0.51285398	-3.96740600	-3.52794000
-0.50785398	-3.96740600	-3.03354000
-0.50285398	-3.96740600	-3.03354000
-0.49785398	-3.96740600	-3.52794000
-0.49285398	-3.96740600	-4.54725700
-0.48785398	-4.02844300	-4.52284300
-0.48285398	-4.25733200	-3.41196900
-0.47785398	-3.14340600	-3.41196900
-0.47285398	-0.82399970	-4.52284300
-0.46785398	0.35096280	-4.54725700
-0.46285398	0.35096280	-3.52794000
-0.45785398	-0.82399970	-3.05795500
-0.45285398	-3.14340600	-3.14951000
-0.44785398	-4.25733200	-3.19834000
-0.44285398	-4.02844300	-3.28989500
-0.43785398	-3.96740600	-2.81991000
-0.43285398	-3.96740600	-1.80059200
-0.42785398	-3.96740600	-1.80059200
-0.42285398	-3.96740600	-2.81991000
-0.41785398	-3.96740600	-3.28989500
-0.41285398	-3.96740600	-3.19834000
-0.40785398	-4.02844300	-3.17392500
-0.40285398	-4.25733200	-3.17392500
-0.39785398	-3.08236900	-3.17392500
-0.39285398	-0.53407390	-3.17392500
-0.38785398	-0.59511090	-3.17392500
-0.38285398	-3.37229500	-3.17392500
-0.37785398	-3.37229500	-3.17392500
-0.37285398	-0.59511090	-3.17392500
-0.36785398	-0.53407390	-3.17392500
-0.36285398	-3.08236900	-3.17392500
-0.35785398	-4.25733200	-3.17392500
-0.35285398	-4.02844300	-3.17392500
-0.34785398	-3.96740600	-3.17392500
-0.34285398	-3.96740600	-3.17392500
-0.33785398	-4.02844300	-3.17392500
-0.33285398	-4.25733200	-3.17392500
-0.32785398	-3.08236900	-3.17392500
-0.32285398	-0.53407390	-3.17392500
-0.31785398	-0.53407390	-3.17392500
-0.31285398	-3.08236900	-3.17392500
-0.30785398	-4.25733200	-3.19834000
-0.30285398	-4.02844300	-3.28989500
-0.29785398	-3.96740600	-2.81991000
-0.29285398	-3.96740600	-1.80059200
-0.28785398	-3.96740600	-1.82500700
-0.28285398	-3.96740600	-2.93588100
-0.27785398	-3.96740600	-2.96029500
-0.27285398	-3.96740600	-1.94097700
-0.26785398	-3.96740600	-1.44657700
-0.26285398	-3.96740600	-1.44657700
-0.25785398	-3.96740600	-1.91656200
-0.25285398	-3.96740600	-2.84432500
-0.24785398	-3.96740600	-3.31431000
-0.24285398	-3.96740600	-3.31431000
-0.23785398	-3.96740600	-2.84432500
-0.23285398	-3.96740600	-1.91656200
-0.22785398	-3.96740600	-1.44657700
-0.22285398	-3.96740600	-1.44657700
-0.21785398	-4.02844300	-1.91656200
-0.21285398	-4.25733200	-2.84432500
-0.20785398	-3.14340600	-3.28989500
-0.20285398	-0.82399970	-3.19834000
-0.19785398	0.28992580	-3.14951000
-0.19285398	0.06103702	-3.05795500
-0.18785398	-0.06103702	-3.50352500
-0.18285398	-0.28992580	-4.43128700
-0.17785398	0.82399970	-4.87685800
-0.17285398	3.14340600	-4.78530200
-0.16785398	4.19629500	-4.76088700
-0.16285398	3.73851700	-4.76088700
-0.15785398	4.73036900	-4.76088700
-0.15285398	6.82088700	-4.76088700
-0.14785398	8.98770000	-4.76088700
-0.14285398	10.84933000	-4.76088700
-0.13785398	12.95511000	-4.76088700
-0.13285398	14.81674000	-4.76088700
-0.12785398	16.87673000	-4.73647300
-0.12285398	18.47896000	-4.64491700
-0.11785398	21.72918000	-5.09048700
-0.11285398	25.87969000	-6.01825000
-0.10785398	29.12992000	-6.46382000
-0.10285398	30.73214000	-6.37226500
-0.09785398	32.74636000	-6.32343500
-0.09285398	34.34858000	-6.23187900
-0.08785398	37.53777000	-6.70186400
-0.08285398	41.45939000	-7.72118300
-0.07785398	45.76250000	-7.67235300
-0.07285398	49.45524000	-6.46992400
-0.06785398	53.69732000	-6.91549400
-0.06285398	57.39005000	-8.95413000
-0.05785398	61.63213000	-9.42411600
-0.05285398	65.32487000	-8.31324200
-0.04785398	69.62798000	-7.81884200
-0.04285398	73.56486000	-7.91039800
-0.03785398	76.69301000	-7.93481200
-0.03285398	78.06635000	-7.93481200
-0.02785398	81.19450000	-7.95922800
-0.02285398	85.11612000	-8.05078300
-0.01785398	89.48026000	-7.58079800
-0.01285398	93.40189000	-6.56148000
-0.00785399	96.53004000	-6.56148000
-0.00285399	97.90337000	-7.58079800
0.00214601	101.03150000	-8.05078300
0.00714601	104.95310000	-7.95922800
0.01214601	109.31730000	-7.93481200
0.01714601	113.23890000	-7.93481200
0.02214601	116.36710000	-7.93481200
0.02714601	117.74040000	-7.93481200
0.03214601	120.92960000	-7.93481200
0.03714601	125.08010000	-7.93481200
0.04214601	128.26930000	-7.91039800
0.04714601	129.64260000	-7.81884200
0.05214601	132.87760000	-8.28882700
0.05714601	137.28750000	-9.30814500
0.06214601	139.39330000	-9.30814500
0.06714601	138.70660000	-8.28882700
0.07214601	139.63740000	-7.79442700
0.07714601	141.72800000	-7.79442700
0.08214601	143.97110000	-8.26441300
0.08714601	146.06160000	-9.19217500
0.09214601	147.11450000	-9.66216000
0.09714601	146.88560000	-9.66216000
0.10214601	146.82450000	-9.19217500
0.10714601	146.82450000	-8.26441300
0.11214601	146.88560000	-7.84325600
0.11714601	147.11450000	-8.02636700
0.12214601	146.00050000	-7.60521200
0.12714601	143.68110000	-6.67745000
0.13214601	142.62830000	-6.28070900
0.13714601	143.08600000	-6.55537600
0.14214601	142.09420000	-5.66423500
0.14714601	140.00370000	-3.71715500
0.15214601	137.76050000	-3.27158400
0.15714601	135.67000000	-4.38245800
0.16214601	134.67820000	-4.87685800
0.16714601	135.13600000	-4.78530200
0.17214601	134.14410000	-4.76088700
0.17714601	132.05360000	-4.76088700
0.18214601	129.82570000	-4.76088700
0.18714601	127.73520000	-4.76088700
0.19214601	126.74340000	-4.73647300
0.19714601	127.20110000	-4.64491700
0.20214601	126.14820000	-5.11490200
0.20714601	123.82880000	-6.13422100
0.21214601	122.77600000	-6.10980600
0.21714601	123.23370000	-4.99893200
0.22214601	122.18080000	-4.99893200
0.22714601	119.86140000	-6.10980600
0.23214601	118.80860000	-6.10980600
0.23714601	119.26630000	-4.99893200
0.24214601	118.21340000	-4.97451700
0.24714601	115.89400000	-5.99383500
0.25214601	114.78010000	-6.46382000
0.25714601	115.00900000	-6.37226500
0.26214601	115.07000000	-6.34785000
0.26714601	115.07000000	-6.34785000
0.27214601	115.13110000	-6.34785000
0.27714601	115.36000000	-6.34785000
0.28214601	114.24600000	-6.34785000
0.28714601	111.92660000	-6.34785000
0.29214601	110.81270000	-6.34785000
0.29714601	111.04160000	-6.34785000
0.30214601	111.10260000	-6.34785000
0.30714601	111.10260000	-6.34785000
0.31214601	111.10260000	-6.34785000
0.31714601	111.10260000	-6.34785000
0.32214601	111.16370000	-6.37226500
0.32714601	111.39250000	-6.46382000
0.33214601	110.27860000	-6.01825000
0.33714601	107.95920000	-5.09048700
0.34214601	106.84530000	-4.64491700
0.34714601	107.07420000	-4.73647300
0.35214601	107.13520000	-4.76088700
0.35714601	107.13520000	-4.76088700
0.36214601	107.13520000	-4.76088700
0.36714601	107.13520000	-4.76088700
0.37214601	107.19630000	-4.76088700
0.37714601	107.42510000	-4.76088700
0.38214601	106.31120000	-4.76088700
0.38714601	103.99180000	-4.76088700
0.39214601	102.87790000	-4.76088700
0.39714601	103.10680000	-4.76088700
0.40214601	103.16780000	-4.73647300
0.40714601	103.16780000	-4.64491700
0.41214601	103.16780000	-5.09048700
0.41714601	103.16780000	-6.01825000
0.42214601	103.16780000	-6.48823500
0.42714601	103.16780000	-6.48823500
0.43214601	103.16780000	-5.99383500
0.43714601	103.16780000	-4.97451700
0.44214601	103.16780000	-4.97451700
0.44714601	103.16780000	-5.99383500
0.45214601	103.16780000	-6.43940500
0.45714601	103.16780000	-6.25629500
0.46214601	103.22890000	-6.70186400
0.46714601	103.45770000	-7.72118300
0.47214601	102.34380000	-7.72118300
0.47714601	100.02440000	-6.70186400
0.48214601	98.91048000	-6.23187900
0.48714601	99.13937000	-6.32343500
0.49214601	99.20041000	-6.34785000
0.49714601	99.20041000	-6.34785000
0.50214601	99.20041000	-6.34785000
0.50714601	99.20041000	-6.34785000
0.51214601	99.20041000	-6.34785000
0.51714601	99.20041000	-6.34785000
0.52214601	99.26145000	-6.37226500
0.52714601	99.49034000	-6.46382000
0.53214601	98.37641000	-6.01825000
0.53714601	96.05700000	-5.09048700
0.54214601	94.94308000	-4.64491700
0.54714601	95.17197000	-4.73647300
0.55214601	95.23300000	-4.78530200
0.55714601	95.23300000	-4.87685800
0.56214601	95.23300000	-4.40687300
0.56714601	95.23300000	-3.38755500
0.57214601	95.23300000	-3.41196900
0.57714601	95.23300000	-4.52284300
0.58214601	95.23300000	-4.54725700
0.58714601	95.23300000	-3.52794000
0.59214601	95.23300000	-3.05795500
0.59714601	95.23300000	-3.14951000
0.60214601	95.23300000	-3.17392500
0.60714601	95.23300000	-3.17392500
0.61214601	95.23300000	-3.14951000
0.61714601	95.23300000	-3.05795500
0.62214601	95.29404000	-3.50352500
0.62714601	95.52293000	-4.43128700
0.63214601	94.40900000	-4.87685800
0.63714601	92.08959000	-4.78530200
0.64214601	90.91463000	-4.76088700
0.64714601	90.91463000	-4.76088700
0.65214601	92.15063000	-4.76088700
0.65714601	94.69893000	-4.76088700
0.66214601	94.69893000	-4.76088700
0.66714601	92.15063000	-4.76088700
0.67214601	90.97568000	-4.76088700
0.67714601	91.20457000	-4.76088700
0.68214601	91.26560000	-4.76088700
0.68714601	91.26560000	-4.76088700
0.69214601	91.26560000	-4.76088700
0.69714601	91.26560000	-4.76088700
0.70214601	91.26560000	-4.76088700
0.70714601	91.26560000	-4.76088700
0.71214601	91.26560000	-4.76088700
0.71714601	91.26560000	-4.76088700
0.72214601	91.32664000	-4.78530200
0.72714601	91.55552000	-4.87685800
0.73214601	90.44160000	-4.43128700
0.73714601	88.12219000	-3.50352500
0.74214601	87.00826000	-3.05795500
0.74714601	87.23715000	-3.14951000
0.75214601	87.29819000	-3.17392500
0.75714601	87.29819000	-3.17392500
0.76214601	87.29819000	-3.19834000
0.76714601	87.29819000	-3.28989500
0.77214601	87.29819000	-2.86874000
0.77714601	87.29819000	-2.03253300
0.78214601	87.29819000	-1.09256300
0.78714601	87.29819000	-0.07324442
0.79214601	87.35923000	-0.54322950
0.79714601	87.58812000	-2.49031000
0.80214601	86.47419000	-3.40586500
0.80714601	84.15479000	-3.22275400
0.81214601	83.04086000	-3.19834000
0.81714601	83.26974000	-3.28989500
0.82214601	83.33078000	-2.84432500
0.82714601	83.33078000	-1.91656200
0.83214601	83.33078000	-1.44657700
0.83714601	83.33078000	-1.44657700
0.84214601	83.33078000	-1.91656200
0.84714601	83.33078000	-2.84432500
0.85214601	83.33078000	-3.31431000
0.85714601	83.33078000	-3.31431000
0.86214601	83.33078000	-2.81991000
0.86714601	83.33078000	-1.80059200
0.87214601	83.33078000	-1.80059200
0.87714601	83.33078000	-2.81991000
0.88214601	83.33078000	-3.31431000
0.88714601	83.33078000	-3.31431000
0.89214601	83.33078000	-2.84432500
0.89714601	83.33078000	-1.91656200
0.90214601	83.39182000	-1.47099200
0.90714601	83.62070000	-1.56254800
0.91214601	82.50678000	-1.58696200
0.91714601	80.18738000	-1.58696200
0.92214601	79.07346000	-1.58696200
0.92714601	79.30235000	-1.58696200
0.93214601	79.36338000	-1.56254800
0.93714601	79.36338000	-1.47099200
0.94214601	79.36338000	-1.94097700
0.94714601	79.36338000	-2.96029500
0.95214601	79.36338000	-2.93588100
0.95714601	79.36338000	-1.82500700
0.96214601	79.42442000	-1.77617700
0.96714601	79.65331000	-2.70394000
0.97214601	78.47834000	-3.64391000
0.97714601	75.93005000	-4.57167300
0.98214601	75.93005000	-4.52284300
0.98714601	78.47834000	-3.41196900
0.99214601	79.65331000	-3.38755500
0.99714601	79.42442000	-4.40687300
1.00214601	79.42442000	-4.87685800
1.00714601	79.65331000	-4.78530200
1.01214601	78.53938000	-4.78530200
1.01714601	76.21997000	-4.87685800
1.02214601	75.10605000	-4.40687300
1.02714601	75.33494000	-3.38755500
1.03214601	75.39597000	-3.41196900
1.03714601	75.39597000	-4.52284300
1.04214601	75.39597000	-4.54725700
1.04714601	75.39597000	-3.52794000
1.05214601	75.39597000	-3.03354000
1.05714601	75.39597000	-3.03354000
1.06214601	75.39597000	-3.52794000
1.06714601	75.39597000	-4.54725700
1.07214601	75.39597000	-4.54725700
1.07714601	75.39597000	-3.52794000
1.08214601	75.45701000	-3.05795500
1.08714601	75.68590000	-3.14951000
1.09214601	74.57197000	-3.17392500
1.09714601	72.25256000	-3.17392500
1.10214601	71.13864000	-3.17392500
1.10714601	71.36753000	-3.17392500
1.11214601	71.42857000	-3.17392500
1.11714601	71.42857000	-3.17392500
1.12214601	71.42857000	-3.17392500
1.12714601	71.42857000	-3.17392500
1.13214601	71.42857000	-3.19834000
1.13714601	71.42857000	-3.28989500
1.14214601	71.42857000	-2.84432500
1.14714601	71.42857000	-1.91656200
1.15214601	71.42857000	-1.44657700
1.15714601	71.42857000	-1.44657700
1.16214601	71.42857000	-1.91656200
1.16714601	71.42857000	-2.84432500
1.17214601	71.42857000	-3.28989500
1.17714601	71.42857000	-3.19834000
1.18214601	71.42857000	-3.17392500
1.18714601	71.42857000	-3.17392500
1.19214601	71.42857000	-3.19834000
1.19714601	71.42857000	-3.28989500
1.20214601	71.48961000	-2.81991000
1.20714601	71.71850000	-1.80059200
1.21214601	70.60457000	-1.80059200
1.21714601	68.26991000	-2.81991000
1.22214601	67.15598000	-3.31431000
1.22714601	67.38486000	-3.31431000
1.23214601	67.44590000	-2.79549500
1.23714601	67.44590000	-1.68462200
1.24214601	67.44590000	-2.13019200
1.24714601	67.44590000	-4.07727300
1.25214601	67.44590000	-5.01724300
1.25714601	67.44590000	-4.92568700
1.26214601	67.44590000	-4.43128700
1.26714601	67.44590000	-3.50352500
1.27214601	67.44590000	-3.03354000
1.27714601	67.44590000	-3.03354000
1.28214601	67.44590000	-3.50352500
1.28714601	67.44590000	-4.43128700
1.29214601	67.44590000	-4.90127200
1.29714601	67.44590000	-4.90127200
1.30214601	67.44590000	-4.40687300
1.30714601	67.44590000	-3.38755500
1.31214601	67.50694000	-3.41196900
1.31714601	67.73582000	-4.52284300
1.32214601	66.62190000	-4.54725700
1.32714601	64.30249000	-3.52794000
1.33214601	63.18857000	-3.05795500
1.33714601	63.41746000	-3.14951000
1.34214601	63.47850000	-3.17392500
1.34714601	63.47850000	-3.17392500
1.35214601	63.47850000	-3.17392500
1.35714601	63.47850000	-3.17392500
1.36214601	63.47850000	-3.19834000
1.36714601	63.47850000	-3.28989500
1.37214601	63.47850000	-2.84432500
1.37714601	63.47850000	-1.91656200
1.38214601	63.47850000	-1.44657700
1.38714601	63.47850000	-1.44657700
1.39214601	63.47850000	-1.94097700
1.39714601	63.47850000	-2.96029500
1.40214601	63.47850000	-2.93588100
1.40714601	63.47850000	-1.82500700
1.41214601	63.53953000	-1.82500700
1.41714601	63.76842000	-2.93588100
1.42214601	62.65450000	-2.93588100
1.42714601	60.33509000	-1.82500700
1.43214601	59.22116000	-1.80059200
1.43714601	59.45005000	-2.81991000
1.44214601	59.51109000	-3.26548100
1.44714601	59.51109000	-3.08237000
1.45214601	59.51109000	-3.52794000
1.45714601	59.51109000	-4.54725700
1.46214601	59.51109000	-4.52284300
1.46714601	59.51109000	-3.41196900
1.47214601	59.51109000	-3.41196900
1.47714601	59.51109000	-4.52284300
1.48214601	59.51109000	-4.54725700
1.48714601	59.51109000	-3.52794000
1.49214601	59.51109000	-3.05795500
1.49714601	59.51109000	-3.14951000
1.50214601	59.51109000	-3.17392500
1.50714601	59.51109000	-3.17392500
1.51214601	59.51109000	-3.17392500
1.51714601	59.51109000	-3.17392500
1.52214601	59.51109000	-3.17392500
1.52714601	59.51109000	-3.17392500
1.53214601	59.51109000	-3.17392500
1.53714601	59.51109000	-3.17392500
1.54214601	59.51109000	-3.17392500
1.54714601	59.51109000	-3.17392500
1.55214601	59.57213000	-3.17392500
1.55714601	59.80102000	-3.17392500
1.56214601	58.68709000	-3.17392500
1.56714601	56.36768000	-3.17392500
1.57214601	55.25376000	-3.17392500
1.57714601	55.48264000	-3.17392500
1.58214601	55.54368000	-3.17392500
1.58714601	55.54368000	-3.17392500
1.59214601	55.54368000	-3.17392500
1.59714601	55.54368000	-3.17392500
1.60214601	55.54368000	-3.19834000
1.60714601	55.54368000	-3.28989500
1.61214601	55.54368000	-2.84432500
1.61714601	55.54368000	-1.91656200
1.62214601	55.54368000	-1.44657700
1.62714601	55.54368000	-1.44657700
1.63214601	55.54368000	-1.91656200
1.63714600	55.54368000	-2.84432500
1.64214600	55.54368000	-3.28989500
1.64714600	55.54368000	-3.19834000
1.65214600	55.54368000	-3.17392500
1.65714600	55.54368000	-3.17392500
1.66214600	55.54368000	-3.17392500
1.66714600	55.54368000	-3.17392500
1.67214600	55.54368000	-3.17392500
1.67714600	55.54368000	-3.17392500
1.68214600	55.54368000	-3.17392500
1.68714600	55.54368000	-3.17392500
1.69214600	55.54368000	-3.17392500
1.69714600	55.54368000	-3.17392500
1.70214600	55.54368000	-3.17392500
1.70714600	55.54368000	-3.17392500
1.71214600	55.60472000	-3.17392500
1.71714600	55.83361000	-3.17392500
1.72214600	54.71968000	-3.17392500
1.72714600	52.40028000	-3.17392500
1.73214600	51.28635000	-3.17392500
1.73714600	51.51524000	-3.17392500
1.74214600	51.57627000	-3.14951000
1.74714600	51.57627000	-3.05795500
1.75214600	51.57627000	-3.52794000
1.75714600	51.57627000	-4.54725700
1.76214600	51.57627000	-4.54725700
1.76714600	51.57627000	-3.52794000
1.77214600	51.57627000	-3.03354000
1.77714600	51.57627000	-3.03354000
1.78214600	51.57627000	-3.52794000
1.78714600	51.57627000	-4.54725700
1.79214600	51.57627000	-4.52284300
1.79714600	51.57627000	-3.41196900
1.80214600	51.57627000	-3.38755500
1.80714600	51.57627000	-4.40687300
1.81214600	51.63731000	-4.90127200
1.81714600	51.86620000	-4.90127200
1.82214600	50.75228000	-4.40687300
1.82714600	48.43287000	-3.38755500
1.83214600	47.31895000	-3.41196900
1.83714600	47.54784000	-4.52284300
1.84214600	47.60887000	-4.54725700
1.84714600	47.60887000	-3.52794000
1.85214600	47.60887000	-3.05795500
1.85714600	47.60887000	-3.14951000
1.86214600	47.60887000	-3.17392500
1.86714600	47.60887000	-3.17392500
1.87214600	47.60887000	-3.17392500
1.87714600	47.60887000	-3.17392500
1.88214600	47.60887000	-3.17392500
1.88714600	47.60887000	-3.17392500
1.89214600	47.60887000	-3.19834000
1.89714600	47.60887000	-3.28989500
1.90214600	47.60887000	-2.81991000
1.90714600	47.60887000	-1.80059200
1.91214600	47.60887000	-1.80059200
1.91714600	47.60887000	-2.81991000
1.92214600	47.60887000	-3.28989500
1.92714600	47.60887000	-3.19834000
1.93214600	47.60887000	-3.19834000
1.93714600	47.60887000	-3.28989500
1.94214600	47.60887000	-2.84432500
1.94714600	47.60887000	-1.91656200
1.95214600	47.60887000	-1.47099200
1.95714600	47.60887000	-1.56254800
1.96214600	47.60887000	-1.56254800
1.96714600	47.60887000	-1.47099200
1.97214600	47.60887000	-1.91656200
1.97714600	47.60887000	-2.84432500
1.98214600	47.60887000	-3.31431000
1.98714600	47.60887000	-3.31431000
1.99214600	47.66991000	-2.84432500
1.99714600	47.89880000	-1.91656200
2.00214600	46.78487000	-1.44657700
2.00714600	44.46547000	-1.44657700
2.01214600	43.35154000	-1.94097700
2.01714600	43.58043000	-2.96029500
2.02214600	43.64147000	-2.93588100
2.02714600	43.64147000	-1.82500700
2.03214600	43.64147000	-1.82500700
2.03714600	43.64147000	-2.93588100
2.04214600	43.64147000	-2.91146600
2.04714600	43.64147000	-1.70903700
2.05214600	43.64147000	-2.15460700
2.05714600	43.64147000	-4.19324400
2.06214600	43.64147000	-4.66322800
2.06714600	43.64147000	-3.55235400
2.07214600	43.64147000	-3.05795500
2.07714600	43.64147000	-3.14951000
2.08214600	43.64147000	-3.17392500
2.08714600	43.64147000	-3.17392500
2.09214600	43.64147000	-3.17392500
2.09714600	43.64147000	-3.17392500
2.10214600	43.70250000	-3.17392500
2.10714600	43.93139000	-3.17392500
2.11214600	42.75643000	-3.17392500
2.11714600	40.20813000	-3.17392500
2.12214600	40.26917000	-3.17392500
2.12714600	43.04636000	-3.17392500
2.13214600	43.10739000	-3.17392500
2.13714600	40.55910000	-3.17392500
2.14214600	39.38414000	-3.17392500
2.14714600	39.61302000	-3.17392500
2.15214600	39.67406000	-3.17392500
2.15714600	39.67406000	-3.17392500
2.16214600	39.67406000	-3.14951000
2.16714600	39.67406000	-3.05795500
2.17214600	39.67406000	-3.52794000
2.17714600	39.67406000	-4.54725700
2.18214600	39.67406000	-4.54725700
2.18714600	39.67406000	-3.52794000
2.19214600	39.67406000	-3.08237000
2.19714600	39.67406000	-3.26548100
2.20214600	39.67406000	-2.79549500
2.20714600	39.67406000	-1.68462200
2.21214600	39.67406000	-2.15460700
2.21714600	39.67406000	-4.19324400
2.22214600	39.67406000	-4.66322800
2.22714600	39.67406000	-3.55235400
2.23214600	39.67406000	-3.05795500
2.23714600	39.67406000	-3.14951000
2.24214600	39.67406000	-3.17392500
2.24714600	39.67406000	-3.17392500
2.25214600	39.67406000	-3.17392500
2.25714600	39.67406000	-3.17392500
2.26214600	39.67406000	-3.19834000
2.26714600	39.67406000	-3.28989500
2.27214600	39.67406000	-2.81991000
2.27714600	39.67406000	-1.80059200
2.28214600	39.67406000	-1.82500700
2.28714600	39.67406000	-2.93588100
2.29214600	39.67406000	-2.93588100
2.29714600	39.67406000	-1.82500700
2.30214600	39.73510000	-1.80059200
2.30714600	39.96399000	-2.81991000
2.31214600	38.78902000	-3.26548100
2.31714600	36.24073000	-3.08237000
2.32214600	36.30176000	-3.50352500
2.32714600	39.07895000	-4.43128700
2.33214600	39.13999000	-4.87685800
2.33714600	36.59169000	-4.78530200
2.34214600	35.35569000	-4.78530200
2.34714600	35.35569000	-4.87685800
2.35214600	36.59169000	-4.40687300
2.35714600	39.13999000	-3.38755500
2.36214600	39.07895000	-3.38755500
2.36714600	36.30176000	-4.40687300
2.37214600	36.30176000	-4.87685800
2.37714600	39.07895000	-4.78530200
2.38214600	39.13999000	-4.78530200
2.38714600	36.59169000	-4.87685800
2.39214600	35.41673000	-4.43128700
2.39714600	35.64562000	-3.50352500
2.40214600	35.70665000	-3.05795500
2.40714600	35.70665000	-3.14951000
2.41214600	35.70665000	-3.17392500
2.41714600	35.70665000	-3.17392500
2.42214600	35.70665000	-3.14951000
2.42714600	35.70665000	-3.05795500
2.43214600	35.70665000	-3.52794000
2.43714600	35.70665000	-4.54725700
2.44214600	35.70665000	-4.54725700
2.44714600	35.70665000	-3.52794000
2.45214600	35.70665000	-3.05795500
2.45714600	35.70665000	-3.14951000
2.46214600	35.70665000	-3.17392500
2.46714600	35.70665000	-3.17392500
2.47214600	35.70665000	-3.14951000
2.47714600	35.70665000	-3.05795500
2.48214600	35.76769000	-3.50352500
2.48714600	35.99658000	-4.43128700
2.49214600	34.82162000	-4.87685800
2.49714600	32.27332000	-4.78530200
2.50214600	32.27332000	-4.78530200
2.50714600	34.82162000	-4.87685800
2.51214600	36.05762000	-4.43128700
2.51714600	36.05762000	-3.50352500
2.52214600	34.82162000	-3.05795500
2.52714600	32.27332000	-3.14951000
2.53214600	32.33436000	-3.17392500
2.53714600	35.11155000	-3.17392500
2.54214600	35.17258000	-3.19834000
2.54714600	32.62428000	-3.28989500
2.55214600	31.44932000	-2.84432500
2.55714600	31.67821000	-1.91656200
2.56214600	31.73925000	-1.47099200
2.56714600	31.73925000	-1.56254800
2.57214600	31.73925000	-1.58696200
2.57714600	31.73925000	-1.58696200
2.58214600	31.73925000	-1.58696200
2.58714600	31.73925000	-1.58696200
2.59214600	31.73925000	-1.58696200
2.59714600	31.73925000	-1.58696200
2.60214600	31.73925000	-1.58696200
2.60714600	31.73925000	-1.58696200
2.61214600	31.73925000	-1.56254800
2.61714600	31.73925000	-1.47099200
2.62214600	31.73925000	-1.91656200
2.62714600	31.73925000	-2.84432500
2.63214600	31.73925000	-3.28989500
2.63714600	31.73925000	-3.19834000
2.64214600	31.73925000	-3.14951000
2.64714600	31.73925000	-3.05795500
2.65214600	31.73925000	-3.52794000
2.65714600	31.73925000	-4.54725700
2.66214600	31.73925000	-4.52284300
2.66714600	31.73925000	-3.41196900
2.67214600	31.73925000	-3.38755500
2.67714600	31.73925000	-4.40687300
2.68214600	31.73925000	-4.90127200
2.68714600	31.73925000	-4.90127200
2.69214600	31.73925000	-4.43128700
2.69714600	31.73925000	-3.50352500
2.70214600	31.73925000	-3.03354000
2.70714600	31.73925000	-3.03354000
2.71214600	31.73925000	-3.50352500
2.71714600	31.73925000	-4.43128700
2.72214600	31.73925000	-4.87685800
2.72714600	31.73925000	-4.78530200
2.73214600	31.80028000	-4.73647300
2.73714600	32.02917000	-4.64491700
2.74214600	30.91525000	-5.09048700
2.74714600	28.59584000	-6.01825000
2.75214600	27.48192000	-6.48823500
2.75714600	27.71080000	-6.48823500
2.76214600	27.71080000	-6.01825000
2.76714600	27.48192000	-5.09048700
2.77214600	28.65688000	-4.64491700
2.77714600	31.20517000	-4.73647300
2.78214600	31.20517000	-4.76088700
2.78714600	28.65688000	-4.76088700
2.79214600	27.48192000	-4.76088700
2.79714600	27.71080000	-4.76088700
2.80214600	27.77184000	-4.76088700
2.80714600	27.77184000	-4.76088700
2.81214600	27.77184000	-4.78530200
2.81714600	27.77184000	-4.87685800
2.82214600	27.77184000	-4.43128700
2.82714600	27.77184000	-3.50352500
2.83214600	27.77184000	-3.03354000
2.83714600	27.77184000	-3.03354000
2.84214600	27.77184000	-3.50352500
2.84714600	27.77184000	-4.43128700
2.85214600	27.77184000	-4.87685800
2.85714600	27.77184000	-4.78530200
2.86214600	27.77184000	-4.76088700
2.86714600	27.77184000	-4.76088700
2.87214600	27.77184000	-4.76088700
2.87714600	27.77184000	-4.76088700
2.88214600	27.77184000	-4.76088700
2.88714600	27.77184000	-4.76088700
2.89214600	27.77184000	-4.76088700
2.89714600	27.77184000	-4.76088700
2.90214600	27.77184000	-4.76088700
2.90714600	27.77184000	-4.76088700
2.91214600	27.77184000	-4.76088700
2.91714600	27.77184000	-4.76088700
2.92214600	27.77184000	-4.76088700
2.92714600	27.77184000	-4.76088700
2.93214600	27.83288000	-4.78530200
2.93714600	28.06177000	-4.87685800
2.94214600	26.94784000	-4.40687300
2.94714600	24.62844000	-3.38755500
2.95214600	23.51451000	-3.41196900
2.95714600	23.74340000	-4.52284300
2.96214600	23.74340000	-4.54725700
2.96714600	23.51451000	-3.52794000
2.97214600	24.68947000	-3.05795500
2.97714600	27.23777000	-3.14951000
2.98214600	27.17673000	-3.14951000
2.98714600	24.39955000	-3.05795500
2.99214600	24.39955000	-3.52794000
2.99714600	27.17673000	-4.54725700
3.00214600	27.23777000	-4.52284300
3.00714600	24.68947000	-3.41196900
3.01214600	23.51451000	-3.43638400
3.01714600	23.74340000	-4.63881300
3.02214600	23.80444000	-4.19324400
3.02714600	23.80444000	-2.15460700
3.03214600	23.80444000	-1.66020700
3.03714600	23.80444000	-2.67952500
3.04214600	23.80444000	-3.64391000
3.04714600	23.80444000	-4.57167300
3.05214600	23.80444000	-4.54725700
3.05714600	23.80444000	-3.52794000
3.06214600	23.80444000	-3.03354000
3.06714600	23.80444000	-3.03354000
3.07214600	23.80444000	-3.50352500
3.07714600	23.80444000	-4.43128700
3.08214600	23.80444000	-4.90127200
3.08714600	23.80444000	-4.90127200
3.09214600	23.80444000	-4.40687300
3.09714600	23.80444000	-3.38755500
3.10214600	23.80444000	-3.41196900
3.10714600	23.80444000	-4.52284300
3.11214600	23.80444000	-4.52284300
3.11714600	23.80444000	-3.41196900
3.12214600	23.80444000	-3.41196900
3.12714600	23.80444000	-4.52284300
3.13214600	23.80444000	-4.57167300
3.13714600	23.80444000	-3.64391000
3.14214600	23.80444000	-2.70394000
3.14714600	23.80444000	-1.77617700
3.15214600	23.80444000	-1.80059200
3.15714600	23.80444000	-2.81991000
3.16214600	23.80444000	-3.28989500
3.16714600	23.80444000	-3.19834000
3.17214600	23.80444000	-3.17392500
3.17714600	23.80444000	-3.17392500
3.18214600	23.80444000	-3.17392500
3.18714600	23.80444000	-3.17392500
3.19214600	23.80444000	-3.17392500
3.19714600	23.80444000	-3.17392500
3.20214600	23.80444000	-3.17392500
3.20714600	23.80444000	-3.17392500
3.21214600	23.80444000	-3.17392500
3.21714600	23.80444000	-3.17392500
3.22214600	23.80444000	-3.17392500
3.22714600	23.80444000	-3.17392500
3.23214600	23.80444000	-3.17392500
3.23714600	23.80444000	-3.17392500
3.24214600	23.80444000	-3.17392500
3.24714600	23.80444000	-3.17392500
3.25214600	23.80444000	-3.17392500
3.25714600	23.80444000	-3.17392500
3.26214600	23.80444000	-3.14951000
3.26714600	23.80444000	-3.05795500
3.27214600	23.80444000	-3.52794000
3.27714600	23.80444000	-4.54725700
3.28214599	23.80444000	-4.54725700
3.28714599	23.80444000	-3.52794000
3.29214599	23.80444000	-3.05795500
3.29714599	23.80444000	-3.14951000
3.30214599	23.86547000	-3.17392500
3.30714599	24.09436000	-3.17392500
3.31214599	22.91940000	-3.19834000
3.31714599	20.37111000	-3.28989500
3.32214599	20.37111000	-2.81991000
3.32714599	22.91940000	-1.80059200
3.33214599	24.09436000	-1.77617700
3.33714599	23.86547000	-2.70394000
3.34214599	23.80444000	-3.64391000
3.34714599	23.80444000	-4.57167300
3.35214599	23.86547000	-4.54725700
3.35714599	24.09436000	-3.52794000
3.36214599	22.98043000	-3.05795500
3.36714599	20.66103000	-3.14951000
3.37214599	19.54710000	-3.17392500
3.37714599	19.77599000	-3.17392500
3.38214599	19.83703000	-3.17392500
3.38714599	19.83703000	-3.17392500
3.39214599	19.83703000	-3.14951000
3.39714599	19.83703000	-3.05795500
3.40214599	19.83703000	-3.50352500
3.40714599	19.83703000	-4.43128700
3.41214599	19.83703000	-4.87685800
3.41714599	19.83703000	-4.78530200
3.42214599	19.83703000	-4.76088700
3.42714599	19.83703000	-4.76088700
3.43214599	19.83703000	-4.76088700
3.43714599	19.83703000	-4.76088700
3.44214599	19.83703000	-4.76088700
3.44714599	19.83703000	-4.76088700
3.45214599	19.83703000	-4.78530200
3.45714599	19.83703000	-4.87685800
3.46214599	19.83703000	-4.40687300
3.46714599	19.83703000	-3.38755500
3.47214599	19.83703000	-3.38755500
3.47714599	19.83703000	-4.40687300
3.48214599	19.83703000	-4.90127200
3.48714599	19.83703000	-4.90127200
3.49214599	19.83703000	-4.38245800
3.49714599	19.83703000	-3.27158400
3.50214599	19.83703000	-3.74156900
3.50714599	19.83703000	-5.78020600
3.51214599	19.83703000	-6.22577600
3.51714599	19.83703000	-5.02334600
3.52214599	19.83703000	-4.99893200
3.52714599	19.83703000	-6.10980600
3.53214599	19.83703000	-6.10980600
3.53714599	19.83703000	-4.99893200
3.54214599	19.83703000	-4.97451700
3.54714599	19.83703000	-5.99383500
3.55214599	19.83703000	-6.48823500
3.55714599	19.83703000	-6.48823500
3.56214599	19.83703000	-5.99383500
3.56714599	19.83703000	-4.97451700
3.57214599	19.89807000	-4.99893200
3.57714599	20.12696000	-6.10980600
3.58214599	18.95199000	-6.13422100
3.58714599	16.40370000	-5.11490200
3.59214599	16.40370000	-4.64491700
3.59714599	18.95199000	-4.73647300
3.60214599	20.18799000	-4.73647300
3.60714599	20.18799000	-4.64491700
3.61214599	18.95199000	-5.09048700
3.61714599	16.40370000	-6.01825000
3.62214599	16.46474000	-6.48823500
3.62714599	19.24192000	-6.48823500
3.63214599	19.30296000	-5.99383500
3.63714599	16.75466000	-4.97451700
3.64214599	15.57970000	-4.99893200
3.64714599	15.80859000	-6.10980600
3.65214599	15.80859000	-6.13422100
3.65714599	15.57970000	-5.11490200
3.66214599	16.75466000	-4.64491700
3.66714599	19.30296000	-4.73647300
3.67214599	19.30296000	-4.76088700
3.67714599	16.75466000	-4.76088700
3.68214599	15.57970000	-4.73647300
3.68714599	15.80859000	-4.64491700
3.69214599	15.86962000	-5.11490200
3.69714599	15.86962000	-6.13422100
3.70214599	15.86962000	-6.13422100
3.70714599	15.86962000	-5.11490200
3.71214599	15.86962000	-4.66933200
3.71714599	15.86962000	-4.85244300
3.72214599	15.86962000	-4.40687300
3.72714599	15.86962000	-3.38755500
3.73214599	15.86962000	-3.41196900
3.73714599	15.86962000	-4.52284300
3.74214599	15.86962000	-4.54725700
3.74714599	15.86962000	-3.52794000
3.75214599	15.86962000	-3.03354000
3.75714599	15.86962000	-3.03354000
3.76214599	15.86962000	-3.52794000
3.76714599	15.86962000	-4.54725700
3.77214599	15.86962000	-4.52284300
3.77714599	15.86962000	-3.41196900
3.78214599	15.86962000	-3.38755500
3.78714599	15.86962000	-4.40687300
3.79214599	15.86962000	-4.87685800
3.79714599	15.86962000	-4.78530200
3.80214599	15.86962000	-4.73647300
3.80714599	15.86962000	-4.64491700
3.81214599	15.86962000	-5.11490200
3.81714599	15.86962000	-6.13422100
3.82214599	15.86962000	-6.10980600
3.82714599	15.86962000	-4.99893200
3.83214599	15.86962000	-4.97451700
3.83714599	15.86962000	-5.99383500
3.84214599	15.86962000	-6.46382000
3.84714599	15.86962000	-6.37226500
3.85214599	15.86962000	-6.34785000
3.85714599	15.86962000	-6.34785000
3.86214599	15.86962000	-6.37226500
3.86714599	15.86962000	-6.46382000
3.87214599	15.86962000	-6.01825000
3.87714599	15.86962000	-5.09048700
3.88214599	15.86962000	-4.66933200
3.88714599	15.86962000	-4.85244300
3.89214599	15.86962000	-4.43128700
3.89714599	15.86962000	-3.50352500
3.90214599	15.86962000	-3.05795500
3.90714599	15.86962000	-3.14951000
3.91214599	15.86962000	-3.17392500
3.91714599	15.86962000	-3.17392500
3.92214599	15.86962000	-3.14951000
3.92714599	15.86962000	-3.05795500
3.93214599	15.86962000	-3.52794000
3.93714599	15.86962000	-4.54725700
3.94214599	15.86962000	-4.52284300
3.94714599	15.86962000	-3.41196900
3.95214599	15.86962000	-3.41196900
3.95714599	15.86962000	-4.52284300
3.96214599	15.86962000	-4.52284300
3.96714599	15.86962000	-3.41196900
3.97214599	15.86962000	-3.38755500
3.97714599	15.86962000	-4.40687300
3.98214599	15.86962000	-4.90127200
3.98714599	15.86962000	-4.90127200
3.99214599	15.86962000	-4.43128700
3.99714599	15.86962000	-3.50352500
4.00214599	15.86962000	-3.05795500
4.00714599	15.86962000	-3.14951000
4.01214599	15.93066000	-3.17392500
4.01714599	16.15955000	-3.17392500
4.02214599	14.98459000	-3.17392500
4.02714599	12.43629000	-3.17392500
4.03214599	12.49733000	-3.17392500
4.03714599	15.27451000	-3.17392500
4.04214599	15.27451000	-3.17392500
4.04714599	12.49733000	-3.17392500
4.05214599	12.43629000	-3.14951000
4.05714599	14.98459000	-3.05795500
4.06214599	16.22059000	-3.52794000
4.06714599	16.22059000	-4.54725700
4.07214599	14.98459000	-4.54725700
4.07714599	12.43629000	-3.52794000
4.08214599	12.43629000	-3.05795500
4.08714599	14.98459000	-3.14951000
4.09214599	16.15955000	-3.14951000
4.09714599	15.93066000	-3.05795500
4.10214599	15.93066000	-3.50352500
4.10714599	16.15955000	-4.43128700
4.11214599	15.04562000	-4.87685800
4.11714599	12.72622000	-4.78530200
4.12214599	11.55125000	-4.76088700
4.12714599	11.55125000	-4.76088700
4.13214599	12.78725000	-4.76088700
4.13714599	15.33555000	-4.76088700
4.14214599	15.33555000	-4.76088700
4.14714599	12.78725000	-4.76088700
4.15214599	11.61229000	-4.76088700
4.15714599	11.84118000	-4.76088700
4.16214599	11.90222000	-4.76088700
4.16714599	11.90222000	-4.76088700
4.17214599	11.90222000	-4.78530200
4.17714599	11.90222000	-4.87685800
4.18214599	11.90222000	-4.40687300
4.18714599	11.90222000	-3.38755500
4.19214599	11.90222000	-3.38755500
4.19714599	11.90222000	-4.40687300
4.20214599	11.90222000	-4.90127200
4.20714599	11.90222000	-4.90127200
4.21214599	11.90222000	-4.43128700
4.21714599	11.90222000	-3.50352500
4.22214599	11.90222000	-3.03354000
4.22714599	11.90222000	-3.03354000
4.23214599	11.90222000	-3.50352500
4.23714599	11.90222000	-4.43128700
4.24214599	11.90222000	-4.90127200
4.24714599	11.90222000	-4.90127200
4.25214599	11.90222000	-4.43128700
4.25714599	11.90222000	-3.50352500
4.26214599	11.90222000	-3.05795500
4.26714599	11.90222000	-3.14951000
4.27214599	11.90222000	-3.17392500
4.27714599	11.90222000	-3.17392500
4.28214599	11.90222000	-3.17392500
4.28714599	11.90222000	-3.17392500
4.29214599	11.90222000	-3.17392500
4.29714599	11.90222000	-3.17392500
4.30214599	11.90222000	-3.17392500
4.30714599	11.90222000	-3.17392500
4.31214599	11.90222000	-3.17392500
4.31714599	11.90222000	-3.17392500
4.32214599	11.90222000	-3.17392500
4.32714599	11.90222000	-3.17392500
4.33214599	11.90222000	-3.14951000
4.33714599	11.90222000	-3.05795500
4.34214599	11.90222000	-3.50352500
4.34714599	11.90222000	-4.43128700
4.35214599	11.90222000	-4.90127200
4.35714599	11.90222000	-4.90127200
4.36214599	11.90222000	-4.40687300
4.36714599	11.90222000	-3.38755500
4.37214599	11.90222000	-3.41196900
4.37714599	11.90222000	-4.52284300
4.38214599	11.90222000	-4.54725700
4.38714599	11.90222000	-3.52794000
4.39214599	11.90222000	-3.05795500
4.39714599	11.90222000	-3.14951000
4.40214599	11.90222000	-3.14951000
4.40714599	11.90222000	-3.05795500
4.41214599	11.90222000	-3.52794000
4.41714599	11.90222000	-4.54725700
4.42214599	11.90222000	-4.54725700
4.42714599	11.90222000	-3.52794000
4.43214599	11.96325000	-3.03354000
4.43714599	12.19214000	-3.03354000
4.44214599	11.01718000	-3.50352500
4.44714599	8.46888600	-4.43128700
4.45214599	8.46888600	-4.90127200
4.45714599	11.01718000	-4.90127200
4.46214599	12.19214000	-4.40687300
4.46714599	11.96325000	-3.38755500
4.47214599	11.90222000	-3.41196900
4.47714599	11.90222000	-4.52284300
4.48214599	11.90222000	-4.54725700
4.48714599	11.90222000	-3.52794000
4.49214599	11.90222000	-3.08237000
4.49714599	11.90222000	-3.26548100
4.50214599	11.96325000	-2.81991000
4.50714599	12.19214000	-1.80059200
4.51214599	11.07822000	-1.80059200
4.51714599	8.75881200	-2.81991000
4.52214599	7.58384900	-3.26548100
4.52714599	7.58384900	-3.08237000
4.53214599	8.75881200	-3.52794000
4.53714599	11.07822000	-4.54725700
4.54214599	12.25318000	-4.54725700
4.54714599	12.25318000	-3.52794000
4.55214599	11.07822000	-3.05795500
4.55714599	8.75881200	-3.14951000
4.56214599	7.58384900	-3.14951000
4.56714599	7.58384900	-3.05795500
4.57214599	8.81984900	-3.50352500
4.57714599	11.36814000	-4.43128700
4.58214599	11.36814000	-4.87685800
4.58714599	8.81984900	-4.78530200
4.59214599	7.64488600	-4.76088700
4.59714599	7.87377500	-4.76088700
4.60214599	7.93481200	-4.76088700
4.60714599	7.93481200	-4.76088700
4.61214599	7.93481200	-4.76088700
4.61714599	7.93481200	-4.76088700
4.62214599	7.93481200	-4.76088700
4.62714599	7.93481200	-4.76088700
4.63214599	7.93481200	-4.76088700
4.63714599	7.93481200	-4.76088700
4.64214599	7.93481200	-4.76088700
4.64714599	7.93481200	-4.76088700
4.65214599	7.93481200	-4.76088700
4.65714599	7.93481200	-4.76088700
4.66214599	7.93481200	-4.76088700
4.66714599	7.93481200	-4.76088700
4.67214599	7.93481200	-4.73647300
4.67714599	7.93481200	-4.64491700
4.68214599	7.93481200	-5.11490200
4.68714599	7.93481200	-6.13422100
4.69214599	7.93481200	-6.13422100
4.69714599	7.93481200	-5.11490200
4.70214599	7.93481200	-4.62050200
4.70714599	7.93481200	-4.62050200
4.71214599	7.93481200	-5.11490200
4.71714599	7.93481200	-6.13422100
4.72214599	7.93481200	-6.13422100
4.72714599	7.93481200	-5.11490200
4.73214599	7.93481200	-4.64491700
4.73714599	7.93481200	-4.73647300
4.74214599	7.93481200	-4.73647300
4.74714599	7.93481200	-4.64491700
4.75214599	7.93481200	-5.11490200
4.75714599	7.93481200	-6.13422100
4.76214599	7.93481200	-6.13422100
4.76714599	7.93481200	-5.11490200
4.77214599	7.93481200	-4.64491700
4.77714599	7.93481200	-4.73647300
4.78214599	7.93481200	-4.78530200
4.78714599	7.93481200	-4.87685800
4.79214599	7.93481200	-4.43128700
4.79714599	7.93481200	-3.50352500
4.80214599	7.93481200	-3.05795500
4.80714599	7.93481200	-3.14951000
4.81214599	7.93481200	-3.14951000
4.81714599	7.93481200	-3.05795500
4.82214599	7.93481200	-3.52794000
4.82714599	7.93481200	-4.54725700
4.83214599	7.93481200	-4.57167300
4.83714599	7.93481200	-3.64391000
4.84214599	7.93481200	-2.67952500
4.84714599	7.93481200	-1.66020700
4.85214599	7.93481200	-2.15460700
4.85714599	7.93481200	-4.19324400
4.86214599	7.93481200	-4.66322800
4.86714599	7.93481200	-3.55235400
4.87214599	7.93481200	-3.05795500
4.87714599	7.93481200	-3.14951000
4.88214599	7.93481200	-3.17392500
4.88714599	7.93481200	-3.17392500
4.89214599	7.93481200	-3.14951000
4.89714599	7.93481200	-3.05795500
4.90214599	7.93481200	-3.50352500
4.90714599	7.93481200	-4.43128700
4.91214599	7.93481200	-4.87685800
4.91714599	7.93481200	-4.78530200
4.92214599	7.93481200	-4.76088700
4.92714598	7.93481200	-4.76088700
4.93214598	7.93481200	-4.78530200
4.93714598	7.93481200	-4.87685800
4.94214598	7.93481200	-4.40687300
4.94714598	7.93481200	-3.38755500
4.95214598	7.93481200	-3.38755500
4.95714598	7.93481200	-4.40687300
4.96214598	7.93481200	-4.90127200
4.96714598	7.93481200	-4.90127200
4.97214598	7.93481200	-4.40687300
4.97714598	7.93481200	-3.38755500
4.98214598	7.93481200	-3.38755500
4.98714598	7.93481200	-4.40687300
4.99214598	7.93481200	-4.87685800
4.99714598	7.93481200	-4.78530200
5.00214598	7.93481200	-4.78530200
5.00714598	7.93481200	-4.87685800
5.01214598	7.93481200	-4.40687300
5.01714598	7.93481200	-3.38755500
5.02214598	7.93481200	-3.41196900
5.02714598	7.93481200	-4.52284300
5.03214598	7.93481200	-4.54725700
5.03714598	7.93481200	-3.52794000
5.04214598	7.93481200	-3.05795500
5.04714598	7.93481200	-3.14951000
5.05214598	7.93481200	-3.17392500
5.05714598	7.93481200	-3.17392500
5.06214598	7.93481200	-3.17392500
5.06714598	7.93481200	-3.17392500
5.07214598	7.93481200	-3.17392500
5.07714598	7.93481200	-3.17392500
5.08214598	7.93481200	-3.17392500
5.08714598	7.93481200	-3.17392500
5.09214598	7.93481200	-3.17392500
5.09714598	7.93481200	-3.17392500
5.10214598	7.93481200	-3.14951000
5.10714598	7.93481200	-3.05795500
5.11214598	7.93481200	-3.50352500
5.11714598	7.93481200	-4.43128700
5.12214598	7.93481200	-4.90127200
5.12714598	7.93481200	-4.90127200
5.13214598	7.93481200	-4.43128700
5.13714598	7.93481200	-3.50352500
5.14214598	7.93481200	-3.03354000
5.14714598	7.93481200	-3.03354000
5.15214598	7.93481200	-3.50352500
5.15714598	7.93481200	-4.43128700
5.16214598	7.93481200	-4.87685800
5.16714598	7.93481200	-4.78530200
5.17214598	7.93481200	-4.78530200
5.17714598	7.93481200	-4.87685800
5.18214598	7.93481200	-4.43128700
5.18714598	7.93481200	-3.50352500
5.19214598	7.93481200	-3.03354000
5.19714598	7.93481200	-3.03354000
5.20214598	7.93481200	-3.52794000
5.20714598	7.93481200	-4.54725700
5.21214598	7.99584900	-4.54725700
5.21714598	8.22473800	-3.52794000
5.22214598	7.04977500	-3.05795500
5.22714598	4.50148000	-3.14951000
5.23214598	4.50148000	-3.17392500
5.23714598	7.04977500	-3.17392500
5.24214598	8.22473800	-3.14951000
5.24714598	7.99584900	-3.05795500
5.25214598	7.93481200	-3.50352500
5.25714598	7.93481200	-4.43128700
5.26214598	7.99584900	-4.90127200
5.26714598	8.22473800	-4.90127200
5.27214598	7.11081200	-4.40687300
5.27714598	4.79140600	-3.38755500
5.28214598	3.67748000	-3.41196900
5.28714598	3.90636900	-4.52284300
5.29214598	3.90636900	-4.52284300
5.29714598	3.67748000	-3.41196900
5.30214598	4.79140600	-3.38755500
5.30714598	7.11081200	-4.40687300
5.31214598	8.22473800	-4.87685800
5.31714598	7.99584900	-4.78530200
5.32214598	7.93481200	-4.76088700
5.32714598	7.93481200	-4.76088700
5.33214598	7.99584900	-4.76088700
5.33714598	8.22473800	-4.76088700
5.34214598	7.11081200	-4.78530200
5.34714598	4.79140600	-4.87685800
5.35214598	3.67748000	-4.40687300
5.35714598	3.90636900	-3.38755500
5.36214598	3.90636900	-3.41196900
5.36714598	3.67748000	-4.52284300
5.37214598	4.79140600	-4.54725700
5.37714598	7.11081200	-3.52794000
5.38214598	8.28577500	-3.05795500
5.38714598	8.28577500	-3.14951000
5.39214598	7.04977500	-3.17392500
5.39714598	4.50148000	-3.17392500
5.40214598	4.50148000	-3.17392500
5.40714598	7.04977500	-3.17392500
5.41214598	8.28577500	-3.17392500
5.41714598	8.28577500	-3.17392500
5.42214598	7.11081200	-3.17392500
5.42714598	4.79140600	-3.17392500
5.43214598	3.67748000	-3.19834000
5.43714598	3.90636900	-3.28989500
5.44214598	3.96740600	-2.81991000
5.44714598	3.96740600	-1.80059200
5.45214598	3.96740600	-1.80059200
5.45714598	3.96740600	-2.81991000
5.46214598	3.96740600	-3.28989500
5.46714598	3.96740600	-3.19834000
5.47214598	3.90636900	-3.17392500
5.47714598	3.67748000	-3.17392500
5.48214598	4.79140600	-3.14951000
5.48714598	7.11081200	-3.05795500
5.49214598	8.28577500	-3.52794000
5.49714598	8.28577500	-4.54725700
5.50214598	7.11081200	-4.54725700
5.50714598	4.79140600	-3.52794000
5.51214598	3.67748000	-3.03354000
5.51714598	3.90636900	-3.03354000
5.52214598	3.96740600	-3.52794000
5.52714598	3.96740600	-4.54725700
5.53214598	3.96740600	-4.54725700
5.53714598	3.96740600	-3.52794000
5.54214598	3.96740600	-3.03354000
5.54714598	3.96740600	-3.03354000
5.55214598	3.96740600	-3.52794000
5.55714598	3.96740600	-4.54725700
5.56214598	3.96740600	-4.52284300
5.56714598	3.96740600	-3.41196900
5.57214598	3.96740600	-3.41196900
5.57714598	3.96740600	-4.52284300
5.58214598	3.96740600	-4.54725700
5.58714598	3.96740600	-3.52794000
5.59214598	3.96740600	-3.03354000
5.59714598	3.96740600	-3.03354000
5.60214598	3.96740600	-3.50352500
5.60714598	3.96740600	-4.43128700
5.61214598	3.96740600	-4.90127200
5.61714598	3.96740600	-4.90127200
5.62214598	3.96740600	-4.43128700
5.62714598	3.96740600	-3.50352500
5.63214598	3.96740600	-3.05795500
5.63714598	3.96740600	-3.14951000
5.64214598	3.96740600	-3.19834000
5.64714598	3.96740600	-3.28989500
5.65214598	3.96740600	-2.84432500
5.65714598	3.96740600	-1.91656200
5.66214598	3.96740600	-1.47099200
5.66714598	3.96740600	-1.56254800
5.67214598	3.96740600	-1.58696200
5.67714598	3.96740600	-1.58696200
5.68214598	3.96740600	-1.56254800
5.68714598	3.96740600	-1.47099200
5.69214598	3.96740600	-1.91656200
5.69714598	3.96740600	-2.84432500
5.70214598	3.96740600	-3.28989500
5.70714598	3.96740600	-3.19834000
5.71214598	3.96740600	-3.17392500
5.71714598	3.96740600	-3.17392500
5.72214598	3.96740600	-3.17392500
5.72714598	3.96740600	-3.17392500
5.73214598	3.96740600	-3.17392500
5.73714598	3.96740600	-3.17392500
5.74214598	3.96740600	-3.14951000
5.74714598	3.96740600	-3.05795500
5.75214598	3.96740600	-3.52794000
5.75714598	3.96740600	-4.54725700
5.76214598	3.96740600	-4.52284300
5.76714598	3.96740600	-3.41196900
5.77214598	3.96740600	-3.38755500
5.77714598	3.96740600	-4.40687300
5.78214598	3.96740600	-4.87685800
5.78714598	3.96740600	-4.78530200
5.79214598	3.96740600	-4.76088700
5.79714598	3.96740600	-4.76088700
5.80214598	3.96740600	-4.76088700
5.80714598	3.96740600	-4.76088700
5.81214598	3.96740600	-4.78530200
5.81714598	3.96740600	-4.87685800
5.82214598	3.96740600	-4.45570200
5.82714598	3.96740600	-3.61949500
5.83214598	3.96740600	-2.70394000
5.83714598	3.96740600	-1.77617700
5.84214598	3.96740600	-1.80059200
5.84714598	3.96740600	-2.81991000
5.85214598	3.96740600	-3.31431000
5.85714598	3.96740600	-3.31431000
5.86214598	3.96740600	-2.84432500
5.86714598	3.96740600	-1.91656200
5.87214598	3.96740600	-1.44657700
5.87714598	3.96740600	-1.44657700
5.88214598	3.96740600	-1.94097700
5.88714598	3.96740600	-2.96029500
5.89214598	3.96740600	-2.96029500
5.89714598	3.96740600	-1.94097700
5.90214598	3.96740600	-1.47099200
5.90714598	3.96740600	-1.56254800
5.91214598	3.96740600	-1.56254800
5.91714598	3.96740600	-1.47099200
5.92214598	3.96740600	-1.94097700
5.92714598	3.96740600	-2.96029500
5.93214598	3.96740600	-2.96029500
5.93714598	3.96740600	-1.94097700
5.94214598	3.96740600	-1.44657700
5.94714598	3.96740600	-1.44657700
5.95214598	3.96740600	-1.91656200
5.95714598	3.96740600	-2.84432500
5.96214598	3.96740600	-3.31431000
5.96714598	3.96740600	-3.31431000
5.97214598	3.96740600	-2.81991000
5.97714598	3.96740600	-1.80059200
5.98214598	3.96740600	-1.80059200
5.98714598	3.96740600	-2.81991000
5.99214598	3.96740600	-3.28989500
5.99714598	3.96740600	-3.19834000
6.00214598	3.96740600	-3.17392500
6.00714598	3.96740600	-3.17392500
6.01214598	3.96740600	-3.17392500
6.01714598	3.96740600	-3.17392500
6.02214598	3.96740600	-3.17392500
6.02714598	3.96740600	-3.17392500
6.03214598	3.96740600	-3.14951000
6.03714598	3.96740600	-3.05795500
6.04214598	3.96740600	-3.50352500
6.04714598	3.96740600	-4.43128700
6.05214598	3.96740600	-4.87685800
6.05714598	3.96740600	-4.78530200
6.06214598	3.96740600	-4.73647300
6.06714598	3.96740600	-4.64491700
6.07214598	3.96740600	-5.11490200
6.07714598	3.96740600	-6.13422100
6.08214598	3.96740600	-6.10980600
6.08714598	3.96740600	-4.99893200
6.09214598	3.96740600	-4.97451700
6.09714598	3.96740600	-5.99383500
6.10214598	3.96740600	-6.46382000
6.10714598	3.96740600	-6.37226500
6.11214598	3.96740600	-6.34785000
6.11714598	3.96740600	-6.34785000
6.12214598	3.96740600	-6.34785000
6.12714598	3.96740600	-6.34785000
6.13214598	3.96740600	-6.34785000
6.13714598	3.96740600	-6.34785000
6.14214598	4.02844300	-6.34785000
6.14714598	4.25733200	-6.34785000
6.15214598	3.14340600	-6.37226500
6.15714598	0.82399970	-6.46382000
6.16214598	-0.35096280	-5.99383500
6.16714598	-0.35096280	-4.97451700
6.17214598	0.82399970	-4.99893200
6.17714598	3.14340600	-6.10980600
6.18214598	4.31836900	-6.13422100
6.18714598	4.31836900	-5.11490200
6.19214598	3.08236900	-4.64491700
6.19714598	0.53407390	-4.73647300
6.20214598	0.59511090	-4.76088700
6.20714598	3.37229500	-4.76088700
6.21214598	3.43333200	-4.78530200
6.21714598	0.88503670	-4.87685800
6.22214598	-0.35096280	-4.40687300
6.22714598	-0.35096280	-3.38755500
6.23214598	0.82399970	-3.41196900
6.23714598	3.14340600	-4.52284300
6.24214598	4.25733200	-4.54725700
6.24714598	4.02844300	-3.52794000
6.25214598	3.96740600	-3.05795500
6.25714598	3.96740600	-3.14951000
6.26214598	4.02844300	-3.14951000
6.26714598	4.25733200	-3.05795500
6.27214598	3.08236900	-3.52794000
6.27714598	0.53407390	-4.54725700
6.28214598	0.53407390	-4.54725700
6.28714598	3.08236900	-3.52794000
6.29214598	4.31836900	-3.05795500
6.29714598	4.31836900	-3.14951000
6.30214598	3.14340600	-3.14951000
6.30714598	0.82399970	-3.05795500
6.31214598	-0.35096280	-3.50352500
6.31714598	-0.35096280	-4.43128700
6.32214598	0.88503670	-4.87685800
6.32714598	3.43333200	-4.78530200
6.33214598	3.43333200	-4.76088700
6.33714598	0.88503670	-4.76088700
6.34214598	-0.35096280	-4.76088700
6.34714598	-0.35096280	-4.76088700
6.35214598	0.82399970	-4.76088700
6.35714598	3.14340600	-4.76088700
6.36214598	4.31836900	-4.76088700
6.36714598	4.31836900	-4.76088700
6.37214598	3.14340600	-4.76088700
6.37714598	0.82399970	-4.76088700
6.38214598	-0.28992580	-4.78530200
6.38714598	-0.06103702	-4.87685800
6.39214598	0.00000000	-4.43128700
6.39714598	0.00000000	-3.50352500
6.40214598	0.00000000	-3.05795500
6.40714598	0.00000000	-3.14951000
6.41214598	0.00000000	-3.17392500
6.41714598	0.00000000	-3.17392500
6.42214598	0.00000000	-3.17392500
6.42714598	0.00000000	-3.17392500
6.43214598	0.00000000	-3.17392500
6.43714598	0.00000000	-3.17392500
6.44214598	0.00000000	-3.14951000
6.44714598	0.00000000	-3.05795500
6.45214598	0.00000000	-3.52794000
6.45714598	0.00000000	-4.54725700
6.46214598	0.00000000	-4.54725700
6.46714598	0.00000000	-3.52794000
6.47214598	0.00000000	-3.05795500
6.47714598	0.00000000	-3.14951000
6.48214598	0.00000000	-3.17392500
6.48714598	0.00000000	-3.17392500
6.49214598	0.00000000	-3.17392500
6.49714598	0.00000000	-3.17392500
6.50214598	0.00000000	-3.17392500
6.50714598	0.00000000	-3.17392500
6.51214598	0.00000000	-3.14951000
6.51714598	0.00000000	-3.05795500
6.52214598	0.00000000	-3.52794000
6.52714598	0.00000000	-4.54725700
6.53214598	0.00000000	-4.57167300
6.53714598	0.00000000	-3.64391000
6.54214598	0.00000000	-2.72835500
6.54714598	0.00000000	-1.89214800
6.55214598	0.00000000	-1.47099200
6.55714598	0.00000000	-1.56254800
6.56214598	0.00000000	-1.56254800
6.56714598	0.00000000	-1.47099200
6.57214597	0.00000000	-1.89214800
6.57714597	0.00000000	-2.72835500
6.58214597	0.00000000	-3.61949500
6.58714597	0.00000000	-4.45570200
6.59214597	0.00000000	-4.87685800
6.59714597	0.00000000	-4.78530200
6.60214597	0.00000000	-4.76088700
6.60714597	0.00000000	-4.76088700
6.61214597	0.00000000	-4.76088700
6.61714597	0.00000000	-4.76088700
6.62214597	0.00000000	-4.78530200
6.62714597	0.00000000	-4.87685800
6.63214597	0.00000000	-4.40687300
6.63714597	0.00000000	-3.38755500
6.64214597	0.00000000	-3.41196900
6.64714597	0.00000000	-4.52284300
6.65214597	0.00000000	-4.54725700
6.65714597	0.00000000	-3.52794000
6.66214597	0.00000000	-3.05795500
6.66714597	0.00000000	-3.14951000
6.67214597	0.00000000	-3.17392500
6.67714597	0.00000000	-3.17392500
6.68214597	0.00000000	-3.17392500
6.68714597	0.00000000	-3.17392500
6.69214597	0.00000000	-3.14951000
6.69714597	0.00000000	-3.05795500
6.70214597	0.00000000	-3.50352500
6.70714597	0.00000000	-4.43128700
6.71214597	0.00000000	-4.90127200
6.71714597	0.00000000	-4.90127200
6.72214597	0.00000000	-4.40687300
6.72714597	0.00000000	-3.38755500
6.73214597	0.00000000	-3.38755500
6.73714597	0.00000000	-4.40687300
6.74214597	0.00000000	-4.90127200
6.74714597	0.00000000	-4.90127200
6.75214597	0.00000000	-4.40687300
6.75714597	0.00000000	-3.38755500
6.76214597	0.00000000	-3.41196900
6.76714597	0.00000000	-4.52284300
6.77214597	0.00000000	-4.54725700
6.77714597	0.00000000	-3.52794000
6.78214597	0.00000000	-3.05795500
6.78714597	0.00000000	-3.14951000
6.79214597	0.00000000	-3.17392500
6.79714597	0.00000000	-3.17392500
6.80214597	0.00000000	-3.14951000
6.80714597	0.00000000	-3.05795500
6.81214597	0.00000000	-3.55235400
6.81714597	0.00000000	-4.66322800
6.82214597	0.00000000	-4.19324400
6.82714597	0.00000000	-2.15460700
6.83214597	0.00000000	-1.68462200
6.83714597	0.00000000	-2.79549500
6.84214597	0.00000000	-3.28989500
6.84714597	0.00000000	-3.19834000
6.85214597	0.00000000	-3.19834000
6.85714597	0.00000000	-3.28989500
6.86214597	0.00000000	-2.84432500
6.86714597	0.00000000	-1.91656200
6.87214597	0.00000000	-1.47099200
6.87714597	0.00000000	-1.56254800
6.88214597	0.00000000	-1.58696200
6.88714597	0.00000000	-1.58696200
6.89214597	0.00000000	-1.61137700
6.89714597	0.00000000	-1.70293300
6.90214597	0.00000000	-1.23294800
6.90714597	0.00000000	-0.21362960
6.91214597	0.00000000	-0.18921480
6.91714597	0.00000000	-1.11697700
6.92214597	0.00000000	-2.05694700
6.92714597	0.00000000	-2.98471000
6.93214597	0.00000000	-2.93588100
6.93714597	0.00000000	-1.82500700
6.94214597	0.00000000	-1.80059200
6.94714597	0.00000000	-2.81991000
6.95214597	0.00000000	-3.26548100
6.95714597	0.00000000	-3.08237000
6.96214597	0.00000000	-3.50352500
6.96714597	0.00000000	-4.43128700
6.97214597	0.00000000	-4.87685800
6.97714597	0.00000000	-4.78530200
6.98214597	0.00000000	-4.76088700
6.98714597	0.00000000	-4.76088700
6.99214597	0.00000000	-4.76088700
6.99714597	0.00000000	-4.76088700
7.00214597	0.00000000	-4.78530200
7.00714597	0.00000000	-4.87685800
7.01214597	0.00000000	-4.40687300
7.01714597	0.00000000	-3.38755500
7.02214597	0.00000000	-3.41196900
7.02714597	0.00000000	-4.52284300
7.03214597	0.00000000	-4.54725700
7.03714597	0.00000000	-3.52794000
7.04214597	0.00000000	-3.05795500
7.04714597	0.00000000	-3.14951000
7.05214597	0.00000000	-3.17392500
7.05714597	0.00000000	-3.17392500
7.06214597	0.00000000	-3.17392500
7.06714597	0.00000000	-3.17392500
7.07214597	0.00000000	-3.19834000
7.07714597	0.00000000	-3.28989500
7.08214597	0.00000000	-2.86874000
7.08714597	0.00000000	-2.03253300
7.09214597	0.00000000	-1.14139200
7.09714597	0.00000000	-0.30518510
7.10214597	0.00000000	0.11597030
7.10714597	0.00000000	0.02441481
7.11214597	0.00000000	-0.02441481
7.11714597	0.00000000	-0.11597030
7.12214597	0.00000000	0.28077030
7.12714597	0.00000000	1.02542200
7.13214597	0.00000000	2.31940700
7.13714597	0.00000000	3.88805800
7.14214597	0.00000000	5.58488800
7.14714597	0.00000000	6.97042800
7.15214597	0.00000000	9.06399600
7.15714597	0.00000000	11.28574000
7.16214597	0.00000000	14.27656000
7.16714597	0.00000000	17.32231000
7.17214597	0.00000000	20.71596000
7.17714597	0.00000000	23.57860000
7.18214597	0.00000000	27.36900000
7.18714597	0.00000000	31.07395000
7.19214597	0.00000000	35.73717000
7.19714597	0.00000000	40.16846000
7.20214597	0.00000000	45.72894000
7.20714597	0.00000000	51.08798000
7.21214597	0.00000000	56.59963000
7.21714597	0.00000000	60.85390000
7.22214597	0.00000000	66.36555000
7.22714597	0.00000000	71.72459000
7.23214597	0.00000000	77.26066000
7.23714597	0.00000000	81.60040000
7.24214597	0.00000000	86.69087000
7.24714597	0.00000000	91.21983000
7.25214597	0.00000000	95.93188000
7.25714597	0.00000000	99.72228000
7.26214597	0.00000000	103.11590000
7.26714597	0.00000000	105.24000000
7.27214597	0.00000000	107.30920000
7.27714597	0.00000000	108.69470000
7.28214597	0.00000000	110.39150000
7.28714597	0.00000000	111.96020000
7.29214597	0.00000000	113.26030000
7.29714597	0.00000000	113.99880000
7.30214597	0.00000000	114.42610000
7.30714597	0.00000000	114.42610000
7.31214597	0.00000000	113.98050000
7.31714597	0.00000000	113.14430000
7.32214597	0.00000000	112.31420000
7.32714597	0.00000000	111.76490000
7.33214597	0.00000000	110.04360000
7.33714597	0.00000000	107.54720000
7.34214597	0.00000000	105.42920000
7.34714597	0.00000000	104.22680000
7.35214597	0.00000000	101.68770000
7.35714597	0.00000000	98.44661000
7.36214597	0.00000000	95.43748000
7.36714597	0.00000000	93.30729000
7.37214597	0.00000000	90.79256000
7.37714597	0.00000000	88.57082000
7.38214597	0.00000000	86.00726000
7.38714597	0.00000000	83.68785000
7.39214597	0.00000000	81.61870000
7.39714597	0.00000000	80.41628000
7.40214597	0.00000000	77.82830000
7.40714597	0.00000000	74.40412000
7.41214597	0.00000000	72.28614000
7.41714597	0.00000000	72.01147000
7.42214597	0.00000000	70.36347000
7.42714597	0.00000000	67.86706000
7.43214597	0.00000000	65.70024000
7.43714597	0.00000000	64.31470000
7.44214597	0.00000000	62.66670000
7.44714597	0.00000000	61.28117000
7.45214597	0.00000000	59.13877000
7.45714597	0.00000000	56.72781000
7.46214597	0.00000000	54.58540000
7.46714597	0.00000000	53.19987000
7.47214597	0.00000000	51.50304000
7.47714597	0.00000000	49.93438000
7.48214597	0.00000000	48.68312000
7.48714597	0.00000000	48.13379000
7.49214597	0.00000000	46.88253000
7.49714597	0.00000000	45.31388000
7.50214597	0.00000000	43.56823000
7.50714597	0.00000000	41.99957000
7.51214597	0.00000000	40.74831000
7.51714597	0.00000000	40.19898000
7.52214597	0.00000000	38.92331000
7.52714597	0.00000000	37.26310000
7.53214597	0.00000000	35.96301000
7.53714597	0.00000000	35.32212000
7.54214597	0.00000000	34.51643000
7.54714597	0.00000000	33.87555000
7.55214597	0.00000000	32.57545000
7.55714597	0.00000000	30.91525000
7.56214597	0.00000000	29.61516000
7.56714597	0.00000000	28.97427000
7.57214597	0.00000000	28.14417000
7.57714597	0.00000000	27.40562000
7.58214597	0.00000000	26.55110000
7.58714597	0.00000000	25.81256000
7.59214597	0.00000000	24.97024000
7.59714597	0.00000000	24.22559000
7.60214597	0.00000000	23.35887000
7.60714597	0.00000000	22.52266000
7.61214597	0.00000000	22.12592000
7.61714597	0.00000000	22.30903000
7.62214597	0.00000000	21.91229000
7.62714597	0.00000000	21.07608000
7.63214597	0.00000000	20.18494000
7.63714597	0.00000000	19.34873000
7.64214597	0.00000000	18.95199000
7.64714597	0.00000000	19.13511000
7.65214597	0.00000000	18.71395000
7.65714597	0.00000000	17.78619000
7.66214597	0.00000000	17.34062000
7.66714597	0.00000000	17.43217000
7.67214597	0.00000000	17.48100000
7.67714597	0.00000000	17.57256000
7.68214597	0.00000000	17.12699000
7.68714597	0.00000000	16.19922000
7.69214597	0.00000000	15.80248000
7.69714597	0.00000000	16.07715000
7.70214597	0.00000000	15.18601000
7.70714597	0.00000000	13.23893000
7.71214597	0.00000000	12.81777000
7.71714597	0.00000000	14.02020000
7.72214597	0.00000000	14.06903000
7.72714597	0.00000000	13.04971000
7.73214597	0.00000000	12.57973000
7.73714597	0.00000000	12.67128000
7.74214597	0.00000000	12.72011000
7.74714597	0.00000000	12.81167000
7.75214597	0.00000000	12.36610000
7.75714597	0.00000000	11.43834000
7.76214597	0.00000000	10.96835000
7.76714597	0.00000000	10.96835000
7.77214597	0.00000000	11.46275000
7.77714597	0.00000000	12.48207000
7.78214597	0.00000000	12.48207000
7.78714597	0.00000000	11.46275000
7.79214597	0.00000000	10.99277000
7.79714597	0.00000000	11.08432000
7.80214597	0.00000000	11.10874000
7.80714597	0.00000000	11.10874000
7.81214597	0.00000000	11.13315000
7.81714597	0.00000000	11.22471000
7.82214597	0.00000000	10.77914000
7.82714597	0.00000000	9.85137500
7.83214597	0.00000000	9.43021900
7.83714597	0.00000000	9.61333000
7.84214597	0.00000000	9.16776000
7.84714597	0.00000000	8.14844100
7.85214597	0.00000000	8.14844100
7.85714597	0.00000000	9.16776000
7.86214597	0.00000000	9.63774600
7.86714597	0.00000000	9.54619000
7.87214597	0.00000000	9.52177400
7.87714597	0.00000000	9.52177400
7.88214597	0.00000000	9.52177400
7.88714597	0.00000000	9.52177400
7.89214597	0.00000000	9.52177400
7.89714597	0.00000000	9.52177400
7.90214597	0.00000000	9.52177400
7.90714597	0.00000000	9.52177400
7.91214597	0.00000000	9.54619000
7.91714597	0.00000000	9.63774600
7.92214597	0.00000000	9.16776000
7.92714597	0.00000000	8.14844100
7.93214597	0.00000000	8.17285700
7.93714597	0.00000000	9.28373100
7.94214597	0.00000000	9.30814500
7.94714597	0.00000000	8.28882700
7.95214597	0.00000000	7.81884200
7.95714597	0.00000000	7.91039800
7.96214597	0.00000000	7.93481200
7.96714597	0.00000000	7.93481200
7.97214597	0.00000000	7.93481200
7.97714597	0.00000000	7.93481200
7.98214597	0.00000000	7.93481200
7.98714597	0.00000000	7.93481200
7.99214597	0.00000000	7.93481200
7.99714597	0.00000000	7.93481200
8.00214597	0.00000000	7.93481200
8.00714597	0.00000000	7.93481200
8.01214597	0.00000000	7.95922800
8.01714597	0.00000000	8.05078300
8.02214597	0.00000000	7.58079800
8.02714597	0.00000000	6.56148000
8.03214597	0.00000000	6.58589400
8.03714597	0.00000000	7.69676800
8.04214597	0.00000000	7.72118300
8.04714597	0.00000000	6.70186400
8.05214597	0.00000000	6.23187900
8.05714597	0.00000000	6.32343500
8.06214597	0.00000000	6.34785000
8.06714597	0.00000000	6.34785000
8.07214597	0.00000000	6.37226500
8.07714597	0.00000000	6.46382000
8.08214597	0.00000000	6.01825000
8.08714597	0.00000000	5.09048700
8.09214597	0.00000000	4.62050200
8.09714597	0.00000000	4.62050200
8.10214597	0.00000000	5.11490200
8.10714597	0.00000000	6.13422100
8.11214597	0.00000000	6.13422100
8.11714597	0.00000000	5.11490200
8.12214597	0.00000000	4.64491700
8.12714597	0.00000000	4.73647300
8.13214597	0.00000000	4.76088700
8.13714597	0.00000000	4.76088700
8.14214597	0.00000000	4.78530200
8.14714597	0.00000000	4.87685800
8.15214597	0.00000000	4.40687300
8.15714597	0.00000000	3.38755500
8.16214597	0.00000000	3.41196900
8.16714597	0.00000000	4.52284300
8.17214597	0.00000000	4.54725700
8.17714597	0.00000000	3.52794000
8.18214597	0.00000000	3.03354000
8.18714597	0.00000000	3.03354000
8.19214597	0.00000000	3.50352500
8.19714597	0.00000000	4.43128700
8.20214597	0.00000000	4.87685800
8.20714597	0.00000000	4.78530200
8.21214597	0.00000000	4.76088700
8.21714596	0.00000000	4.76088700
8.22214596	0.00000000	4.76088700
8.22714596	0.00000000	4.76088700
8.23214596	0.00000000	4.76088700
8.23714596	0.00000000	4.76088700
8.24214596	0.00000000	4.76088700
8.24714596	0.00000000	4.76088700
8.25214596	0.00000000	4.78530200
8.25714596	0.00000000	4.87685800
8.26214596	0.00000000	4.43128700
8.26714596	0.00000000	3.50352500
8.27214596	0.00000000	3.03354000
8.27714596	0.00000000	3.03354000
8.28214596	0.00000000	3.50352500
8.28714596	0.00000000	4.43128700
8.29214596	0.00000000	4.90127200
8.29714596	0.00000000	4.90127200
8.30214596	0.00000000	4.40687300
8.30714596	0.00000000	3.38755500
8.31214596	0.00000000	3.43638400
8.31714596	0.00000000	4.63881300
8.32214596	0.00000000	4.21765800
8.32714596	0.00000000	2.27057700
8.33214596	0.00000000	1.35502200
8.33714596	0.00000000	1.53813300
8.34214596	0.00000000	1.56254800
8.34714596	0.00000000	1.47099200
8.35214596	0.00000000	1.91656200
8.35714596	0.00000000	2.84432500
8.36214596	0.00000000	3.28989500
8.36714596	0.00000000	3.19834000
8.37214596	0.00000000	3.17392500
8.37714596	0.00000000	3.17392500
8.38214596	0.00000000	3.19834000
8.38714596	0.00000000	3.28989500
8.39214596	0.00000000	2.81991000
8.39714596	0.00000000	1.80059200
8.40214596	0.00000000	1.82500700
8.40714596	0.00000000	2.93588100
8.41214596	0.00000000	2.93588100
8.41714596	0.00000000	1.82500700
8.42214596	0.00000000	1.82500700
8.42714596	0.00000000	2.93588100
8.43214596	0.00000000	2.96029500
8.43714596	0.00000000	1.94097700
8.44214596	0.00000000	1.44657700
8.44714596	0.00000000	1.44657700
8.45214596	0.00000000	1.94097700
8.45714596	0.00000000	2.96029500
8.46214596	0.00000000	2.96029500
8.46714596	0.00000000	1.94097700
8.47214596	0.00000000	1.44657700
8.47714596	0.00000000	1.44657700
8.48214596	0.00000000	1.91656200
8.48714596	0.00000000	2.84432500
8.49214596	0.00000000	3.26548100
8.49714596	0.00000000	3.08237000
8.50214596	0.00000000	3.52794000
8.50714596	0.00000000	4.54725700
8.51214596	0.00000000	4.57167300
8.51714596	0.00000000	3.64391000
8.52214596	0.00000000	2.70394000
8.52714596	0.00000000	1.77617700
8.53214596	0.00000000	1.77617700
8.53714596	0.00000000	2.70394000
8.54214596	0.00000000	3.61949500
8.54714596	0.00000000	4.45570200
8.55214596	0.00000000	4.90127200
8.55714596	0.00000000	4.90127200
8.56214596	0.06103702	4.43128700
8.56714596	0.28992580	3.50352500
8.57214596	-0.88503670	3.05795500
8.57714596	-3.43333200	3.14951000
8.58214596	-3.43333200	3.19834000
8.58714596	-0.88503670	3.28989500
8.59214596	0.28992580	2.81991000
8.59714596	0.06103702	1.80059200
8.60214596	0.00000000	1.80059200
8.60714596	0.00000000	2.81991000
8.61214596	0.00000000	3.28989500
8.61714596	0.00000000	3.19834000
8.62214596	0.00000000	3.22275400
8.62714596	0.00000000	3.40586500
8.63214596	0.00000000	2.49031000
8.63714596	0.00000000	0.54322950
8.64214596	0.00000000	0.09765923
8.64714596	0.00000000	1.20853300
8.65214596	0.00000000	1.70293300
8.65714596	0.00000000	1.61137700
8.66214596	0.06103702	1.56254800
8.66714596	0.28992580	1.47099200
8.67214596	-0.82399970	1.94097700
8.67714596	-3.14340600	2.96029500
8.68214596	-4.31836900	2.96029500
8.68714596	-4.31836900	1.94097700
8.69214596	-3.08236900	1.49540700
8.69714596	-0.53407390	1.67851800
8.70214596	-0.59511090	1.25736300
8.70714596	-3.37229500	0.32959990
8.71214596	-3.37229500	-0.11597030
8.71714596	-0.59511090	-0.02441481
8.72214596	-0.53407390	0.00000000
8.72714596	-3.08236900	0.00000000
8.73214596	-4.31836900	0.00000000
8.73714596	-4.31836900	0.00000000
8.74214596	-3.08236900	0.00000000
8.74714596	-0.53407390	0.00000000
8.75214596	-0.59511090	0.00000000
8.75714596	-3.37229500	0.00000000
8.76214596	-3.43333200	0.00000000
8.76714596	-0.88503670	0.00000000
8.77214596	0.28992580	0.00000000
8.77714596	0.06103702	0.00000000
8.78214596	0.00000000	0.02441481
8.78714596	0.00000000	0.11597030
8.79214596	0.06103702	-0.37842950
8.79714596	0.28992580	-1.48930300
8.80214596	-0.88503670	-0.99490340
8.80714596	-3.43333200	1.13528900
8.81214596	-3.43333200	1.13528900
8.81714596	-0.88503670	-0.99490340
8.82214596	0.28992580	-1.48930300
8.82714596	0.06103702	-0.37842950
8.83214596	0.00000000	0.11597030
8.83714596	0.00000000	0.02441481
8.84214596	0.06103702	0.00000000
8.84714596	0.28992580	0.00000000
8.85214596	-0.88503670	0.00000000
8.85714596	-3.43333200	0.00000000
8.86214596	-3.37229500	-0.02441481
8.86714596	-0.59511090	-0.11597030
8.87214596	-0.59511090	0.32959990
8.87714596	-3.37229500	1.25736300
8.88214596	-3.43333200	1.70293300
8.88714596	-0.88503670	1.61137700
8.89214596	0.35096280	1.61137700
8.89714596	0.35096280	1.70293300
8.90214596	-0.88503670	1.23294800
8.90714596	-3.43333200	0.21362960
8.91214596	-3.37229500	0.21362960
8.91714596	-0.59511090	1.23294800
8.92214596	-0.53407390	1.70293300
8.92714596	-3.08236900	1.61137700
8.93214596	-4.31836900	1.58696200
8.93714596	-4.31836900	1.58696200
8.94214596	-3.14340600	1.58696200
8.94714596	-0.82399970	1.58696200
8.95214596	0.28992580	1.61137700
8.95714596	0.06103702	1.70293300
8.96214596	0.06103702	1.25736300
8.96714596	0.28992580	0.32959990
8.97214596	-0.88503670	-0.11597030
8.97714596	-3.43333200	-0.02441481
8.98214596	-3.43333200	0.00000000
8.98714596	-0.88503670	0.00000000
8.99214596	0.28992580	0.00000000
8.99714596	0.06103702	0.00000000
9.00214596	0.00000000	0.00000000
9.00714596	0.00000000	0.00000000
9.01214596	0.06103702	-0.02441481
9.01714596	0.28992580	-0.11597030
9.02214596	-0.88503670	0.35401470
9.02714596	-3.43333200	1.37333300
