Time	Channel A	Channel B
(us)	(mV)	(mV)

-1.00591198	-3.96740600	-1.58696200
-1.00091198	-3.96740600	-1.58696200
-0.99591198	-3.96740600	-1.58696200
-0.99091198	-3.96740600	-1.58696200
-0.98591198	-3.96740600	-1.58696200
-0.98091198	-3.96740600	-1.58696200
-0.97591198	-3.96740600	-1.56254800
-0.97091198	-3.96740600	-1.47099200
-0.96591198	-3.96740600	-1.89214800
-0.96091198	-3.96740600	-2.72835500
-0.95591198	-3.96740600	-3.69274000
-0.95091198	-3.96740600	-4.80361400
-0.94591198	-3.96740600	-3.86364300
-0.94091198	-3.96740600	-0.89724420
-0.93591198	-3.96740600	0.06714072
-0.93091198	-3.96740600	-0.95217750
-0.92591198	-3.96740600	-2.38654800
-0.92091198	-3.96740600	-4.24207300
-0.91591198	-3.96740600	-4.68764300
-0.91091198	-3.96740600	-3.66832500
-0.90591198	-3.96740600	-2.70394000
-0.90091198	-3.96740600	-1.77617700
-0.89591198	-3.96740600	-1.77617700
-0.89091198	-3.96740600	-2.70394000
-0.88591198	-3.96740600	-3.61949500
-0.88091198	-3.96740600	-4.45570200
-0.87591198	-3.96740600	-4.90127200
-0.87091198	-3.96740600	-4.90127200
-0.86591198	-3.96740600	-4.45570200
-0.86091198	-3.96740600	-3.61949500
-0.85591198	-3.96740600	-2.70394000
-0.85091198	-3.96740600	-1.77617700
-0.84591198	-3.96740600	-1.80059200
-0.84091198	-3.96740600	-2.81991000
-0.83591198	-3.96740600	-3.31431000
-0.83091198	-3.96740600	-3.31431000
-0.82591198	-3.96740600	-2.84432500
-0.82091198	-3.96740600	-1.91656200
-0.81591198	-3.96740600	-1.44657700
-0.81091198	-3.96740600	-1.44657700
-0.80591198	-3.96740600	-1.91656200
-0.80091198	-3.96740600	-2.84432500
-0.79591198	-3.96740600	-3.28989500
-0.79091198	-3.96740600	-3.19834000
-0.78591198	-3.96740600	-3.17392500
-0.78091198	-3.96740600	-3.17392500
-0.77591198	-3.96740600	-3.17392500
-0.77091198	-3.96740600	-3.17392500
-0.76591198	-3.96740600	-3.17392500
-0.76091198	-3.96740600	-3.17392500
-0.75591198	-3.96740600	-3.17392500
-0.75091198	-3.96740600	-3.17392500
-0.74591198	-3.96740600	-3.14951000
-0.74091198	-3.96740600	-3.05795500
-0.73591198	-3.96740600	-3.50352500
-0.73091198	-3.96740600	-4.43128700
-0.72591198	-3.96740600	-4.87685800
-0.72091198	-3.96740600	-4.78530200
-0.71591198	-3.96740600	-4.76088700
-0.71091198	-3.96740600	-4.76088700
-0.70591198	-3.96740600	-4.76088700
-0.70091198	-3.96740600	-4.76088700
-0.69591198	-3.96740600	-4.76088700
-0.69091198	-3.96740600	-4.76088700
-0.68591198	-3.96740600	-4.78530200
-0.68091198	-3.96740600	-4.87685800
-0.67591198	-3.96740600	-4.40687300
-0.67091198	-3.96740600	-3.38755500
-0.66591198	-3.96740600	-3.38755500
-0.66091198	-3.96740600	-4.40687300
-0.65591198	-3.96740600	-4.90127200
-0.65091198	-3.96740600	-4.90127200
-0.64591198	-3.96740600	-4.43128700
-0.64091198	-3.96740600	-3.50352500
-0.63591198	-3.96740600	-3.05795500
-0.63091198	-3.96740600	-3.14951000
-0.62591198	-3.96740600	-3.17392500
-0.62091198	-3.96740600	-3.17392500
-0.61591198	-3.96740600	-3.17392500
-0.61091198	-3.96740600	-3.17392500
-0.60591198	-3.96740600	-3.17392500
-0.60091198	-3.96740600	-3.17392500
-0.59591198	-3.96740600	-3.17392500
-0.59091198	-3.96740600	-3.17392500
-0.58591198	-3.96740600	-3.17392500
-0.58091198	-3.96740600	-3.17392500
-0.57591198	-3.96740600	-3.19834000
-0.57091198	-3.96740600	-3.28989500
-0.56591198	-3.96740600	-2.81991000
-0.56091198	-3.96740600	-1.80059200
-0.55591198	-3.96740600	-1.80059200
-0.55091198	-3.96740600	-2.81991000
-0.54591198	-3.96740600	-3.31431000
-0.54091198	-3.96740600	-3.31431000
-0.53591198	-3.96740600	-2.84432500
-0.53091198	-3.96740600	-1.91656200
-0.52591198	-3.96740600	-1.47099200
-0.52091198	-3.96740600	-1.56254800
-0.51591198	-3.96740600	-1.58696200
-0.51091198	-3.96740600	-1.58696200
-0.50591198	-3.96740600	-1.56254800
-0.50091198	-3.96740600	-1.47099200
-0.49591198	-3.96740600	-1.91656200
-0.49091198	-3.96740600	-2.84432500
-0.48591198	-3.96740600	-3.31431000
-0.48091198	-3.96740600	-3.31431000
-0.47591198	-3.96740600	-2.79549500
-0.47091198	-3.96740600	-1.68462200
-0.46591198	-3.96740600	-2.15460700
-0.46091198	-3.96740600	-4.19324400
-0.45591198	-3.96740600	-4.66322800
-0.45091198	-3.96740600	-3.55235400
-0.44591198	-3.96740600	-3.05795500
-0.44091198	-3.96740600	-3.14951000
-0.43591198	-3.96740600	-3.17392500
-0.43091198	-3.96740600	-3.17392500
-0.42591198	-3.96740600	-3.14951000
-0.42091198	-3.96740600	-3.05795500
-0.41591198	-3.96740600	-3.52794000
-0.41091198	-3.96740600	-4.54725700
-0.40591198	-3.96740600	-4.52284300
-0.40091198	-3.96740600	-3.41196900
-0.39591198	-3.96740600	-3.41196900
-0.39091198	-3.96740600	-4.52284300
-0.38591198	-3.96740600	-4.57167300
-0.38091198	-3.96740600	-3.64391000
-0.37591198	-3.96740600	-2.70394000
-0.37091198	-3.96740600	-1.77617700
-0.36591198	-3.96740600	-1.80059200
-0.36091198	-3.96740600	-2.81991000
-0.35591198	-3.96740600	-3.28989500
-0.35091198	-3.96740600	-3.19834000
-0.34591198	-3.96740600	-3.17392500
-0.34091198	-3.96740600	-3.17392500
-0.33591198	-3.96740600	-3.17392500
-0.33091198	-3.96740600	-3.17392500
-0.32591198	-3.96740600	-3.14951000
-0.32091198	-3.96740600	-3.05795500
-0.31591198	-3.96740600	-3.52794000
-0.31091198	-3.96740600	-4.54725700
-0.30591198	-3.96740600	-4.54725700
-0.30091198	-3.96740600	-3.52794000
-0.29591198	-3.96740600	-3.05795500
-0.29091198	-3.96740600	-3.14951000
-0.28591198	-3.96740600	-3.17392500
-0.28091198	-3.96740600	-3.17392500
-0.27591198	-3.96740600	-3.19834000
-0.27091198	-3.96740600	-3.28989500
-0.26591198	-3.96740600	-2.81991000
-0.26091198	-3.96740600	-1.80059200
-0.25591198	-3.96740600	-1.80059200
-0.25091198	-3.96740600	-2.81991000
-0.24591198	-3.96740600	-3.28989500
-0.24091199	-3.96740600	-3.19834000
-0.23591199	-3.96740600	-3.17392500
-0.23091199	-3.96740600	-3.17392500
-0.22591199	-3.96740600	-3.19834000
-0.22091199	-3.96740600	-3.28989500
-0.21591199	-3.96740600	-2.84432500
-0.21091199	-3.96740600	-1.91656200
-0.20591199	-3.96740600	-1.44657700
-0.20091199	-3.96740600	-1.44657700
-0.19591199	-3.96740600	-1.94097700
-0.19091199	-3.96740600	-2.96029500
-0.18591199	-3.96740600	-2.93588100
-0.18091199	-3.96740600	-1.82500700
-0.17591199	-3.96740600	-1.82500700
-0.17091199	-3.96740600	-2.93588100
-0.16591199	-3.96740600	-2.93588100
-0.16091199	-3.96740600	-1.82500700
-0.15591199	-3.96740600	-1.80059200
-0.15091199	-3.96740600	-2.81991000
-0.14591199	-4.02844300	-3.26548100
-0.14091199	-4.25733200	-3.08237000
-0.13591199	-3.14340600	-3.50352500
-0.13091199	-0.82399970	-4.43128700
-0.12591199	0.16785180	-4.85244300
-0.12091199	-0.51881460	-4.66933200
-0.11591199	1.58696200	-5.09048700
-0.11091199	5.99688700	-6.01825000
-0.10591199	9.23184800	-6.41499000
-0.10091199	10.60518000	-6.14032400
-0.09591199	13.67229000	-7.00705000
-0.09091199	17.36503000	-8.86257500
-0.08591199	22.78207000	-9.72930000
-0.08091199	28.79421000	-9.45463500
-0.07591199	34.15021000	-9.82696000
-0.07091199	37.61406000	-10.66317000
-0.06591199	41.79509000	-11.55431000
-0.06091199	45.48784000	-12.39052000
-0.05591199	49.66887000	-12.81167000
-0.05091199	53.13272000	-12.72011000
-0.04591199	58.48872000	-12.72011000
-0.04091199	64.50086000	-12.81167000
-0.03591199	69.79583000	-12.39052000
-0.03091199	73.04604000	-11.55431000
-0.02591199	78.34101000	-10.63875000
-0.02091199	84.35316000	-9.71098900
-0.01591199	89.70915000	-9.75981900
-0.01091199	93.17300000	-10.87069000
-0.00591199	97.35404000	-10.89511000
-0.00091199	101.04680000	-9.87579000
0.00408801	105.28880000	-9.45463500
0.00908801	108.98160000	-9.72930000
0.01408801	113.22370000	-8.83816100
0.01908801	116.91640000	-6.89107900
0.02408801	121.15850000	-6.46992400
0.02908801	124.85120000	-7.67235300
0.03408801	129.09330000	-7.69676800
0.03908801	132.78600000	-6.58589400
0.04408801	137.02810000	-6.56148000
0.04908801	140.73610000	-7.58079800
0.05408801	144.97820000	-8.05078300
0.05908801	148.67090000	-7.95922800
0.06408801	152.97400000	-7.91039800
0.06908801	156.89560000	-7.81884200
0.07408801	160.02380000	-8.28882700
0.07908801	161.39710000	-9.30814500
0.08408801	164.58630000	-9.28373100
0.08908801	168.73680000	-8.17285700
0.09408801	171.92600000	-8.14844100
0.09908801	173.29930000	-9.16776000
0.10408801	176.48850000	-9.61333000
0.10908801	180.63910000	-9.43021900
0.11408801	183.88930000	-9.87579000
0.11908801	185.49150000	-10.89511000
0.12408801	187.55150000	-10.89511000
0.12908801	189.41310000	-9.87579000
0.13408801	191.51890000	-9.40580500
0.13908801	193.38050000	-9.49735900
0.14408801	195.54730000	-9.49735900
0.14908801	197.63790000	-9.40580500
0.15408801	198.62970000	-9.87579000
0.15908801	198.17190000	-10.89511000
0.16408801	199.22480000	-10.91952000
0.16908801	201.54420000	-9.99175900
0.17408801	202.65810000	-9.10061900
0.17908801	202.42930000	-8.35596800
0.18408801	202.36820000	-7.48924200
0.18908801	202.36820000	-6.65303500
0.19408801	202.36820000	-6.23187900
0.19908801	202.36820000	-6.32343500
0.20408801	202.42930000	-6.37226500
0.20908801	202.65810000	-6.46382000
0.21408801	201.60530000	-6.01825000
0.21908801	199.51480000	-5.09048700
0.22408801	197.28690000	-4.64491700
0.22908801	195.19640000	-4.73647300
0.23408801	194.20450000	-4.78530200
0.23908801	194.66230000	-4.87685800
0.24408801	193.60940000	-4.40687300
0.24908801	191.29000000	-3.38755500
0.25408801	190.23710000	-3.38755500
0.25908801	190.69490000	-4.40687300
0.26408801	189.70300000	-4.87685800
0.26908801	187.61250000	-4.78530200
0.27408801	185.38470000	-4.73647300
0.27908801	183.29410000	-4.64491700
0.28408801	182.30230000	-5.09048700
0.28908801	182.76010000	-6.01825000
0.29408801	181.70720000	-6.46382000
0.29908801	179.38780000	-6.37226500
0.30408801	178.33490000	-6.34785000
0.30908801	178.79270000	-6.34785000
0.31408801	177.73980000	-6.34785000
0.31908801	175.42040000	-6.34785000
0.32408801	174.36750000	-6.34785000
0.32908801	174.82530000	-6.34785000
0.33408801	173.83340000	-6.32343500
0.33908801	171.74290000	-6.23187900
0.34408801	169.51500000	-6.67745000
0.34908801	167.42450000	-7.60521200
0.35408801	166.37160000	-8.05078300
0.35908801	166.60050000	-7.95922800
0.36408801	166.72260000	-7.93481200
0.36908801	166.95150000	-7.93481200
0.37408801	165.83760000	-7.93481200
0.37908801	163.51820000	-7.93481200
0.38408801	162.40430000	-7.95922800
0.38908801	162.63310000	-8.05078300
0.39408801	162.75520000	-7.60521200
0.39908801	162.98410000	-6.67745000
0.40408801	161.87020000	-6.25629500
0.40908801	159.55080000	-6.43940500
0.41408801	158.43680000	-5.99383500
0.41908801	158.66570000	-4.97451700
0.42408801	158.78780000	-4.97451700
0.42908801	159.01670000	-5.99383500
0.43408801	157.90280000	-6.48823500
0.43908801	155.58340000	-6.48823500
0.44408801	154.46940000	-5.99383500
0.44908801	154.69830000	-4.97451700
0.45408801	154.75940000	-4.99893200
0.45908801	154.75940000	-6.10980600
0.46408801	154.75940000	-6.13422100
0.46908801	154.75940000	-5.11490200
0.47408801	154.82040000	-4.64491700
0.47908801	155.04930000	-4.73647300
0.48408801	153.93530000	-4.73647300
0.48908801	151.61590000	-4.64491700
0.49408801	150.50200000	-5.09048700
0.49908801	150.73090000	-6.01825000
0.50408801	150.79190000	-6.48823500
0.50908801	150.79190000	-6.48823500
0.51408801	150.79190000	-6.01825000
0.51908801	150.79190000	-5.09048700
0.52408801	150.79190000	-4.64491700
0.52908801	150.79190000	-4.73647300
0.53408801	150.85300000	-4.76088700
0.53908801	151.08190000	-4.76088700
0.54408801	149.96790000	-4.76088700
0.54908801	147.64850000	-4.76088700
0.55408801	146.53460000	-4.76088700
0.55908801	146.76350000	-4.76088700
0.56408801	146.82450000	-4.76088700
0.56908801	146.82450000	-4.76088700
0.57408801	146.82450000	-4.76088700
0.57908801	146.82450000	-4.76088700
0.58408801	146.88560000	-4.78530200
0.58908801	147.11450000	-4.87685800
0.59408801	146.00050000	-4.40687300
0.59908801	143.68110000	-3.38755500
0.60408801	142.56720000	-3.41196900
0.60908801	142.79610000	-4.52284300
0.61408801	142.85710000	-4.54725700
0.61908801	142.85710000	-3.52794000
0.62408801	142.85710000	-3.05795500
0.62908801	142.85710000	-3.14951000
0.63408801	142.85710000	-3.17392500
0.63908801	142.85710000	-3.17392500
0.64408801	142.91820000	-3.17392500
0.64908801	143.14710000	-3.17392500
0.65408801	142.03310000	-3.17392500
0.65908801	139.69850000	-3.17392500
0.66408801	138.58450000	-3.17392500
0.66908801	138.81340000	-3.17392500
0.67408801	138.87450000	-3.17392500
0.67908801	138.87450000	-3.17392500
0.68408801	138.87450000	-3.17392500
0.68908801	138.87450000	-3.17392500
0.69408801	138.93550000	-3.17392500
0.69908801	139.16440000	-3.17392500
0.70408801	138.05050000	-3.17392500
0.70908801	135.73110000	-3.17392500
0.71408801	134.61710000	-3.17392500
0.71908801	134.84600000	-3.17392500
0.72408801	134.90710000	-3.14951000
0.72908801	134.90710000	-3.05795500
0.73408801	134.90710000	-3.50352500
0.73908801	134.90710000	-4.43128700
0.74408801	134.90710000	-4.87685800
0.74908801	134.90710000	-4.78530200
0.75408801	134.96810000	-4.76088700
0.75908801	135.19700000	-4.76088700
0.76408801	134.08310000	-4.78530200
0.76908801	131.76370000	-4.87685800
0.77408801	130.64970000	-4.43128700
0.77908801	130.87860000	-3.50352500
0.78408801	130.93970000	-3.05795500
0.78908801	130.93970000	-3.14951000
0.79408801	130.93970000	-3.17392500
0.79908801	130.93970000	-3.17392500
0.80408801	131.00070000	-3.19834000
0.80908801	131.22960000	-3.28989500
0.81408801	130.11560000	-2.84432500
0.81908801	127.79630000	-1.91656200
0.82408801	126.68230000	-1.47099200
0.82908801	126.91120000	-1.56254800
0.83408801	126.97230000	-1.58696200
0.83908801	126.97230000	-1.58696200
0.84408801	126.97230000	-1.58696200
0.84908801	126.97230000	-1.58696200
0.85408801	126.97230000	-1.58696200
0.85908801	126.97230000	-1.58696200
0.86408801	126.97230000	-1.58696200
0.86908801	126.97230000	-1.58696200
0.87408801	127.03330000	-1.58696200
0.87908801	127.26220000	-1.58696200
0.88408801	126.14820000	-1.58696200
0.88908801	123.82880000	-1.58696200
0.89408801	122.71490000	-1.58696200
0.89908801	122.94380000	-1.58696200
0.90408801	123.00480000	-1.58696200
0.90908801	123.00480000	-1.58696200
0.91408801	123.00480000	-1.58696200
0.91908801	123.00480000	-1.58696200
0.92408801	123.06590000	-1.58696200
0.92908801	123.29480000	-1.58696200
0.93408801	122.18080000	-1.58696200
0.93908801	119.86140000	-1.58696200
0.94408801	118.74750000	-1.58696200
0.94908801	118.97640000	-1.58696200
0.95408801	119.03740000	-1.58696200
0.95908801	119.03740000	-1.58696200
0.96408801	119.03740000	-1.61137700
0.96908801	119.03740000	-1.70293300
0.97408801	119.03740000	-1.23294800
0.97908801	119.03740000	-0.21362960
0.98408801	119.09850000	-0.21362960
0.98908801	119.32740000	-1.23294800
0.99408801	118.21340000	-1.70293300
0.99908801	115.89400000	-1.61137700
1.00408801	114.78010000	-1.58696200
1.00908801	115.00900000	-1.58696200
1.01408801	115.07000000	-1.56254800
1.01908801	115.07000000	-1.47099200
1.02408801	115.07000000	-1.89214800
1.02908801	115.07000000	-2.72835500
1.03408801	115.13110000	-3.61949500
1.03908801	115.36000000	-4.45570200
1.04408801	114.18500000	-4.90127200
1.04908801	111.63670000	-4.90127200
1.05408801	111.63670000	-4.43128700
1.05908801	114.18500000	-3.50352500
1.06408801	115.42100000	-3.05795500
1.06908801	115.42100000	-3.14951000
1.07408801	114.24600000	-3.17392500
1.07908801	111.92660000	-3.17392500
1.08408801	110.81270000	-3.17392500
1.08908801	111.04160000	-3.17392500
1.09408801	111.10260000	-3.17392500
1.09908801	111.10260000	-3.17392500
1.10408801	111.16370000	-3.17392500
1.10908801	111.39250000	-3.17392500
1.11408801	110.27860000	-3.19834000
1.11908801	107.95920000	-3.28989500
1.12408801	106.84530000	-2.81991000
1.12908801	107.07420000	-1.80059200
1.13408801	107.13520000	-1.80059200
1.13908801	107.13520000	-2.81991000
1.14408801	107.13520000	-3.28989500
1.14908801	107.13520000	-3.19834000
1.15408801	107.13520000	-3.17392500
1.15908801	107.13520000	-3.17392500
1.16408801	107.13520000	-3.17392500
1.16908801	107.13520000	-3.17392500
1.17408801	107.13520000	-3.17392500
1.17908801	107.13520000	-3.17392500
1.18408801	107.19630000	-3.17392500
1.18908801	107.42510000	-3.17392500
1.19408801	106.31120000	-3.19834000
1.19908801	103.99180000	-3.28989500
1.20408801	102.87790000	-2.84432500
1.20908801	103.10680000	-1.91656200
1.21408801	103.16780000	-1.47099200
1.21908801	103.16780000	-1.56254800
1.22408801	103.16780000	-1.58696200
1.22908801	103.16780000	-1.58696200
1.23408801	103.16780000	-1.58696200
1.23908801	103.16780000	-1.58696200
1.24408801	103.22890000	-1.58696200
1.24908801	103.45770000	-1.58696200
1.25408801	102.28280000	-1.58696200
1.25908801	99.73448000	-1.58696200
1.26408801	99.73448000	-1.56254800
1.26908801	102.28280000	-1.47099200
1.27408801	103.51880000	-1.91656200
1.27908801	103.51880000	-2.84432500
1.28408801	102.34380000	-3.28989500
1.28908801	100.02440000	-3.19834000
1.29408801	98.91048000	-3.19834000
1.29908801	99.13937000	-3.28989500
1.30408801	99.20041000	-2.81991000
1.30908801	99.20041000	-1.80059200
1.31408801	99.20041000	-1.82500700
1.31908801	99.20041000	-2.93588100
1.32408801	99.26145000	-2.96029500
1.32908801	99.49034000	-1.94097700
1.33408801	98.37641000	-1.47099200
1.33908801	96.05700000	-1.56254800
1.34408801	94.94308000	-1.58696200
1.34908801	95.17197000	-1.58696200
1.35408801	95.23300000	-1.58696200
1.35908801	95.23300000	-1.58696200
1.36408801	95.23300000	-1.58696200
1.36908801	95.23300000	-1.58696200
1.37408801	95.23300000	-1.58696200
1.37908801	95.23300000	-1.58696200
1.38408801	95.23300000	-1.56254800
1.38908801	95.23300000	-1.47099200
1.39408801	95.23300000	-1.91656200
1.39908801	95.23300000	-2.84432500
1.40408800	95.23300000	-3.26548100
1.40908800	95.23300000	-3.08237000
1.41408800	95.29404000	-3.52794000
1.41908800	95.52293000	-4.54725700
1.42408800	94.34796000	-4.54725700
1.42908800	91.79967000	-3.52794000
1.43408800	91.86070000	-3.05795500
1.43908800	94.63789000	-3.14951000
1.44408800	94.69893000	-3.14951000
1.44908800	92.15063000	-3.05795500
1.45408800	90.97568000	-3.50352500
1.45908800	91.20457000	-4.43128700
1.46408800	91.26560000	-4.90127200
1.46908800	91.26560000	-4.90127200
1.47408800	91.32664000	-4.40687300
1.47908800	91.55552000	-3.38755500
1.48408800	90.44160000	-3.41196900
1.48908800	88.12219000	-4.52284300
1.49408800	86.94723000	-4.52284300
1.49908800	86.94723000	-3.41196900
1.50408800	88.18323000	-3.41196900
1.50908800	90.73153000	-4.52284300
1.51408800	90.73153000	-4.52284300
1.51908800	88.18323000	-3.41196900
1.52408800	87.00826000	-3.41196900
1.52908800	87.23715000	-4.52284300
1.53408800	87.29819000	-4.54725700
1.53908800	87.29819000	-3.52794000
1.54408800	87.29819000	-3.05795500
1.54908800	87.29819000	-3.14951000
1.55408800	87.29819000	-3.17392500
1.55908800	87.29819000	-3.17392500
1.56408800	87.29819000	-3.17392500
1.56908800	87.29819000	-3.17392500
1.57408800	87.35923000	-3.14951000
1.57908800	87.58812000	-3.05795500
1.58408800	86.47419000	-3.50352500
1.58908800	84.15479000	-4.43128700
1.59408800	83.04086000	-4.90127200
1.59908800	83.26974000	-4.90127200
1.60408800	83.33078000	-4.43128700
1.60908800	83.33078000	-3.50352500
1.61408800	83.33078000	-3.05795500
1.61908800	83.33078000	-3.14951000
1.62408800	83.33078000	-3.19834000
1.62908800	83.33078000	-3.28989500
1.63408800	83.33078000	-2.84432500
1.63908800	83.33078000	-1.91656200
1.64408800	83.33078000	-1.44657700
1.64908800	83.33078000	-1.44657700
1.65408800	83.39182000	-1.94097700
1.65908800	83.62070000	-2.96029500
1.66408800	82.50678000	-2.93588100
1.66908800	80.18738000	-1.82500700
1.67408800	79.07346000	-1.80059200
1.67908800	79.30235000	-2.81991000
1.68408800	79.36338000	-3.28989500
1.68908800	79.36338000	-3.19834000
1.69408800	79.36338000	-3.17392500
1.69908800	79.36338000	-3.17392500
1.70408800	79.36338000	-3.17392500
1.70908800	79.36338000	-3.17392500
1.71408800	79.36338000	-3.17392500
1.71908800	79.36338000	-3.17392500
1.72408800	79.36338000	-3.17392500
1.72908800	79.36338000	-3.17392500
1.73408800	79.36338000	-3.17392500
1.73908800	79.36338000	-3.17392500
1.74408800	79.36338000	-3.17392500
1.74908800	79.36338000	-3.17392500
1.75408800	79.42442000	-3.14951000
1.75908800	79.65331000	-3.05795500
1.76408800	78.53938000	-3.50352500
1.76908800	76.21997000	-4.43128700
1.77408800	75.10605000	-4.87685800
1.77908800	75.33494000	-4.78530200
1.78408800	75.39597000	-4.76088700
1.78908800	75.39597000	-4.76088700
1.79408800	75.39597000	-4.76088700
1.79908800	75.39597000	-4.76088700
1.80408800	75.39597000	-4.76088700
1.80908800	75.39597000	-4.76088700
1.81408800	75.39597000	-4.76088700
1.81908800	75.39597000	-4.76088700
1.82408800	75.39597000	-4.76088700
1.82908800	75.39597000	-4.76088700
1.83408800	75.39597000	-4.76088700
1.83908800	75.39597000	-4.76088700
1.84408800	75.39597000	-4.73647300
1.84908800	75.39597000	-4.64491700
1.85408800	75.45701000	-5.11490200
1.85908800	75.68590000	-6.13422100
1.86408800	74.57197000	-6.13422100
1.86908800	72.25256000	-5.11490200
1.87408800	71.13864000	-4.64491700
1.87908800	71.36753000	-4.73647300
1.88408800	71.42857000	-4.76088700
1.88908800	71.42857000	-4.76088700
1.89408800	71.42857000	-4.76088700
1.89908800	71.42857000	-4.76088700
1.90408800	71.42857000	-4.73647300
1.90908800	71.42857000	-4.64491700
1.91408800	71.42857000	-5.13931700
1.91908800	71.42857000	-6.25019100
1.92408800	71.42857000	-5.78020600
1.92908800	71.42857000	-3.74156900
1.93408800	71.42857000	-3.27158400
1.93908800	71.42857000	-4.38245800
1.94408800	71.48961000	-4.90127200
1.94908800	71.71850000	-4.90127200
1.95408800	70.60457000	-4.43128700
1.95908800	68.26991000	-3.50352500
1.96408800	67.15598000	-3.03354000
1.96908800	67.38486000	-3.03354000
1.97408800	67.44590000	-3.52794000
1.97908800	67.44590000	-4.54725700
1.98408800	67.44590000	-4.54725700
1.98908800	67.44590000	-3.52794000
1.99408800	67.44590000	-3.05795500
1.99908800	67.44590000	-3.14951000
2.00408800	67.44590000	-3.19834000
2.00908800	67.44590000	-3.28989500
2.01408800	67.44590000	-2.84432500
2.01908800	67.44590000	-1.91656200
2.02408800	67.50694000	-1.47099200
2.02908800	67.73582000	-1.56254800
2.03408800	66.62190000	-1.56254800
2.03908800	64.30249000	-1.47099200
2.04408800	63.12754000	-1.94097700
2.04908800	63.12754000	-2.96029500
2.05408800	64.36353000	-2.96029500
2.05908800	66.91183000	-1.94097700
2.06408800	66.91183000	-1.44657700
2.06908800	64.36353000	-1.44657700
2.07408800	63.18857000	-1.91656200
2.07908800	63.41746000	-2.84432500
2.08408800	63.47850000	-3.31431000
2.08908800	63.47850000	-3.31431000
2.09408800	63.47850000	-2.81991000
2.09908800	63.47850000	-1.80059200
2.10408800	63.47850000	-1.77617700
2.10908800	63.47850000	-2.70394000
2.11408800	63.47850000	-3.66832500
2.11908800	63.47850000	-4.68764300
2.12408800	63.47850000	-4.21765800
2.12908800	63.47850000	-2.27057700
2.13408800	63.47850000	-1.33060700
2.13908800	63.47850000	-1.42216300
2.14408800	63.47850000	-1.91656200
2.14908800	63.47850000	-2.84432500
2.15408800	63.47850000	-3.31431000
2.15908800	63.47850000	-3.31431000
2.16408800	63.53953000	-2.84432500
2.16908800	63.76842000	-1.91656200
2.17408800	62.65450000	-1.47099200
2.17908800	60.33509000	-1.56254800
2.18408800	59.22116000	-1.58696200
2.18908800	59.45005000	-1.58696200
2.19408800	59.51109000	-1.56254800
2.19908800	59.51109000	-1.47099200
2.20408800	59.51109000	-1.89214800
2.20908800	59.51109000	-2.72835500
2.21408800	59.51109000	-3.64391000
2.21908800	59.51109000	-4.57167300
2.22408800	59.51109000	-4.54725700
2.22908800	59.51109000	-3.52794000
2.23408800	59.51109000	-3.08237000
2.23908800	59.51109000	-3.26548100
2.24408800	59.51109000	-2.81991000
2.24908800	59.51109000	-1.80059200
2.25408800	59.51109000	-1.80059200
2.25908800	59.51109000	-2.81991000
2.26408800	59.51109000	-3.26548100
2.26908800	59.51109000	-3.08237000
2.27408800	59.57213000	-3.52794000
2.27908800	59.80102000	-4.54725700
2.28408800	58.62605000	-4.54725700
2.28908800	56.07775000	-3.52794000
2.29408800	56.13879000	-3.08237000
2.29908800	58.91598000	-3.26548100
2.30408800	58.97702000	-2.84432500
2.30908800	56.42872000	-1.91656200
2.31408800	55.25376000	-1.44657700
2.31908800	55.48264000	-1.44657700
2.32408800	55.54368000	-1.89214800
2.32908800	55.54368000	-2.72835500
2.33408800	55.54368000	-3.64391000
2.33908800	55.54368000	-4.57167300
2.34408800	55.54368000	-4.54725700
2.34908800	55.54368000	-3.52794000
2.35408800	55.54368000	-3.03354000
2.35908800	55.54368000	-3.03354000
2.36408800	55.54368000	-3.50352500
2.36908800	55.54368000	-4.43128700
2.37408800	55.54368000	-4.90127200
2.37908800	55.54368000	-4.90127200
2.38408800	55.54368000	-4.40687300
2.38908800	55.54368000	-3.38755500
2.39408800	55.54368000	-3.38755500
2.39908800	55.54368000	-4.40687300
2.40408800	55.54368000	-4.87685800
2.40908800	55.54368000	-4.78530200
2.41408800	55.60472000	-4.78530200
2.41908800	55.83361000	-4.87685800
2.42408800	54.65865000	-4.43128700
2.42908800	52.11035000	-3.50352500
2.43408800	52.11035000	-3.05795500
2.43908800	54.65865000	-3.14951000
2.44408800	55.89465000	-3.14951000
2.44908800	55.89465000	-3.05795500
2.45408800	54.71968000	-3.50352500
2.45908800	52.40028000	-4.43128700
2.46408800	51.28635000	-4.90127200
2.46908800	51.51524000	-4.90127200
2.47408800	51.57627000	-4.43128700
2.47908800	51.57627000	-3.50352500
2.48408800	51.57627000	-3.05795500
2.48908800	51.57627000	-3.14951000
2.49408800	51.57627000	-3.14951000
2.49908800	51.57627000	-3.05795500
2.50408800	51.57627000	-3.50352500
2.50908800	51.57627000	-4.43128700
2.51408800	51.57627000	-4.87685800
2.51908800	51.57627000	-4.78530200
2.52408800	51.57627000	-4.78530200
2.52908800	51.57627000	-4.87685800
2.53408800	51.57627000	-4.43128700
2.53908800	51.57627000	-3.50352500
2.54408800	51.57627000	-3.05795500
2.54908800	51.57627000	-3.14951000
2.55408800	51.57627000	-3.17392500
2.55908800	51.57627000	-3.17392500
2.56408800	51.57627000	-3.17392500
2.56908800	51.57627000	-3.17392500
2.57408800	51.63731000	-3.19834000
2.57908800	51.86620000	-3.28989500
2.58408800	50.75228000	-2.84432500
2.58908800	48.43287000	-1.91656200
2.59408800	47.31895000	-1.47099200
2.59908800	47.54784000	-1.56254800
2.60408800	47.60887000	-1.56254800
2.60908800	47.60887000	-1.47099200
2.61408800	47.60887000	-1.94097700
2.61908800	47.60887000	-2.96029500
2.62408800	47.60887000	-2.96029500
2.62908800	47.60887000	-1.94097700
2.63408800	47.60887000	-1.44657700
2.63908800	47.60887000	-1.44657700
2.64408800	47.60887000	-1.94097700
2.64908800	47.60887000	-2.96029500
2.65408800	47.60887000	-2.96029500
2.65908800	47.60887000	-1.94097700
2.66408800	47.60887000	-1.47099200
2.66908800	47.60887000	-1.56254800
2.67408800	47.60887000	-1.56254800
2.67908800	47.60887000	-1.47099200
2.68408800	47.60887000	-1.94097700
2.68908800	47.60887000	-2.96029500
2.69408800	47.66991000	-2.93588100
2.69908800	47.89880000	-1.82500700
2.70408800	46.72383000	-1.80059200
2.70908800	44.17554000	-2.81991000
2.71408800	44.17554000	-3.28989500
2.71908800	46.72383000	-3.19834000
2.72408800	47.89880000	-3.17392500
2.72908800	47.66991000	-3.17392500
2.73408800	47.60887000	-3.17392500
2.73908800	47.60887000	-3.17392500
2.74408800	47.66991000	-3.14951000
2.74908800	47.89880000	-3.05795500
2.75408800	46.78487000	-3.50352500
2.75908800	44.46547000	-4.43128700
2.76408800	43.35154000	-4.87685800
2.76908800	43.58043000	-4.78530200
2.77408800	43.64147000	-4.78530200
2.77908800	43.64147000	-4.87685800
2.78408800	43.64147000	-4.43128700
2.78908800	43.64147000	-3.50352500
2.79408800	43.64147000	-3.05795500
2.79908800	43.64147000	-3.14951000
2.80408800	43.64147000	-3.17392500
2.80908800	43.64147000	-3.17392500
2.81408800	43.64147000	-3.17392500
2.81908800	43.64147000	-3.17392500
2.82408800	43.64147000	-3.19834000
2.82908800	43.64147000	-3.28989500
2.83408800	43.64147000	-2.86874000
2.83908800	43.64147000	-2.03253300
2.84408800	43.64147000	-1.11697700
2.84908800	43.64147000	-0.18921480
2.85408800	43.64147000	-0.18921480
2.85908800	43.64147000	-1.11697700
2.86408800	43.64147000	-2.05694700
2.86908800	43.64147000	-2.98471000
2.87408800	43.64147000	-2.96029500
2.87908800	43.64147000	-1.94097700
2.88408800	43.64147000	-1.47099200
2.88908800	43.64147000	-1.56254800
2.89408800	43.64147000	-1.58696200
2.89908800	43.64147000	-1.58696200
2.90408800	43.70250000	-1.58696200
2.90908800	43.93139000	-1.58696200
2.91408800	42.81747000	-1.58696200
2.91908800	40.49806000	-1.58696200
2.92408800	39.38414000	-1.58696200
2.92908800	39.61302000	-1.58696200
2.93408800	39.61302000	-1.56254800
2.93908800	39.38414000	-1.47099200
2.94408800	40.55910000	-1.91656200
2.94908800	43.10739000	-2.84432500
2.95408800	43.04636000	-3.28989500
2.95908800	40.26917000	-3.19834000
2.96408800	40.26917000	-3.17392500
2.96908800	43.04636000	-3.17392500
2.97408800	43.10739000	-3.17392500
2.97908800	40.55910000	-3.17392500
2.98408800	39.38414000	-3.17392500
2.98908800	39.61302000	-3.17392500
2.99408800	39.67406000	-3.17392500
2.99908800	39.67406000	-3.17392500
3.00408800	39.67406000	-3.17392500
3.00908800	39.67406000	-3.17392500
3.01408800	39.67406000	-3.17392500
3.01908800	39.67406000	-3.17392500
3.02408800	39.67406000	-3.17392500
3.02908800	39.67406000	-3.17392500
3.03408800	39.67406000	-3.17392500
3.03908800	39.67406000	-3.17392500
3.04408800	39.67406000	-3.17392500
3.04908799	39.67406000	-3.17392500
3.05408799	39.67406000	-3.17392500
3.05908799	39.67406000	-3.17392500
3.06408799	39.67406000	-3.17392500
3.06908799	39.67406000	-3.17392500
3.07408799	39.67406000	-3.17392500
3.07908799	39.67406000	-3.17392500
3.08408799	39.67406000	-3.17392500
3.08908799	39.67406000	-3.17392500
3.09408799	39.67406000	-3.17392500
3.09908799	39.67406000	-3.17392500
3.10408799	39.67406000	-3.17392500
3.10908799	39.67406000	-3.17392500
3.11408799	39.67406000	-3.17392500
3.11908799	39.67406000	-3.17392500
3.12408799	39.67406000	-3.14951000
3.12908799	39.67406000	-3.05795500
3.13408799	39.73510000	-3.50352500
3.13908799	39.96399000	-4.43128700
3.14408799	38.85006000	-4.87685800
3.14908799	36.53065000	-4.78530200
3.15408799	35.41673000	-4.78530200
3.15908799	35.64562000	-4.87685800
3.16408799	35.70665000	-4.40687300
3.16908799	35.70665000	-3.38755500
3.17408799	35.64562000	-3.41196900
3.17908799	35.41673000	-4.52284300
3.18408799	36.59169000	-4.52284300
3.18908799	39.13999000	-3.41196900
3.19408799	39.13999000	-3.41196900
3.19908799	36.59169000	-4.52284300
3.20408799	35.41673000	-4.54725700
3.20908799	35.64562000	-3.52794000
3.21408799	35.70665000	-3.05795500
3.21908799	35.70665000	-3.14951000
3.22408799	35.70665000	-3.17392500
3.22908799	35.70665000	-3.17392500
3.23408799	35.70665000	-3.17392500
3.23908799	35.70665000	-3.17392500
3.24408799	35.70665000	-3.17392500
3.24908799	35.70665000	-3.17392500
3.25408799	35.70665000	-3.17392500
3.25908799	35.70665000	-3.17392500
3.26408799	35.70665000	-3.17392500
3.26908799	35.70665000	-3.17392500
3.27408799	35.70665000	-3.14951000
3.27908799	35.70665000	-3.05795500
3.28408799	35.70665000	-3.52794000
3.28908799	35.70665000	-4.54725700
3.29408799	35.70665000	-4.52284300
3.29908799	35.70665000	-3.41196900
3.30408799	35.70665000	-3.38755500
3.30908799	35.70665000	-4.40687300
3.31408799	35.70665000	-4.87685800
3.31908799	35.70665000	-4.78530200
3.32408799	35.70665000	-4.78530200
3.32908799	35.70665000	-4.87685800
3.33408799	35.76769000	-4.43128700
3.33908799	35.99658000	-3.50352500
3.34408799	34.88266000	-3.05795500
3.34908799	32.56325000	-3.14951000
3.35408799	31.38828000	-3.17392500
3.35908799	31.38828000	-3.17392500
3.36408799	32.62428000	-3.17392500
3.36908799	35.17258000	-3.17392500
3.37408799	35.17258000	-3.17392500
3.37908799	32.62428000	-3.17392500
3.38408799	31.44932000	-3.17392500
3.38908799	31.67821000	-3.17392500
3.39408799	31.73925000	-3.17392500
3.39908799	31.73925000	-3.17392500
3.40408799	31.73925000	-3.17392500
3.40908799	31.73925000	-3.17392500
3.41408799	31.73925000	-3.14951000
3.41908799	31.73925000	-3.05795500
3.42408799	31.73925000	-3.50352500
3.42908799	31.73925000	-4.43128700
3.43408799	31.73925000	-4.87685800
3.43908799	31.73925000	-4.78530200
3.44408799	31.73925000	-4.76088700
3.44908799	31.73925000	-4.76088700
3.45408799	31.73925000	-4.76088700
3.45908799	31.73925000	-4.76088700
3.46408799	31.73925000	-4.76088700
3.46908799	31.73925000	-4.76088700
3.47408799	31.73925000	-4.76088700
3.47908799	31.73925000	-4.76088700
3.48408799	31.73925000	-4.76088700
3.48908799	31.73925000	-4.76088700
3.49408799	31.73925000	-4.76088700
3.49908799	31.73925000	-4.76088700
3.50408799	31.73925000	-4.76088700
3.50908799	31.73925000	-4.76088700
3.51408799	31.73925000	-4.76088700
3.51908799	31.73925000	-4.76088700
3.52408799	31.73925000	-4.73647300
3.52908799	31.73925000	-4.64491700
3.53408799	31.73925000	-5.09048700
3.53908799	31.73925000	-6.01825000
3.54408799	31.80028000	-6.46382000
3.54908799	32.02917000	-6.37226500
3.55408799	30.91525000	-6.34785000
3.55908799	28.59584000	-6.34785000
3.56408799	27.42088000	-6.34785000
3.56908799	27.42088000	-6.34785000
3.57408799	28.59584000	-6.34785000
3.57908799	30.91525000	-6.34785000
3.58408799	32.02917000	-6.34785000
3.58908799	31.80028000	-6.34785000
3.59408799	31.73925000	-6.37226500
3.59908799	31.73925000	-6.46382000
3.60408799	31.80028000	-6.01825000
3.60908799	32.02917000	-5.09048700
3.61408799	30.91525000	-4.62050200
3.61908799	28.59584000	-4.62050200
3.62408799	27.48192000	-5.11490200
3.62908799	27.71080000	-6.13422100
3.63408799	27.77184000	-6.10980600
3.63908799	27.77184000	-4.99893200
3.64408799	27.77184000	-4.99893200
3.64908799	27.77184000	-6.10980600
3.65408799	27.77184000	-6.10980600
3.65908799	27.77184000	-4.99893200
3.66408799	27.77184000	-4.99893200
3.66908799	27.77184000	-6.10980600
3.67408799	27.77184000	-6.13422100
3.67908799	27.77184000	-5.11490200
3.68408799	27.77184000	-4.64491700
3.68908799	27.77184000	-4.73647300
3.69408799	27.77184000	-4.76088700
3.69908799	27.77184000	-4.76088700
3.70408799	27.77184000	-4.76088700
3.70908799	27.77184000	-4.76088700
3.71408799	27.77184000	-4.76088700
3.71908799	27.77184000	-4.76088700
3.72408799	27.77184000	-4.76088700
3.72908799	27.77184000	-4.76088700
3.73408799	27.77184000	-4.76088700
3.73908799	27.77184000	-4.76088700
3.74408799	27.77184000	-4.76088700
3.74908799	27.77184000	-4.76088700
3.75408799	27.83288000	-4.73647300
3.75908799	28.06177000	-4.64491700
3.76408799	26.94784000	-5.13931700
3.76908799	24.62844000	-6.25019100
3.77408799	23.45347000	-5.80462000
3.77908799	23.45347000	-3.85753900
3.78408799	24.62844000	-2.91756900
3.78908799	26.94784000	-3.00912500
3.79408799	28.12280000	-3.52794000
3.79908799	28.12280000	-4.54725700
3.80408799	26.88680000	-4.54725700
3.80908799	24.33851000	-3.52794000
3.81408799	24.39955000	-3.03354000
3.81908799	27.17673000	-3.03354000
3.82408799	27.23777000	-3.50352500
3.82908799	24.68947000	-4.43128700
3.83408799	23.51451000	-4.87685800
3.83908799	23.74340000	-4.78530200
3.84408799	23.80444000	-4.76088700
3.84908799	23.80444000	-4.76088700
3.85408799	23.80444000	-4.76088700
3.85908799	23.80444000	-4.76088700
3.86408799	23.80444000	-4.76088700
3.86908799	23.80444000	-4.76088700
3.87408799	23.80444000	-4.76088700
3.87908799	23.80444000	-4.76088700
3.88408799	23.80444000	-4.76088700
3.88908799	23.80444000	-4.76088700
3.89408799	23.80444000	-4.78530200
3.89908799	23.80444000	-4.87685800
3.90408799	23.80444000	-4.40687300
3.90908799	23.80444000	-3.38755500
3.91408799	23.80444000	-3.38755500
3.91908799	23.80444000	-4.40687300
3.92408799	23.80444000	-4.87685800
3.92908799	23.80444000	-4.78530200
3.93408799	23.80444000	-4.76088700
3.93908799	23.80444000	-4.76088700
3.94408799	23.80444000	-4.78530200
3.94908799	23.80444000	-4.87685800
3.95408799	23.80444000	-4.40687300
3.95908799	23.80444000	-3.38755500
3.96408799	23.80444000	-3.41196900
3.96908799	23.80444000	-4.52284300
3.97408799	23.80444000	-4.52284300
3.97908799	23.80444000	-3.41196900
3.98408799	23.80444000	-3.38755500
3.98908799	23.80444000	-4.40687300
3.99408799	23.80444000	-4.90127200
3.99908799	23.80444000	-4.90127200
4.00408799	23.86547000	-4.43128700
4.00908799	24.09436000	-3.50352500
4.01408799	22.91940000	-3.05795500
4.01908799	20.37111000	-3.14951000
4.02408799	20.37111000	-3.19834000
4.02908799	22.91940000	-3.28989500
4.03408799	24.15540000	-2.84432500
4.03908799	24.15540000	-1.91656200
4.04408799	22.91940000	-1.47099200
4.04908799	20.37111000	-1.56254800
4.05408799	20.37111000	-1.58696200
4.05908799	22.91940000	-1.58696200
4.06408799	24.09436000	-1.56254800
4.06908799	23.86547000	-1.47099200
4.07408799	23.86547000	-1.94097700
4.07908799	24.09436000	-2.96029500
4.08408799	22.91940000	-2.96029500
4.08908799	20.37111000	-1.94097700
4.09408799	20.43214000	-1.44657700
4.09908799	23.20932000	-1.44657700
4.10408799	23.27036000	-1.91656200
4.10908799	20.72207000	-2.84432500
4.11408799	19.48607000	-3.28989500
4.11908799	19.48607000	-3.19834000
4.12408799	20.72207000	-3.14951000
4.12908799	23.27036000	-3.05795500
4.13408799	23.27036000	-3.50352500
4.13908799	20.72207000	-4.43128700
4.14408799	19.54710000	-4.87685800
4.14908799	19.77599000	-4.78530200
4.15408799	19.83703000	-4.76088700
4.15908799	19.83703000	-4.76088700
4.16408799	19.83703000	-4.76088700
4.16908799	19.83703000	-4.76088700
4.17408799	19.83703000	-4.76088700
4.17908799	19.83703000	-4.76088700
4.18408799	19.83703000	-4.76088700
4.18908799	19.83703000	-4.76088700
4.19408799	19.83703000	-4.76088700
4.19908799	19.83703000	-4.76088700
4.20408799	19.83703000	-4.76088700
4.20908799	19.83703000	-4.76088700
4.21408799	19.83703000	-4.76088700
4.21908799	19.83703000	-4.76088700
4.22408799	19.83703000	-4.76088700
4.22908799	19.83703000	-4.76088700
4.23408799	19.83703000	-4.78530200
4.23908799	19.83703000	-4.87685800
4.24408799	19.83703000	-4.40687300
4.24908799	19.83703000	-3.38755500
4.25408799	19.83703000	-3.41196900
4.25908799	19.83703000	-4.52284300
4.26408799	19.83703000	-4.54725700
4.26908799	19.83703000	-3.52794000
4.27408799	19.83703000	-3.08237000
4.27908799	19.83703000	-3.26548100
4.28408799	19.83703000	-2.84432500
4.28908799	19.83703000	-1.91656200
4.29408799	19.83703000	-1.44657700
4.29908799	19.83703000	-1.44657700
4.30408799	19.89807000	-1.91656200
4.30908799	20.12696000	-2.84432500
4.31408799	18.95199000	-3.28989500
4.31908799	16.40370000	-3.19834000
4.32408799	16.40370000	-3.17392500
4.32908799	18.95199000	-3.17392500
4.33408799	20.12696000	-3.17392500
4.33908799	19.89807000	-3.17392500
4.34408799	19.83703000	-3.17392500
4.34908799	19.83703000	-3.17392500
4.35408799	19.83703000	-3.19834000
4.35908799	19.83703000	-3.28989500
4.36408799	19.83703000	-2.84432500
4.36908799	19.83703000	-1.91656200
4.37408799	19.83703000	-1.42216300
4.37908799	19.83703000	-1.33060700
4.38408799	19.83703000	-2.27057700
4.38908799	19.83703000	-4.21765800
4.39408799	19.83703000	-4.63881300
4.39908799	19.83703000	-3.43638400
4.40408799	19.83703000	-3.38755500
4.40908799	19.83703000	-4.40687300
4.41408799	19.89807000	-4.90127200
4.41908799	20.12696000	-4.90127200
4.42408799	18.95199000	-4.40687300
4.42908799	16.40370000	-3.38755500
4.43408799	16.40370000	-3.38755500
4.43908799	18.95199000	-4.40687300
4.44408799	20.18799000	-4.87685800
4.44908799	20.18799000	-4.78530200
4.45408799	19.01303000	-4.76088700
4.45908799	16.69362000	-4.76088700
4.46408799	15.57970000	-4.76088700
4.46908799	15.80859000	-4.76088700
4.47408799	15.86962000	-4.76088700
4.47908799	15.86962000	-4.76088700
4.48408799	15.86962000	-4.78530200
4.48908799	15.86962000	-4.87685800
4.49408799	15.86962000	-4.40687300
4.49908799	15.86962000	-3.38755500
4.50408799	15.86962000	-3.41196900
4.50908799	15.86962000	-4.52284300
4.51408799	15.86962000	-4.54725700
4.51908799	15.86962000	-3.52794000
4.52408799	15.86962000	-3.05795500
4.52908799	15.86962000	-3.14951000
4.53408799	15.86962000	-3.17392500
4.53908799	15.86962000	-3.17392500
4.54408799	15.86962000	-3.17392500
4.54908799	15.86962000	-3.17392500
4.55408799	15.86962000	-3.17392500
4.55908799	15.86962000	-3.17392500
4.56408799	15.86962000	-3.17392500
4.56908799	15.86962000	-3.17392500
4.57408799	15.86962000	-3.17392500
4.57908799	15.86962000	-3.17392500
4.58408799	15.86962000	-3.17392500
4.58908799	15.86962000	-3.17392500
4.59408799	15.86962000	-3.19834000
4.59908799	15.86962000	-3.28989500
4.60408799	15.86962000	-2.81991000
4.60908799	15.86962000	-1.80059200
4.61408799	15.86962000	-1.80059200
4.61908799	15.86962000	-2.81991000
4.62408799	15.86962000	-3.28989500
4.62908799	15.86962000	-3.19834000
4.63408799	15.86962000	-3.19834000
4.63908799	15.86962000	-3.28989500
4.64408799	15.86962000	-2.81991000
4.64908799	15.86962000	-1.80059200
4.65408799	15.86962000	-1.82500700
4.65908799	15.86962000	-2.93588100
4.66408799	15.86962000	-2.96029500
4.66908799	15.86962000	-1.94097700
4.67408799	15.86962000	-1.44657700
4.67908799	15.86962000	-1.44657700
4.68408799	15.86962000	-1.91656200
4.68908799	15.86962000	-2.84432500
4.69408798	15.86962000	-3.28989500
4.69908798	15.86962000	-3.19834000
4.70408798	15.86962000	-3.14951000
4.70908798	15.86962000	-3.05795500
4.71408798	15.86962000	-3.52794000
4.71908798	15.86962000	-4.54725700
4.72408798	15.86962000	-4.52284300
4.72908798	15.86962000	-3.41196900
4.73408798	15.86962000	-3.38755500
4.73908798	15.86962000	-4.40687300
4.74408798	15.86962000	-4.87685800
4.74908798	15.86962000	-4.78530200
4.75408798	15.86962000	-4.78530200
4.75908798	15.86962000	-4.87685800
4.76408798	15.86962000	-4.40687300
4.76908798	15.86962000	-3.38755500
4.77408798	15.86962000	-3.38755500
4.77908798	15.86962000	-4.40687300
4.78408798	15.86962000	-4.87685800
4.78908798	15.86962000	-4.78530200
4.79408798	15.86962000	-4.76088700
4.79908798	15.86962000	-4.76088700
4.80408798	15.86962000	-4.78530200
4.80908798	15.86962000	-4.87685800
4.81408798	15.86962000	-4.40687300
4.81908798	15.86962000	-3.38755500
4.82408798	15.93066000	-3.41196900
4.82908798	16.15955000	-4.52284300
4.83408798	14.98459000	-4.54725700
4.83908798	12.43629000	-3.52794000
4.84408798	12.43629000	-3.05795500
4.84908798	14.98459000	-3.14951000
4.85408798	16.22059000	-3.17392500
4.85908798	16.22059000	-3.17392500
4.86408798	14.98459000	-3.17392500
4.86908798	12.43629000	-3.17392500
4.87408798	12.49733000	-3.17392500
4.87908798	15.27451000	-3.17392500
4.88408798	15.33555000	-3.14951000
4.88908798	12.78725000	-3.05795500
4.89408798	11.55125000	-3.50352500
4.89908798	11.55125000	-4.43128700
4.90408798	12.78725000	-4.90127200
4.90908798	15.33555000	-4.90127200
4.91408798	15.27451000	-4.40687300
4.91908798	12.49733000	-3.38755500
4.92408798	12.49733000	-3.38755500
4.92908798	15.27451000	-4.40687300
4.93408798	15.33555000	-4.87685800
4.93908798	12.78725000	-4.78530200
4.94408798	11.61229000	-4.76088700
4.94908798	11.84118000	-4.76088700
4.95408798	11.90222000	-4.76088700
4.95908798	11.90222000	-4.76088700
4.96408798	11.84118000	-4.76088700
4.96908798	11.61229000	-4.76088700
4.97408798	12.78725000	-4.76088700
4.97908798	15.33555000	-4.76088700
4.98408798	15.33555000	-4.78530200
4.98908798	12.78725000	-4.87685800
4.99408798	11.61229000	-4.40687300
4.99908798	11.84118000	-3.38755500
5.00408798	11.90222000	-3.38755500
5.00908798	11.90222000	-4.40687300
5.01408798	11.84118000	-4.87685800
5.01908798	11.61229000	-4.78530200
5.02408798	12.78725000	-4.76088700
5.02908798	15.33555000	-4.76088700
5.03408798	15.33555000	-4.76088700
5.03908798	12.78725000	-4.76088700
5.04408798	11.61229000	-4.76088700
5.04908798	11.84118000	-4.76088700
5.05408798	11.90222000	-4.76088700
5.05908798	11.90222000	-4.76088700
5.06408798	11.90222000	-4.73647300
5.06908798	11.90222000	-4.64491700
5.07408798	11.90222000	-5.11490200
5.07908798	11.90222000	-6.13422100
5.08408798	11.90222000	-6.13422100
5.08908798	11.90222000	-5.11490200
5.09408798	11.90222000	-4.66933200
5.09908798	11.90222000	-4.85244300
5.10408798	11.90222000	-4.40687300
5.10908798	11.90222000	-3.38755500
5.11408798	11.90222000	-3.41196900
5.11908798	11.90222000	-4.52284300
5.12408798	11.90222000	-4.52284300
5.12908798	11.90222000	-3.41196900
5.13408798	11.90222000	-3.41196900
5.13908798	11.90222000	-4.52284300
5.14408798	11.90222000	-4.54725700
5.14908798	11.90222000	-3.52794000
5.15408798	11.90222000	-3.05795500
5.15908798	11.90222000	-3.14951000
5.16408798	11.90222000	-3.17392500
5.16908798	11.90222000	-3.17392500
5.17408798	11.90222000	-3.14951000
5.17908798	11.90222000	-3.05795500
5.18408798	11.90222000	-3.50352500
5.18908798	11.90222000	-4.43128700
5.19408798	11.90222000	-4.87685800
5.19908798	11.90222000	-4.78530200
5.20408798	11.90222000	-4.76088700
5.20908798	11.90222000	-4.76088700
5.21408798	11.90222000	-4.78530200
5.21908798	11.90222000	-4.87685800
5.22408798	11.90222000	-4.40687300
5.22908798	11.90222000	-3.38755500
5.23408798	11.90222000	-3.41196900
5.23908798	11.90222000	-4.52284300
5.24408798	11.90222000	-4.52284300
5.24908798	11.90222000	-3.41196900
5.25408798	11.90222000	-3.41196900
5.25908798	11.90222000	-4.52284300
5.26408798	11.90222000	-4.52284300
5.26908798	11.90222000	-3.41196900
5.27408798	11.90222000	-3.38755500
5.27908798	11.90222000	-4.40687300
5.28408798	11.90222000	-4.87685800
5.28908798	11.90222000	-4.78530200
5.29408798	11.90222000	-4.76088700
5.29908798	11.90222000	-4.76088700
5.30408798	11.96325000	-4.73647300
5.30908798	12.19214000	-4.64491700
5.31408798	11.01718000	-5.09048700
5.31908798	8.46888600	-6.01825000
5.32408798	8.52992300	-6.46382000
5.32908798	11.30711000	-6.37226500
5.33408798	11.30711000	-6.37226500
5.33908798	8.52992300	-6.46382000
5.34408798	8.46888600	-6.01825000
5.34908798	11.01718000	-5.09048700
5.35408798	12.19214000	-4.64491700
5.35908798	11.96325000	-4.73647300
5.36408798	11.90222000	-4.76088700
5.36908798	11.90222000	-4.76088700
5.37408798	11.90222000	-4.76088700
5.37908798	11.90222000	-4.76088700
5.38408798	11.90222000	-4.78530200
5.38908798	11.90222000	-4.87685800
5.39408798	11.90222000	-4.45570200
5.39908798	11.90222000	-3.61949500
5.40408798	11.90222000	-2.70394000
5.40908798	11.90222000	-1.77617700
5.41408798	11.96325000	-1.80059200
5.41908798	12.19214000	-2.81991000
5.42408798	11.01718000	-3.26548100
5.42908798	8.46888600	-3.08237000
5.43408798	8.46888600	-3.52794000
5.43908798	11.01718000	-4.54725700
5.44408798	12.25318000	-4.54725700
5.44908798	12.25318000	-3.52794000
5.45408798	11.01718000	-3.03354000
5.45908798	8.46888600	-3.03354000
5.46408798	8.46888600	-3.52794000
5.46908798	11.01718000	-4.54725700
5.47408798	12.25318000	-4.57167300
5.47908798	12.25318000	-3.64391000
5.48408798	11.07822000	-2.70394000
5.48908798	8.75881200	-1.77617700
5.49408798	7.64488600	-1.77617700
5.49908798	7.87377500	-2.70394000
5.50408798	7.93481200	-3.64391000
5.50908798	7.93481200	-4.57167300
5.51408798	7.87377500	-4.54725700
5.51908798	7.64488600	-3.52794000
5.52408798	8.75881200	-3.03354000
5.52908798	11.07822000	-3.03354000
5.53408798	12.25318000	-3.50352500
5.53908798	12.25318000	-4.43128700
5.54408798	11.07822000	-4.90127200
5.54908798	8.75881200	-4.90127200
5.55408798	7.64488600	-4.40687300
5.55908798	7.87377500	-3.38755500
5.56408798	7.93481200	-3.38755500
5.56908798	7.93481200	-4.40687300
5.57408798	7.93481200	-4.87685800
5.57908798	7.93481200	-4.78530200
5.58408798	7.93481200	-4.76088700
5.58908798	7.93481200	-4.76088700
5.59408798	7.93481200	-4.76088700
5.59908798	7.93481200	-4.76088700
5.60408798	7.93481200	-4.76088700
5.60908798	7.93481200	-4.76088700
5.61408798	7.93481200	-4.76088700
5.61908798	7.93481200	-4.76088700
5.62408798	7.93481200	-4.76088700
5.62908798	7.93481200	-4.76088700
5.63408798	7.93481200	-4.76088700
5.63908798	7.93481200	-4.76088700
5.64408798	7.93481200	-4.78530200
5.64908798	7.93481200	-4.87685800
5.65408798	7.93481200	-4.40687300
5.65908798	7.93481200	-3.38755500
5.66408798	7.93481200	-3.38755500
5.66908798	7.93481200	-4.40687300
5.67408798	7.93481200	-4.87685800
5.67908798	7.93481200	-4.78530200
5.68408798	7.93481200	-4.76088700
5.68908798	7.93481200	-4.76088700
5.69408798	7.93481200	-4.76088700
5.69908798	7.93481200	-4.76088700
5.70408798	7.93481200	-4.78530200
5.70908798	7.93481200	-4.87685800
5.71408798	7.93481200	-4.40687300
5.71908798	7.93481200	-3.38755500
5.72408798	7.93481200	-3.41196900
5.72908798	7.93481200	-4.52284300
5.73408798	7.93481200	-4.54725700
5.73908798	7.93481200	-3.52794000
5.74408798	7.93481200	-3.03354000
5.74908798	7.93481200	-3.03354000
5.75408798	7.93481200	-3.52794000
5.75908798	7.93481200	-4.54725700
5.76408798	7.93481200	-4.54725700
5.76908798	7.93481200	-3.52794000
5.77408798	7.93481200	-3.03354000
5.77908798	7.93481200	-3.03354000
5.78408798	7.93481200	-3.50352500
5.78908798	7.93481200	-4.43128700
5.79408798	7.93481200	-4.87685800
5.79908798	7.93481200	-4.78530200
5.80408798	7.93481200	-4.76088700
5.80908798	7.93481200	-4.76088700
5.81408798	7.93481200	-4.73647300
5.81908798	7.93481200	-4.64491700
5.82408798	7.93481200	-5.11490200
5.82908798	7.93481200	-6.13422100
5.83408798	7.93481200	-6.13422100
5.83908798	7.93481200	-5.11490200
5.84408798	7.93481200	-4.64491700
5.84908798	7.93481200	-4.73647300
5.85408798	7.93481200	-4.76088700
5.85908798	7.93481200	-4.76088700
5.86408798	7.93481200	-4.73647300
5.86908798	7.93481200	-4.64491700
5.87408798	7.93481200	-5.11490200
5.87908798	7.93481200	-6.13422100
5.88408798	7.93481200	-6.13422100
5.88908798	7.93481200	-5.11490200
5.89408798	7.93481200	-4.64491700
5.89908798	7.93481200	-4.73647300
5.90408798	7.93481200	-4.76088700
5.90908798	7.93481200	-4.76088700
5.91408798	7.93481200	-4.73647300
5.91908798	7.93481200	-4.64491700
5.92408798	7.93481200	-5.11490200
5.92908798	7.93481200	-6.13422100
5.93408798	7.93481200	-6.13422100
5.93908798	7.93481200	-5.11490200
5.94408798	7.93481200	-4.64491700
5.94908798	7.93481200	-4.73647300
5.95408798	7.93481200	-4.76088700
5.95908798	7.93481200	-4.76088700
5.96408798	7.93481200	-4.76088700
5.96908798	7.93481200	-4.76088700
5.97408798	7.93481200	-4.76088700
5.97908798	7.93481200	-4.76088700
5.98408798	7.93481200	-4.78530200
5.98908798	7.93481200	-4.87685800
5.99408798	7.93481200	-4.40687300
5.99908798	7.93481200	-3.38755500
6.00408798	7.93481200	-3.41196900
6.00908798	7.93481200	-4.52284300
6.01408798	7.93481200	-4.54725700
6.01908798	7.93481200	-3.52794000
6.02408798	7.93481200	-3.08237000
6.02908798	7.93481200	-3.26548100
6.03408798	7.93481200	-2.81991000
6.03908798	7.93481200	-1.80059200
6.04408798	7.93481200	-1.80059200
6.04908798	7.93481200	-2.81991000
6.05408798	7.93481200	-3.28989500
6.05908798	7.93481200	-3.19834000
6.06408798	7.93481200	-3.17392500
6.06908798	7.93481200	-3.17392500
6.07408798	7.93481200	-3.17392500
6.07908798	7.93481200	-3.17392500
6.08408798	7.93481200	-3.17392500
6.08908798	7.93481200	-3.17392500
6.09408798	7.93481200	-3.17392500
6.09908798	7.93481200	-3.17392500
6.10408798	7.93481200	-3.17392500
6.10908798	7.93481200	-3.17392500
6.11408798	7.93481200	-3.17392500
6.11908798	7.93481200	-3.17392500
6.12408798	7.93481200	-3.17392500
6.12908798	7.93481200	-3.17392500
6.13408798	7.93481200	-3.17392500
6.13908798	7.93481200	-3.17392500
6.14408798	7.93481200	-3.19834000
6.14908798	7.93481200	-3.28989500
6.15408798	7.93481200	-2.84432500
6.15908798	7.93481200	-1.91656200
6.16408798	7.93481200	-1.47099200
6.16908798	7.93481200	-1.56254800
6.17408798	7.93481200	-1.56254800
6.17908798	7.93481200	-1.47099200
6.18408798	7.93481200	-1.94097700
6.18908798	7.93481200	-2.96029500
6.19408798	7.93481200	-2.93588100
6.19908798	7.93481200	-1.82500700
6.20408798	7.93481200	-1.80059200
6.20908798	7.93481200	-2.81991000
6.21408798	7.93481200	-3.28989500
6.21908798	7.93481200	-3.19834000
6.22408798	7.99584900	-3.17392500
6.22908798	8.22473800	-3.17392500
6.23408798	7.04977500	-3.14951000
6.23908798	4.50148000	-3.05795500
6.24408798	4.56251700	-3.52794000
6.24908798	7.33970100	-4.54725700
6.25408798	7.40073800	-4.54725700
6.25908798	4.85244300	-3.52794000
6.26408798	3.67748000	-3.05795500
6.26908798	3.90636900	-3.14951000
6.27408798	3.90636900	-3.19834000
6.27908798	3.67748000	-3.28989500
6.28408798	4.85244300	-2.84432500
6.28908798	7.40073800	-1.91656200
6.29408798	7.40073800	-1.47099200
6.29908798	4.85244300	-1.56254800
6.30408798	3.67748000	-1.58696200
6.30908798	3.90636900	-1.58696200
6.31408798	3.90636900	-1.56254800
6.31908798	3.67748000	-1.47099200
6.32408798	4.85244300	-1.94097700
6.32908798	7.40073800	-2.96029500
6.33408798	7.40073800	-2.93588100
6.33908797	4.85244300	-1.82500700
6.34408797	3.67748000	-1.82500700
6.34908797	3.90636900	-2.93588100
6.35408797	3.90636900	-2.93588100
6.35908797	3.67748000	-1.82500700
6.36408797	4.85244300	-1.80059200
6.36908797	7.40073800	-2.81991000
6.37408797	7.40073800	-3.28989500
6.37908797	4.85244300	-3.19834000
6.38408797	3.67748000	-3.17392500
6.38908797	3.90636900	-3.17392500
6.39408797	3.96740600	-3.17392500
6.39908797	3.96740600	-3.17392500
6.40408797	3.96740600	-3.19834000
6.40908797	3.96740600	-3.28989500
6.41408797	3.96740600	-2.79549500
6.41908797	3.96740600	-1.68462200
6.42408797	3.96740600	-2.13019200
6.42908797	3.96740600	-4.07727300
6.43408797	3.96740600	-5.01724300
6.43908797	3.96740600	-4.92568700
6.44408797	3.96740600	-4.40687300
6.44908797	3.96740600	-3.38755500
6.45408797	3.96740600	-3.41196900
6.45908797	3.96740600	-4.52284300
6.46408797	3.96740600	-4.54725700
6.46908797	3.96740600	-3.52794000
6.47408797	3.96740600	-3.03354000
6.47908797	3.96740600	-3.03354000
6.48408797	3.96740600	-3.52794000
6.48908797	3.96740600	-4.54725700
6.49408797	3.96740600	-4.54725700
6.49908797	3.96740600	-3.52794000
6.50408797	3.96740600	-3.05795500
6.50908797	3.96740600	-3.14951000
6.51408797	3.96740600	-3.17392500
6.51908797	3.96740600	-3.17392500
6.52408797	3.96740600	-3.17392500
6.52908797	3.96740600	-3.17392500
6.53408797	3.96740600	-3.17392500
6.53908797	3.96740600	-3.17392500
6.54408797	3.96740600	-3.17392500
6.54908797	3.96740600	-3.17392500
6.55408797	3.96740600	-3.17392500
6.55908797	3.96740600	-3.17392500
6.56408797	3.96740600	-3.17392500
6.56908797	3.96740600	-3.17392500
6.57408797	3.96740600	-3.17392500
6.57908797	3.96740600	-3.17392500
6.58408797	3.96740600	-3.14951000
6.58908797	3.96740600	-3.05795500
6.59408797	3.96740600	-3.52794000
6.59908797	3.96740600	-4.54725700
6.60408797	3.96740600	-4.54725700
6.60908797	3.96740600	-3.52794000
6.61408797	3.96740600	-3.03354000
6.61908797	3.96740600	-3.03354000
6.62408797	3.96740600	-3.50352500
6.62908797	3.96740600	-4.43128700
6.63408797	3.96740600	-4.87685800
6.63908797	3.96740600	-4.78530200
6.64408797	3.96740600	-4.76088700
6.64908797	3.96740600	-4.76088700
6.65408797	3.96740600	-4.76088700
6.65908797	3.96740600	-4.76088700
6.66408797	3.96740600	-4.76088700
6.66908797	3.96740600	-4.76088700
6.67408797	3.96740600	-4.76088700
6.67908797	3.96740600	-4.76088700
6.68408797	3.96740600	-4.76088700
6.68908797	3.96740600	-4.76088700
6.69408797	3.96740600	-4.76088700
6.69908797	3.96740600	-4.76088700
6.70408797	3.96740600	-4.76088700
6.70908797	3.96740600	-4.76088700
6.71408797	3.96740600	-4.76088700
6.71908797	3.96740600	-4.76088700
6.72408797	3.96740600	-4.78530200
6.72908797	3.96740600	-4.87685800
6.73408797	3.96740600	-4.43128700
6.73908797	3.96740600	-3.50352500
6.74408797	3.96740600	-3.03354000
6.74908797	3.96740600	-3.03354000
6.75408797	3.96740600	-3.50352500
6.75908797	3.96740600	-4.43128700
6.76408797	3.96740600	-4.90127200
6.76908797	3.96740600	-4.90127200
6.77408797	3.96740600	-4.40687300
6.77908797	3.96740600	-3.38755500
6.78408797	3.96740600	-3.38755500
6.78908797	3.96740600	-4.40687300
6.79408797	3.96740600	-4.87685800
6.79908797	3.96740600	-4.78530200
6.80408797	3.96740600	-4.76088700
6.80908797	3.96740600	-4.76088700
6.81408797	3.96740600	-4.76088700
6.81908797	3.96740600	-4.76088700
6.82408797	3.96740600	-4.76088700
6.82908797	3.96740600	-4.76088700
6.83408797	3.96740600	-4.78530200
6.83908797	3.96740600	-4.87685800
6.84408797	3.96740600	-4.43128700
6.84908797	3.96740600	-3.50352500
6.85408797	3.96740600	-3.05795500
6.85908797	3.96740600	-3.14951000
6.86408797	3.96740600	-3.17392500
6.86908797	3.96740600	-3.17392500
6.87408797	3.96740600	-3.17392500
6.87908797	3.96740600	-3.17392500
6.88408797	3.96740600	-3.17392500
6.88908797	3.96740600	-3.17392500
6.89408797	3.96740600	-3.17392500
6.89908797	3.96740600	-3.17392500
6.90408797	3.96740600	-3.17392500
6.90908797	3.96740600	-3.17392500
6.91408797	3.96740600	-3.17392500
6.91908797	3.96740600	-3.17392500
6.92408797	3.96740600	-3.17392500
6.92908797	3.96740600	-3.17392500
6.93408797	3.96740600	-3.17392500
6.93908797	3.96740600	-3.17392500
6.94408797	3.96740600	-3.17392500
6.94908797	3.96740600	-3.17392500
6.95408797	3.96740600	-3.17392500
6.95908797	3.96740600	-3.17392500
6.96408797	3.96740600	-3.14951000
6.96908797	3.96740600	-3.05795500
6.97408797	3.96740600	-3.50352500
6.97908797	3.96740600	-4.43128700
6.98408797	3.96740600	-4.87685800
6.98908797	3.96740600	-4.78530200
6.99408797	3.96740600	-4.76088700
6.99908797	3.96740600	-4.76088700
7.00408797	3.96740600	-4.76088700
7.00908797	3.96740600	-4.76088700
7.01408797	3.96740600	-4.76088700
7.01908797	3.96740600	-4.76088700
7.02408797	3.96740600	-4.76088700
7.02908797	3.96740600	-4.76088700
7.03408797	3.96740600	-4.76088700
7.03908797	3.96740600	-4.76088700
7.04408797	3.96740600	-4.76088700
7.04908797	3.96740600	-4.76088700
7.05408797	3.96740600	-4.76088700
7.05908797	3.96740600	-4.76088700
7.06408797	3.96740600	-4.78530200
7.06908797	3.96740600	-4.87685800
7.07408797	3.96740600	-4.40687300
7.07908797	3.96740600	-3.38755500
7.08408797	3.96740600	-3.38755500
7.08908797	3.96740600	-4.40687300
7.09408797	3.96740600	-4.87685800
7.09908797	3.96740600	-4.78530200
7.10408797	3.96740600	-4.78530200
7.10908797	3.96740600	-4.87685800
7.11408797	3.96740600	-4.40687300
7.11908797	3.96740600	-3.38755500
7.12408797	3.96740600	-3.43638400
7.12908797	3.96740600	-4.63881300
7.13408797	3.96740600	-4.19324400
7.13908797	3.96740600	-2.15460700
7.14408797	3.96740600	-1.63579200
7.14908797	3.96740600	-2.56355500
7.15408797	3.96740600	-3.97351000
7.15908797	3.96740600	-5.82903500
7.16408797	3.96740600	-6.25019100
7.16908797	3.96740600	-5.13931700
7.17408797	3.96740600	-4.62050200
7.17908797	3.96740600	-4.62050200
7.18408797	3.96740600	-5.11490200
7.18908797	3.96740600	-6.13422100
7.19408797	3.96740600	-6.13422100
7.19908797	3.96740600	-5.11490200
7.20408797	3.96740600	-4.64491700
7.20908797	3.96740600	-4.73647300
7.21408797	3.96740600	-4.78530200
7.21908797	3.96740600	-4.87685800
7.22408797	3.96740600	-4.43128700
7.22908797	3.96740600	-3.50352500
7.23408797	3.96740600	-3.08237000
7.23908797	3.96740600	-3.26548100
7.24408797	3.96740600	-2.89315500
7.24908797	3.96740600	-2.14850300
7.25408797	4.02844300	-0.85451830
7.25908797	4.25733200	0.71413310
7.26408797	3.08236900	2.41096200
7.26908797	0.53407390	3.79650300
7.27408797	0.53407390	5.86565700
7.27908797	3.08236900	7.98974600
7.28408797	4.25733200	11.40782000
7.28908797	4.02844300	15.28977000
7.29408797	3.96740600	19.57457000
7.29908797	3.96740600	23.27341000
7.30408797	3.96740600	27.48497000
7.30908797	3.96740600	31.09226000
7.31408797	3.96740600	35.73717000
7.31908797	3.96740600	40.16846000
7.32408797	3.96740600	45.70452000
7.32908797	3.96740600	50.97202000
7.33408797	3.96740600	56.95364000
7.33908797	3.96740600	62.22724000
7.34408797	3.96740600	67.76330000
7.34908797	3.96740600	72.19459000
7.35408797	3.96740600	76.83340000
7.35908797	3.96740600	80.44069000
7.36408797	3.96740600	84.67666000
7.36908797	3.96740600	88.47316000
7.37408797	3.96740600	92.28797000
7.37908797	3.96740600	95.15060000
7.38408797	3.96740600	98.58699000
7.38908797	3.96740600	101.82810000
7.39408797	3.96740600	103.94600000
7.39908797	3.96740600	104.40380000
7.40408797	3.96740600	105.17900000
7.40908797	3.96740600	105.92360000
7.41408797	3.96740600	106.83920000
7.41908797	3.96740600	107.85850000
7.42408797	3.96740600	107.41290000
7.42908797	3.96740600	105.55740000
7.43408797	3.96740600	104.23900000
7.43908797	3.96740600	103.68970000
7.44408797	4.02844300	102.43840000
7.44908797	4.25733200	100.86980000
7.45408797	3.08236900	99.14853000
7.45908797	0.53407390	97.67143000
7.46408797	0.53407390	95.99902000
7.46908797	3.08236900	94.61348000
7.47408797	4.31836900	92.47108000
7.47908797	4.31836900	90.06622000
7.48408797	3.08236900	87.94824000
7.48908797	0.53407390	86.65426000
7.49408797	0.59511090	84.56068000
7.49908797	3.37229500	82.24128000
7.50408797	3.43333200	79.65331000
7.50908797	0.88503670	77.34000000
7.51408797	-0.35096280	75.19760000
7.51908797	-0.35096280	73.72051000
7.52408797	0.82399970	72.51808000
7.52908797	3.14340600	72.06030000
7.53408797	4.25733200	70.36347000
7.53908797	4.02844300	67.86706000
7.54408797	3.96740600	65.67583000
7.54908797	3.96740600	64.19874000
7.55408797	4.02844300	62.99631000
7.55908797	4.25733200	62.53853000
7.56408797	3.14340600	60.84170000
7.56908797	0.82399970	58.34528000
7.57408797	-0.28992580	56.17847000
7.57908797	-0.06103702	54.78683000
7.58408797	-0.06103702	53.11441000
7.58908797	-0.28992580	51.63732000
7.59408797	0.82399970	49.91607000
7.59908797	3.14340600	48.34742000
7.60408797	4.25733200	47.09616000
7.60908797	4.02844300	46.54683000
7.61408797	4.02844300	45.27116000
7.61908797	4.25733200	43.61095000
7.62408797	3.14340600	42.31086000
7.62908797	0.82399970	41.66998000
7.63408797	-0.28992580	40.84597000
7.63908797	-0.06103702	40.10132000
7.64408797	0.00000000	39.27732000
7.64908797	0.00000000	38.63643000
7.65408797	0.00000000	37.33634000
7.65908797	0.00000000	35.67614000
7.66408797	0.00000000	34.37605000
7.66908797	0.00000000	33.73516000
7.67408797	-0.06103702	32.91116000
7.67908797	-0.28992580	32.16651000
7.68408797	0.82399970	31.32420000
7.68908797	3.14340600	30.57955000
7.69408797	4.25733200	29.71282000
7.69908797	4.02844300	28.87661000
7.70408797	4.02844300	28.52260000
7.70908797	4.25733200	28.90103000
7.71408797	3.08236900	27.57652000
7.71908797	0.53407390	24.79934000
7.72408797	0.59511090	23.45042000
7.72908797	3.37229500	23.73119000
7.73408797	3.37229500	23.82885000
7.73908797	0.59511090	23.92041000
7.74408797	0.53407390	23.49925000
7.74908797	3.08236900	22.66304000
7.75408797	4.25733200	21.79632000
7.75908797	4.02844300	21.05167000
7.76408797	4.02844300	20.20936000
7.76908797	4.25733200	19.46471000
7.77408797	3.14340600	18.57356000
7.77908797	0.82399970	17.64580000
7.78408797	-0.28992580	17.69463000
7.78908797	-0.06103702	18.80550000
7.79408797	-0.06103702	18.85434000
7.79908797	-0.28992580	17.92657000
7.80408797	0.88503670	17.03543000
7.80908797	3.43333200	16.29078000
7.81408797	3.37229500	15.42405000
7.81908797	0.59511090	14.58785000
7.82408797	0.59511090	14.21552000
7.82908797	3.37229500	14.49019000
7.83408797	3.43333200	13.59905000
7.83908797	0.88503670	11.65197000
7.84408797	-0.28992580	11.23081000
7.84908797	-0.06103702	12.43324000
7.85408797	0.00000000	12.48207000
7.85908797	0.00000000	11.46275000
7.86408797	0.00000000	10.99277000
7.86908797	0.00000000	11.08432000
7.87408797	0.00000000	11.10874000
7.87908797	0.00000000	11.10874000
7.88408797	0.00000000	11.10874000
7.88908797	0.00000000	11.10874000
7.89408797	0.00000000	11.13315000
7.89908797	0.00000000	11.22471000
7.90408797	0.00000000	10.80355000
7.90908797	0.00000000	9.96734500
7.91408797	0.00000000	9.05179000
7.91908797	0.00000000	8.12402700
7.92408797	0.00000000	8.17285700
7.92908797	0.00000000	9.28373100
7.93408797	0.00000000	9.28373100
7.93908797	0.00000000	8.17285700
7.94408797	0.00000000	8.14844100
7.94908797	0.00000000	9.16776000
7.95408797	-0.06103702	9.63774600
7.95908797	-0.28992580	9.54619000
7.96408797	0.88503670	9.54619000
7.96908797	3.43333200	9.63774600
7.97408797	3.43333200	9.19217500
7.97908797	0.88503670	8.26441300
7.98408796	-0.28992580	7.81884200
7.98908796	-0.06103702	7.91039800
7.99408796	0.00000000	7.95922800
7.99908796	0.00000000	8.05078300
8.00408796	0.00000000	7.58079800
8.00908796	0.00000000	6.56148000
8.01408796	0.00000000	6.58589400
8.01908796	0.00000000	7.69676800
8.02408796	0.00000000	7.72118300
8.02908796	0.00000000	6.70186400
8.03408796	0.00000000	6.23187900
8.03908796	0.00000000	6.32343500
8.04408796	0.00000000	6.34785000
8.04908796	0.00000000	6.34785000
8.05408796	0.00000000	6.37226500
8.05908796	0.00000000	6.46382000
8.06408796	0.00000000	5.99383500
8.06908796	0.00000000	4.97451700
8.07408796	0.00000000	4.99893200
8.07908796	0.00000000	6.10980600
8.08408796	0.00000000	6.13422100
8.08908796	0.00000000	5.11490200
8.09408796	0.00000000	4.64491700
8.09908796	0.00000000	4.73647300
8.10408796	0.00000000	4.76088700
8.10908796	0.00000000	4.76088700
8.11408796	0.00000000	4.76088700
8.11908796	0.00000000	4.76088700
8.12408796	0.00000000	4.76088700
8.12908796	0.00000000	4.76088700
8.13408796	0.00000000	4.73647300
8.13908796	0.00000000	4.64491700
8.14408796	0.00000000	5.11490200
8.14908796	0.00000000	6.13422100
8.15408796	0.00000000	6.13422100
8.15908796	0.00000000	5.11490200
8.16408796	0.00000000	4.62050200
8.16908796	0.00000000	4.62050200
8.17408796	0.00000000	5.11490200
8.17908796	0.00000000	6.13422100
8.18408796	0.00000000	6.13422100
8.18908796	0.00000000	5.11490200
8.19408796	0.00000000	4.64491700
8.19908796	0.00000000	4.73647300
8.20408796	0.00000000	4.76088700
8.20908796	0.00000000	4.76088700
8.21408796	0.00000000	4.76088700
8.21908796	0.00000000	4.76088700
8.22408796	0.00000000	4.78530200
8.22908796	0.00000000	4.87685800
8.23408796	0.00000000	4.43128700
8.23908796	0.00000000	3.50352500
8.24408796	0.00000000	3.03354000
8.24908796	0.00000000	3.03354000
8.25408796	0.00000000	3.50352500
8.25908796	0.00000000	4.43128700
8.26408796	0.00000000	4.87685800
8.26908796	0.00000000	4.78530200
8.27408796	0.00000000	4.76088700
8.27908796	0.00000000	4.76088700
8.28408796	0.00000000	4.76088700
8.28908796	0.00000000	4.76088700
8.29408796	0.00000000	4.76088700
8.29908796	0.00000000	4.76088700
8.30408796	0.00000000	4.76088700
8.30908796	0.00000000	4.76088700
8.31408796	0.00000000	4.76088700
8.31908796	0.00000000	4.76088700
8.32408796	0.00000000	4.76088700
8.32908796	0.00000000	4.76088700
8.33408796	0.00000000	4.76088700
8.33908796	0.00000000	4.76088700
8.34408796	0.00000000	4.76088700
8.34908796	0.00000000	4.76088700
8.35408796	0.00000000	4.76088700
8.35908796	0.00000000	4.76088700
8.36408796	0.00000000	4.78530200
8.36908796	0.00000000	4.87685800
8.37408796	0.00000000	4.43128700
8.37908796	0.00000000	3.50352500
8.38408796	0.00000000	3.08237000
8.38908796	0.00000000	3.26548100
8.39408796	0.00000000	2.81991000
8.39908796	0.00000000	1.80059200
8.40408796	0.00000000	1.80059200
8.40908796	0.00000000	2.81991000
8.41408796	0.00000000	3.31431000
8.41908796	0.00000000	3.31431000
8.42408796	0.00000000	2.81991000
8.42908796	0.00000000	1.80059200
8.43408796	0.00000000	1.80059200
8.43908796	0.00000000	2.81991000
8.44408796	0.00000000	3.31431000
8.44908796	0.00000000	3.31431000
8.45408796	0.00000000	2.81991000
8.45908796	0.00000000	1.80059200
8.46408796	0.00000000	1.80059200
8.46908796	0.00000000	2.81991000
8.47408796	0.00000000	3.31431000
8.47908796	0.00000000	3.31431000
8.48408796	0.00000000	2.81991000
8.48908796	0.00000000	1.80059200
8.49408796	0.00000000	1.82500700
8.49908796	0.00000000	2.93588100
8.50408796	0.00000000	2.96029500
8.50908796	0.00000000	1.94097700
8.51408796	0.00000000	1.44657700
8.51908796	0.00000000	1.44657700
8.52408796	0.00000000	1.91656200
8.52908796	0.00000000	2.84432500
8.53408796	0.00000000	3.28989500
8.53908796	0.00000000	3.19834000
8.54408796	0.00000000	3.14951000
8.54908796	0.00000000	3.05795500
8.55408796	0.00000000	3.50352500
8.55908796	0.00000000	4.43128700
8.56408796	0.00000000	4.87685800
8.56908796	0.00000000	4.78530200
8.57408796	0.00000000	4.78530200
8.57908796	0.00000000	4.87685800
8.58408796	0.00000000	4.40687300
8.58908796	0.00000000	3.38755500
8.59408796	0.00000000	3.41196900
8.59908796	0.00000000	4.52284300
8.60408796	0.00000000	4.54725700
8.60908796	0.00000000	3.52794000
8.61408796	0.00000000	3.05795500
8.61908796	0.00000000	3.14951000
8.62408796	0.00000000	3.19834000
8.62908796	0.00000000	3.28989500
8.63408796	0.00000000	2.84432500
8.63908796	0.00000000	1.91656200
8.64408796	0.00000000	1.47099200
8.64908796	0.00000000	1.56254800
8.65408796	0.00000000	1.58696200
8.65908796	0.00000000	1.58696200
8.66408796	0.00000000	1.58696200
8.66908796	0.00000000	1.58696200
8.67408796	0.00000000	1.58696200
8.67908796	0.00000000	1.58696200
8.68408796	0.00000000	1.58696200
8.68908796	0.00000000	1.58696200
8.69408796	0.00000000	1.61137700
8.69908796	0.00000000	1.70293300
8.70408796	0.00000000	1.25736300
8.70908796	0.00000000	0.32959990
8.71408796	0.00000000	-0.14038510
8.71908796	0.00000000	-0.14038510
8.72408796	0.00000000	0.32959990
8.72908796	0.00000000	1.25736300
8.73408796	0.00000000	1.72734800
8.73908796	0.00000000	1.72734800
8.74408796	0.00000000	1.23294800
8.74908796	0.00000000	0.21362960
8.75408796	0.00000000	0.21362960
8.75908796	0.00000000	1.23294800
8.76408796	0.00000000	1.72734800
8.76908796	0.00000000	1.72734800
8.77408796	0.00000000	1.23294800
8.77908796	0.00000000	0.21362960
8.78408796	0.00000000	0.21362960
8.78908796	0.00000000	1.23294800
8.79408796	0.00000000	1.72734800
8.79908796	0.00000000	1.72734800
8.80408796	0.00000000	1.28177700
8.80908796	0.00000000	0.44557020
8.81408796	0.00000000	-0.49439980
8.81908796	0.00000000	-1.51371800
8.82408796	0.00000000	-1.04373300
8.82908796	0.00000000	0.90334780
8.83408796	0.00000000	1.84331800
8.83908796	0.00000000	1.75176200
8.84408796	0.00000000	1.23294800
8.84908796	0.00000000	0.21362960
8.85408796	0.00000000	0.21362960
8.85908796	0.00000000	1.23294800
8.86408796	0.00000000	1.72734800
8.86908796	0.00000000	1.72734800
8.87408796	0.00000000	1.23294800
8.87908796	0.00000000	0.21362960
8.88408796	0.00000000	0.21362960
8.88908796	0.00000000	1.23294800
8.89408796	0.00000000	1.70293300
8.89908796	0.00000000	1.61137700
8.90408796	0.00000000	1.58696200
8.90908796	0.00000000	1.58696200
8.91408796	0.00000000	1.58696200
8.91908796	0.00000000	1.58696200
8.92408796	0.00000000	1.61137700
8.92908796	0.00000000	1.70293300
8.93408796	0.00000000	1.25736300
8.93908796	0.00000000	0.32959990
8.94408796	0.00000000	-0.14038510
8.94908796	0.00000000	-0.14038510
8.95408796	0.00000000	0.35401470
8.95908796	0.00000000	1.37333300
8.96408796	0.00000000	1.37333300
8.96908796	0.00000000	0.35401470
8.97408796	0.00000000	-0.09155553
8.97908796	0.00000000	0.09155553
8.98408796	0.00000000	-0.35401470
8.98908796	0.00000000	-1.37333300
8.99408796	0.00000000	-1.34891800
8.99908796	0.00000000	-0.23804440
9.00408796	0.00000000	-0.21362960
9.00908796	0.00000000	-1.23294800
9.01408796	0.00000000	-1.70293300
9.01908796	0.00000000	-1.61137700
9.02408796	0.00000000	-1.58696200
9.02908796	0.00000000	-1.58696200
