Time	Channel A	Channel B
(us)	(mV)	(mV)

-1.00812296	0.00000000	3.17392500
-1.00312296	0.00000000	3.17392500
-0.99812296	0.00000000	3.17392500
-0.99312296	0.00000000	3.17392500
-0.98812296	0.00000000	3.17392500
-0.98312296	0.00000000	3.17392500
-0.97812296	0.00000000	3.17392500
-0.97312296	0.00000000	3.17392500
-0.96812296	0.00000000	3.17392500
-0.96312296	0.00000000	3.17392500
-0.95812296	0.00000000	3.17392500
-0.95312296	0.00000000	3.17392500
-0.94812296	0.00000000	3.17392500
-0.94312296	0.00000000	3.17392500
-0.93812296	0.00000000	3.17392500
-0.93312296	0.00000000	3.17392500
-0.92812296	0.00000000	3.19834000
-0.92312296	0.00000000	3.28989500
-0.91812296	0.00000000	2.81991000
-0.91312296	0.00000000	1.80059200
-0.90812296	0.00000000	1.82500700
-0.90312296	0.00000000	2.93588100
-0.89812296	0.00000000	2.96029500
-0.89312296	0.00000000	1.94097700
-0.88812296	0.00000000	1.47099200
-0.88312296	0.00000000	1.56254800
-0.87812296	0.00000000	1.58696200
-0.87312296	0.00000000	1.58696200
-0.86812296	0.00000000	1.58696200
-0.86312296	0.00000000	1.58696200
-0.85812296	0.00000000	1.58696200
-0.85312296	0.00000000	1.58696200
-0.84812296	0.00000000	1.58696200
-0.84312296	0.00000000	1.58696200
-0.83812296	0.00000000	1.58696200
-0.83312296	0.00000000	1.58696200
-0.82812296	0.00000000	1.58696200
-0.82312296	0.00000000	1.58696200
-0.81812296	0.00000000	1.56254800
-0.81312296	0.00000000	1.47099200
-0.80812296	0.00000000	1.94097700
-0.80312296	0.00000000	2.96029500
-0.79812296	0.00000000	2.96029500
-0.79312296	0.00000000	1.94097700
-0.78812296	0.00000000	1.47099200
-0.78312296	0.00000000	1.56254800
-0.77812296	0.00000000	1.58696200
-0.77312296	0.00000000	1.58696200
-0.76812296	0.00000000	1.58696200
-0.76312296	0.00000000	1.58696200
-0.75812296	0.00000000	1.61137700
-0.75312296	0.00000000	1.70293300
-0.74812296	0.00000000	1.23294800
-0.74312296	0.00000000	0.21362960
-0.73812296	0.00000000	0.23804440
-0.73312296	0.00000000	1.34891800
-0.72812296	0.00000000	1.37333300
-0.72312296	0.00000000	0.35401470
-0.71812296	0.00000000	-0.14038510
-0.71312296	0.00000000	-0.14038510
-0.70812296	0.00000000	0.35401470
-0.70312296	0.00000000	1.37333300
-0.69812296	0.00000000	1.37333300
-0.69312296	0.00000000	0.35401470
-0.68812296	0.00000000	-0.11597030
-0.68312296	0.00000000	-0.02441481
-0.67812296	0.00000000	-0.02441481
-0.67312296	0.00000000	-0.11597030
-0.66812296	0.00000000	0.32959990
-0.66312296	0.00000000	1.25736300
-0.65812296	0.00000000	1.70293300
-0.65312296	0.00000000	1.61137700
-0.64812296	0.00000000	1.58696200
-0.64312296	0.00000000	1.58696200
-0.63812296	0.00000000	1.61137700
-0.63312296	0.00000000	1.70293300
-0.62812296	0.00000000	1.23294800
-0.62312296	0.00000000	0.21362960
-0.61812296	0.00000000	0.21362960
-0.61312296	0.00000000	1.23294800
-0.60812296	0.00000000	1.70293300
-0.60312296	0.00000000	1.61137700
-0.59812296	0.00000000	1.58696200
-0.59312296	0.00000000	1.58696200
-0.58812296	0.00000000	1.58696200
-0.58312296	0.00000000	1.58696200
-0.57812296	0.00000000	1.58696200
-0.57312296	0.00000000	1.58696200
-0.56812296	0.00000000	1.58696200
-0.56312296	0.00000000	1.58696200
-0.55812296	0.00000000	1.58696200
-0.55312296	0.00000000	1.58696200
-0.54812296	0.00000000	1.58696200
-0.54312296	0.00000000	1.58696200
-0.53812296	0.00000000	1.58696200
-0.53312296	0.00000000	1.58696200
-0.52812296	0.00000000	1.58696200
-0.52312296	0.00000000	1.58696200
-0.51812296	0.00000000	1.61137700
-0.51312297	0.00000000	1.70293300
-0.50812297	0.00000000	1.25736300
-0.50312297	0.00000000	0.32959990
-0.49812297	0.00000000	-0.11597030
-0.49312297	0.00000000	-0.02441481
-0.48812297	0.00000000	-0.02441481
-0.48312297	0.00000000	-0.11597030
-0.47812297	0.00000000	0.32959990
-0.47312297	0.00000000	1.25736300
-0.46812297	0.00000000	1.70293300
-0.46312297	0.00000000	1.61137700
-0.45812297	0.00000000	1.58696200
-0.45312297	0.00000000	1.58696200
-0.44812297	0.00000000	1.58696200
-0.44312297	0.00000000	1.58696200
-0.43812297	0.00000000	1.58696200
-0.43312297	0.00000000	1.58696200
-0.42812297	0.00000000	1.58696200
-0.42312297	0.00000000	1.58696200
-0.41812297	0.00000000	1.58696200
-0.41312297	0.00000000	1.58696200
-0.40812297	0.00000000	1.56254800
-0.40312297	0.00000000	1.47099200
-0.39812297	0.00000000	1.94097700
-0.39312297	0.00000000	2.96029500
-0.38812297	0.00000000	2.96029500
-0.38312297	0.00000000	1.94097700
-0.37812297	0.00000000	1.47099200
-0.37312297	0.00000000	1.56254800
-0.36812297	0.00000000	1.58696200
-0.36312297	0.00000000	1.58696200
-0.35812297	0.00000000	1.58696200
-0.35312297	0.00000000	1.58696200
-0.34812297	0.00000000	1.58696200
-0.34312297	0.00000000	1.58696200
-0.33812297	0.00000000	1.58696200
-0.33312297	0.00000000	1.58696200
-0.32812297	0.00000000	1.58696200
-0.32312297	0.00000000	1.58696200
-0.31812297	0.00000000	1.58696200
-0.31312297	0.00000000	1.58696200
-0.30812297	0.00000000	1.58696200
-0.30312297	0.00000000	1.58696200
-0.29812297	0.00000000	1.56254800
-0.29312297	0.00000000	1.47099200
-0.28812297	0.00000000	1.94097700
-0.28312297	0.00000000	2.96029500
-0.27812297	0.00000000	2.93588100
-0.27312297	0.00000000	1.82500700
-0.26812297	0.00000000	1.82500700
-0.26312297	0.00000000	2.93588100
-0.25812297	0.00000000	2.93588100
-0.25312297	0.00000000	1.82500700
-0.24812297	0.00000000	1.80059200
-0.24312297	0.00000000	2.81991000
-0.23812297	0.00000000	3.31431000
-0.23312297	0.00000000	3.31431000
-0.22812297	0.00000000	2.81991000
-0.22312297	0.00000000	1.80059200
-0.21812297	0.00000000	1.82500700
-0.21312297	0.00000000	2.93588100
-0.20812297	-0.06103702	2.96029500
-0.20312297	-0.28992580	1.94097700
-0.19812297	0.82399970	1.47099200
-0.19312297	3.14340600	1.56254800
-0.18812297	4.19629500	1.61137700
-0.18312297	3.73851700	1.70293300
-0.17812297	4.73036900	1.23294800
-0.17312297	6.82088700	0.21362960
-0.16812297	8.98770000	0.21362960
-0.16312297	10.84933000	1.23294800
-0.15812297	13.01614000	1.72734800
-0.15312297	15.10666000	1.72734800
-0.14812297	16.09851000	1.25736300
-0.14312297	15.64073000	0.32959990
-0.13812297	16.63259000	-0.11597030
-0.13312297	18.72310000	-0.02441481
-0.12812297	20.88992000	0.00000000
-0.12312297	22.75155000	0.00000000
-0.11812297	24.85732000	0.00000000
-0.11312297	26.71895000	0.00000000
-0.10812297	28.77895000	0.00000000
-0.10312297	30.38117000	0.00000000
-0.09812297	33.63140000	0.02441481
-0.09312297	37.78191000	0.11597030
-0.08812297	41.03213000	-0.32959990
-0.08312297	42.63435000	-1.25736300
-0.07812297	44.64858000	-1.70293300
-0.07312297	46.25080000	-1.61137700
-0.06812297	49.43998000	-1.56254800
-0.06312297	53.36161000	-1.47099200
-0.05812297	57.66472000	-1.91656200
-0.05312297	61.35746000	-2.84432500
-0.04812297	65.59953000	-3.26548100
-0.04312297	69.30753000	-3.08237000
-0.03812297	73.54960000	-3.50352500
-0.03312297	77.24234000	-4.43128700
-0.02812297	81.54546000	-4.90127200
-0.02312297	85.46708000	-4.90127200
-0.01812297	88.59523000	-4.45570200
-0.01312297	89.96856000	-3.61949500
-0.00812297	93.09670000	-2.72835500
-0.00312297	97.01833000	-1.89214800
0.00187703	101.32140000	-1.47099200
0.00687703	105.01420000	-1.56254800
0.01187703	109.31730000	-1.58696200
0.01687703	113.23890000	-1.58696200
0.02187703	116.36710000	-1.61137700
0.02687703	117.74040000	-1.70293300
0.03187703	120.86850000	-1.23294800
0.03687703	124.79020000	-0.21362960
0.04187703	129.15430000	-0.18921480
0.04687703	133.07600000	-1.11697700
0.05187703	136.20410000	-2.00811800
0.05687703	137.57740000	-2.75276900
0.06187703	140.76660000	-3.64391000
0.06687703	144.93240000	-4.57167300
0.07187703	148.18260000	-4.52284300
0.07687703	149.78480000	-3.41196900
0.08187703	151.84480000	-3.38755500
0.08687703	153.70650000	-4.40687300
0.09187703	155.87330000	-4.87685800
0.09687703	157.96380000	-4.78530200
0.10187703	158.95570000	-4.78530200
0.10687703	158.49790000	-4.87685800
0.11187703	159.55080000	-4.43128700
0.11687703	161.87020000	-3.50352500
0.12187703	162.98410000	-3.08237000
0.12687703	162.75520000	-3.26548100
0.13187703	162.75520000	-2.86874000
0.13687703	162.98410000	-2.03253300
0.14187703	161.87020000	-1.14139200
0.14687703	159.55080000	-0.30518510
0.15187703	158.43680000	0.11597030
0.15687703	158.66570000	0.02441481
0.16187703	158.78780000	0.00000000
0.16687703	159.01670000	0.00000000
0.17187703	157.96380000	0.00000000
0.17687703	155.87330000	0.00000000
0.18187703	153.64540000	0.00000000
0.18687703	151.55490000	0.00000000
0.19187703	150.56300000	0.00000000
0.19687703	151.02080000	0.00000000
0.20187703	150.02900000	0.02441481
0.20687703	147.93850000	0.11597030
0.21187703	145.77170000	-0.32959990
0.21687703	143.92530000	-1.25736300
0.22187703	141.72800000	-1.70293300
0.22687703	139.63740000	-1.61137700
0.23187703	138.58450000	-1.56254800
0.23687703	138.81340000	-1.47099200
0.24187703	138.93550000	-1.91656200
0.24687703	139.16440000	-2.84432500
0.25187703	138.05050000	-3.28989500
0.25687703	135.73110000	-3.19834000
0.26187703	134.67820000	-3.14951000
0.26687703	135.13600000	-3.05795500
0.27187703	134.08310000	-3.52794000
0.27687703	131.76370000	-4.54725700
0.28187703	130.64970000	-4.54725700
0.28687703	130.87860000	-3.52794000
0.29187703	131.00070000	-3.08237000
0.29687703	131.22960000	-3.26548100
0.30187703	130.11560000	-2.81991000
0.30687703	127.79630000	-1.80059200
0.31187703	126.68230000	-1.82500700
0.31687703	126.91120000	-2.93588100
0.32187703	126.97230000	-2.96029500
0.32687703	126.97230000	-1.94097700
0.33187703	127.03330000	-1.47099200
0.33687703	127.26220000	-1.56254800
0.34187703	126.14820000	-1.61137700
0.34687703	123.82880000	-1.70293300
0.35187703	122.71490000	-1.23294800
0.35687703	122.94380000	-0.21362960
0.36187703	123.06590000	-0.18921480
0.36687703	123.29480000	-1.11697700
0.37187703	122.11980000	-2.05694700
0.37687703	119.57150000	-2.98471000
0.38187703	119.63260000	-2.96029500
0.38687703	122.40970000	-1.94097700
0.39187703	122.47080000	-1.47099200
0.39687703	119.92250000	-1.56254800
0.40187703	118.74750000	-1.61137700
0.40687703	118.97640000	-1.70293300
0.41187703	119.03740000	-1.23294800
0.41687703	119.03740000	-0.21362960
0.42187703	119.03740000	-0.23804440
0.42687703	119.03740000	-1.34891800
0.43187703	119.03740000	-1.37333300
0.43687703	119.03740000	-0.35401470
0.44187703	119.03740000	0.11597030
0.44687703	119.03740000	0.02441481
0.45187703	119.03740000	-0.02441481
0.45687703	119.03740000	-0.11597030
0.46187703	119.09850000	0.35401470
0.46687703	119.32740000	1.37333300
0.47187703	118.21340000	1.34891800
0.47687703	115.89400000	0.23804440
0.48187703	114.78010000	0.23804440
0.48687703	115.00900000	1.34891800
0.49187703	115.07000000	1.37333300
0.49687703	115.07000000	0.35401470
0.50187703	115.07000000	-0.11597030
0.50687703	115.07000000	-0.02441481
0.51187703	115.13110000	0.00000000
0.51687703	115.36000000	0.00000000
0.52187703	114.24600000	0.00000000
0.52687703	111.92660000	0.00000000
0.53187703	110.81270000	-0.02441481
0.53687703	111.04160000	-0.11597030
0.54187703	111.10260000	0.32959990
0.54687703	111.10260000	1.25736300
0.55187703	111.10260000	1.70293300
0.55687703	111.10260000	1.61137700
0.56187703	111.10260000	1.58696200
0.56687703	111.10260000	1.58696200
0.57187703	111.10260000	1.58696200
0.57687703	111.10260000	1.58696200
0.58187703	111.16370000	1.56254800
0.58687703	111.39250000	1.47099200
0.59187703	110.27860000	1.91656200
0.59687703	107.95920000	2.84432500
0.60187703	106.84530000	3.31431000
0.60687703	107.07420000	3.31431000
0.61187703	107.13520000	2.84432500
0.61687703	107.13520000	1.91656200
0.62187703	107.13520000	1.47099200
0.62687703	107.13520000	1.56254800
0.63187703	107.13520000	1.58696200
0.63687703	107.13520000	1.58696200
0.64187703	107.13520000	1.58696200
0.64687703	107.13520000	1.58696200
0.65187703	107.13520000	1.58696200
0.65687703	107.13520000	1.58696200
0.66187703	107.13520000	1.58696200
0.66687703	107.13520000	1.58696200
0.67187703	107.19630000	1.58696200
0.67687703	107.42510000	1.58696200
0.68187703	106.31120000	1.58696200
0.68687703	103.99180000	1.58696200
0.69187703	102.87790000	1.58696200
0.69687703	103.10680000	1.58696200
0.70187703	103.16780000	1.56254800
0.70687703	103.16780000	1.47099200
0.71187703	103.16780000	1.94097700
0.71687703	103.16780000	2.96029500
0.72187703	103.16780000	2.96029500
0.72687703	103.16780000	1.94097700
0.73187703	103.16780000	1.49540700
0.73687703	103.16780000	1.67851800
0.74187703	103.22890000	1.23294800
0.74687703	103.45770000	0.21362960
0.75187703	102.34380000	0.21362960
0.75687703	100.02440000	1.23294800
0.76187703	98.91048000	1.70293300
0.76687703	99.13937000	1.61137700
0.77187703	99.20041000	1.56254800
0.77687703	99.20041000	1.47099200
0.78187703	99.20041000	1.91656200
0.78687703	99.20041000	2.84432500
0.79187703	99.20041000	3.28989500
0.79687703	99.20041000	3.19834000
0.80187703	99.20041000	3.17392500
0.80687703	99.20041000	3.17392500
0.81187703	99.20041000	3.17392500
0.81687703	99.20041000	3.17392500
0.82187703	99.26145000	3.19834000
0.82687703	99.49034000	3.28989500
0.83187703	98.31538000	2.84432500
0.83687703	95.76707000	1.91656200
0.84187703	95.82811000	1.47099200
0.84687703	98.60530000	1.56254800
0.85187703	98.66634000	1.58696200
0.85687703	96.11804000	1.58696200
0.86187703	94.94308000	1.58696200
0.86687703	95.17197000	1.58696200
0.87187703	95.23300000	1.58696200
0.87687703	95.23300000	1.58696200
0.88187703	95.23300000	1.58696200
0.88687703	95.23300000	1.58696200
0.89187703	95.23300000	1.58696200
0.89687703	95.23300000	1.58696200
0.90187703	95.23300000	1.58696200
0.90687703	95.23300000	1.58696200
0.91187703	95.29404000	1.58696200
0.91687703	95.52293000	1.58696200
0.92187703	94.40900000	1.56254800
0.92687703	92.08959000	1.47099200
0.93187703	90.97568000	1.94097700
0.93687703	91.20457000	2.96029500
0.94187703	91.26560000	2.93588100
0.94687703	91.26560000	1.82500700
0.95187703	91.26560000	1.82500700
0.95687703	91.26560000	2.93588100
0.96187703	91.26560000	2.96029500
0.96687703	91.26560000	1.94097700
0.97187703	91.26560000	1.47099200
0.97687703	91.26560000	1.56254800
0.98187703	91.26560000	1.56254800
0.98687703	91.26560000	1.47099200
0.99187703	91.32664000	1.94097700
0.99687703	91.55552000	2.96029500
1.00187703	90.44160000	2.93588100
1.00687703	88.12219000	1.82500700
1.01187703	87.00826000	1.80059200
1.01687703	87.23715000	2.81991000
1.02187703	87.29819000	3.31431000
1.02687703	87.29819000	3.31431000
1.03187703	87.29819000	2.81991000
1.03687703	87.29819000	1.80059200
1.04187703	87.29819000	1.80059200
1.04687703	87.29819000	2.81991000
1.05187703	87.29819000	3.28989500
1.05687703	87.29819000	3.19834000
1.06187703	87.29819000	3.14951000
1.06687703	87.29819000	3.05795500
1.07187703	87.29819000	3.52794000
1.07687703	87.29819000	4.54725700
1.08187703	87.29819000	4.52284300
1.08687703	87.29819000	3.41196900
1.09187703	87.29819000	3.41196900
1.09687703	87.29819000	4.52284300
1.10187703	87.35923000	4.57167300
1.10687703	87.58812000	3.64391000
1.11187703	86.47419000	2.70394000
1.11687703	84.15479000	1.77617700
1.12187703	82.97982000	1.82500700
1.12687703	82.97982000	2.93588100
1.13187702	84.21582000	2.93588100
1.13687702	86.76411000	1.82500700
1.14187702	86.76411000	1.82500700
1.14687702	84.21582000	2.93588100
1.15187702	83.04086000	2.96029500
1.15687702	83.26974000	1.94097700
1.16187702	83.33078000	1.47099200
1.16687702	83.33078000	1.56254800
1.17187702	83.33078000	1.58696200
1.17687702	83.33078000	1.58696200
1.18187702	83.39182000	1.56254800
1.18687702	83.62070000	1.47099200
1.19187702	82.50678000	1.94097700
1.19687702	80.18738000	2.96029500
1.20187702	79.07346000	2.96029500
1.20687702	79.30235000	1.94097700
1.21187702	79.36338000	1.47099200
1.21687702	79.36338000	1.56254800
1.22187702	79.36338000	1.53813300
1.22687702	79.36338000	1.35502200
1.23187702	79.36338000	2.29499200
1.23687702	79.36338000	4.33362800
1.24187702	79.36338000	4.33362800
1.24687702	79.36338000	2.29499200
1.25187702	79.36338000	1.35502200
1.25687702	79.36338000	1.53813300
1.26187702	79.36338000	1.58696200
1.26687702	79.36338000	1.58696200
1.27187702	79.36338000	1.58696200
1.27687702	79.36338000	1.58696200
1.28187702	79.36338000	1.58696200
1.28687702	79.36338000	1.58696200
1.29187702	79.36338000	1.56254800
1.29687702	79.36338000	1.47099200
1.30187702	79.36338000	1.91656200
1.30687702	79.36338000	2.84432500
1.31187702	79.42442000	3.31431000
1.31687702	79.65331000	3.31431000
1.32187702	78.53938000	2.81991000
1.32687702	76.21997000	1.80059200
1.33187702	75.10605000	1.80059200
1.33687702	75.33494000	2.81991000
1.34187702	75.39597000	3.31431000
1.34687702	75.39597000	3.31431000
1.35187702	75.39597000	2.81991000
1.35687702	75.39597000	1.80059200
1.36187702	75.39597000	1.80059200
1.36687702	75.39597000	2.81991000
1.37187702	75.39597000	3.31431000
1.37687702	75.39597000	3.31431000
1.38187702	75.45701000	2.84432500
1.38687702	75.68590000	1.91656200
1.39187702	74.51093000	1.47099200
1.39687702	71.96265000	1.56254800
1.40187702	72.02368000	1.58696200
1.40687702	74.80086000	1.58696200
1.41187702	74.86190000	1.58696200
1.41687702	72.31360000	1.58696200
1.42187702	71.13864000	1.56254800
1.42687702	71.36753000	1.47099200
1.43187702	71.42857000	1.94097700
1.43687702	71.42857000	2.96029500
1.44187702	71.42857000	2.96029500
1.44687702	71.42857000	1.94097700
1.45187702	71.42857000	1.47099200
1.45687702	71.42857000	1.56254800
1.46187702	71.42857000	1.56254800
1.46687702	71.42857000	1.47099200
1.47187702	71.42857000	1.94097700
1.47687702	71.42857000	2.96029500
1.48187702	71.42857000	2.96029500
1.48687702	71.42857000	1.94097700
1.49187702	71.42857000	1.49540700
1.49687702	71.42857000	1.67851800
1.50187702	71.42857000	1.20853300
1.50687702	71.42857000	0.09765923
1.51187702	71.42857000	0.56764430
1.51687702	71.42857000	2.60628100
1.52187702	71.48961000	3.07626600
1.52687702	71.71850000	1.96539200
1.53187702	70.60457000	1.47099200
1.53687702	68.26991000	1.56254800
1.54187702	67.15598000	1.58696200
1.54687702	67.38486000	1.58696200
1.55187702	67.44590000	1.58696200
1.55687702	67.44590000	1.58696200
1.56187702	67.44590000	1.58696200
1.56687702	67.44590000	1.58696200
1.57187702	67.44590000	1.58696200
1.57687702	67.44590000	1.58696200
1.58187702	67.44590000	1.58696200
1.58687702	67.44590000	1.58696200
1.59187702	67.44590000	1.56254800
1.59687702	67.44590000	1.47099200
1.60187702	67.44590000	1.91656200
1.60687702	67.44590000	2.84432500
1.61187702	67.44590000	3.28989500
1.61687702	67.44590000	3.19834000
1.62187702	67.44590000	3.14951000
1.62687702	67.44590000	3.05795500
1.63187702	67.44590000	3.52794000
1.63687702	67.44590000	4.54725700
1.64187702	67.44590000	4.52284300
1.64687702	67.44590000	3.41196900
1.65187702	67.44590000	3.38755500
1.65687702	67.44590000	4.40687300
1.66187702	67.50694000	4.87685800
1.66687702	67.73582000	4.78530200
1.67187702	66.62190000	4.78530200
1.67687702	64.30249000	4.87685800
1.68187702	63.18857000	4.43128700
1.68687702	63.41746000	3.50352500
1.69187702	63.47850000	3.05795500
1.69687702	63.47850000	3.14951000
1.70187702	63.47850000	3.17392500
1.70687702	63.47850000	3.17392500
1.71187702	63.47850000	3.17392500
1.71687702	63.47850000	3.17392500
1.72187702	63.47850000	3.17392500
1.72687702	63.47850000	3.17392500
1.73187702	63.47850000	3.17392500
1.73687702	63.47850000	3.17392500
1.74187702	63.47850000	3.17392500
1.74687702	63.47850000	3.17392500
1.75187702	63.53953000	3.17392500
1.75687702	63.76842000	3.17392500
1.76187702	62.59346000	3.17392500
1.76687702	60.04517000	3.17392500
1.77187702	60.04517000	3.19834000
1.77687702	62.59346000	3.28989500
1.78187702	63.82946000	2.84432500
1.78687702	63.82946000	1.91656200
1.79187702	62.65450000	1.47099200
1.79687702	60.33509000	1.56254800
1.80187702	59.22116000	1.56254800
1.80687702	59.45005000	1.47099200
1.81187702	59.51109000	1.94097700
1.81687702	59.51109000	2.96029500
1.82187702	59.51109000	2.93588100
1.82687702	59.51109000	1.82500700
1.83187702	59.51109000	1.80059200
1.83687702	59.51109000	2.81991000
1.84187702	59.51109000	3.28989500
1.84687702	59.51109000	3.19834000
1.85187702	59.51109000	3.19834000
1.85687702	59.51109000	3.28989500
1.86187702	59.51109000	2.84432500
1.86687702	59.51109000	1.91656200
1.87187702	59.57213000	1.44657700
1.87687702	59.80102000	1.44657700
1.88187702	58.62605000	1.91656200
1.88687702	56.07775000	2.84432500
1.89187702	56.07775000	3.31431000
1.89687702	58.62605000	3.31431000
1.90187702	59.86205000	2.84432500
1.90687702	59.86205000	1.91656200
1.91187702	58.68709000	1.47099200
1.91687702	56.36768000	1.56254800
1.92187702	55.19272000	1.58696200
1.92687702	55.19272000	1.58696200
1.93187702	56.42872000	1.58696200
1.93687702	58.97702000	1.58696200
1.94187702	58.97702000	1.58696200
1.94687702	56.42872000	1.58696200
1.95187702	55.25376000	1.58696200
1.95687702	55.48264000	1.58696200
1.96187702	55.54368000	1.56254800
1.96687702	55.54368000	1.47099200
1.97187702	55.54368000	1.94097700
1.97687702	55.54368000	2.96029500
1.98187702	55.54368000	2.93588100
1.98687702	55.54368000	1.82500700
1.99187702	55.54368000	1.77617700
1.99687702	55.54368000	2.70394000
2.00187702	55.54368000	3.64391000
2.00687702	55.54368000	4.57167300
2.01187702	55.54368000	4.52284300
2.01687702	55.54368000	3.41196900
2.02187702	55.54368000	3.41196900
2.02687702	55.54368000	4.52284300
2.03187702	55.54368000	4.54725700
2.03687702	55.54368000	3.52794000
2.04187702	55.54368000	3.05795500
2.04687702	55.54368000	3.14951000
2.05187702	55.60472000	3.17392500
2.05687702	55.83361000	3.17392500
2.06187702	54.71968000	3.14951000
2.06687702	52.40028000	3.05795500
2.07187702	51.28635000	3.50352500
2.07687702	51.51524000	4.43128700
2.08187702	51.57627000	4.90127200
2.08687702	51.57627000	4.90127200
2.09187702	51.57627000	4.43128700
2.09687702	51.57627000	3.50352500
2.10187702	51.57627000	3.03354000
2.10687702	51.57627000	3.03354000
2.11187702	51.57627000	3.52794000
2.11687702	51.57627000	4.54725700
2.12187702	51.57627000	4.54725700
2.12687702	51.57627000	3.52794000
2.13187702	51.57627000	3.05795500
2.13687702	51.57627000	3.14951000
2.14187702	51.57627000	3.14951000
2.14687702	51.57627000	3.05795500
2.15187702	51.57627000	3.50352500
2.15687702	51.57627000	4.43128700
2.16187702	51.57627000	4.90127200
2.16687702	51.57627000	4.90127200
2.17187702	51.57627000	4.43128700
2.17687702	51.57627000	3.50352500
2.18187702	51.57627000	3.08237000
2.18687702	51.57627000	3.26548100
2.19187702	51.57627000	2.81991000
2.19687702	51.57627000	1.80059200
2.20187702	51.63731000	1.82500700
2.20687702	51.86620000	2.93588100
2.21187702	50.69124000	2.96029500
2.21687702	48.14294000	1.94097700
2.22187702	48.20398000	1.47099200
2.22687702	50.98117000	1.56254800
2.23187702	51.04220000	1.53813300
2.23687702	48.49391000	1.35502200
2.24187702	47.31895000	2.24616200
2.24687702	47.54784000	4.10168800
2.25187702	47.60887000	5.04165700
2.25687702	47.60887000	5.04165700
2.26187702	47.60887000	4.07727300
2.26687702	47.60887000	2.13019200
2.27187702	47.60887000	1.66020700
2.27687702	47.60887000	2.67952500
2.28187702	47.60887000	3.64391000
2.28687702	47.60887000	4.57167300
2.29187702	47.60887000	4.54725700
2.29687702	47.60887000	3.52794000
2.30187702	47.60887000	3.05795500
2.30687702	47.60887000	3.14951000
2.31187702	47.60887000	3.17392500
2.31687702	47.60887000	3.17392500
2.32187702	47.60887000	3.17392500
2.32687702	47.60887000	3.17392500
2.33187702	47.60887000	3.19834000
2.33687702	47.60887000	3.28989500
2.34187702	47.60887000	2.84432500
2.34687702	47.60887000	1.91656200
2.35187702	47.60887000	1.47099200
2.35687702	47.60887000	1.56254800
2.36187702	47.60887000	1.61137700
2.36687702	47.60887000	1.70293300
2.37187702	47.60887000	1.23294800
2.37687702	47.60887000	0.21362960
2.38187702	47.66991000	0.23804440
2.38687702	47.89880000	1.34891800
2.39187702	46.78487000	1.37333300
2.39687702	44.46547000	0.35401470
2.40187702	43.35154000	-0.11597030
2.40687702	43.58043000	-0.02441481
2.41187702	43.58043000	-0.02441481
2.41687702	43.35154000	-0.11597030
2.42187702	44.52650000	0.32959990
2.42687702	47.07480000	1.25736300
2.43187702	47.07480000	1.70293300
2.43687702	44.52650000	1.61137700
2.44187702	43.35154000	1.58696200
2.44687702	43.58043000	1.58696200
2.45187702	43.64147000	1.56254800
2.45687702	43.64147000	1.47099200
2.46187702	43.64147000	1.94097700
2.46687702	43.64147000	2.96029500
2.47187702	43.64147000	2.93588100
2.47687702	43.64147000	1.82500700
2.48187702	43.64147000	1.82500700
2.48687702	43.64147000	2.93588100
2.49187702	43.64147000	2.96029500
2.49687702	43.64147000	1.94097700
2.50187702	43.64147000	1.47099200
2.50687702	43.64147000	1.56254800
2.51187702	43.64147000	1.56254800
2.51687702	43.64147000	1.47099200
2.52187702	43.64147000	1.94097700
2.52687702	43.64147000	2.96029500
2.53187702	43.64147000	2.96029500
2.53687702	43.64147000	1.94097700
2.54187702	43.64147000	1.47099200
2.54687702	43.64147000	1.56254800
2.55187702	43.70250000	1.58696200
2.55687702	43.93139000	1.58696200
2.56187702	42.75643000	1.58696200
2.56687702	40.20813000	1.58696200
2.57187702	40.26917000	1.58696200
2.57687702	43.04636000	1.58696200
2.58187702	43.10739000	1.58696200
2.58687702	40.55910000	1.58696200
2.59187702	39.38414000	1.58696200
2.59687702	39.61302000	1.58696200
2.60187702	39.67406000	1.58696200
2.60687702	39.67406000	1.58696200
2.61187702	39.67406000	1.58696200
2.61687702	39.67406000	1.58696200
2.62187702	39.67406000	1.58696200
2.62687702	39.67406000	1.58696200
2.63187702	39.67406000	1.58696200
2.63687702	39.67406000	1.58696200
2.64187702	39.67406000	1.58696200
2.64687702	39.67406000	1.58696200
2.65187702	39.67406000	1.56254800
2.65687702	39.67406000	1.47099200
2.66187702	39.67406000	1.91656200
2.66687702	39.67406000	2.84432500
2.67187702	39.67406000	3.31431000
2.67687702	39.67406000	3.31431000
2.68187702	39.67406000	2.84432500
2.68687702	39.67406000	1.91656200
2.69187702	39.67406000	1.44657700
2.69687702	39.67406000	1.44657700
2.70187702	39.67406000	1.91656200
2.70687702	39.67406000	2.84432500
2.71187702	39.67406000	3.28989500
2.71687702	39.67406000	3.19834000
2.72187702	39.67406000	3.19834000
2.72687702	39.67406000	3.28989500
2.73187702	39.67406000	2.84432500
2.73687702	39.67406000	1.91656200
2.74187702	39.67406000	1.47099200
2.74687702	39.67406000	1.56254800
2.75187702	39.73510000	1.58696200
2.75687702	39.96399000	1.58696200
2.76187702	38.78902000	1.58696200
2.76687702	36.24073000	1.58696200
2.77187702	36.24073000	1.58696200
2.77687701	38.78902000	1.58696200
2.78187701	39.96399000	1.58696200
2.78687701	39.73510000	1.58696200
2.79187701	39.73510000	1.58696200
2.79687701	39.96399000	1.58696200
2.80187701	38.85006000	1.56254800
2.80687701	36.53065000	1.47099200
2.81187701	35.41673000	1.91656200
2.81687701	35.64562000	2.84432500
2.82187701	35.70665000	3.31431000
2.82687701	35.70665000	3.31431000
2.83187701	35.70665000	2.81991000
2.83687701	35.70665000	1.80059200
2.84187701	35.70665000	1.80059200
2.84687701	35.70665000	2.81991000
2.85187701	35.70665000	3.28989500
2.85687701	35.70665000	3.19834000
2.86187701	35.70665000	3.19834000
2.86687701	35.70665000	3.28989500
2.87187701	35.70665000	2.84432500
2.87687701	35.70665000	1.91656200
2.88187701	35.70665000	1.44657700
2.88687701	35.70665000	1.44657700
2.89187701	35.70665000	1.91656200
2.89687701	35.70665000	2.84432500
2.90187701	35.70665000	3.31431000
2.90687701	35.70665000	3.31431000
2.91187701	35.70665000	2.86874000
2.91687701	35.70665000	2.03253300
2.92187701	35.70665000	1.11697700
2.92687701	35.70665000	0.18921480
2.93187701	35.70665000	0.23804440
2.93687701	35.70665000	1.34891800
2.94187701	35.70665000	1.34891800
2.94687701	35.70665000	0.23804440
2.95187701	35.70665000	0.21362960
2.95687701	35.70665000	1.23294800
2.96187701	35.70665000	1.70293300
2.96687701	35.70665000	1.61137700
2.97187701	35.70665000	1.58696200
2.97687701	35.70665000	1.58696200
2.98187701	35.70665000	1.58696200
2.98687701	35.70665000	1.58696200
2.99187701	35.70665000	1.58696200
2.99687701	35.70665000	1.58696200
3.00187701	35.76769000	1.56254800
3.00687701	35.99658000	1.47099200
3.01187701	34.88266000	1.94097700
3.01687701	32.56325000	2.96029500
3.02187701	31.38828000	2.93588100
3.02687701	31.38828000	1.82500700
3.03187701	32.56325000	1.80059200
3.03687701	34.88266000	2.81991000
3.04187701	36.05762000	3.28989500
3.04687701	36.05762000	3.19834000
3.05187701	34.88266000	3.17392500
3.05687701	32.56325000	3.17392500
3.06187701	31.44932000	3.14951000
3.06687701	31.67821000	3.05795500
3.07187701	31.73925000	3.52794000
3.07687701	31.73925000	4.54725700
3.08187701	31.73925000	4.54725700
3.08687701	31.73925000	3.52794000
3.09187701	31.73925000	3.05795500
3.09687701	31.73925000	3.14951000
3.10187701	31.73925000	3.14951000
3.10687701	31.73925000	3.05795500
3.11187701	31.73925000	3.50352500
3.11687701	31.73925000	4.43128700
3.12187701	31.73925000	4.87685800
3.12687701	31.73925000	4.78530200
3.13187701	31.73925000	4.78530200
3.13687701	31.73925000	4.87685800
3.14187701	31.73925000	4.43128700
3.14687701	31.73925000	3.50352500
3.15187701	31.73925000	3.05795500
3.15687701	31.73925000	3.14951000
3.16187701	31.73925000	3.17392500
3.16687701	31.73925000	3.17392500
3.17187701	31.73925000	3.17392500
3.17687701	31.73925000	3.17392500
3.18187701	31.73925000	3.17392500
3.18687701	31.73925000	3.17392500
3.19187701	31.73925000	3.17392500
3.19687701	31.73925000	3.17392500
3.20187701	31.73925000	3.19834000
3.20687701	31.73925000	3.28989500
3.21187701	31.73925000	2.84432500
3.21687701	31.73925000	1.91656200
3.22187701	31.73925000	1.44657700
3.22687701	31.73925000	1.44657700
3.23187701	31.73925000	1.91656200
3.23687701	31.73925000	2.84432500
3.24187701	31.80028000	3.31431000
3.24687701	32.02917000	3.31431000
3.25187701	30.85421000	2.84432500
3.25687701	28.30592000	1.91656200
3.26187701	28.30592000	1.47099200
3.26687701	30.85421000	1.56254800
3.27187701	32.02917000	1.58696200
3.27687701	31.80028000	1.58696200
3.28187701	31.80028000	1.58696200
3.28687701	32.02917000	1.58696200
3.29187701	30.85421000	1.58696200
3.29687701	28.30592000	1.58696200
3.30187701	28.30592000	1.58696200
3.30687701	30.85421000	1.58696200
3.31187701	32.09021000	1.58696200
3.31687701	32.09021000	1.58696200
3.32187701	30.85421000	1.61137700
3.32687701	28.30592000	1.70293300
3.33187701	28.36695000	1.25736300
3.33687701	31.14414000	0.32959990
3.34187701	31.20517000	-0.11597030
3.34687701	28.65688000	-0.02441481
3.35187701	27.42088000	-0.02441481
3.35687701	27.42088000	-0.11597030
3.36187701	28.65688000	0.32959990
3.36687701	31.20517000	1.25736300
3.37187701	31.14414000	1.70293300
3.37687701	28.36695000	1.61137700
3.38187701	28.36695000	1.58696200
3.38687701	31.14414000	1.58696200
3.39187701	31.20517000	1.61137700
3.39687701	28.65688000	1.70293300
3.40187701	27.48192000	1.25736300
3.40687701	27.71080000	0.32959990
3.41187701	27.77184000	-0.11597030
3.41687701	27.77184000	-0.02441481
3.42187701	27.77184000	0.00000000
3.42687701	27.77184000	0.00000000
3.43187701	27.77184000	0.00000000
3.43687701	27.77184000	0.00000000
3.44187701	27.77184000	-0.02441481
3.44687701	27.77184000	-0.11597030
3.45187701	27.77184000	0.32959990
3.45687701	27.77184000	1.25736300
3.46187701	27.77184000	1.67851800
3.46687701	27.77184000	1.49540700
3.47187701	27.77184000	1.94097700
3.47687701	27.77184000	2.96029500
3.48187701	27.77184000	2.96029500
3.48687701	27.77184000	1.94097700
3.49187701	27.77184000	1.49540700
3.49687701	27.77184000	1.67851800
3.50187701	27.77184000	1.23294800
3.50687701	27.77184000	0.21362960
3.51187701	27.77184000	0.23804440
3.51687701	27.77184000	1.34891800
3.52187701	27.77184000	1.37333300
3.52687701	27.77184000	0.35401470
3.53187701	27.77184000	-0.14038510
3.53687701	27.77184000	-0.14038510
3.54187701	27.83288000	0.32959990
3.54687701	28.06177000	1.25736300
3.55187701	26.88680000	1.72734800
3.55687701	24.33851000	1.72734800
3.56187701	24.33851000	1.23294800
3.56687701	26.88680000	0.21362960
3.57187701	28.06177000	0.21362960
3.57687701	27.83288000	1.23294800
3.58187701	27.77184000	1.70293300
3.58687701	27.77184000	1.61137700
3.59187701	27.77184000	1.56254800
3.59687701	27.77184000	1.47099200
3.60187701	27.77184000	1.94097700
3.60687701	27.77184000	2.96029500
3.61187701	27.77184000	2.93588100
3.61687701	27.77184000	1.82500700
3.62187701	27.83288000	1.80059200
3.62687701	28.06177000	2.81991000
3.63187701	26.94784000	3.28989500
3.63687701	24.62844000	3.19834000
3.64187701	23.45347000	3.17392500
3.64687701	23.45347000	3.17392500
3.65187701	24.68947000	3.17392500
3.65687701	27.23777000	3.17392500
3.66187701	27.23777000	3.14951000
3.66687701	24.68947000	3.05795500
3.67187701	23.51451000	3.50352500
3.67687701	23.74340000	4.43128700
3.68187701	23.80444000	4.87685800
3.68687701	23.80444000	4.78530200
3.69187701	23.80444000	4.76088700
3.69687701	23.80444000	4.76088700
3.70187701	23.80444000	4.76088700
3.70687701	23.80444000	4.76088700
3.71187701	23.80444000	4.76088700
3.71687701	23.80444000	4.76088700
3.72187701	23.80444000	4.73647300
3.72687701	23.80444000	4.64491700
3.73187701	23.80444000	5.11490200
3.73687701	23.80444000	6.13422100
3.74187701	23.80444000	6.13422100
3.74687701	23.80444000	5.11490200
3.75187701	23.80444000	4.64491700
3.75687701	23.80444000	4.73647300
3.76187701	23.80444000	4.76088700
3.76687701	23.80444000	4.76088700
3.77187701	23.80444000	4.78530200
3.77687701	23.80444000	4.87685800
3.78187701	23.80444000	4.45570200
3.78687701	23.80444000	3.61949500
3.79187701	23.80444000	2.70394000
3.79687701	23.80444000	1.77617700
3.80187701	23.80444000	1.82500700
3.80687701	23.80444000	2.93588100
3.81187701	23.80444000	2.93588100
3.81687701	23.80444000	1.82500700
3.82187701	23.80444000	1.80059200
3.82687701	23.80444000	2.81991000
3.83187701	23.80444000	3.31431000
3.83687701	23.80444000	3.31431000
3.84187701	23.80444000	2.81991000
3.84687701	23.80444000	1.80059200
3.85187701	23.80444000	1.80059200
3.85687701	23.80444000	2.81991000
3.86187701	23.80444000	3.31431000
3.86687701	23.80444000	3.31431000
3.87187701	23.80444000	2.81991000
3.87687701	23.80444000	1.80059200
3.88187701	23.80444000	1.80059200
3.88687701	23.80444000	2.81991000
3.89187701	23.80444000	3.28989500
3.89687701	23.80444000	3.19834000
3.90187701	23.80444000	3.17392500
3.90687701	23.80444000	3.17392500
3.91187701	23.80444000	3.17392500
3.91687701	23.80444000	3.17392500
3.92187701	23.80444000	3.19834000
3.92687701	23.80444000	3.28989500
3.93187701	23.86547000	2.84432500
3.93687701	24.09436000	1.91656200
3.94187701	22.91940000	1.42216300
3.94687701	20.37111000	1.33060700
3.95187701	20.37111000	2.27057700
3.95687701	22.91940000	4.21765800
3.96187701	24.09436000	4.66322800
3.96687701	23.86547000	3.55235400
3.97187701	23.80444000	3.05795500
3.97687701	23.80444000	3.14951000
3.98187701	23.86547000	3.17392500
3.98687701	24.09436000	3.17392500
3.99187701	22.98043000	3.17392500
3.99687701	20.66103000	3.17392500
4.00187701	19.48607000	3.17392500
4.00687701	19.48607000	3.17392500
4.01187701	20.72207000	3.19834000
4.01687701	23.27036000	3.28989500
4.02187701	23.27036000	2.84432500
4.02687701	20.72207000	1.91656200
4.03187701	19.48607000	1.47099200
4.03687701	19.48607000	1.56254800
4.04187701	20.72207000	1.58696200
4.04687701	23.27036000	1.58696200
4.05187701	23.27036000	1.58696200
4.05687701	20.72207000	1.58696200
4.06187701	19.54710000	1.58696200
4.06687701	19.77599000	1.58696200
4.07187701	19.83703000	1.56254800
4.07687701	19.83703000	1.47099200
4.08187701	19.77599000	1.91656200
4.08687701	19.54710000	2.84432500
4.09187701	20.72207000	3.28989500
4.09687701	23.27036000	3.19834000
4.10187701	23.27036000	3.14951000
4.10687701	20.72207000	3.05795500
4.11187701	19.54710000	3.52794000
4.11687701	19.77599000	4.54725700
4.12187701	19.83703000	4.57167300
4.12687701	19.83703000	3.64391000
4.13187701	19.83703000	2.70394000
4.13687701	19.83703000	1.77617700
4.14187701	19.83703000	1.80059200
4.14687701	19.83703000	2.81991000
4.15187701	19.83703000	3.28989500
4.15687701	19.83703000	3.19834000
4.16187701	19.83703000	3.17392500
4.16687701	19.83703000	3.17392500
4.17187701	19.83703000	3.19834000
4.17687701	19.83703000	3.28989500
4.18187701	19.83703000	2.81991000
4.18687701	19.83703000	1.80059200
4.19187701	19.83703000	1.80059200
4.19687701	19.83703000	2.81991000
4.20187701	19.83703000	3.31431000
4.20687701	19.83703000	3.31431000
4.21187701	19.83703000	2.84432500
4.21687701	19.83703000	1.91656200
4.22187701	19.83703000	1.47099200
4.22687701	19.83703000	1.56254800
4.23187701	19.83703000	1.58696200
4.23687701	19.83703000	1.58696200
4.24187701	19.83703000	1.58696200
4.24687701	19.83703000	1.58696200
4.25187701	19.83703000	1.56254800
4.25687701	19.83703000	1.47099200
4.26187701	19.83703000	1.94097700
4.26687701	19.83703000	2.96029500
4.27187701	19.83703000	2.93588100
4.27687701	19.83703000	1.82500700
4.28187701	19.83703000	1.82500700
4.28687701	19.83703000	2.93588100
4.29187701	19.83703000	2.93588100
4.29687701	19.83703000	1.82500700
4.30187701	19.83703000	1.80059200
4.30687701	19.83703000	2.81991000
4.31187701	19.83703000	3.31431000
4.31687701	19.83703000	3.31431000
4.32187701	19.83703000	2.81991000
4.32687701	19.83703000	1.80059200
4.33187701	19.83703000	1.82500700
4.33687701	19.83703000	2.93588100
4.34187701	19.83703000	2.96029500
4.34687701	19.83703000	1.94097700
4.35187701	19.83703000	1.44657700
4.35687701	19.83703000	1.44657700
4.36187701	19.83703000	1.94097700
4.36687701	19.83703000	2.96029500
4.37187701	19.89807000	2.96029500
4.37687701	20.12696000	1.94097700
4.38187701	18.95199000	1.47099200
4.38687701	16.40370000	1.56254800
4.39187701	16.40370000	1.56254800
4.39687701	18.95199000	1.47099200
4.40187701	20.12696000	1.91656200
4.40687701	19.89807000	2.84432500
4.41187701	19.83703000	3.28989500
4.41687701	19.83703000	3.19834000
4.42187701	19.83703000	3.17392500
4.42687700	19.83703000	3.17392500
4.43187700	19.89807000	3.19834000
4.43687700	20.12696000	3.28989500
4.44187700	18.95199000	2.81991000
4.44687700	16.40370000	1.80059200
4.45187700	16.40370000	1.80059200
4.45687700	18.95199000	2.81991000
4.46187700	20.18799000	3.31431000
4.46687700	20.18799000	3.31431000
4.47187700	18.95199000	2.84432500
4.47687700	16.40370000	1.91656200
4.48187700	16.40370000	1.44657700
4.48687700	18.95199000	1.44657700
4.49187700	20.18799000	1.94097700
4.49687700	20.18799000	2.96029500
4.50187700	19.01303000	2.91146600
4.50687700	16.69362000	1.70903700
4.51187700	15.57970000	2.15460700
4.51687700	15.80859000	4.19324400
4.52187700	15.86962000	4.66322800
4.52687700	15.86962000	3.55235400
4.53187700	15.86962000	3.05795500
4.53687700	15.86962000	3.14951000
4.54187700	15.86962000	3.19834000
4.54687700	15.86962000	3.28989500
4.55187700	15.86962000	2.84432500
4.55687700	15.86962000	1.91656200
4.56187700	15.86962000	1.47099200
4.56687700	15.86962000	1.56254800
4.57187700	15.86962000	1.58696200
4.57687700	15.86962000	1.58696200
4.58187700	15.86962000	1.58696200
4.58687700	15.86962000	1.58696200
4.59187700	15.86962000	1.61137700
4.59687700	15.86962000	1.70293300
4.60187700	15.86962000	1.25736300
4.60687700	15.86962000	0.32959990
4.61187700	15.86962000	-0.11597030
4.61687700	15.86962000	-0.02441481
4.62187700	15.86962000	0.00000000
4.62687700	15.86962000	0.00000000
4.63187700	15.86962000	-0.02441481
4.63687700	15.86962000	-0.11597030
4.64187700	15.86962000	0.32959990
4.64687700	15.86962000	1.25736300
4.65187700	15.86962000	1.70293300
4.65687700	15.86962000	1.61137700
4.66187700	15.86962000	1.56254800
4.66687700	15.86962000	1.47099200
4.67187700	15.86962000	1.94097700
4.67687700	15.86962000	2.96029500
4.68187700	15.86962000	2.96029500
4.68687700	15.86962000	1.94097700
4.69187700	15.86962000	1.47099200
4.69687700	15.86962000	1.56254800
4.70187700	15.86962000	1.56254800
4.70687700	15.86962000	1.47099200
4.71187700	15.86962000	1.91656200
4.71687700	15.86962000	2.84432500
4.72187700	15.86962000	3.31431000
4.72687700	15.86962000	3.31431000
4.73187700	15.86962000	2.81991000
4.73687700	15.86962000	1.80059200
4.74187700	15.86962000	1.80059200
4.74687700	15.86962000	2.81991000
4.75187700	15.86962000	3.28989500
4.75687700	15.86962000	3.19834000
4.76187700	15.86962000	3.17392500
4.76687700	15.86962000	3.17392500
4.77187700	15.86962000	3.17392500
4.77687700	15.86962000	3.17392500
4.78187700	15.86962000	3.17392500
4.78687700	15.86962000	3.17392500
4.79187700	15.86962000	3.14951000
4.79687700	15.86962000	3.05795500
4.80187700	15.86962000	3.52794000
4.80687700	15.86962000	4.54725700
4.81187700	15.86962000	4.54725700
4.81687700	15.86962000	3.52794000
4.82187700	15.86962000	3.05795500
4.82687700	15.86962000	3.14951000
4.83187700	15.86962000	3.17392500
4.83687700	15.86962000	3.17392500
4.84187700	15.86962000	3.19834000
4.84687700	15.86962000	3.28989500
4.85187700	15.86962000	2.84432500
4.85687700	15.86962000	1.91656200
4.86187700	15.86962000	1.47099200
4.86687700	15.86962000	1.56254800
4.87187700	15.86962000	1.58696200
4.87687700	15.86962000	1.58696200
4.88187700	15.86962000	1.61137700
4.88687700	15.86962000	1.70293300
4.89187700	15.86962000	1.25736300
4.89687700	15.86962000	0.32959990
4.90187700	15.86962000	-0.14038510
4.90687700	15.86962000	-0.14038510
4.91187700	15.86962000	0.35401470
4.91687700	15.86962000	1.37333300
4.92187700	15.86962000	1.34891800
4.92687700	15.86962000	0.23804440
4.93187700	15.86962000	0.21362960
4.93687700	15.86962000	1.23294800
4.94187700	15.86962000	1.70293300
4.94687700	15.86962000	1.61137700
4.95187700	15.86962000	1.58696200
4.95687700	15.86962000	1.58696200
4.96187700	15.86962000	1.58696200
4.96687700	15.86962000	1.58696200
4.97187700	15.93066000	1.58696200
4.97687700	16.15955000	1.58696200
4.98187700	14.98459000	1.61137700
4.98687700	12.43629000	1.70293300
4.99187700	12.43629000	1.23294800
4.99687700	14.98459000	0.21362960
5.00187700	16.15955000	0.23804440
5.00687700	15.93066000	1.34891800
5.01187700	15.86962000	1.32450300
5.01687700	15.86962000	0.12207400
5.02187700	15.86962000	0.56764430
5.02687700	15.86962000	2.60628100
5.03187700	15.86962000	3.05185100
5.03687700	15.86962000	1.84942200
5.04187700	15.86962000	1.77617700
5.04687700	15.86962000	2.70394000
5.05187700	15.93066000	3.64391000
5.05687700	16.15955000	4.57167300
5.06187700	14.98459000	4.54725700
5.06687700	12.43629000	3.52794000
5.07187700	12.43629000	3.05795500
5.07687700	14.98459000	3.14951000
5.08187700	16.15955000	3.17392500
5.08687700	15.93066000	3.17392500
5.09187700	15.86962000	3.19834000
5.09687700	15.86962000	3.28989500
5.10187700	15.86962000	2.84432500
5.10687700	15.86962000	1.91656200
5.11187700	15.93066000	1.47099200
5.11687700	16.15955000	1.56254800
5.12187700	15.04562000	1.58696200
5.12687700	12.72622000	1.58696200
5.13187700	11.61229000	1.58696200
5.13687700	11.84118000	1.58696200
5.14187700	11.90222000	1.61137700
5.14687700	11.90222000	1.70293300
5.15187700	11.90222000	1.23294800
5.15687700	11.90222000	0.21362960
5.16187700	11.90222000	0.23804440
5.16687700	11.90222000	1.34891800
5.17187700	11.90222000	1.37333300
5.17687700	11.90222000	0.35401470
5.18187700	11.90222000	-0.11597030
5.18687700	11.90222000	-0.02441481
5.19187700	11.84118000	0.00000000
5.19687700	11.61229000	0.00000000
5.20187700	12.78725000	0.00000000
5.20687700	15.33555000	0.00000000
5.21187700	15.33555000	-0.02441481
5.21687700	12.78725000	-0.11597030
5.22187700	11.61229000	0.32959990
5.22687700	11.84118000	1.25736300
5.23187700	11.90222000	1.72734800
5.23687700	11.90222000	1.72734800
5.24187700	11.90222000	1.23294800
5.24687700	11.90222000	0.21362960
5.25187700	11.90222000	0.21362960
5.25687700	11.90222000	1.23294800
5.26187700	11.90222000	1.70293300
5.26687700	11.90222000	1.61137700
5.27187700	11.90222000	1.61137700
5.27687700	11.90222000	1.70293300
5.28187700	11.90222000	1.23294800
5.28687700	11.90222000	0.21362960
5.29187700	11.90222000	0.21362960
5.29687700	11.90222000	1.23294800
5.30187700	11.90222000	1.72734800
5.30687700	11.90222000	1.72734800
5.31187700	11.90222000	1.23294800
5.31687700	11.90222000	0.21362960
5.32187700	11.90222000	0.18921480
5.32687700	11.90222000	1.11697700
5.33187700	11.90222000	2.03253300
5.33687700	11.90222000	2.86874000
5.34187700	11.90222000	3.28989500
5.34687700	11.90222000	3.19834000
5.35187700	11.90222000	3.17392500
5.35687700	11.90222000	3.17392500
5.36187700	11.90222000	3.17392500
5.36687700	11.90222000	3.17392500
5.37187700	11.90222000	3.17392500
5.37687700	11.90222000	3.17392500
5.38187700	11.90222000	3.17392500
5.38687700	11.90222000	3.17392500
5.39187700	11.90222000	3.17392500
5.39687700	11.90222000	3.17392500
5.40187700	11.90222000	3.17392500
5.40687700	11.90222000	3.17392500
5.41187700	11.90222000	3.17392500
5.41687700	11.90222000	3.17392500
5.42187700	11.90222000	3.17392500
5.42687700	11.90222000	3.17392500
5.43187700	11.90222000	3.17392500
5.43687700	11.90222000	3.17392500
5.44187700	11.90222000	3.19834000
5.44687700	11.90222000	3.28989500
5.45187700	11.90222000	2.81991000
5.45687700	11.90222000	1.80059200
5.46187700	11.90222000	1.80059200
5.46687700	11.90222000	2.81991000
5.47187700	11.90222000	3.28989500
5.47687700	11.90222000	3.19834000
5.48187700	11.90222000	3.17392500
5.48687700	11.90222000	3.17392500
5.49187700	11.90222000	3.17392500
5.49687700	11.90222000	3.17392500
5.50187700	11.90222000	3.19834000
5.50687700	11.90222000	3.28989500
5.51187700	11.90222000	2.84432500
5.51687700	11.90222000	1.91656200
5.52187700	11.90222000	1.44657700
5.52687700	11.90222000	1.44657700
5.53187700	11.90222000	1.91656200
5.53687700	11.90222000	2.84432500
5.54187700	11.90222000	3.31431000
5.54687700	11.90222000	3.31431000
5.55187700	11.90222000	2.81991000
5.55687700	11.90222000	1.80059200
5.56187700	11.90222000	1.82500700
5.56687700	11.90222000	2.93588100
5.57187700	11.90222000	2.93588100
5.57687700	11.90222000	1.82500700
5.58187700	11.90222000	1.77617700
5.58687700	11.90222000	2.70394000
5.59187700	11.90222000	3.64391000
5.59687700	11.90222000	4.57167300
5.60187700	11.90222000	4.57167300
5.60687700	11.90222000	3.64391000
5.61187700	11.90222000	2.70394000
5.61687700	11.90222000	1.77617700
5.62187700	11.90222000	1.82500700
5.62687700	11.90222000	2.93588100
5.63187700	11.90222000	2.93588100
5.63687700	11.90222000	1.82500700
5.64187700	11.90222000	1.82500700
5.64687700	11.90222000	2.93588100
5.65187700	11.90222000	2.93588100
5.65687700	11.90222000	1.82500700
5.66187700	11.90222000	1.82500700
5.66687700	11.90222000	2.93588100
5.67187700	11.96325000	2.96029500
5.67687700	12.19214000	1.94097700
5.68187700	11.01718000	1.47099200
5.68687700	8.46888600	1.56254800
5.69187700	8.52992300	1.58696200
5.69687700	11.30711000	1.58696200
5.70187700	11.36814000	1.58696200
5.70687700	8.81984900	1.58696200
5.71187700	7.58384900	1.58696200
5.71687700	7.58384900	1.58696200
5.72187700	8.75881200	1.56254800
5.72687700	11.07822000	1.47099200
5.73187700	12.19214000	1.94097700
5.73687700	11.96325000	2.96029500
5.74187700	11.90222000	2.96029500
5.74687700	11.90222000	1.94097700
5.75187700	11.96325000	1.47099200
5.75687700	12.19214000	1.56254800
5.76187700	11.01718000	1.58696200
5.76687700	8.46888600	1.58696200
5.77187700	8.52992300	1.58696200
5.77687700	11.30711000	1.58696200
5.78187700	11.36814000	1.61137700
5.78687700	8.81984900	1.70293300
5.79187700	7.58384900	1.25736300
5.79687700	7.58384900	0.32959990
5.80187700	8.81984900	-0.14038510
5.80687700	11.36814000	-0.14038510
5.81187700	11.30711000	0.35401470
5.81687700	8.52992300	1.37333300
5.82187700	8.46888600	1.34891800
5.82687700	11.01718000	0.23804440
5.83187700	12.19214000	0.23804440
5.83687700	11.96325000	1.34891800
5.84187700	11.90222000	1.34891800
5.84687700	11.90222000	0.23804440
5.85187700	11.96325000	0.21362960
5.85687700	12.19214000	1.23294800
5.86187700	11.07822000	1.70293300
5.86687700	8.75881200	1.61137700
5.87187700	7.58384900	1.58696200
5.87687700	7.58384900	1.58696200
5.88187700	8.81984900	1.58696200
5.88687700	11.36814000	1.58696200
5.89187700	11.36814000	1.56254800
5.89687700	8.81984900	1.47099200
5.90187700	7.64488600	1.94097700
5.90687700	7.87377500	2.96029500
5.91187700	7.93481200	2.96029500
5.91687700	7.93481200	1.94097700
5.92187700	7.93481200	1.47099200
5.92687700	7.93481200	1.56254800
5.93187700	7.93481200	1.61137700
5.93687700	7.93481200	1.70293300
5.94187700	7.93481200	1.23294800
5.94687700	7.93481200	0.21362960
5.95187700	7.93481200	0.18921480
5.95687700	7.93481200	1.11697700
5.96187700	7.93481200	2.05694700
5.96687700	7.93481200	2.98471000
5.97187700	7.93481200	2.98471000
5.97687700	7.93481200	2.05694700
5.98187700	7.93481200	1.11697700
5.98687700	7.93481200	0.18921480
5.99187700	7.93481200	0.21362960
5.99687700	7.93481200	1.23294800
6.00187700	7.93481200	1.70293300
6.00687700	7.93481200	1.61137700
6.01187700	7.93481200	1.61137700
6.01687700	7.93481200	1.70293300
6.02187700	7.93481200	1.25736300
6.02687700	7.93481200	0.32959990
6.03187700	7.93481200	-0.14038510
6.03687700	7.93481200	-0.14038510
6.04187700	7.93481200	0.35401470
6.04687700	7.93481200	1.37333300
6.05187700	7.93481200	1.37333300
6.05687700	7.93481200	0.35401470
6.06187700	7.93481200	-0.11597030
6.06687700	7.93481200	-0.02441481
6.07187699	7.93481200	0.00000000
6.07687699	7.93481200	0.00000000
6.08187699	7.87377500	0.00000000
6.08687699	7.64488600	0.00000000
6.09187699	8.81984900	-0.02441481
6.09687699	11.36814000	-0.11597030
6.10187699	11.36814000	0.35401470
6.10687699	8.81984900	1.37333300
6.11187699	7.64488600	1.34891800
6.11687699	7.87377500	0.23804440
6.12187699	7.93481200	0.21362960
6.12687699	7.93481200	1.23294800
6.13187699	7.93481200	1.67851800
6.13687699	7.93481200	1.49540700
6.14187699	7.93481200	1.91656200
6.14687699	7.93481200	2.84432500
6.15187699	7.93481200	3.26548100
6.15687699	7.93481200	3.08237000
6.16187699	7.93481200	3.55235400
6.16687699	7.93481200	4.66322800
6.17187699	7.93481200	4.19324400
6.17687699	7.93481200	2.15460700
6.18187699	7.93481200	1.70903700
6.18687699	7.93481200	2.91146600
6.19187699	7.93481200	2.96029500
6.19687699	7.93481200	1.94097700
6.20187699	7.93481200	1.47099200
6.20687699	7.93481200	1.56254800
6.21187699	7.93481200	1.58696200
6.21687699	7.93481200	1.58696200
6.22187699	7.93481200	1.58696200
6.22687699	7.93481200	1.58696200
6.23187699	7.93481200	1.58696200
6.23687699	7.93481200	1.58696200
6.24187699	7.93481200	1.58696200
6.24687699	7.93481200	1.58696200
6.25187699	7.93481200	1.58696200
6.25687699	7.93481200	1.58696200
6.26187699	7.93481200	1.58696200
6.26687699	7.93481200	1.58696200
6.27187699	7.93481200	1.58696200
6.27687699	7.93481200	1.58696200
6.28187699	7.93481200	1.58696200
6.28687699	7.93481200	1.58696200
6.29187699	7.93481200	1.58696200
6.29687699	7.93481200	1.58696200
6.30187699	7.93481200	1.61137700
6.30687699	7.93481200	1.70293300
6.31187699	7.93481200	1.23294800
6.31687699	7.93481200	0.21362960
6.32187699	7.93481200	0.23804440
6.32687699	7.93481200	1.34891800
6.33187699	7.93481200	1.34891800
6.33687699	7.93481200	0.23804440
6.34187699	7.93481200	0.23804440
6.34687699	7.93481200	1.34891800
6.35187699	7.93481200	1.34891800
6.35687699	7.93481200	0.23804440
6.36187699	7.93481200	0.21362960
6.36687699	7.93481200	1.23294800
6.37187699	7.93481200	1.72734800
6.37687699	7.93481200	1.72734800
6.38187699	7.93481200	1.23294800
6.38687699	7.93481200	0.21362960
6.39187699	7.93481200	0.21362960
6.39687699	7.93481200	1.23294800
6.40187699	7.93481200	1.70293300
6.40687699	7.93481200	1.61137700
6.41187699	7.93481200	1.58696200
6.41687699	7.93481200	1.58696200
6.42187699	7.93481200	1.56254800
6.42687699	7.93481200	1.47099200
6.43187699	7.93481200	1.91656200
6.43687699	7.93481200	2.84432500
6.44187699	7.93481200	3.28989500
6.44687699	7.93481200	3.19834000
6.45187699	7.93481200	3.17392500
6.45687699	7.93481200	3.17392500
6.46187699	7.93481200	3.19834000
6.46687699	7.93481200	3.28989500
6.47187699	7.93481200	2.81991000
6.47687699	7.93481200	1.80059200
6.48187699	7.93481200	1.80059200
6.48687699	7.93481200	2.81991000
6.49187699	7.93481200	3.31431000
6.49687699	7.93481200	3.31431000
6.50187699	7.93481200	2.81991000
6.50687699	7.93481200	1.80059200
6.51187699	7.93481200	1.82500700
6.51687699	7.93481200	2.93588100
6.52187699	7.93481200	2.96029500
6.52687699	7.93481200	1.94097700
6.53187699	7.93481200	1.47099200
6.53687699	7.93481200	1.56254800
6.54187699	7.93481200	1.58696200
6.54687699	7.93481200	1.58696200
6.55187699	7.93481200	1.56254800
6.55687699	7.93481200	1.47099200
6.56187699	7.93481200	1.94097700
6.56687699	7.93481200	2.96029500
6.57187699	7.93481200	2.96029500
6.57687699	7.93481200	1.94097700
6.58187699	7.93481200	1.47099200
6.58687699	7.93481200	1.56254800
6.59187699	7.93481200	1.61137700
6.59687699	7.93481200	1.70293300
6.60187699	7.93481200	1.23294800
6.60687699	7.93481200	0.21362960
6.61187699	7.93481200	0.23804440
6.61687699	7.93481200	1.34891800
6.62187699	7.93481200	1.34891800
6.62687699	7.93481200	0.23804440
6.63187699	7.93481200	0.21362960
6.63687699	7.93481200	1.23294800
6.64187699	7.93481200	1.70293300
6.64687699	7.93481200	1.61137700
6.65187699	7.93481200	1.58696200
6.65687699	7.93481200	1.58696200
6.66187699	7.93481200	1.58696200
6.66687699	7.93481200	1.58696200
6.67187699	7.93481200	1.58696200
6.67687699	7.93481200	1.58696200
6.68187699	7.93481200	1.58696200
6.68687699	7.93481200	1.58696200
6.69187699	7.93481200	1.58696200
6.69687699	7.93481200	1.58696200
6.70187699	7.93481200	1.58696200
6.70687699	7.93481200	1.58696200
6.71187699	7.93481200	1.58696200
6.71687699	7.93481200	1.58696200
6.72187699	7.93481200	1.58696200
6.72687699	7.93481200	1.58696200
6.73187699	7.93481200	1.58696200
6.73687699	7.93481200	1.58696200
6.74187699	7.93481200	1.58696200
6.74687699	7.93481200	1.58696200
6.75187699	7.93481200	1.56254800
6.75687699	7.93481200	1.47099200
6.76187699	7.93481200	1.91656200
6.76687699	7.93481200	2.84432500
6.77187699	7.93481200	3.31431000
6.77687699	7.93481200	3.31431000
6.78187699	7.93481200	2.79549500
6.78687699	7.93481200	1.68462200
6.79187699	7.93481200	2.15460700
6.79687699	7.93481200	4.19324400
6.80187699	7.93481200	4.66322800
6.80687699	7.93481200	3.55235400
6.81187699	7.93481200	3.05795500
6.81687699	7.93481200	3.14951000
6.82187699	7.93481200	3.17392500
6.82687699	7.93481200	3.17392500
6.83187699	7.93481200	3.17392500
6.83687699	7.93481200	3.17392500
6.84187699	7.93481200	3.19834000
6.84687699	7.93481200	3.28989500
6.85187699	7.99584900	2.84432500
6.85687699	8.22473800	1.91656200
6.86187699	7.04977500	1.47099200
6.86687699	4.50148000	1.56254800
6.87187699	4.50148000	1.58696200
6.87687699	7.04977500	1.58696200
6.88187699	8.22473800	1.58696200
6.88687699	7.99584900	1.58696200
6.89187699	7.93481200	1.58696200
6.89687699	7.93481200	1.58696200
6.90187699	7.93481200	1.58696200
6.90687699	7.93481200	1.58696200
6.91187699	7.93481200	1.58696200
6.91687699	7.93481200	1.58696200
6.92187699	7.93481200	1.58696200
6.92687699	7.93481200	1.58696200
6.93187699	7.93481200	1.58696200
6.93687699	7.93481200	1.58696200
6.94187699	7.93481200	1.58696200
6.94687699	7.93481200	1.58696200
6.95187699	7.93481200	1.58696200
6.95687699	7.93481200	1.58696200
6.96187699	7.93481200	1.56254800
6.96687699	7.93481200	1.47099200
6.97187699	7.93481200	1.94097700
6.97687699	7.93481200	2.96029500
6.98187699	7.93481200	2.93588100
6.98687699	7.93481200	1.82500700
6.99187699	7.93481200	1.80059200
6.99687699	7.93481200	2.81991000
7.00187699	7.93481200	3.28989500
7.00687699	7.93481200	3.19834000
7.01187699	7.93481200	3.19834000
7.01687699	7.93481200	3.28989500
7.02187699	7.93481200	2.81991000
7.02687699	7.93481200	1.80059200
7.03187699	7.93481200	1.80059200
7.03687699	7.93481200	2.81991000
7.04187699	7.93481200	3.26548100
7.04687699	7.93481200	3.08237000
7.05187699	7.93481200	3.50352500
7.05687699	7.93481200	4.43128700
7.06187699	7.99584900	4.85244300
7.06687699	8.22473800	4.66933200
7.07187699	7.04977500	5.06607200
7.07687699	4.50148000	5.90228000
7.08187699	4.50148000	6.75069400
7.08687699	7.04977500	7.39158200
7.09187699	8.22473800	8.66725600
7.09687699	7.99584900	10.23591000
7.10187699	7.93481200	11.90832000
7.10687699	7.93481200	13.20231000
7.11187699	7.99584900	15.74145000
7.11687699	8.22473800	18.89096000
7.12187699	7.04977500	22.32734000
7.12687699	4.50148000	25.28153000
7.13187699	4.50148000	28.65078000
7.13687699	7.04977500	31.51952000
7.14187699	8.28577500	35.30992000
7.14687699	8.28577500	39.00875000
7.15187699	7.11081200	43.73912000
7.15687699	4.79140600	48.45729000
7.16187699	3.61644300	52.69326000
7.16687699	3.61644300	55.37889000
7.17187699	4.79140600	59.14487000
7.17687699	7.11081200	62.93527000
7.18187699	8.28577500	67.19565000
7.18687699	8.28577500	70.89450000
7.19187699	7.04977500	75.15488000
7.19687699	4.50148000	78.94528000
7.20187699	4.50148000	82.78451000
7.20687699	7.04977500	85.74480000
7.21187699	8.28577500	88.71120000
7.21687699	8.28577500	90.93295000
7.22187699	7.11081200	93.05093000
7.22687699	4.79140600	94.52803000
7.23187699	3.67748000	95.77929000
7.23687699	3.90636900	96.42018000
7.24187699	3.96740600	97.29301000
7.24687699	3.96740600	98.22076000
7.25187699	3.90636900	98.19635000
7.25687699	3.67748000	97.17704000
7.26187699	4.85244300	96.73146000
7.26687699	7.40073800	96.91457000
7.27187699	7.40073800	96.54225000
7.27687699	4.85244300	95.79760000
7.28187699	3.67748000	94.47919000
7.28687699	3.90636900	92.81899000
7.29187699	3.90636900	91.54332000
7.29687699	3.67748000	90.99399000
7.30187699	4.85244300	89.74273000
7.30687699	7.40073800	88.17408000
7.31187699	7.40073800	86.45283000
7.31687699	4.85244300	84.96964000
7.32187699	3.67748000	83.27280000
7.32687699	3.90636900	81.79571000
7.33187699	3.90636900	80.12329000
7.33687699	3.67748000	78.73775000
7.34187699	4.79140600	76.57094000
7.34687699	7.11081200	74.07452000
7.35187699	8.22473800	72.37769000
7.35687699	7.99584900	71.91992000
7.36187699	7.93481200	70.71748000
7.36687699	7.93481200	69.24039000
7.37187699	7.99584900	67.09799000
7.37687699	8.22473800	64.78469000
7.38187699	7.11081200	62.17231000
7.38687699	4.79140600	59.76745000
7.39187699	3.67748000	58.11945000
7.39687699	3.90636900	57.75323000
7.40187699	3.90636900	56.05640000
7.40687699	3.67748000	53.46232000
7.41187699	4.85244300	51.71666000
7.41687699	7.40073800	51.16733000
7.42187699	7.40073800	50.41047000
7.42687699	4.85244300	49.86114000
7.43187699	3.67748000	48.13990000
7.43687699	3.90636900	45.64348000
7.44187699	3.90636900	43.45225000
7.44687699	3.67748000	41.97515000
7.45187699	4.79140600	40.70559000
7.45687699	7.11081200	39.96094000
7.46187699	8.28577500	39.61303000
7.46687699	8.28577500	39.88769000
7.47187699	7.04977500	39.04538000
7.47687699	4.50148000	37.28141000
7.48187699	4.56251700	35.96301000
7.48687699	7.33970100	35.32212000
7.49187699	7.40073800	34.49812000
7.49687699	4.85244300	33.75347000
7.50187699	3.67748000	32.91116000
7.50687699	3.90636900	32.16651000
7.51187699	3.90636900	31.32420000
7.51687699	3.67748000	30.57955000
7.52187699	4.85244300	29.73724000
7.52687699	7.40073800	28.99869000
7.53187699	7.40073800	28.11975000
7.53687699	4.85244300	27.28355000
7.54187699	3.67748000	26.88681000
7.54687699	3.90636900	27.06992000
7.55187699	3.96740600	26.67318000
7.55687699	3.96740600	25.83697000
7.56187699	3.96740600	24.94583000
7.56687699	3.96740600	24.10962000
7.57187699	3.96740600	23.71288000
7.57687699	3.96740600	23.89599000
7.58187699	3.96740600	23.49925000
7.58687699	3.96740600	22.66304000
7.59187699	3.96740600	21.77190000
7.59687699	3.96740600	20.93570000
7.60187699	3.90636900	20.51454000
7.60687699	3.67748000	20.60610000
7.61187699	4.79140600	20.63051000
7.61687699	7.11081200	20.63051000
7.62187699	8.28577500	20.63051000
7.62687699	8.28577500	20.63051000
7.63187699	7.04977500	20.65493000
7.63687699	4.50148000	20.74648000
7.64187699	4.56251700	20.32533000
7.64687699	7.33970100	19.48912000
7.65187699	7.33970100	18.59798000
7.65687699	4.56251700	17.76177000
7.66187699	4.56251700	17.36503000
7.66687699	7.33970100	17.54814000
7.67187699	7.33970100	17.12699000
7.67687699	4.56251700	16.19922000
7.68187699	4.50148000	15.77807000
7.68687699	7.04977500	15.96118000
7.69187699	8.28577500	15.54002000
7.69687699	8.28577500	14.61226000
7.70187699	7.11081200	14.16669000
7.70687699	4.79140600	14.25825000
7.71187699	3.67748000	14.25825000
7.71687698	3.90636900	14.16669000
7.72187698	3.96740600	14.63668000
7.72687698	3.96740600	15.65600000
7.73187698	3.90636900	15.65600000
7.73687698	3.67748000	14.63668000
7.74187698	4.85244300	14.14228000
7.74687698	7.40073800	14.14228000
7.75187698	7.40073800	14.63668000
7.75687698	4.85244300	15.65600000
7.76187698	3.67748000	15.65600000
7.76687698	3.90636900	14.63668000
7.77187698	3.96740600	14.19111000
7.77687698	3.96740600	14.37422000
7.78187698	3.90636900	13.95306000
7.78687698	3.67748000	13.02530000
7.79187698	4.85244300	12.57973000
7.79687698	7.40073800	12.67128000
7.80187698	7.40073800	12.72011000
7.80687698	4.85244300	12.81167000
7.81187698	3.67748000	12.36610000
7.81687698	3.90636900	11.43834000
7.82187698	3.96740600	10.99277000
7.82687698	3.96740600	11.08432000
7.83187698	3.96740600	11.08432000
7.83687698	3.96740600	10.99277000
7.84187698	3.96740600	11.43834000
7.84687698	3.96740600	12.36610000
7.85187698	3.90636900	12.83609000
7.85687698	3.67748000	12.83609000
7.86187698	4.85244300	12.36610000
7.86687698	7.40073800	11.43834000
7.87187698	7.40073800	10.99277000
7.87687698	4.85244300	11.08432000
7.88187698	3.61644300	11.08432000
7.88687698	3.61644300	10.99277000
7.89187698	4.85244300	11.43834000
7.89687698	7.40073800	12.36610000
7.90187698	7.40073800	12.83609000
7.90687698	4.85244300	12.83609000
7.91187698	3.67748000	12.34169000
7.91687698	3.90636900	11.32237000
7.92187698	3.96740600	11.34678000
7.92687698	3.96740600	12.45765000
7.93187698	3.96740600	12.48207000
7.93687698	3.96740600	11.46275000
7.94187698	3.96740600	11.01718000
7.94687698	3.96740600	11.20029000
7.95187698	3.96740600	10.77914000
7.95687698	3.96740600	9.85137500
7.96187698	3.96740600	9.43021900
7.96687698	3.96740600	9.61333000
7.97187698	3.90636900	9.16776000
7.97687698	3.67748000	8.14844100
7.98187698	4.85244300	8.14844100
7.98687698	7.40073800	9.16776000
7.99187698	7.40073800	9.63774600
7.99687698	4.85244300	9.54619000
8.00187698	3.67748000	9.54619000
8.00687698	3.90636900	9.63774600
8.01187698	3.90636900	9.21658900
8.01687698	3.67748000	8.38038300
8.02187698	4.85244300	7.48924200
8.02687698	7.40073800	6.65303500
8.03187698	7.40073800	6.23187900
8.03687698	4.85244300	6.32343500
8.04187698	3.61644300	6.34785000
8.04687698	3.61644300	6.34785000
8.05187698	4.85244300	6.37226500
8.05687698	7.40073800	6.46382000
8.06187698	7.40073800	5.99383500
8.06687698	4.85244300	4.97451700
8.07187698	3.61644300	4.97451700
8.07687698	3.61644300	5.99383500
8.08187698	4.79140600	6.46382000
8.08687698	7.11081200	6.37226500
8.09187698	8.22473800	6.34785000
8.09687698	7.99584900	6.34785000
8.10187698	7.99584900	6.32343500
8.10687698	8.22473800	6.23187900
8.11187698	7.04977500	6.70186400
8.11687698	4.50148000	7.72118300
8.12187698	4.56251700	7.67235300
8.12687698	7.33970100	6.46992400
8.13187698	7.40073800	6.89107900
8.13687698	4.85244300	8.83816100
8.14187698	3.61644300	9.75371600
8.14687698	3.61644300	9.57060400
8.15187698	4.79140600	9.52177400
8.15687698	7.11081200	9.52177400
8.16187698	8.28577500	9.52177400
8.16687698	8.28577500	9.52177400
8.17187698	7.04977500	9.52177400
8.17687698	4.50148000	9.52177400
8.18187698	4.56251700	9.52177400
8.18687698	7.33970100	9.52177400
8.19187698	7.33970100	9.52177400
8.19687698	4.56251700	9.52177400
8.20187698	4.56251700	9.54619000
8.20687698	7.33970100	9.63774600
8.21187698	7.33970100	9.16776000
8.21687698	4.56251700	8.14844100
8.22187698	4.50148000	8.14844100
8.22687698	7.04977500	9.16776000
8.23187698	8.22473800	9.66216000
8.23687698	7.99584900	9.66216000
8.24187698	7.99584900	9.19217500
8.24687698	8.22473800	8.26441300
8.25187698	7.11081200	7.81884200
8.25687698	4.79140600	7.91039800
8.26187698	3.61644300	7.95922800
8.26687698	3.61644300	8.05078300
8.27187698	4.85244300	7.58079800
8.27687698	7.40073800	6.56148000
8.28187698	7.33970100	6.61030900
8.28687698	4.56251700	7.81273800
8.29187698	4.56251700	7.34275300
8.29687698	7.33970100	5.21256200
8.30187698	7.40073800	5.21256200
8.30687698	4.85244300	7.34275300
8.31187698	3.67748000	7.86156800
8.31687698	3.90636900	6.84224900
8.32187698	3.96740600	5.87786500
8.32687698	3.96740600	4.95010200
8.33187698	3.96740600	5.02334600
8.33687698	3.96740600	6.22577600
8.34187698	3.96740600	5.70696100
8.34687698	3.96740600	3.38755500
8.35187698	3.96740600	4.28479900
8.35687698	3.96740600	8.27051500
8.36187698	3.90636900	9.68047000
8.36687698	3.67748000	8.47804300
8.37187698	4.85244300	7.46482800
8.37687698	7.40073800	6.53706500
8.38187698	7.33970100	6.56148000
8.38687698	4.56251700	7.58079800
8.39187698	4.56251700	8.07519700
8.39687698	7.33970100	8.07519700
8.40187698	7.33970100	7.58079800
8.40687698	4.56251700	6.56148000
8.41187698	4.56251700	6.56148000
8.41687698	7.33970100	7.58079800
8.42187698	7.40073800	8.07519700
8.42687698	4.85244300	8.07519700
8.43187698	3.67748000	7.58079800
8.43687698	3.90636900	6.56148000
8.44187698	3.96740600	6.56148000
8.44687698	3.96740600	7.58079800
8.45187698	3.96740600	8.07519700
8.45687698	3.96740600	8.07519700
8.46187698	3.96740600	7.58079800
8.46687698	3.96740600	6.56148000
8.47187698	3.96740600	6.56148000
8.47687698	3.96740600	7.58079800
8.48187698	3.96740600	8.07519700
8.48687698	3.96740600	8.07519700
8.49187698	3.96740600	7.58079800
8.49687698	3.96740600	6.56148000
8.50187698	3.96740600	6.56148000
8.50687698	3.96740600	7.58079800
8.51187698	3.96740600	8.07519700
8.51687698	3.96740600	8.07519700
8.52187698	3.96740600	7.60521200
8.52687698	3.96740600	6.67745000
8.53187698	3.96740600	6.23187900
8.53687698	3.96740600	6.32343500
8.54187698	3.96740600	6.32343500
8.54687698	3.96740600	6.23187900
8.55187698	3.96740600	6.70186400
8.55687698	3.96740600	7.72118300
8.56187698	3.96740600	7.72118300
8.56687698	3.96740600	6.70186400
8.57187698	3.96740600	6.25629500
8.57687698	3.96740600	6.43940500
8.58187698	3.96740600	5.99383500
8.58687698	3.96740600	4.97451700
8.59187698	3.96740600	4.97451700
8.59687698	3.96740600	5.99383500
8.60187698	3.90636900	6.48823500
8.60687698	3.67748000	6.48823500
8.61187698	4.85244300	6.01825000
8.61687698	7.40073800	5.09048700
8.62187698	7.40073800	4.64491700
8.62687698	4.85244300	4.73647300
8.63187698	3.67748000	4.76088700
8.63687698	3.90636900	4.76088700
8.64187698	3.90636900	4.76088700
8.64687698	3.67748000	4.76088700
8.65187698	4.79140600	4.73647300
8.65687698	7.11081200	4.64491700
8.66187698	8.28577500	5.09048700
8.66687698	8.28577500	6.01825000
8.67187698	7.11081200	6.46382000
8.67687698	4.79140600	6.37226500
8.68187698	3.61644300	6.34785000
8.68687698	3.61644300	6.34785000
8.69187698	4.85244300	6.37226500
8.69687698	7.40073800	6.46382000
8.70187698	7.40073800	5.99383500
8.70687698	4.85244300	4.97451700
8.71187698	3.67748000	4.97451700
8.71687698	3.90636900	5.99383500
8.72187698	3.96740600	6.48823500
8.72687698	3.96740600	6.48823500
8.73187698	3.96740600	6.01825000
8.73687698	3.96740600	5.09048700
8.74187698	3.96740600	4.64491700
8.74687698	3.96740600	4.73647300
8.75187698	3.96740600	4.76088700
8.75687698	3.96740600	4.76088700
8.76187698	3.96740600	4.76088700
8.76687698	3.96740600	4.76088700
8.77187698	3.96740600	4.73647300
8.77687698	3.96740600	4.64491700
8.78187698	3.96740600	5.09048700
8.78687698	3.96740600	6.01825000
8.79187698	3.96740600	6.48823500
8.79687698	3.96740600	6.48823500
8.80187698	3.96740600	6.01825000
8.80687698	3.96740600	5.09048700
8.81187698	3.90636900	4.62050200
8.81687698	3.67748000	4.62050200
8.82187698	4.85244300	5.09048700
8.82687698	7.40073800	6.01825000
8.83187698	7.40073800	6.48823500
8.83687698	4.85244300	6.48823500
8.84187698	3.67748000	5.99383500
8.84687698	3.90636900	4.97451700
8.85187698	3.96740600	4.99893200
8.85687698	3.96740600	6.10980600
8.86187698	3.96740600	6.10980600
8.86687698	3.96740600	4.99893200
8.87187698	3.96740600	4.99893200
8.87687698	3.96740600	6.10980600
8.88187698	3.90636900	6.13422100
8.88687698	3.67748000	5.11490200
8.89187698	4.85244300	4.62050200
8.89687698	7.40073800	4.62050200
8.90187698	7.40073800	5.09048700
8.90687698	4.85244300	6.01825000
8.91187698	3.67748000	6.48823500
8.91687698	3.90636900	6.48823500
8.92187698	3.96740600	6.01825000
8.92687698	3.96740600	5.09048700
8.93187698	3.96740600	4.64491700
8.93687698	3.96740600	4.73647300
8.94187698	3.96740600	4.76088700
8.94687698	3.96740600	4.76088700
8.95187698	3.96740600	4.76088700
8.95687698	3.96740600	4.76088700
8.96187698	3.96740600	4.76088700
8.96687698	3.96740600	4.76088700
8.97187698	3.96740600	4.73647300
8.97687698	3.96740600	4.64491700
8.98187698	3.96740600	5.09048700
8.98687698	3.96740600	6.01825000
8.99187698	3.96740600	6.46382000
8.99687698	3.96740600	6.37226500
9.00187698	3.96740600	6.37226500
9.00687698	3.96740600	6.46382000
9.01187698	3.96740600	5.99383500
9.01687698	3.96740600	4.97451700
9.02187698	3.96740600	4.97451700
9.02687698	3.96740600	5.99383500
