Time	Channel A	Channel B
(us)	(mV)	(mV)

-1.00895003	3.96740600	3.96740600
-1.00395003	3.96740600	3.96740600
-0.99895003	3.96740600	4.02844300
-0.99395003	3.96740600	4.25733200
-0.98895003	3.96740600	3.14340600
-0.98395003	3.96740600	0.82399970
-0.97895003	3.96740600	-0.35096280
-0.97395003	3.96740600	-0.35096280
-0.96895003	3.96740600	0.82399970
-0.96395003	3.96740600	3.14340600
-0.95895003	3.96740600	4.25733200
-0.95395003	3.96740600	4.02844300
-0.94895003	3.96740600	3.96740600
-0.94395003	3.96740600	3.96740600
-0.93895003	3.96740600	4.02844300
-0.93395003	3.96740600	4.25733200
-0.92895003	3.96740600	3.08236900
-0.92395003	3.96740600	0.53407390
-0.91895003	3.96740600	0.53407390
-0.91395003	3.96740600	3.08236900
-0.90895003	3.96740600	4.25733200
-0.90395003	3.96740600	4.02844300
-0.89895003	3.96740600	3.96740600
-0.89395003	3.96740600	3.96740600
-0.88895003	3.96740600	3.96740600
-0.88395003	3.96740600	3.96740600
-0.87895003	3.96740600	3.96740600
-0.87395003	3.96740600	3.96740600
-0.86895003	3.96740600	3.96740600
-0.86395003	3.96740600	3.96740600
-0.85895003	4.02844300	3.96740600
-0.85395003	4.25733200	3.96740600
-0.84895003	3.08236900	3.96740600
-0.84395003	0.53407390	3.96740600
-0.83895003	0.53407390	3.96740600
-0.83395003	3.08236900	3.96740600
-0.82895003	4.25733200	3.96740600
-0.82395003	4.02844300	3.96740600
-0.81895003	3.96740600	3.96740600
-0.81395003	3.96740600	3.96740600
-0.80895003	3.96740600	3.96740600
-0.80395003	3.96740600	3.96740600
-0.79895004	3.96740600	3.96740600
-0.79395004	3.96740600	3.96740600
-0.78895004	3.96740600	3.96740600
-0.78395004	3.96740600	3.96740600
-0.77895004	3.96740600	3.96740600
-0.77395004	3.96740600	3.96740600
-0.76895004	3.96740600	3.96740600
-0.76395004	3.96740600	3.96740600
-0.75895004	3.96740600	3.96740600
-0.75395004	3.96740600	3.96740600
-0.74895004	3.96740600	3.96740600
-0.74395004	3.96740600	3.96740600
-0.73895004	3.96740600	3.96740600
-0.73395004	3.96740600	3.96740600
-0.72895004	3.96740600	3.96740600
-0.72395004	3.96740600	3.96740600
-0.71895004	3.96740600	3.96740600
-0.71395004	3.96740600	3.96740600
-0.70895004	3.96740600	3.96740600
-0.70395004	3.96740600	3.96740600
-0.69895004	3.96740600	3.96740600
-0.69395004	3.96740600	3.96740600
-0.68895004	3.96740600	3.96740600
-0.68395004	3.96740600	3.96740600
-0.67895004	3.96740600	3.96740600
-0.67395004	3.96740600	3.96740600
-0.66895004	3.96740600	3.96740600
-0.66395004	3.96740600	3.96740600
-0.65895004	3.96740600	3.96740600
-0.65395004	3.96740600	3.96740600
-0.64895004	3.96740600	3.96740600
-0.64395004	3.96740600	3.96740600
-0.63895004	3.96740600	3.90636900
-0.63395004	3.96740600	3.67748000
-0.62895004	3.96740600	4.85244300
-0.62395004	3.96740600	7.40073800
-0.61895004	3.96740600	7.40073800
-0.61395004	3.96740600	4.85244300
-0.60895004	3.96740600	3.67748000
-0.60395004	3.96740600	3.90636900
-0.59895004	3.96740600	3.96740600
-0.59395004	3.96740600	3.96740600
-0.58895004	3.96740600	3.96740600
-0.58395004	3.96740600	3.96740600
-0.57895004	3.96740600	3.90636900
-0.57395004	3.96740600	3.67748000
-0.56895004	3.96740600	4.85244300
-0.56395004	3.96740600	7.40073800
-0.55895004	3.96740600	7.40073800
-0.55395004	3.96740600	4.85244300
-0.54895004	3.96740600	3.67748000
-0.54395004	3.96740600	3.90636900
-0.53895004	3.96740600	3.96740600
-0.53395004	3.96740600	3.96740600
-0.52895004	3.96740600	3.96740600
-0.52395004	3.96740600	3.96740600
-0.51895004	3.96740600	3.96740600
-0.51395004	3.96740600	3.96740600
-0.50895004	3.96740600	3.96740600
-0.50395004	3.96740600	3.96740600
-0.49895004	3.96740600	3.96740600
-0.49395004	3.96740600	3.96740600
-0.48895004	3.96740600	3.96740600
-0.48395004	3.96740600	3.96740600
-0.47895004	3.96740600	3.96740600
-0.47395004	3.96740600	3.96740600
-0.46895004	3.96740600	3.96740600
-0.46395004	3.96740600	3.96740600
-0.45895004	3.96740600	3.96740600
-0.45395004	3.96740600	3.96740600
-0.44895004	3.96740600	3.96740600
-0.44395004	3.96740600	3.96740600
-0.43895004	3.96740600	3.96740600
-0.43395004	3.96740600	3.96740600
-0.42895004	3.96740600	4.02844300
-0.42395004	3.96740600	4.25733200
-0.41895004	3.96740600	3.08236900
-0.41395004	3.96740600	0.53407390
-0.40895004	3.96740600	0.53407390
-0.40395004	3.96740600	3.08236900
-0.39895004	3.96740600	4.25733200
-0.39395004	3.96740600	4.02844300
-0.38895004	3.96740600	3.96740600
-0.38395004	3.96740600	3.96740600
-0.37895004	3.96740600	3.96740600
-0.37395004	3.96740600	3.96740600
-0.36895004	3.96740600	3.96740600
-0.36395004	3.96740600	3.96740600
-0.35895004	3.96740600	3.96740600
-0.35395004	3.96740600	3.96740600
-0.34895004	3.96740600	3.96740600
-0.34395004	3.96740600	3.96740600
-0.33895004	3.96740600	3.96740600
-0.33395004	3.96740600	3.96740600
-0.32895004	3.96740600	3.96740600
-0.32395004	3.96740600	3.96740600
-0.31895004	3.96740600	3.96740600
-0.31395004	3.96740600	3.96740600
-0.30895004	3.96740600	3.96740600
-0.30395004	3.96740600	3.96740600
-0.29895004	3.96740600	3.96740600
-0.29395004	3.96740600	3.96740600
-0.28895004	3.96740600	3.96740600
-0.28395004	3.96740600	3.96740600
-0.27895004	3.96740600	3.96740600
-0.27395004	3.96740600	3.96740600
-0.26895004	3.96740600	3.96740600
-0.26395004	3.96740600	3.96740600
-0.25895004	3.96740600	3.90636900
-0.25395004	3.96740600	3.67748000
-0.24895004	3.96740600	4.85244300
-0.24395004	3.96740600	7.40073800
-0.23895004	3.96740600	7.33970100
-0.23395004	3.96740600	4.56251700
-0.22895004	3.96740600	4.56251700
-0.22395004	3.96740600	7.33970100
-0.21895004	4.02844300	7.40073800
-0.21395004	4.25733200	4.85244300
-0.20895004	3.08236900	3.67748000
-0.20395004	0.53407390	3.90636900
-0.19895004	0.53407390	3.96740600
-0.19395004	3.08236900	3.96740600
-0.18895004	4.25733200	3.96740600
-0.18395004	4.02844300	3.96740600
-0.17895004	4.02844300	3.96740600
-0.17395004	4.25733200	3.96740600
-0.16895004	3.08236900	3.96740600
-0.16395004	0.53407390	3.96740600
-0.15895004	0.53407390	3.96740600
-0.15395004	3.08236900	3.96740600
-0.14895004	4.25733200	3.96740600
-0.14395004	4.02844300	3.96740600
-0.13895004	3.96740600	3.96740600
-0.13395004	3.96740600	3.96740600
-0.12895004	3.96740600	3.96740600
-0.12395004	3.96740600	3.96740600
-0.11895004	3.96740600	3.96740600
-0.11395004	3.96740600	3.96740600
-0.10895004	3.96740600	4.02844300
-0.10395004	3.96740600	4.25733200
-0.09895004	3.90636900	3.14340600
-0.09395004	3.67748000	0.82399970
-0.08895004	4.73036900	-0.28992580
-0.08395004	6.82088700	-0.06103702
-0.07895004	8.81984900	0.06103702
-0.07395004	9.96429300	0.28992580
-0.06895004	15.32029000	-0.82399970
-0.06395004	23.65184000	-3.14340600
-0.05895004	31.23569000	-4.19629500
-0.05395004	36.56117000	-3.73851700
-0.04895004	42.84798000	-4.79140600
-0.04395004	48.40235000	-7.11081200
-0.03895004	54.75020000	-8.22473800
-0.03395004	60.30457000	-7.99584900
-0.02895004	66.65242000	-7.87377500
-0.02395004	72.22205000	-7.64488600
-0.01895004	78.56990000	-8.75881200
-0.01395004	84.12427000	-11.07822000
-0.00895004	90.47212000	-12.19214000
-0.00395004	96.02648000	-11.96325000
0.00104996	102.43540000	-11.96325000
0.00604996	108.21860000	-12.19214000
0.01104996	113.45260000	-11.07822000
0.01604996	116.68750000	-8.75881200
0.02104996	121.92140000	-7.64488600
0.02604996	127.70470000	-7.87377500
0.03104996	134.17460000	-7.93481200
0.03604996	139.97310000	-7.93481200
0.04104996	145.20700000	-7.93481200
0.04604996	148.44200000	-7.93481200
0.05104996	153.67590000	-7.93481200
0.05604996	159.45920000	-7.93481200
0.06104996	165.92910000	-7.93481200
0.06604996	171.71240000	-7.93481200
0.07104996	177.00730000	-7.93481200
0.07604996	180.47120000	-7.93481200
0.08104996	184.65220000	-7.93481200
0.08604996	188.34500000	-7.93481200
0.09104996	192.52600000	-7.93481200
0.09604996	195.98990000	-7.93481200
0.10104996	201.40690000	-7.93481200
0.10604996	207.64790000	-7.93481200
0.11104996	211.89000000	-7.93481200
0.11604996	213.04970000	-7.93481200
0.12104996	216.11680000	-7.93481200
0.12604996	220.03850000	-7.93481200
0.13104996	224.40260000	-7.87377500
0.13604996	228.32420000	-7.64488600
0.14104996	231.51340000	-8.81984900
0.14604996	233.11560000	-11.36814000
0.15104996	235.17560000	-11.36814000
0.15604996	237.03720000	-8.81984900
0.16104996	239.14300000	-7.58384900
0.16604996	241.00470000	-7.58384900
0.17104996	243.17150000	-8.81984900
0.17604996	245.26200000	-11.36814000
0.18104996	246.25380000	-11.36814000
0.18604996	245.79610000	-8.81984900
0.19104996	246.91000000	-7.64488600
0.19604996	249.45830000	-7.87377500
0.20104996	249.45830000	-7.93481200
0.20604996	246.91000000	-7.93481200
0.21104996	245.79610000	-7.99584900
0.21604996	246.25380000	-8.22473800
0.22104996	245.32300000	-7.11081200
0.22604996	243.46140000	-4.79140600
0.23104996	240.16540000	-3.67748000
0.23604996	236.01490000	-3.90636900
0.24104996	232.82570000	-3.96740600
0.24604996	231.45240000	-3.96740600
0.25104996	228.26320000	-4.02844300
0.25604996	224.11270000	-4.25733200
0.26104996	220.92350000	-3.14340600
0.26604996	219.55020000	-0.82399970
0.27104996	216.36100000	0.28992580
0.27604996	212.19520000	0.06103702
0.28104996	208.94500000	0.00000000
0.28604996	207.34270000	0.00000000
0.29104996	205.28270000	0.00000000
0.29604996	203.42110000	0.00000000
0.30104996	201.31530000	0.00000000
0.30604996	199.45370000	0.00000000
0.31104996	197.34790000	0.06103702
0.31604996	195.48630000	0.28992580
0.32104996	193.31950000	-0.82399970
0.32604996	191.22900000	-3.14340600
0.33104996	190.23710000	-4.25733200
0.33604996	190.69490000	-4.02844300
0.34104996	189.70300000	-3.96740600
0.34604996	187.61250000	-3.96740600
0.35104996	185.38470000	-3.96740600
0.35604996	183.29410000	-3.96740600
0.36104996	182.30230000	-3.96740600
0.36604996	182.76010000	-3.96740600
0.37104996	181.70720000	-3.96740600
0.37604996	179.38780000	-3.96740600
0.38104996	178.33490000	-3.96740600
0.38604996	178.79270000	-3.96740600
0.39104996	177.73980000	-3.96740600
0.39604996	175.42040000	-3.96740600
0.40104996	174.30650000	-3.96740600
0.40604996	174.53530000	-3.96740600
0.41104996	174.65740000	-3.96740600
0.41604996	174.88630000	-3.96740600
0.42104996	173.77240000	-3.96740600
0.42604996	171.45300000	-3.96740600
0.43104996	170.33910000	-4.02844300
0.43604996	170.56790000	-4.25733200
0.44104996	170.62900000	-3.14340600
0.44604996	170.62900000	-0.82399970
0.45104996	170.62900000	0.35096280
0.45604996	170.62900000	0.35096280
0.46104996	170.62900000	-0.88503670
0.46604996	170.62900000	-3.43333200
0.47104996	170.69000000	-3.43333200
0.47604996	170.91890000	-0.88503670
0.48104996	169.80500000	0.28992580
0.48604996	167.48560000	0.06103702
0.49104996	166.37160000	0.06103702
0.49604996	166.60050000	0.28992580
0.50104996	166.66160000	-0.82399970
0.50604996	166.66160000	-3.14340600
0.51104996	166.66160000	-4.25733200
0.51604996	166.66160000	-4.02844300
0.52104996	166.72260000	-3.96740600
0.52604996	166.95150000	-3.96740600
0.53104996	165.83760000	-3.96740600
0.53604996	163.51820000	-3.96740600
0.54104996	162.40430000	-4.02844300
0.54604996	162.63310000	-4.25733200
0.55104996	162.69420000	-3.14340600
0.55604996	162.69420000	-0.82399970
0.56104996	162.75520000	0.28992580
0.56604996	162.98410000	0.06103702
0.57104996	161.80910000	0.00000000
0.57604996	159.26080000	0.00000000
0.58104996	159.32190000	0.00000000
0.58604996	162.09910000	0.00000000
0.59104996	162.16010000	0.00000000
0.59604996	159.61180000	0.00000000
0.60104996	158.43680000	0.00000000
0.60604996	158.66570000	0.00000000
0.61104996	158.72680000	0.00000000
0.61604996	158.72680000	0.00000000
0.62104996	158.78780000	0.00000000
0.62604996	159.01670000	0.00000000
0.63104996	157.90280000	0.00000000
0.63604996	155.58340000	0.00000000
0.64104996	154.46940000	-0.06103702
0.64604996	154.69830000	-0.28992580
0.65104996	154.75940000	0.82399970
0.65604996	154.75940000	3.14340600
0.66104996	154.75940000	4.25733200
0.66604996	154.75940000	4.02844300
0.67104996	154.82040000	3.96740600
0.67604996	155.04930000	3.96740600
0.68104996	153.93530000	3.96740600
0.68604996	151.61590000	3.96740600
0.69104996	150.50200000	3.96740600
0.69604996	150.73090000	3.96740600
0.70104996	150.79190000	3.96740600
0.70604996	150.79190000	3.96740600
0.71104996	150.79190000	3.96740600
0.71604996	150.79190000	3.96740600
0.72104996	150.85300000	3.96740600
0.72604996	151.08190000	3.96740600
0.73104996	149.96790000	3.96740600
0.73604996	147.64850000	3.96740600
0.74104996	146.53460000	3.96740600
0.74604996	146.76350000	3.96740600
0.75104996	146.82450000	3.96740600
0.75604996	146.82450000	3.96740600
0.76104996	146.82450000	3.96740600
0.76604996	146.82450000	3.96740600
0.77104996	146.88560000	3.96740600
0.77604996	147.11450000	3.96740600
0.78104996	146.00050000	3.96740600
0.78604996	143.68110000	3.96740600
0.79104996	142.56720000	3.96740600
0.79604996	142.79610000	3.96740600
0.80104996	142.85710000	3.96740600
0.80604996	142.85710000	3.96740600
0.81104996	142.85710000	3.96740600
0.81604996	142.85710000	3.96740600
0.82104996	142.85710000	3.96740600
0.82604996	142.85710000	3.96740600
0.83104996	142.85710000	3.96740600
0.83604996	142.85710000	3.96740600
0.84104996	142.91820000	3.96740600
0.84604995	143.14710000	3.96740600
0.85104995	142.03310000	3.96740600
0.85604995	139.69850000	3.96740600
0.86104995	138.58450000	3.96740600
0.86604995	138.81340000	3.96740600
0.87104995	138.87450000	4.02844300
0.87604995	138.87450000	4.25733200
0.88104995	138.87450000	3.08236900
0.88604995	138.87450000	0.53407390
0.89104995	138.93550000	0.53407390
0.89604995	139.16440000	3.08236900
0.90104995	138.05050000	4.25733200
0.90604995	135.73110000	4.02844300
0.91104995	134.61710000	3.96740600
0.91604995	134.84600000	3.96740600
0.92104995	134.90710000	3.96740600
0.92604995	134.90710000	3.96740600
0.93104995	134.90710000	3.96740600
0.93604995	134.90710000	3.96740600
0.94104995	134.96810000	3.96740600
0.94604995	135.19700000	3.96740600
0.95104995	134.08310000	3.96740600
0.95604995	131.76370000	3.96740600
0.96104995	130.64970000	3.96740600
0.96604995	130.87860000	3.96740600
0.97104995	130.93970000	3.96740600
0.97604995	130.93970000	3.96740600
0.98104995	130.93970000	3.96740600
0.98604995	130.93970000	3.96740600
0.99104995	130.93970000	3.96740600
0.99604995	130.93970000	3.96740600
1.00104995	130.93970000	3.96740600
1.00604995	130.93970000	3.96740600
1.01104995	131.00070000	3.96740600
1.01604995	131.22960000	3.96740600
1.02104995	130.11560000	3.96740600
1.02604995	127.79630000	3.96740600
1.03104995	126.68230000	3.96740600
1.03604995	126.91120000	3.96740600
1.04104995	126.97230000	3.96740600
1.04604995	126.97230000	3.96740600
1.05104995	126.97230000	3.96740600
1.05604995	126.97230000	3.96740600
1.06104995	126.97230000	3.96740600
1.06604995	126.97230000	3.96740600
1.07104995	127.03330000	3.96740600
1.07604995	127.26220000	3.96740600
1.08104995	126.14820000	3.96740600
1.08604995	123.82880000	3.96740600
1.09104995	122.71490000	3.96740600
1.09604995	122.94380000	3.96740600
1.10104995	123.00480000	3.96740600
1.10604995	123.00480000	3.96740600
1.11104995	123.00480000	3.96740600
1.11604995	123.00480000	3.96740600
1.12104995	123.06590000	3.96740600
1.12604995	123.29480000	3.96740600
1.13104995	122.18080000	3.96740600
1.13604995	119.86140000	3.96740600
1.14104995	118.74750000	3.96740600
1.14604995	118.97640000	3.96740600
1.15104995	119.03740000	3.96740600
1.15604995	119.03740000	3.96740600
1.16104995	119.03740000	3.96740600
1.16604995	119.03740000	3.96740600
1.17104995	119.03740000	3.96740600
1.17604995	119.03740000	3.96740600
1.18104995	119.09850000	3.96740600
1.18604995	119.32740000	3.96740600
1.19104995	118.21340000	3.96740600
1.19604995	115.89400000	3.96740600
1.20104995	114.78010000	3.96740600
1.20604995	115.00900000	3.96740600
1.21104995	115.07000000	3.96740600
1.21604995	115.07000000	3.96740600
1.22104995	115.07000000	3.96740600
1.22604995	115.07000000	3.96740600
1.23104995	115.07000000	3.96740600
1.23604995	115.07000000	3.96740600
1.24104995	115.07000000	3.96740600
1.24604995	115.07000000	3.96740600
1.25104995	115.07000000	3.96740600
1.25604995	115.07000000	3.96740600
1.26104995	115.07000000	3.96740600
1.26604995	115.07000000	3.96740600
1.27104995	115.07000000	3.96740600
1.27604995	115.07000000	3.96740600
1.28104995	115.13110000	3.96740600
1.28604995	115.36000000	3.96740600
1.29104995	114.24600000	3.96740600
1.29604995	111.92660000	3.96740600
1.30104995	110.81270000	3.96740600
1.30604995	111.04160000	3.96740600
1.31104995	111.10260000	3.96740600
1.31604995	111.10260000	3.96740600
1.32104995	111.10260000	3.96740600
1.32604995	111.10260000	3.96740600
1.33104995	111.10260000	3.96740600
1.33604995	111.10260000	3.96740600
1.34104995	111.16370000	3.90636900
1.34604995	111.39250000	3.67748000
1.35104995	110.27860000	4.85244300
1.35604995	107.95920000	7.40073800
1.36104995	106.84530000	7.33970100
1.36604995	107.07420000	4.56251700
1.37104995	107.13520000	4.56251700
1.37604995	107.13520000	7.33970100
1.38104995	107.13520000	7.40073800
1.38604995	107.13520000	4.85244300
1.39104995	107.13520000	3.67748000
1.39604995	107.13520000	3.90636900
1.40104995	107.13520000	3.96740600
1.40604995	107.13520000	3.96740600
1.41104995	107.13520000	3.96740600
1.41604995	107.13520000	3.96740600
1.42104995	107.19630000	3.96740600
1.42604995	107.42510000	3.96740600
1.43104995	106.31120000	3.96740600
1.43604995	103.99180000	3.96740600
1.44104995	102.87790000	3.96740600
1.44604995	103.10680000	3.96740600
1.45104995	103.16780000	3.96740600
1.45604995	103.16780000	3.96740600
1.46104995	103.16780000	3.96740600
1.46604995	103.16780000	3.96740600
1.47104995	103.16780000	3.96740600
1.47604995	103.16780000	3.96740600
1.48104995	103.16780000	3.96740600
1.48604995	103.16780000	3.96740600
1.49104995	103.16780000	3.96740600
1.49604995	103.16780000	3.96740600
1.50104995	103.22890000	3.96740600
1.50604995	103.45770000	3.96740600
1.51104995	102.28280000	3.96740600
1.51604995	99.73448000	3.96740600
1.52104995	99.79552000	3.96740600
1.52604995	102.57270000	3.96740600
1.53104995	102.63370000	3.96740600
1.53604995	100.08540000	3.96740600
1.54104995	98.91048000	3.96740600
1.54604995	99.13937000	3.96740600
1.55104995	99.20041000	3.96740600
1.55604995	99.20041000	3.96740600
1.56104995	99.20041000	3.96740600
1.56604995	99.20041000	3.96740600
1.57104995	99.26145000	3.96740600
1.57604995	99.49034000	3.96740600
1.58104995	98.37641000	3.96740600
1.58604995	96.05700000	3.96740600
1.59104995	94.94308000	3.96740600
1.59604995	95.17197000	3.96740600
1.60104995	95.23300000	4.02844300
1.60604995	95.23300000	4.25733200
1.61104995	95.23300000	3.08236900
1.61604995	95.23300000	0.53407390
1.62104995	95.23300000	0.53407390
1.62604995	95.23300000	3.08236900
1.63104995	95.23300000	4.31836900
1.63604995	95.23300000	4.31836900
1.64104995	95.23300000	3.08236900
1.64604995	95.23300000	0.53407390
1.65104995	95.23300000	0.53407390
1.65604995	95.23300000	3.08236900
1.66104995	95.23300000	4.31836900
1.66604995	95.23300000	4.31836900
1.67104995	95.29404000	3.08236900
1.67604995	95.52293000	0.53407390
1.68104995	94.40900000	0.53407390
1.68604995	92.08959000	3.08236900
1.69104995	90.97568000	4.25733200
1.69604995	91.20457000	4.02844300
1.70104995	91.26560000	3.96740600
1.70604995	91.26560000	3.96740600
1.71104995	91.26560000	3.96740600
1.71604995	91.26560000	3.96740600
1.72104995	91.26560000	3.96740600
1.72604995	91.26560000	3.96740600
1.73104995	91.32664000	3.96740600
1.73604995	91.55552000	3.96740600
1.74104995	90.38056000	3.96740600
1.74604995	87.83227000	3.96740600
1.75104995	87.89330000	3.96740600
1.75604995	90.67049000	3.96740600
1.76104995	90.67049000	3.96740600
1.76604995	87.89330000	3.96740600
1.77104995	87.89330000	3.96740600
1.77604995	90.67049000	3.96740600
1.78104995	90.73153000	3.96740600
1.78604995	88.18323000	3.96740600
1.79104995	87.00826000	3.96740600
1.79604995	87.23715000	3.96740600
1.80104995	87.29819000	3.96740600
1.80604995	87.29819000	3.96740600
1.81104995	87.29819000	3.96740600
1.81604995	87.29819000	3.96740600
1.82104995	87.29819000	3.96740600
1.82604995	87.29819000	3.96740600
1.83104995	87.29819000	3.96740600
1.83604995	87.29819000	3.96740600
1.84104995	87.29819000	3.96740600
1.84604995	87.29819000	3.96740600
1.85104995	87.35923000	3.96740600
1.85604995	87.58812000	3.96740600
1.86104995	86.47419000	3.96740600
1.86604995	84.15479000	3.96740600
1.87104995	83.04086000	3.96740600
1.87604995	83.26974000	3.96740600
1.88104995	83.33078000	3.96740600
1.88604995	83.33078000	3.96740600
1.89104995	83.33078000	3.96740600
1.89604995	83.33078000	3.96740600
1.90104995	83.39182000	3.96740600
1.90604995	83.62070000	3.96740600
1.91104995	82.44575000	3.96740600
1.91604995	79.89745000	3.96740600
1.92104995	79.89745000	3.96740600
1.92604995	82.44575000	3.96740600
1.93104995	83.62070000	3.96740600
1.93604995	83.39182000	3.96740600
1.94104995	83.39182000	3.96740600
1.94604995	83.62070000	3.96740600
1.95104995	82.50678000	3.96740600
1.95604995	80.18738000	3.96740600
1.96104995	79.07346000	3.96740600
1.96604995	79.30235000	3.96740600
1.97104995	79.36338000	3.96740600
1.97604995	79.36338000	3.96740600
1.98104995	79.36338000	3.96740600
1.98604995	79.36338000	3.96740600
1.99104995	79.36338000	3.96740600
1.99604995	79.36338000	3.96740600
2.00104995	79.36338000	3.96740600
2.00604995	79.36338000	3.96740600
2.01104995	79.36338000	3.96740600
2.01604995	79.36338000	3.96740600
2.02104995	79.36338000	3.96740600
2.02604995	79.36338000	3.96740600
2.03104995	79.36338000	3.96740600
2.03604995	79.36338000	3.96740600
2.04104995	79.36338000	3.96740600
2.04604995	79.36338000	3.96740600
2.05104995	79.42442000	3.96740600
2.05604995	79.65331000	3.96740600
2.06104995	78.53938000	3.96740600
2.06604995	76.21997000	3.96740600
2.07104995	75.10605000	3.96740600
2.07604995	75.33494000	3.96740600
2.08104995	75.33494000	3.96740600
2.08604995	75.10605000	3.96740600
2.09104995	76.28101000	3.96740600
2.09604995	78.82931000	3.96740600
2.10104995	78.82931000	3.96740600
2.10604995	76.28101000	3.96740600
2.11104995	75.10605000	3.96740600
2.11604995	75.33494000	3.96740600
2.12104995	75.39597000	3.96740600
2.12604995	75.39597000	3.96740600
2.13104995	75.39597000	3.96740600
2.13604995	75.39597000	3.96740600
2.14104995	75.39597000	3.96740600
2.14604995	75.39597000	3.96740600
2.15104995	75.39597000	3.96740600
2.15604995	75.39597000	3.96740600
2.16104995	75.45701000	3.96740600
2.16604995	75.68590000	3.96740600
2.17104995	74.57197000	3.96740600
2.17604995	72.25256000	3.96740600
2.18104995	71.13864000	3.96740600
2.18604995	71.36753000	3.96740600
2.19104995	71.42857000	3.96740600
2.19604995	71.42857000	3.96740600
2.20104995	71.42857000	3.96740600
2.20604995	71.42857000	3.96740600
2.21104995	71.42857000	3.96740600
2.21604995	71.42857000	3.96740600
2.22104995	71.42857000	3.96740600
2.22604995	71.42857000	3.96740600
2.23104995	71.42857000	3.96740600
2.23604995	71.42857000	3.96740600
2.24104995	71.42857000	3.96740600
2.24604995	71.42857000	3.96740600
2.25104995	71.42857000	3.96740600
2.25604995	71.42857000	3.96740600
2.26104995	71.42857000	3.96740600
2.26604995	71.42857000	3.96740600
2.27104995	71.48961000	3.96740600
2.27604995	71.71850000	3.96740600
2.28104995	70.60457000	3.96740600
2.28604995	68.26991000	3.96740600
2.29104995	67.15598000	3.96740600
2.29604995	67.38486000	3.96740600
2.30104995	67.44590000	3.96740600
2.30604995	67.44590000	3.96740600
2.31104995	67.44590000	3.96740600
2.31604995	67.44590000	3.96740600
2.32104995	67.44590000	3.96740600
2.32604995	67.44590000	3.96740600
2.33104995	67.44590000	3.96740600
2.33604995	67.44590000	3.96740600
2.34104995	67.44590000	3.96740600
2.34604995	67.44590000	3.96740600
2.35104995	67.44590000	3.96740600
2.35604995	67.44590000	3.96740600
2.36104995	67.44590000	3.90636900
2.36604995	67.44590000	3.67748000
2.37104995	67.44590000	4.85244300
2.37604995	67.44590000	7.40073800
2.38104995	67.44590000	7.33970100
2.38604995	67.44590000	4.56251700
2.39104995	67.50694000	4.50148000
2.39604995	67.73582000	7.04977500
2.40104995	66.56087000	8.22473800
2.40604995	64.01257000	7.99584900
2.41104995	64.07360000	7.93481200
2.41604995	66.85079000	7.93481200
2.42104995	66.91183000	7.99584900
2.42604995	64.36353000	8.22473800
2.43104995	63.18857000	7.11081200
2.43604995	63.41746000	4.79140600
2.44104995	63.47850000	3.67748000
2.44604995	63.47850000	3.90636900
2.45104995	63.47850000	3.96740600
2.45604995	63.47850000	3.96740600
2.46104995	63.47850000	3.96740600
2.46604995	63.47850000	3.96740600
2.47104995	63.47850000	3.96740600
2.47604995	63.47850000	3.96740600
2.48104995	63.47850000	3.96740600
2.48604995	63.47850000	3.96740600
2.49104994	63.47850000	3.96740600
2.49604994	63.47850000	3.96740600
2.50104994	63.47850000	3.96740600
2.50604994	63.47850000	3.96740600
2.51104994	63.47850000	3.96740600
2.51604994	63.47850000	3.96740600
2.52104994	63.53953000	3.96740600
2.52604994	63.76842000	3.96740600
2.53104994	62.65450000	3.96740600
2.53604994	60.33509000	3.96740600
2.54104994	59.22116000	3.96740600
2.54604994	59.45005000	3.96740600
2.55104994	59.51109000	3.96740600
2.55604994	59.51109000	3.96740600
2.56104994	59.51109000	3.96740600
2.56604994	59.51109000	3.96740600
2.57104994	59.51109000	3.96740600
2.57604994	59.51109000	3.96740600
2.58104994	59.51109000	3.96740600
2.58604994	59.51109000	3.96740600
2.59104994	59.51109000	3.96740600
2.59604994	59.51109000	3.96740600
2.60104994	59.51109000	3.96740600
2.60604994	59.51109000	3.96740600
2.61104994	59.51109000	3.96740600
2.61604994	59.51109000	3.96740600
2.62104994	59.51109000	3.96740600
2.62604994	59.51109000	3.96740600
2.63104994	59.51109000	3.96740600
2.63604994	59.51109000	3.96740600
2.64104994	59.51109000	3.96740600
2.64604994	59.51109000	3.96740600
2.65104994	59.57213000	3.96740600
2.65604994	59.80102000	3.96740600
2.66104994	58.62605000	3.96740600
2.66604994	56.07775000	3.96740600
2.67104994	56.13879000	3.96740600
2.67604994	58.91598000	3.96740600
2.68104994	58.97702000	3.96740600
2.68604994	56.42872000	3.96740600
2.69104994	55.25376000	3.96740600
2.69604994	55.48264000	3.96740600
2.70104994	55.54368000	3.96740600
2.70604994	55.54368000	3.96740600
2.71104994	55.54368000	3.96740600
2.71604994	55.54368000	3.96740600
2.72104994	55.54368000	3.96740600
2.72604994	55.54368000	3.96740600
2.73104994	55.54368000	3.96740600
2.73604994	55.54368000	3.96740600
2.74104994	55.54368000	3.96740600
2.74604994	55.54368000	3.96740600
2.75104994	55.54368000	3.96740600
2.75604994	55.54368000	3.96740600
2.76104994	55.54368000	3.96740600
2.76604994	55.54368000	3.96740600
2.77104994	55.54368000	3.96740600
2.77604994	55.54368000	3.96740600
2.78104994	55.54368000	3.96740600
2.78604994	55.54368000	3.96740600
2.79104994	55.54368000	3.96740600
2.79604994	55.54368000	3.96740600
2.80104994	55.54368000	3.90636900
2.80604994	55.54368000	3.67748000
2.81104994	55.54368000	4.85244300
2.81604994	55.54368000	7.40073800
2.82104994	55.60472000	7.40073800
2.82604994	55.83361000	4.85244300
2.83104994	54.65865000	3.67748000
2.83604994	52.11035000	3.90636900
2.84104994	52.17139000	3.96740600
2.84604994	54.94857000	3.96740600
2.85104994	55.00961000	3.96740600
2.85604994	52.46132000	3.96740600
2.86104994	51.28635000	3.96740600
2.86604994	51.51524000	3.96740600
2.87104994	51.57627000	3.96740600
2.87604994	51.57627000	3.96740600
2.88104994	51.57627000	3.96740600
2.88604994	51.57627000	3.96740600
2.89104994	51.57627000	3.96740600
2.89604994	51.57627000	3.96740600
2.90104994	51.57627000	3.96740600
2.90604994	51.57627000	3.96740600
2.91104994	51.57627000	3.96740600
2.91604994	51.57627000	3.96740600
2.92104994	51.57627000	3.96740600
2.92604994	51.57627000	3.96740600
2.93104994	51.57627000	3.96740600
2.93604994	51.57627000	3.96740600
2.94104994	51.57627000	3.96740600
2.94604994	51.57627000	3.96740600
2.95104994	51.57627000	3.96740600
2.95604994	51.57627000	3.96740600
2.96104994	51.57627000	3.96740600
2.96604994	51.57627000	3.96740600
2.97104994	51.57627000	3.90636900
2.97604994	51.57627000	3.67748000
2.98104994	51.57627000	4.85244300
2.98604994	51.57627000	7.40073800
2.99104994	51.63731000	7.40073800
2.99604994	51.86620000	4.85244300
3.00104994	50.69124000	3.67748000
3.00604994	48.14294000	3.90636900
3.01104994	48.20398000	3.96740600
3.01604994	50.98117000	3.96740600
3.02104994	51.04220000	3.96740600
3.02604994	48.49391000	3.96740600
3.03104994	47.31895000	3.96740600
3.03604994	47.54784000	3.96740600
3.04104994	47.60887000	3.96740600
3.04604994	47.60887000	3.96740600
3.05104994	47.60887000	3.96740600
3.05604994	47.60887000	3.96740600
3.06104994	47.60887000	3.96740600
3.06604994	47.60887000	3.96740600
3.07104994	47.60887000	3.96740600
3.07604994	47.60887000	3.96740600
3.08104994	47.60887000	3.96740600
3.08604994	47.60887000	3.96740600
3.09104994	47.60887000	3.96740600
3.09604994	47.60887000	3.96740600
3.10104994	47.60887000	3.96740600
3.10604994	47.60887000	3.96740600
3.11104994	47.60887000	3.96740600
3.11604994	47.60887000	3.96740600
3.12104994	47.60887000	3.96740600
3.12604994	47.60887000	3.96740600
3.13104994	47.60887000	3.96740600
3.13604994	47.60887000	3.96740600
3.14104994	47.60887000	3.96740600
3.14604994	47.60887000	3.96740600
3.15104994	47.60887000	3.96740600
3.15604994	47.60887000	3.96740600
3.16104994	47.66991000	3.96740600
3.16604994	47.89880000	3.96740600
3.17104994	46.78487000	3.96740600
3.17604994	44.46547000	3.96740600
3.18104994	43.35154000	3.96740600
3.18604994	43.58043000	3.96740600
3.19104994	43.64147000	3.96740600
3.19604994	43.64147000	3.96740600
3.20104994	43.64147000	3.96740600
3.20604994	43.64147000	3.96740600
3.21104994	43.64147000	3.90636900
3.21604994	43.64147000	3.67748000
3.22104994	43.64147000	4.79140600
3.22604994	43.64147000	7.11081200
3.23104994	43.64147000	8.28577500
3.23604994	43.64147000	8.28577500
3.24104994	43.64147000	7.11081200
3.24604994	43.64147000	4.79140600
3.25104994	43.64147000	3.67748000
3.25604994	43.64147000	3.90636900
3.26104994	43.64147000	3.96740600
3.26604994	43.64147000	3.96740600
3.27104994	43.64147000	3.96740600
3.27604994	43.64147000	3.96740600
3.28104994	43.64147000	3.96740600
3.28604994	43.64147000	3.96740600
3.29104994	43.64147000	3.96740600
3.29604994	43.64147000	3.96740600
3.30104994	43.64147000	3.96740600
3.30604994	43.64147000	3.96740600
3.31104994	43.64147000	3.96740600
3.31604994	43.64147000	3.96740600
3.32104994	43.70250000	3.96740600
3.32604994	43.93139000	3.96740600
3.33104994	42.81747000	3.96740600
3.33604994	40.49806000	3.96740600
3.34104994	39.32310000	3.96740600
3.34604994	39.32310000	3.96740600
3.35104994	40.55910000	3.96740600
3.35604994	43.10739000	3.96740600
3.36104994	43.10739000	3.96740600
3.36604994	40.55910000	3.96740600
3.37104994	39.38414000	3.96740600
3.37604994	39.61302000	3.96740600
3.38104994	39.67406000	3.96740600
3.38604994	39.67406000	3.96740600
3.39104994	39.67406000	3.96740600
3.39604994	39.67406000	3.96740600
3.40104994	39.67406000	3.96740600
3.40604994	39.67406000	3.96740600
3.41104994	39.67406000	3.96740600
3.41604994	39.67406000	3.96740600
3.42104994	39.67406000	3.96740600
3.42604994	39.67406000	3.96740600
3.43104994	39.67406000	3.90636900
3.43604994	39.67406000	3.67748000
3.44104994	39.67406000	4.85244300
3.44604994	39.67406000	7.40073800
3.45104994	39.67406000	7.40073800
3.45604994	39.67406000	4.85244300
3.46104994	39.67406000	3.67748000
3.46604994	39.67406000	3.90636900
3.47104994	39.67406000	3.90636900
3.47604994	39.67406000	3.67748000
3.48104994	39.67406000	4.85244300
3.48604994	39.67406000	7.40073800
3.49104994	39.67406000	7.40073800
3.49604994	39.67406000	4.85244300
3.50104994	39.67406000	3.67748000
3.50604994	39.67406000	3.90636900
3.51104994	39.67406000	3.96740600
3.51604994	39.67406000	3.96740600
3.52104994	39.67406000	3.96740600
3.52604994	39.67406000	3.96740600
3.53104994	39.73510000	3.96740600
3.53604994	39.96399000	3.96740600
3.54104994	38.78902000	3.96740600
3.54604994	36.24073000	3.96740600
3.55104994	36.24073000	3.96740600
3.55604994	38.78902000	3.96740600
3.56104994	40.02502000	3.96740600
3.56604994	40.02502000	3.96740600
3.57104994	38.85006000	3.90636900
3.57604994	36.53065000	3.67748000
3.58104994	35.41673000	4.79140600
3.58604994	35.64562000	7.11081200
3.59104994	35.70665000	8.22473800
3.59604994	35.70665000	7.99584900
3.60104994	35.70665000	7.81273800
3.60604994	35.70665000	7.35496000
3.61104994	35.70665000	9.47599600
3.61604994	35.70665000	13.62651000
3.62104994	35.70665000	17.92962000
3.62604994	35.70665000	21.39347000
3.63104994	35.70665000	26.62740000
3.63604994	35.70665000	32.18177000
3.64104994	35.70665000	39.59776000
3.64604994	35.70665000	46.98324000
3.65104994	35.70665000	56.58131000
3.65604994	35.70665000	66.07257000
3.66104994	35.70665000	76.78456000
3.66604994	35.70665000	86.26056000
3.67104994	35.70665000	95.73656000
3.67604994	35.70665000	102.66430000
3.68104994	35.70665000	112.26230000
3.68604994	35.70665000	122.19610000
3.69104994	35.70665000	130.74130000
3.69604994	35.70665000	135.80740000
3.70104994	35.70665000	142.10940000
3.70604994	35.70665000	147.90790000
3.71104994	35.70665000	153.20290000
3.71604994	35.70665000	156.66680000
3.72104994	35.70665000	160.96990000
3.72604994	35.70665000	165.12040000
3.73104994	35.70665000	167.24140000
3.73604994	35.70665000	166.78360000
3.74104994	35.70665000	166.72260000
3.74604994	35.70665000	166.95150000
3.75104994	35.70665000	165.89860000
3.75604994	35.70665000	163.80810000
3.76104994	35.70665000	161.64130000
3.76604994	35.70665000	159.77960000
3.77104994	35.76769000	157.67390000
3.77604994	35.99658000	155.81220000
3.78104994	34.82162000	153.75220000
3.78604994	32.27332000	152.15000000
3.79104994	32.27332000	148.96080000
3.79604994	34.82162000	145.03920000
3.80104994	36.05762000	140.73610000
3.80604994	36.05762000	137.02810000
3.81104994	34.88266000	132.78600000
3.81604994	32.56325000	129.09330000
3.82104994	31.44932000	124.79020000
3.82604994	31.67821000	120.86850000
3.83104994	31.73925000	117.74040000
3.83604994	31.73925000	116.36710000
3.84104994	31.73925000	113.23890000
3.84604994	31.73925000	109.31730000
3.85104994	31.73925000	104.95310000
3.85604994	31.73925000	101.03150000
3.86104994	31.73925000	97.90337000
3.86604994	31.73925000	96.53004000
3.87104994	31.73925000	93.34085000
3.87604994	31.73925000	89.19034000
3.88104994	31.73925000	85.94012000
3.88604994	31.73925000	84.33789000
3.89104994	31.73925000	82.27789000
3.89604994	31.73925000	80.41627000
3.90104994	31.73925000	78.31049000
3.90604994	31.73925000	76.44886000
3.91104994	31.73925000	74.34308000
3.91604994	31.73925000	72.49671000
3.92104994	31.73925000	70.36042000
3.92604994	31.73925000	68.51405000
3.93104994	31.73925000	66.37775000
3.93604994	31.73925000	64.53138000
3.94104994	31.73925000	62.42561000
3.94604994	31.73925000	60.56398000
3.95104994	31.73925000	58.39716000
3.95604994	31.73925000	56.30664000
3.96104994	31.73925000	55.31479000
3.96604994	31.73925000	55.77257000
3.97104994	31.73925000	54.71968000
3.97604994	31.73925000	52.40028000
3.98104994	31.73925000	51.34739000
3.98604994	31.73925000	51.80516000
3.99104994	31.73925000	50.75228000
3.99604994	31.73925000	48.43287000
4.00104994	31.73925000	47.31895000
4.00604994	31.73925000	47.54784000
4.01104994	31.73925000	47.66991000
4.01604994	31.73925000	47.89880000
4.02104994	31.73925000	46.78487000
4.02604994	31.73925000	44.46547000
4.03104994	31.73925000	43.35154000
4.03604994	31.73925000	43.58043000
4.04104994	31.73925000	43.70250000
4.04604994	31.73925000	43.93139000
4.05104994	31.73925000	42.81747000
4.05604994	31.73925000	40.49806000
4.06104994	31.73925000	39.44517000
4.06604994	31.73925000	39.90295000
4.07104994	31.73925000	38.85006000
4.07604994	31.73925000	36.53065000
4.08104994	31.73925000	35.41673000
4.08604994	31.73925000	35.64562000
4.09104994	31.73925000	35.76769000
4.09604994	31.73925000	35.99658000
4.10104994	31.73925000	34.88266000
4.10604994	31.73925000	32.56325000
4.11104994	31.73925000	31.44932000
4.11604994	31.73925000	31.67821000
4.12104994	31.80028000	31.73925000
4.12604994	32.02917000	31.73925000
4.13104994	30.91525000	31.73925000
4.13604993	28.59584000	31.73925000
4.14104993	27.42088000	31.80028000
4.14604993	27.42088000	32.02917000
4.15104993	28.65688000	30.91525000
4.15604993	31.20517000	28.59584000
4.16104993	31.20517000	27.48192000
4.16604993	28.65688000	27.71080000
4.17104993	27.48192000	27.77184000
4.17604993	27.71080000	27.77184000
4.18104993	27.77184000	27.83288000
4.18604993	27.77184000	28.06177000
4.19104993	27.77184000	26.94784000
4.19604993	27.77184000	24.62844000
4.20104993	27.77184000	23.51451000
4.20604993	27.77184000	23.74340000
4.21104993	27.77184000	23.80444000
4.21604993	27.77184000	23.80444000
4.22104993	27.77184000	23.80444000
4.22604993	27.77184000	23.80444000
4.23104993	27.77184000	23.86547000
4.23604993	27.77184000	24.09436000
4.24104993	27.77184000	22.91940000
4.24604993	27.77184000	20.37111000
4.25104993	27.77184000	20.43214000
4.25604993	27.77184000	23.20932000
4.26104993	27.77184000	23.27036000
4.26604993	27.77184000	20.72207000
4.27104993	27.77184000	19.54710000
4.27604993	27.77184000	19.77599000
4.28104993	27.77184000	19.83703000
4.28604993	27.77184000	19.83703000
4.29104993	27.77184000	19.83703000
4.29604993	27.77184000	19.83703000
4.30104993	27.77184000	19.83703000
4.30604993	27.77184000	19.83703000
4.31104993	27.77184000	19.89807000
4.31604993	27.77184000	20.12696000
4.32104993	27.77184000	18.95199000
4.32604993	27.77184000	16.40370000
4.33104993	27.77184000	16.40370000
4.33604993	27.77184000	18.95199000
4.34104993	27.77184000	20.12696000
4.34604993	27.77184000	19.89807000
4.35104993	27.77184000	19.83703000
4.35604993	27.77184000	19.83703000
4.36104993	27.77184000	19.89807000
4.36604993	27.77184000	20.12696000
4.37104993	27.77184000	18.95199000
4.37604993	27.77184000	16.40370000
4.38104993	27.77184000	16.40370000
4.38604993	27.77184000	18.95199000
4.39104993	27.77184000	20.12696000
4.39604993	27.77184000	19.89807000
4.40104993	27.83288000	19.83703000
4.40604993	28.06177000	19.83703000
4.41104993	26.88680000	19.89807000
4.41604993	24.33851000	20.12696000
4.42104993	24.33851000	18.95199000
4.42604993	26.88680000	16.40370000
4.43104993	28.06177000	16.46474000
4.43604993	27.83288000	19.24192000
4.44104993	27.83288000	19.30296000
4.44604993	28.06177000	16.75466000
4.45104993	26.88680000	15.57970000
4.45604993	24.33851000	15.80859000
4.46104993	24.39955000	15.86962000
4.46604993	27.17673000	15.86962000
4.47104993	27.23777000	15.86962000
4.47604993	24.68947000	15.86962000
4.48104993	23.45347000	15.86962000
4.48604993	23.45347000	15.86962000
4.49104993	24.68947000	15.86962000
4.49604993	27.23777000	15.86962000
4.50104993	27.23777000	15.86962000
4.50604993	24.68947000	15.86962000
4.51104993	23.51451000	15.86962000
4.51604993	23.74340000	15.86962000
4.52104993	23.80444000	15.86962000
4.52604993	23.80444000	15.86962000
4.53104993	23.80444000	15.86962000
4.53604993	23.80444000	15.86962000
4.54104993	23.80444000	15.86962000
4.54604993	23.80444000	15.86962000
4.55104993	23.80444000	15.86962000
4.55604993	23.80444000	15.86962000
4.56104993	23.80444000	15.86962000
4.56604993	23.80444000	15.86962000
4.57104993	23.80444000	15.86962000
4.57604993	23.80444000	15.86962000
4.58104993	23.80444000	15.86962000
4.58604993	23.80444000	15.86962000
4.59104993	23.80444000	15.86962000
4.59604993	23.80444000	15.86962000
4.60104993	23.80444000	15.86962000
4.60604993	23.80444000	15.86962000
4.61104993	23.80444000	15.86962000
4.61604993	23.80444000	15.86962000
4.62104993	23.80444000	15.86962000
4.62604993	23.80444000	15.86962000
4.63104993	23.80444000	15.86962000
4.63604993	23.80444000	15.86962000
4.64104993	23.80444000	15.86962000
4.64604993	23.80444000	15.86962000
4.65104993	23.80444000	15.93066000
4.65604993	23.80444000	16.15955000
4.66104993	23.80444000	15.04562000
4.66604993	23.80444000	12.72622000
4.67104993	23.80444000	11.61229000
4.67604993	23.80444000	11.84118000
4.68104993	23.80444000	11.90222000
4.68604993	23.80444000	11.90222000
4.69104993	23.80444000	11.90222000
4.69604993	23.80444000	11.90222000
4.70104993	23.80444000	11.90222000
4.70604993	23.80444000	11.90222000
4.71104993	23.80444000	11.90222000
4.71604993	23.80444000	11.90222000
4.72104993	23.80444000	11.90222000
4.72604993	23.80444000	11.90222000
4.73104993	23.80444000	11.90222000
4.73604993	23.80444000	11.90222000
4.74104993	23.80444000	11.90222000
4.74604993	23.80444000	11.90222000
4.75104993	23.80444000	11.90222000
4.75604993	23.80444000	11.90222000
4.76104993	23.80444000	11.84118000
4.76604993	23.80444000	11.61229000
4.77104993	23.80444000	12.78725000
4.77604993	23.80444000	15.33555000
4.78104993	23.80444000	15.33555000
4.78604993	23.80444000	12.78725000
4.79104993	23.80444000	11.55125000
4.79604993	23.80444000	11.55125000
4.80104993	23.80444000	12.72622000
4.80604993	23.80444000	15.04562000
4.81104993	23.80444000	16.15955000
4.81604993	23.80444000	15.93066000
4.82104993	23.80444000	15.86962000
4.82604993	23.80444000	15.86962000
4.83104993	23.80444000	15.93066000
4.83604993	23.80444000	16.15955000
4.84104993	23.80444000	14.98459000
4.84604993	23.80444000	12.43629000
4.85104993	23.80444000	12.49733000
4.85604993	23.80444000	15.27451000
4.86104993	23.86547000	15.27451000
4.86604993	24.09436000	12.49733000
4.87104993	22.98043000	12.43629000
4.87604993	20.66103000	14.98459000
4.88104993	19.48607000	16.15955000
4.88604993	19.48607000	15.93066000
4.89104993	20.72207000	15.93066000
4.89604993	23.27036000	16.15955000
4.90104993	23.27036000	15.04562000
4.90604993	20.72207000	12.72622000
4.91104993	19.54710000	11.61229000
4.91604993	19.77599000	11.84118000
4.92104993	19.83703000	11.90222000
4.92604993	19.83703000	11.90222000
4.93104993	19.83703000	11.90222000
4.93604993	19.83703000	11.90222000
4.94104993	19.83703000	11.90222000
4.94604993	19.83703000	11.90222000
4.95104993	19.83703000	11.90222000
4.95604993	19.83703000	11.90222000
4.96104993	19.83703000	11.90222000
4.96604993	19.83703000	11.90222000
4.97104993	19.83703000	11.90222000
4.97604993	19.83703000	11.90222000
4.98104993	19.83703000	11.90222000
4.98604993	19.83703000	11.90222000
4.99104993	19.83703000	11.90222000
4.99604993	19.83703000	11.90222000
5.00104993	19.83703000	11.90222000
5.00604993	19.83703000	11.90222000
5.01104993	19.83703000	11.90222000
5.01604993	19.83703000	11.90222000
5.02104993	19.83703000	11.90222000
5.02604993	19.83703000	11.90222000
5.03104993	19.83703000	11.90222000
5.03604993	19.83703000	11.90222000
5.04104993	19.83703000	11.90222000
5.04604993	19.83703000	11.90222000
5.05104993	19.83703000	11.90222000
5.05604993	19.83703000	11.90222000
5.06104993	19.83703000	11.90222000
5.06604993	19.83703000	11.90222000
5.07104993	19.83703000	11.90222000
5.07604993	19.83703000	11.90222000
5.08104993	19.83703000	11.90222000
5.08604993	19.83703000	11.90222000
5.09104993	19.83703000	11.90222000
5.09604993	19.83703000	11.90222000
5.10104993	19.83703000	11.90222000
5.10604993	19.83703000	11.90222000
5.11104993	19.83703000	11.90222000
5.11604993	19.83703000	11.90222000
5.12104993	19.83703000	11.90222000
5.12604993	19.83703000	11.90222000
5.13104993	19.83703000	11.90222000
5.13604993	19.83703000	11.90222000
5.14104993	19.83703000	11.90222000
5.14604993	19.83703000	11.90222000
5.15104993	19.83703000	11.90222000
5.15604993	19.83703000	11.90222000
5.16104993	19.83703000	11.96325000
5.16604993	19.83703000	12.19214000
5.17104993	19.83703000	11.01718000
5.17604993	19.83703000	8.46888600
5.18104993	19.83703000	8.46888600
5.18604993	19.83703000	11.01718000
5.19104993	19.83703000	12.19214000
5.19604993	19.83703000	11.96325000
5.20104993	19.83703000	11.90222000
5.20604993	19.83703000	11.90222000
5.21104993	19.83703000	11.90222000
5.21604993	19.83703000	11.90222000
5.22104993	19.83703000	11.90222000
5.22604993	19.83703000	11.90222000
5.23104993	19.83703000	11.90222000
5.23604993	19.83703000	11.90222000
5.24104993	19.83703000	11.90222000
5.24604993	19.83703000	11.90222000
5.25104993	19.83703000	11.90222000
5.25604993	19.83703000	11.90222000
5.26104993	19.83703000	11.90222000
5.26604993	19.83703000	11.90222000
5.27104993	19.83703000	11.96325000
5.27604993	19.83703000	12.19214000
5.28104993	19.83703000	11.07822000
5.28604993	19.83703000	8.75881200
5.29104993	19.83703000	7.64488600
5.29604993	19.83703000	7.87377500
5.30104993	19.83703000	7.93481200
5.30604993	19.83703000	7.93481200
5.31104993	19.83703000	7.93481200
5.31604993	19.83703000	7.93481200
5.32104993	19.83703000	7.93481200
5.32604993	19.83703000	7.93481200
5.33104993	19.89807000	7.93481200
5.33604993	20.12696000	7.93481200
5.34104993	18.95199000	7.93481200
5.34604993	16.40370000	7.93481200
5.35104993	16.40370000	7.93481200
5.35604993	18.95199000	7.93481200
5.36104993	20.12696000	7.93481200
5.36604993	19.89807000	7.93481200
5.37104993	19.83703000	7.93481200
5.37604993	19.83703000	7.93481200
5.38104993	19.89807000	7.93481200
5.38604993	20.12696000	7.93481200
5.39104993	19.01303000	7.87377500
5.39604993	16.69362000	7.64488600
5.40104993	15.57970000	8.75881200
5.40604993	15.80859000	11.07822000
5.41104993	15.86962000	12.25318000
5.41604993	15.86962000	12.25318000
5.42104993	15.86962000	11.01718000
5.42604993	15.86962000	8.46888600
5.43104993	15.86962000	8.46888600
5.43604993	15.86962000	11.01718000
5.44104993	15.86962000	12.19214000
5.44604993	15.86962000	11.96325000
5.45104993	15.86962000	11.96325000
5.45604993	15.86962000	12.19214000
5.46104993	15.86962000	11.01718000
5.46604993	15.86962000	8.46888600
5.47104993	15.86962000	8.46888600
5.47604993	15.86962000	11.01718000
5.48104993	15.86962000	12.19214000
5.48604993	15.86962000	11.96325000
5.49104993	15.86962000	11.96325000
5.49604993	15.86962000	12.19214000
5.50104993	15.86962000	11.01718000
5.50604993	15.86962000	8.46888600
5.51104993	15.86962000	8.52992300
5.51604993	15.86962000	11.30711000
5.52104993	15.86962000	11.30711000
5.52604993	15.86962000	8.52992300
5.53104993	15.86962000	8.52992300
5.53604993	15.86962000	11.30711000
5.54104993	15.86962000	11.30711000
5.54604993	15.86962000	8.52992300
5.55104993	15.86962000	8.46888600
5.55604993	15.86962000	11.01718000
5.56104993	15.86962000	12.19214000
5.56604993	15.86962000	11.96325000
5.57104993	15.86962000	11.96325000
5.57604993	15.86962000	12.19214000
5.58104993	15.86962000	11.07822000
5.58604993	15.86962000	8.75881200
5.59104993	15.86962000	7.64488600
5.59604993	15.86962000	7.87377500
5.60104993	15.86962000	7.93481200
5.60604993	15.86962000	7.93481200
5.61104993	15.86962000	7.93481200
5.61604993	15.86962000	7.93481200
5.62104993	15.86962000	7.93481200
5.62604993	15.86962000	7.93481200
5.63104993	15.86962000	7.93481200
5.63604993	15.86962000	7.93481200
5.64104993	15.86962000	7.87377500
5.64604993	15.86962000	7.64488600
5.65104993	15.86962000	8.75881200
5.65604993	15.86962000	11.07822000
5.66104993	15.86962000	12.19214000
5.66604993	15.86962000	11.96325000
5.67104993	15.86962000	11.96325000
5.67604993	15.86962000	12.19214000
5.68104993	15.86962000	11.07822000
5.68604993	15.86962000	8.75881200
5.69104993	15.86962000	7.64488600
5.69604993	15.86962000	7.87377500
5.70104993	15.86962000	7.87377500
5.70604993	15.86962000	7.64488600
5.71104993	15.86962000	8.81984900
5.71604993	15.86962000	11.36814000
5.72104993	15.86962000	11.36814000
5.72604993	15.86962000	8.81984900
5.73104993	15.86962000	7.64488600
5.73604993	15.86962000	7.87377500
5.74104993	15.86962000	7.93481200
5.74604993	15.86962000	7.93481200
5.75104993	15.86962000	7.93481200
5.75604993	15.86962000	7.93481200
5.76104993	15.86962000	7.93481200
5.76604993	15.86962000	7.93481200
5.77104993	15.86962000	7.93481200
5.77604993	15.86962000	7.93481200
5.78104992	15.86962000	7.93481200
5.78604992	15.86962000	7.93481200
5.79104992	15.86962000	7.93481200
5.79604992	15.86962000	7.93481200
5.80104992	15.86962000	7.93481200
5.80604992	15.86962000	7.93481200
5.81104992	15.86962000	7.93481200
5.81604992	15.86962000	7.93481200
5.82104992	15.86962000	7.93481200
5.82604992	15.86962000	7.93481200
5.83104992	15.86962000	7.93481200
5.83604992	15.86962000	7.93481200
5.84104992	15.86962000	7.93481200
5.84604992	15.86962000	7.93481200
5.85104992	15.86962000	7.93481200
5.85604992	15.86962000	7.93481200
5.86104992	15.86962000	7.93481200
5.86604992	15.86962000	7.93481200
5.87104992	15.86962000	7.93481200
5.87604992	15.86962000	7.93481200
5.88104992	15.86962000	7.87377500
5.88604992	15.86962000	7.64488600
5.89104992	15.86962000	8.81984900
5.89604992	15.86962000	11.36814000
5.90104992	15.86962000	11.36814000
5.90604992	15.86962000	8.81984900
5.91104992	15.86962000	7.64488600
5.91604992	15.86962000	7.87377500
5.92104992	15.86962000	7.93481200
5.92604992	15.86962000	7.93481200
5.93104992	15.86962000	7.93481200
5.93604992	15.86962000	7.93481200
5.94104992	15.86962000	7.93481200
5.94604992	15.86962000	7.93481200
5.95104992	15.86962000	7.93481200
5.95604992	15.86962000	7.93481200
5.96104992	15.86962000	7.93481200
5.96604992	15.86962000	7.93481200
5.97104992	15.86962000	7.93481200
5.97604992	15.86962000	7.93481200
5.98104992	15.86962000	7.93481200
5.98604992	15.86962000	7.93481200
5.99104992	15.86962000	7.93481200
5.99604992	15.86962000	7.93481200
6.00104992	15.86962000	7.93481200
6.00604992	15.86962000	7.93481200
6.01104992	15.86962000	7.87377500
6.01604992	15.86962000	7.64488600
6.02104992	15.86962000	8.75881200
6.02604992	15.86962000	11.07822000
6.03104992	15.86962000	12.25318000
6.03604992	15.86962000	12.25318000
6.04104992	15.86962000	11.01718000
6.04604992	15.86962000	8.46888600
6.05104992	15.86962000	8.52992300
6.05604992	15.86962000	11.30711000
6.06104992	15.86962000	11.36814000
6.06604992	15.86962000	8.81984900
6.07104992	15.86962000	7.64488600
6.07604992	15.86962000	7.87377500
6.08104992	15.86962000	7.87377500
6.08604992	15.86962000	7.64488600
6.09104992	15.86962000	8.81984900
6.09604992	15.86962000	11.36814000
6.10104992	15.86962000	11.36814000
6.10604992	15.86962000	8.81984900
6.11104992	15.86962000	7.58384900
6.11604992	15.86962000	7.58384900
6.12104992	15.86962000	8.81984900
6.12604992	15.86962000	11.36814000
6.13104992	15.86962000	11.30711000
6.13604992	15.86962000	8.52992300
6.14104992	15.86962000	8.52992300
6.14604992	15.86962000	11.30711000
6.15104992	15.93066000	11.30711000
6.15604992	16.15955000	8.52992300
6.16104992	14.98459000	8.52992300
6.16604992	12.43629000	11.30711000
6.17104992	12.43629000	11.36814000
6.17604992	14.98459000	8.81984900
6.18104992	16.22059000	7.64488600
6.18604992	16.22059000	7.87377500
6.19104992	15.04562000	7.87377500
6.19604992	12.72622000	7.64488600
6.20104992	11.61229000	8.75881200
6.20604992	11.84118000	11.07822000
6.21104992	11.90222000	12.19214000
6.21604992	11.90222000	11.96325000
6.22104992	11.90222000	11.90222000
6.22604992	11.90222000	11.90222000
6.23104992	11.84118000	11.90222000
6.23604992	11.61229000	11.90222000
6.24104992	12.78725000	11.90222000
6.24604992	15.33555000	11.90222000
6.25104992	15.33555000	11.90222000
6.25604992	12.78725000	11.90222000
6.26104992	11.61229000	11.90222000
6.26604992	11.84118000	11.90222000
6.27104992	11.90222000	11.96325000
6.27604992	11.90222000	12.19214000
6.28104992	11.90222000	11.07822000
6.28604992	11.90222000	8.75881200
6.29104992	11.90222000	7.64488600
6.29604992	11.90222000	7.87377500
6.30104992	11.90222000	7.93481200
6.30604992	11.90222000	7.93481200
6.31104992	11.90222000	7.93481200
6.31604992	11.90222000	7.93481200
6.32104992	11.84118000	7.93481200
6.32604992	11.61229000	7.93481200
6.33104992	12.72622000	7.93481200
6.33604992	15.04562000	7.93481200
6.34104992	16.22059000	7.93481200
6.34604992	16.22059000	7.93481200
6.35104992	15.04562000	7.93481200
6.35604992	12.72622000	7.93481200
6.36104992	11.61229000	7.93481200
6.36604992	11.84118000	7.93481200
6.37104992	11.90222000	7.93481200
6.37604992	11.90222000	7.93481200
6.38104992	11.90222000	7.93481200
6.38604992	11.90222000	7.93481200
6.39104992	11.90222000	7.93481200
6.39604992	11.90222000	7.93481200
6.40104992	11.90222000	7.93481200
6.40604992	11.90222000	7.93481200
6.41104992	11.90222000	7.93481200
6.41604992	11.90222000	7.93481200
6.42104992	11.90222000	7.93481200
6.42604992	11.90222000	7.93481200
6.43104992	11.90222000	7.93481200
6.43604992	11.90222000	7.93481200
6.44104992	11.90222000	7.93481200
6.44604992	11.90222000	7.93481200
6.45104992	11.90222000	7.93481200
6.45604992	11.90222000	7.93481200
6.46104992	11.90222000	7.93481200
6.46604992	11.90222000	7.93481200
6.47104992	11.90222000	7.93481200
6.47604992	11.90222000	7.93481200
6.48104992	11.90222000	7.93481200
6.48604992	11.90222000	7.93481200
6.49104992	11.90222000	7.93481200
6.49604992	11.90222000	7.93481200
6.50104992	11.90222000	7.99584900
6.50604992	11.90222000	8.22473800
6.51104992	11.90222000	7.04977500
6.51604992	11.90222000	4.50148000
6.52104992	11.90222000	4.50148000
6.52604992	11.90222000	7.04977500
6.53104992	11.90222000	8.22473800
6.53604992	11.90222000	7.99584900
6.54104992	11.90222000	7.93481200
6.54604992	11.90222000	7.93481200
6.55104992	11.90222000	7.93481200
6.55604992	11.90222000	7.93481200
6.56104992	11.90222000	7.93481200
6.56604992	11.90222000	7.93481200
6.57104992	11.90222000	7.93481200
6.57604992	11.90222000	7.93481200
6.58104992	11.90222000	7.93481200
6.58604992	11.90222000	7.93481200
6.59104992	11.90222000	7.93481200
6.59604992	11.90222000	7.93481200
6.60104992	11.90222000	7.93481200
6.60604992	11.90222000	7.93481200
6.61104992	11.90222000	7.93481200
6.61604992	11.90222000	7.93481200
6.62104992	11.90222000	7.93481200
6.62604992	11.90222000	7.93481200
6.63104992	11.90222000	7.93481200
6.63604992	11.90222000	7.93481200
6.64104992	11.90222000	7.93481200
6.64604992	11.90222000	7.93481200
6.65104992	11.90222000	7.93481200
6.65604992	11.90222000	7.93481200
6.66104992	11.90222000	7.93481200
6.66604992	11.90222000	7.93481200
6.67104992	11.90222000	7.93481200
6.67604992	11.90222000	7.93481200
6.68104992	11.90222000	7.93481200
6.68604992	11.90222000	7.93481200
6.69104992	11.90222000	7.93481200
6.69604992	11.90222000	7.93481200
6.70104992	11.90222000	7.93481200
6.70604992	11.90222000	7.93481200
6.71104992	11.90222000	7.93481200
6.71604992	11.90222000	7.93481200
6.72104992	11.90222000	7.93481200
6.72604992	11.90222000	7.93481200
6.73104992	11.90222000	7.93481200
6.73604992	11.90222000	7.93481200
6.74104992	11.90222000	7.93481200
6.74604992	11.90222000	7.93481200
6.75104992	11.90222000	7.99584900
6.75604992	11.90222000	8.22473800
6.76104992	11.90222000	7.04977500
6.76604992	11.90222000	4.50148000
6.77104992	11.90222000	4.50148000
6.77604992	11.90222000	7.04977500
6.78104992	11.90222000	8.22473800
6.78604992	11.90222000	7.99584900
6.79104992	11.90222000	7.93481200
6.79604992	11.90222000	7.93481200
6.80104992	11.90222000	7.93481200
6.80604992	11.90222000	7.93481200
6.81104992	11.90222000	7.93481200
6.81604992	11.90222000	7.93481200
6.82104992	11.90222000	7.93481200
6.82604992	11.90222000	7.93481200
6.83104992	11.90222000	7.93481200
6.83604992	11.90222000	7.93481200
6.84104992	11.90222000	7.93481200
6.84604992	11.90222000	7.93481200
6.85104992	11.90222000	7.93481200
6.85604992	11.90222000	7.93481200
6.86104992	11.90222000	7.93481200
6.86604992	11.90222000	7.93481200
6.87104992	11.90222000	7.93481200
6.87604992	11.90222000	7.93481200
6.88104992	11.96325000	7.93481200
6.88604992	12.19214000	7.93481200
6.89104992	11.01718000	7.93481200
6.89604992	8.46888600	7.93481200
6.90104992	8.46888600	7.93481200
6.90604992	11.01718000	7.93481200
6.91104992	12.19214000	7.93481200
6.91604992	11.96325000	7.93481200
6.92104992	11.90222000	7.99584900
6.92604992	11.90222000	8.22473800
6.93104992	11.96325000	7.11081200
6.93604992	12.19214000	4.79140600
6.94104992	11.01718000	3.67748000
6.94604992	8.46888600	3.90636900
6.95104992	8.46888600	3.96740600
6.95604992	11.01718000	3.96740600
6.96104992	12.19214000	3.96740600
6.96604992	11.96325000	3.96740600
6.97104992	11.90222000	3.96740600
6.97604992	11.90222000	3.96740600
6.98104992	11.90222000	3.96740600
6.98604992	11.90222000	3.96740600
6.99104992	11.90222000	3.96740600
6.99604992	11.90222000	3.96740600
7.00104992	11.90222000	3.96740600
7.00604992	11.90222000	3.96740600
7.01104992	11.90222000	3.96740600
7.01604992	11.90222000	3.96740600
7.02104992	11.90222000	3.90636900
7.02604992	11.90222000	3.67748000
7.03104992	11.90222000	4.85244300
7.03604992	11.90222000	7.40073800
7.04104992	11.90222000	7.40073800
7.04604992	11.90222000	4.85244300
7.05104992	11.90222000	3.67748000
7.05604992	11.90222000	3.90636900
7.06104992	11.90222000	3.90636900
7.06604992	11.90222000	3.67748000
7.07104992	11.90222000	4.85244300
7.07604992	11.90222000	7.40073800
7.08104992	11.90222000	7.40073800
7.08604992	11.90222000	4.85244300
7.09104992	11.90222000	3.61644300
7.09604992	11.90222000	3.61644300
7.10104992	11.90222000	4.79140600
7.10604992	11.90222000	7.11081200
7.11104992	11.90222000	8.22473800
7.11604992	11.90222000	7.99584900
7.12104992	11.90222000	7.93481200
7.12604992	11.90222000	7.93481200
7.13104992	11.90222000	7.93481200
7.13604992	11.90222000	7.93481200
7.14104992	11.90222000	7.93481200
7.14604992	11.90222000	7.93481200
7.15104992	11.90222000	7.93481200
7.15604992	11.90222000	7.93481200
7.16104992	11.90222000	7.93481200
7.16604992	11.90222000	7.93481200
7.17104992	11.90222000	7.93481200
7.17604992	11.90222000	7.93481200
7.18104992	11.96325000	7.93481200
7.18604992	12.19214000	7.93481200
7.19104992	11.07822000	7.93481200
7.19604992	8.75881200	7.93481200
7.20104992	7.64488600	7.93481200
7.20604992	7.87377500	7.93481200
7.21104992	7.87377500	7.93481200
7.21604992	7.64488600	7.93481200
7.22104992	8.75881200	7.93481200
7.22604992	11.07822000	7.93481200
7.23104992	12.25318000	7.93481200
7.23604992	12.25318000	7.93481200
7.24104992	11.07822000	7.93481200
7.24604992	8.75881200	7.93481200
7.25104992	7.58384900	7.93481200
7.25604992	7.58384900	7.93481200
7.26104992	8.75881200	7.93481200
7.26604992	11.07822000	7.93481200
7.27104992	12.19214000	7.93481200
7.27604992	11.96325000	7.93481200
7.28104992	11.90222000	7.93481200
7.28604992	11.90222000	7.93481200
7.29104992	11.90222000	7.93481200
7.29604992	11.90222000	7.93481200
7.30104992	11.90222000	7.93481200
7.30604992	11.90222000	7.93481200
7.31104992	11.90222000	7.93481200
7.31604992	11.90222000	7.93481200
7.32104992	11.96325000	7.93481200
7.32604992	12.19214000	7.93481200
7.33104992	11.01718000	7.93481200
7.33604992	8.46888600	7.93481200
7.34104992	8.46888600	7.93481200
7.34604992	11.01718000	7.93481200
7.35104992	12.19214000	7.93481200
7.35604992	11.96325000	7.93481200
7.36104992	11.90222000	7.93481200
7.36604992	11.90222000	7.93481200
7.37104992	11.96325000	7.93481200
7.37604992	12.19214000	7.93481200
7.38104992	11.07822000	7.99584900
7.38604992	8.75881200	8.22473800
7.39104992	7.64488600	7.04977500
7.39604992	7.87377500	4.50148000
7.40104992	7.87377500	4.50148000
7.40604992	7.64488600	7.04977500
7.41104992	8.75881200	8.28577500
7.41604992	11.07822000	8.28577500
7.42104992	12.19214000	7.04977500
7.42604991	11.96325000	4.50148000
7.43104991	11.96325000	4.50148000
7.43604991	12.19214000	7.04977500
7.44104991	11.07822000	8.22473800
7.44604991	8.75881200	7.99584900
7.45104991	7.64488600	7.93481200
7.45604991	7.87377500	7.93481200
7.46104991	7.93481200	7.93481200
7.46604991	7.93481200	7.93481200
7.47104991	7.93481200	7.93481200
7.47604991	7.93481200	7.93481200
7.48104991	7.93481200	7.93481200
7.48604991	7.93481200	7.93481200
7.49104991	7.93481200	7.93481200
7.49604991	7.93481200	7.93481200
7.50104991	7.93481200	7.93481200
7.50604991	7.93481200	7.93481200
7.51104991	7.87377500	7.99584900
7.51604991	7.64488600	8.22473800
7.52104991	8.81984900	7.04977500
7.52604991	11.36814000	4.50148000
7.53104991	11.36814000	4.50148000
7.53604991	8.81984900	7.04977500
7.54104991	7.64488600	8.22473800
7.54604991	7.87377500	7.99584900
7.55104991	7.93481200	7.99584900
7.55604991	7.93481200	8.22473800
7.56104991	7.87377500	7.11081200
7.56604991	7.64488600	4.79140600
7.57104991	8.81984900	3.67748000
7.57604991	11.36814000	3.90636900
7.58104991	11.30711000	3.96740600
7.58604991	8.52992300	3.96740600
7.59104991	8.52992300	3.96740600
7.59604991	11.30711000	3.96740600
7.60104991	11.36814000	3.90636900
7.60604991	8.81984900	3.67748000
7.61104991	7.64488600	4.85244300
7.61604991	7.87377500	7.40073800
7.62104991	7.93481200	7.33970100
7.62604991	7.93481200	4.56251700
7.63104991	7.93481200	4.56251700
7.63604991	7.93481200	7.33970100
7.64104991	7.93481200	7.40073800
7.64604991	7.93481200	4.85244300
7.65104991	7.93481200	3.67748000
7.65604991	7.93481200	3.90636900
7.66104991	7.93481200	3.96740600
7.66604991	7.93481200	3.96740600
7.67104991	7.93481200	3.96740600
7.67604991	7.93481200	3.96740600
7.68104991	7.93481200	3.96740600
7.68604991	7.93481200	3.96740600
7.69104991	7.93481200	3.90636900
7.69604991	7.93481200	3.67748000
7.70104991	7.93481200	4.85244300
7.70604991	7.93481200	7.40073800
7.71104991	7.93481200	7.40073800
7.71604991	7.93481200	4.85244300
7.72104991	7.93481200	3.67748000
7.72604991	7.93481200	3.90636900
7.73104991	7.93481200	3.96740600
7.73604991	7.93481200	3.96740600
7.74104991	7.93481200	3.96740600
7.74604991	7.93481200	3.96740600
7.75104991	7.93481200	3.96740600
7.75604991	7.93481200	3.96740600
7.76104991	7.93481200	3.96740600
7.76604991	7.93481200	3.96740600
7.77104991	7.93481200	3.96740600
7.77604991	7.93481200	3.96740600
7.78104991	7.93481200	3.96740600
7.78604991	7.93481200	3.96740600
7.79104991	7.93481200	3.96740600
7.79604991	7.93481200	3.96740600
7.80104991	7.93481200	3.96740600
7.80604991	7.93481200	3.96740600
7.81104991	7.93481200	3.96740600
7.81604991	7.93481200	3.96740600
7.82104991	7.93481200	3.96740600
7.82604991	7.93481200	3.96740600
7.83104991	7.93481200	3.96740600
7.83604991	7.93481200	3.96740600
7.84104991	7.93481200	3.96740600
7.84604991	7.93481200	3.96740600
7.85104991	7.93481200	3.96740600
7.85604991	7.93481200	3.96740600
7.86104991	7.93481200	3.96740600
7.86604991	7.93481200	3.96740600
7.87104991	7.93481200	3.96740600
7.87604991	7.93481200	3.96740600
7.88104991	7.93481200	3.96740600
7.88604991	7.93481200	3.96740600
7.89104991	7.93481200	3.96740600
7.89604991	7.93481200	3.96740600
7.90104991	7.93481200	3.96740600
7.90604991	7.93481200	3.96740600
7.91104991	7.93481200	3.96740600
7.91604991	7.93481200	3.96740600
7.92104991	7.93481200	3.96740600
7.92604991	7.93481200	3.96740600
7.93104991	7.93481200	3.96740600
7.93604991	7.93481200	3.96740600
7.94104991	7.93481200	3.96740600
7.94604991	7.93481200	3.96740600
7.95104991	7.93481200	3.96740600
7.95604991	7.93481200	3.96740600
7.96104991	7.93481200	3.96740600
7.96604991	7.93481200	3.96740600
7.97104991	7.93481200	3.96740600
7.97604991	7.93481200	3.96740600
7.98104991	7.93481200	3.96740600
7.98604991	7.93481200	3.96740600
7.99104991	7.93481200	3.90636900
7.99604991	7.93481200	3.67748000
8.00104991	7.93481200	4.79140600
8.00604991	7.93481200	7.11081200
8.01104991	7.93481200	8.22473800
8.01604991	7.93481200	7.99584900
8.02104991	7.93481200	7.93481200
8.02604991	7.93481200	7.93481200
8.03104991	7.93481200	7.99584900
8.03604991	7.93481200	8.22473800
8.04104991	7.93481200	7.04977500
8.04604991	7.93481200	4.50148000
8.05104991	7.93481200	4.56251700
8.05604991	7.93481200	7.33970100
8.06104991	7.93481200	7.33970100
8.06604991	7.93481200	4.56251700
8.07104991	7.93481200	4.56251700
8.07604991	7.93481200	7.33970100
8.08104991	7.93481200	7.40073800
8.08604991	7.93481200	4.85244300
8.09104991	7.93481200	3.67748000
8.09604991	7.93481200	3.90636900
8.10104991	7.93481200	3.96740600
8.10604991	7.93481200	3.96740600
8.11104991	7.93481200	3.96740600
8.11604991	7.93481200	3.96740600
8.12104991	7.93481200	3.96740600
8.12604991	7.93481200	3.96740600
8.13104991	7.93481200	3.96740600
8.13604991	7.93481200	3.96740600
8.14104991	7.93481200	3.96740600
8.14604991	7.93481200	3.96740600
8.15104991	7.93481200	3.96740600
8.15604991	7.93481200	3.96740600
8.16104991	7.93481200	3.96740600
8.16604991	7.93481200	3.96740600
8.17104991	7.93481200	3.96740600
8.17604991	7.93481200	3.96740600
8.18104991	7.93481200	3.96740600
8.18604991	7.93481200	3.96740600
8.19104991	7.93481200	3.96740600
8.19604991	7.93481200	3.96740600
8.20104991	7.93481200	3.96740600
8.20604991	7.93481200	3.96740600
8.21104991	7.93481200	3.96740600
8.21604991	7.93481200	3.96740600
8.22104991	7.93481200	3.96740600
8.22604991	7.93481200	3.96740600
8.23104991	7.93481200	3.96740600
8.23604991	7.93481200	3.96740600
8.24104991	7.93481200	3.96740600
8.24604991	7.93481200	3.96740600
8.25104991	7.93481200	3.96740600
8.25604991	7.93481200	3.96740600
8.26104991	7.93481200	3.96740600
8.26604991	7.93481200	3.96740600
8.27104991	7.93481200	3.96740600
8.27604991	7.93481200	3.96740600
8.28104991	7.93481200	3.96740600
8.28604991	7.93481200	3.96740600
8.29104991	7.93481200	3.96740600
8.29604991	7.93481200	3.96740600
8.30104991	7.93481200	3.96740600
8.30604991	7.93481200	3.96740600
8.31104991	7.93481200	3.96740600
8.31604991	7.93481200	3.96740600
8.32104991	7.93481200	3.96740600
8.32604991	7.93481200	3.96740600
8.33104991	7.93481200	3.96740600
8.33604991	7.93481200	3.96740600
8.34104991	7.93481200	3.96740600
8.34604991	7.93481200	3.96740600
8.35104991	7.93481200	3.96740600
8.35604991	7.93481200	3.96740600
8.36104991	7.93481200	3.96740600
8.36604991	7.93481200	3.96740600
8.37104991	7.93481200	3.96740600
8.37604991	7.93481200	3.96740600
8.38104991	7.93481200	3.96740600
8.38604991	7.93481200	3.96740600
8.39104991	7.93481200	3.96740600
8.39604991	7.93481200	3.96740600
8.40104991	7.93481200	3.96740600
8.40604991	7.93481200	3.96740600
8.41104991	7.93481200	3.96740600
8.41604991	7.93481200	3.96740600
8.42104991	7.93481200	3.96740600
8.42604991	7.93481200	3.96740600
8.43104991	7.93481200	3.96740600
8.43604991	7.93481200	3.96740600
8.44104991	7.93481200	3.96740600
8.44604991	7.93481200	3.96740600
8.45104991	7.93481200	3.96740600
8.45604991	7.93481200	3.96740600
8.46104991	7.93481200	3.96740600
8.46604991	7.93481200	3.96740600
8.47104991	7.93481200	3.96740600
8.47604991	7.93481200	3.96740600
8.48104991	7.93481200	3.96740600
8.48604991	7.93481200	3.96740600
8.49104991	7.93481200	3.96740600
8.49604991	7.93481200	3.96740600
8.50104991	7.93481200	3.96740600
8.50604991	7.93481200	3.96740600
8.51104991	7.93481200	3.96740600
8.51604991	7.93481200	3.96740600
8.52104991	7.93481200	3.96740600
8.52604991	7.93481200	3.96740600
8.53104991	7.93481200	3.96740600
8.53604991	7.93481200	3.96740600
8.54104991	7.93481200	3.96740600
8.54604991	7.93481200	3.96740600
8.55104991	7.93481200	3.96740600
8.55604991	7.93481200	3.96740600
8.56104991	7.93481200	3.90636900
8.56604991	7.93481200	3.67748000
8.57104991	7.93481200	4.85244300
8.57604991	7.93481200	7.40073800
8.58104991	7.93481200	7.40073800
8.58604991	7.93481200	4.85244300
8.59104991	7.93481200	3.67748000
8.59604991	7.93481200	3.90636900
8.60104991	7.93481200	3.96740600
8.60604991	7.93481200	3.96740600
8.61104991	7.93481200	3.96740600
8.61604991	7.93481200	3.96740600
8.62104991	7.93481200	3.96740600
8.62604991	7.93481200	3.96740600
8.63104991	7.93481200	3.96740600
8.63604991	7.93481200	3.96740600
8.64104991	7.93481200	3.90636900
8.64604991	7.93481200	3.67748000
8.65104991	7.93481200	4.85244300
8.65604991	7.93481200	7.40073800
8.66104991	7.93481200	7.40073800
8.66604991	7.93481200	4.85244300
8.67104991	7.93481200	3.67748000
8.67604991	7.93481200	3.90636900
8.68104991	7.93481200	3.96740600
8.68604991	7.93481200	3.96740600
8.69104991	7.93481200	3.96740600
8.69604991	7.93481200	3.96740600
8.70104991	7.93481200	3.96740600
8.70604991	7.93481200	3.96740600
8.71104991	7.93481200	3.96740600
8.71604991	7.93481200	3.96740600
8.72104991	7.99584900	3.96740600
8.72604991	8.22473800	3.96740600
8.73104991	7.04977500	3.96740600
8.73604991	4.50148000	3.96740600
8.74104991	4.50148000	3.96740600
8.74604991	7.04977500	3.96740600
8.75104991	8.22473800	3.96740600
8.75604991	7.99584900	3.96740600
8.76104991	7.93481200	3.96740600
8.76604991	7.93481200	3.96740600
8.77104991	7.93481200	3.96740600
8.77604991	7.93481200	3.96740600
8.78104991	7.93481200	3.96740600
8.78604991	7.93481200	3.96740600
8.79104991	7.93481200	3.96740600
8.79604991	7.93481200	3.96740600
8.80104991	7.93481200	3.96740600
8.80604991	7.93481200	3.96740600
8.81104991	7.93481200	3.96740600
8.81604991	7.93481200	3.96740600
8.82104991	7.93481200	3.96740600
8.82604991	7.93481200	3.96740600
8.83104991	7.93481200	3.96740600
8.83604991	7.93481200	3.96740600
8.84104991	7.93481200	3.96740600
8.84604991	7.93481200	3.96740600
8.85104991	7.93481200	3.96740600
8.85604991	7.93481200	3.96740600
8.86104991	7.93481200	3.96740600
8.86604991	7.93481200	3.96740600
8.87104991	7.93481200	3.96740600
8.87604991	7.93481200	3.96740600
8.88104991	7.93481200	3.96740600
8.88604991	7.93481200	3.96740600
8.89104991	7.93481200	3.96740600
8.89604991	7.93481200	3.96740600
8.90104991	7.93481200	3.96740600
8.90604991	7.93481200	3.96740600
8.91104991	7.93481200	3.96740600
8.91604991	7.93481200	3.96740600
8.92104991	7.93481200	3.96740600
8.92604991	7.93481200	3.96740600
8.93104991	7.93481200	3.96740600
8.93604991	7.93481200	3.96740600
8.94104991	7.93481200	3.96740600
8.94604991	7.93481200	3.96740600
8.95104991	7.93481200	3.96740600
8.95604991	7.93481200	3.96740600
8.96104991	7.93481200	3.96740600
8.96604991	7.93481200	3.96740600
8.97104991	7.93481200	4.02844300
8.97604991	7.93481200	4.25733200
8.98104991	7.93481200	3.14340600
8.98604991	7.93481200	0.82399970
8.99104991	7.93481200	-0.35096280
8.99604991	7.93481200	-0.35096280
9.00104991	7.93481200	0.82399970
9.00604991	7.93481200	3.14340600
9.01104991	7.99584900	4.31836900
9.01604991	8.22473800	4.31836900
9.02104991	7.04977500	3.14340600
9.02604991	4.50148000	0.82399970
