Time	Channel A	Channel B
(us)	(mV)	(mV)

-1.00688196	-4.25733200	1.34891800
-1.00188196	-4.02844300	0.23804440
-0.99688196	-3.96740600	0.26245920
-0.99188196	-3.96740600	1.46488800
-0.98688196	-3.96740600	1.04373300
-0.98188196	-3.96740600	-0.90334780
-0.97688196	-3.96740600	-1.86773300
-0.97188196	-3.96740600	-1.86773300
-0.96688196	-3.96740600	-0.87893310
-0.96188196	-3.96740600	1.15970300
-0.95688196	-3.96740600	1.15970300
-0.95188196	-3.96740600	-0.87893310
-0.94688196	-3.96740600	-1.81890300
-0.94188196	-3.96740600	-1.63579200
-0.93688196	-3.96740600	-1.58696200
-0.93188196	-3.96740600	-1.58696200
-0.92688196	-3.96740600	-1.58696200
-0.92188196	-3.96740600	-1.58696200
-0.91688196	-4.02844300	-1.58696200
-0.91188196	-4.25733200	-1.58696200
-0.90688196	-3.08236900	-1.56254800
-0.90188196	-0.53407390	-1.47099200
-0.89688196	-0.53407390	-1.94097700
-0.89188196	-3.08236900	-2.96029500
-0.88688196	-4.25733200	-2.96029500
-0.88188196	-4.02844300	-1.94097700
-0.87688196	-4.02844300	-1.47099200
-0.87188196	-4.25733200	-1.56254800
-0.86688196	-3.08236900	-1.58696200
-0.86188196	-0.53407390	-1.58696200
-0.85688196	-0.53407390	-1.58696200
-0.85188196	-3.08236900	-1.58696200
-0.84688196	-4.25733200	-1.58696200
-0.84188196	-4.02844300	-1.58696200
-0.83688196	-3.96740600	-1.61137700
-0.83188196	-3.96740600	-1.70293300
-0.82688196	-4.02844300	-1.25736300
-0.82188196	-4.25733200	-0.32959990
-0.81688196	-3.08236900	0.11597030
-0.81188196	-0.53407390	0.02441481
-0.80688196	-0.53407390	0.00000000
-0.80188196	-3.08236900	0.00000000
-0.79688196	-4.31836900	0.00000000
-0.79188196	-4.31836900	0.00000000
-0.78688196	-3.08236900	0.00000000
-0.78188196	-0.53407390	0.00000000
-0.77688196	-0.53407390	0.00000000
-0.77188196	-3.08236900	0.00000000
-0.76688196	-4.25733200	0.00000000
-0.76188196	-4.02844300	0.00000000
-0.75688196	-4.02844300	0.00000000
-0.75188196	-4.25733200	0.00000000
-0.74688196	-3.08236900	0.02441481
-0.74188196	-0.53407390	0.11597030
-0.73688196	-0.53407390	-0.32959990
-0.73188196	-3.08236900	-1.25736300
-0.72688196	-4.25733200	-1.70293300
-0.72188196	-4.02844300	-1.61137700
-0.71688196	-3.96740600	-1.58696200
-0.71188196	-3.96740600	-1.58696200
-0.70688196	-3.96740600	-1.58696200
-0.70188196	-3.96740600	-1.58696200
-0.69688196	-3.96740600	-1.58696200
-0.69188196	-3.96740600	-1.58696200
-0.68688196	-4.02844300	-1.58696200
-0.68188196	-4.25733200	-1.58696200
-0.67688196	-3.08236900	-1.61137700
-0.67188196	-0.53407390	-1.70293300
-0.66688196	-0.53407390	-1.23294800
-0.66188196	-3.08236900	-0.21362960
-0.65688196	-4.25733200	-0.21362960
-0.65188196	-4.02844300	-1.23294800
-0.64688196	-3.96740600	-1.70293300
-0.64188196	-3.96740600	-1.61137700
-0.63688196	-3.96740600	-1.61137700
-0.63188196	-3.96740600	-1.70293300
-0.62688196	-3.96740600	-1.28177700
-0.62188196	-3.96740600	-0.44557020
-0.61688196	-3.96740600	0.49439980
-0.61188196	-3.96740600	1.51371800
-0.60688196	-3.96740600	1.01931800
-0.60188196	-3.96740600	-1.01931800
-0.59688196	-3.96740600	-1.48930300
-0.59188196	-3.96740600	-0.37842950
-0.58688196	-3.96740600	0.11597030
-0.58188196	-3.96740600	0.02441481
-0.57688196	-3.96740600	0.00000000
-0.57188196	-3.96740600	0.00000000
-0.56688196	-3.96740600	-0.02441481
-0.56188196	-3.96740600	-0.11597030
-0.55688196	-3.96740600	0.35401470
-0.55188196	-3.96740600	1.37333300
-0.54688196	-3.96740600	1.34891800
-0.54188196	-3.96740600	0.23804440
-0.53688196	-3.96740600	0.23804440
-0.53188196	-3.96740600	1.34891800
-0.52688196	-3.96740600	1.37333300
-0.52188196	-3.96740600	0.35401470
-0.51688196	-3.96740600	-0.14038510
-0.51188196	-3.96740600	-0.14038510
-0.50688196	-3.96740600	0.35401470
-0.50188196	-3.96740600	1.37333300
-0.49688196	-3.96740600	1.37333300
-0.49188196	-3.96740600	0.35401470
-0.48688196	-4.02844300	-0.11597030
-0.48188196	-4.25733200	-0.02441481
-0.47688196	-3.08236900	0.02441481
-0.47188196	-0.53407390	0.11597030
-0.46688196	-0.53407390	-0.32959990
-0.46188196	-3.08236900	-1.25736300
-0.45688196	-4.31836900	-1.70293300
-0.45188196	-4.31836900	-1.61137700
-0.44688196	-3.14340600	-1.58696200
-0.44188196	-0.82399970	-1.58696200
-0.43688196	0.35096280	-1.58696200
-0.43188196	0.35096280	-1.58696200
-0.42688196	-0.82399970	-1.58696200
-0.42188196	-3.14340600	-1.58696200
-0.41688196	-4.25733200	-1.58696200
-0.41188196	-4.02844300	-1.58696200
-0.40688196	-3.96740600	-1.58696200
-0.40188196	-3.96740600	-1.58696200
-0.39688196	-3.96740600	-1.61137700
-0.39188196	-3.96740600	-1.70293300
-0.38688196	-3.96740600	-1.23294800
-0.38188196	-3.96740600	-0.21362960
-0.37688196	-3.96740600	-0.21362960
-0.37188196	-3.96740600	-1.23294800
-0.36688196	-4.02844300	-1.70293300
-0.36188196	-4.25733200	-1.61137700
-0.35688196	-3.08236900	-1.58696200
-0.35188196	-0.53407390	-1.58696200
-0.34688196	-0.53407390	-1.56254800
-0.34188196	-3.08236900	-1.47099200
-0.33688196	-4.25733200	-1.91656200
-0.33188196	-4.02844300	-2.84432500
-0.32688196	-3.96740600	-3.28989500
-0.32188196	-3.96740600	-3.19834000
-0.31688196	-3.96740600	-3.19834000
-0.31188196	-3.96740600	-3.28989500
-0.30688196	-3.96740600	-2.84432500
-0.30188196	-3.96740600	-1.91656200
-0.29688196	-3.96740600	-1.47099200
-0.29188196	-3.96740600	-1.56254800
-0.28688196	-3.96740600	-1.58696200
-0.28188196	-3.96740600	-1.58696200
-0.27688196	-4.02844300	-1.58696200
-0.27188196	-4.25733200	-1.58696200
-0.26688196	-3.08236900	-1.58696200
-0.26188196	-0.53407390	-1.58696200
-0.25688196	-0.53407390	-1.61137700
-0.25188196	-3.08236900	-1.70293300
-0.24688196	-4.25733200	-1.23294800
-0.24188196	-4.02844300	-0.21362960
-0.23688196	-3.96740600	-0.21362960
-0.23188196	-3.96740600	-1.23294800
-0.22688196	-3.96740600	-1.70293300
-0.22188196	-3.96740600	-1.61137700
-0.21688196	-3.96740600	-1.58696200
-0.21188196	-3.96740600	-1.58696200
-0.20688196	-3.96740600	-1.58696200
-0.20188196	-3.96740600	-1.58696200
-0.19688196	-3.96740600	-1.61137700
-0.19188196	-3.96740600	-1.70293300
-0.18688196	-3.96740600	-1.23294800
-0.18188196	-3.96740600	-0.21362960
-0.17688196	-3.96740600	-0.23804440
-0.17188196	-3.96740600	-1.34891800
-0.16688196	-3.96740600	-1.37333300
-0.16188196	-3.96740600	-0.35401470
-0.15688196	-3.96740600	0.11597030
-0.15188196	-3.96740600	0.02441481
-0.14688196	-3.96740600	0.02441481
-0.14188196	-3.96740600	0.11597030
-0.13688196	-4.02844300	-0.32959990
-0.13188196	-4.25733200	-1.25736300
-0.12688196	-3.14340600	-1.65410300
-0.12188196	-0.82399970	-1.37943700
-0.11688196	0.22888880	-2.24616200
-0.11188196	-0.22888880	-4.10168800
-0.10688196	0.70192570	-4.95010200
-0.10188196	2.56355500	-4.57167300
-0.09688196	5.73747900	-5.37736100
-0.09188196	9.43021900	-7.03756800
-0.08688196	14.84725000	-8.80764200
-0.08188196	20.85940000	-10.37629000
-0.07688196	26.15436000	-11.67028000
-0.07188196	29.38932000	-12.41493000
-0.06688196	34.68428000	-12.78726000
-0.06188196	40.69643000	-12.60414000
-0.05688196	45.99139000	-13.02530000
-0.05188196	49.22635000	-13.95306000
-0.04688196	54.52132000	-14.39863000
-0.04188196	60.53346000	-14.30708000
-0.03688196	65.82842000	-14.30708000
-0.03188196	69.07864000	-14.39863000
-0.02688196	74.37360000	-13.97748000
-0.02188196	80.38575000	-13.14127000
-0.01688196	85.68071000	-12.27454000
-0.01188196	88.91567000	-11.52989000
-0.00688196	94.21063000	-10.68758000
-0.00188196	100.22280000	-9.94293000
0.00311804	105.57880000	-9.10061900
0.00811804	109.04260000	-8.35596800
0.01311804	113.16260000	-7.48924200
0.01811804	116.62650000	-6.65303500
0.02311804	121.98250000	-6.23187900
0.02811804	127.99460000	-6.32343500
0.03311804	133.35060000	-6.37226500
0.03811804	136.81450000	-6.46382000
0.04311804	140.99550000	-6.01825000
0.04811804	144.70350000	-5.09048700
0.05311804	149.00660000	-4.62050200
0.05811804	152.92820000	-4.62050200
0.06311804	156.05640000	-5.09048700
0.06811804	157.42970000	-6.01825000
0.07311804	160.55790000	-6.46382000
0.07811804	164.47950000	-6.37226500
0.08311804	168.84360000	-6.34785000
0.08811804	172.76530000	-6.34785000
0.09311804	175.95450000	-6.34785000
0.09811804	177.55670000	-6.34785000
0.10311804	179.57090000	-6.32343500
0.10811804	181.17310000	-6.23187900
0.11311804	184.46910000	-6.67745000
0.11811804	188.87900000	-7.60521200
0.12311804	190.98480000	-8.05078300
0.12811804	190.29820000	-7.95922800
0.13311804	191.22900000	-7.91039800
0.13811804	193.31950000	-7.81884200
0.14311804	195.48630000	-8.26441300
0.14811804	197.34790000	-9.19217500
0.15311804	199.51480000	-9.66216000
0.15811804	201.60530000	-9.66216000
0.16311804	202.65810000	-9.19217500
0.16811804	202.42930000	-8.26441300
0.17311804	202.36820000	-7.81884200
0.17811804	202.36820000	-7.91039800
0.18311804	202.36820000	-7.95922800
0.18811804	202.36820000	-8.05078300
0.19311804	202.42930000	-7.62962700
0.19811804	202.65810000	-6.79342000
0.20311804	201.54420000	-5.92669400
0.20811804	199.22480000	-5.18204300
0.21311804	198.17190000	-4.31531700
0.21811804	198.62970000	-3.47911000
0.22311804	197.63790000	-3.05795500
0.22811804	195.54730000	-3.14951000
0.23311804	193.38050000	-3.19834000
0.23811804	191.51890000	-3.28989500
0.24311804	189.35210000	-2.81991000
0.24811804	187.26160000	-1.80059200
0.25311804	186.26970000	-1.77617700
0.25811804	186.72750000	-2.70394000
0.26311804	185.67460000	-3.61949500
0.26811804	183.35520000	-4.45570200
0.27311804	182.30230000	-4.87685800
0.27811804	182.76010000	-4.78530200
0.28311804	181.76820000	-4.76088700
0.28811804	179.67770000	-4.76088700
0.29311804	177.44990000	-4.73647300
0.29811804	175.35930000	-4.64491700
0.30311804	174.36750000	-5.09048700
0.30811804	174.82530000	-6.01825000
0.31311804	173.77240000	-6.46382000
0.31811804	171.45300000	-6.37226500
0.32311804	170.40010000	-6.37226500
0.32811804	170.85790000	-6.46382000
0.33311804	169.80500000	-6.01825000
0.33811804	167.48560000	-5.09048700
0.34311804	166.43270000	-4.62050200
0.34811804	166.89050000	-4.62050200
0.35311804	165.83760000	-5.09048700
0.35811804	163.51820000	-6.01825000
0.36311804	162.40430000	-6.48823500
0.36811804	162.63310000	-6.48823500
0.37311804	162.75520000	-6.01825000
0.37811804	162.98410000	-5.09048700
0.38311804	161.87020000	-4.66933200
0.38811804	159.55080000	-4.85244300
0.39311804	158.43680000	-4.43128700
0.39811803	158.66570000	-3.50352500
0.40311803	158.72680000	-3.05795500
0.40811803	158.72680000	-3.14951000
0.41311803	158.78780000	-3.19834000
0.41811803	159.01670000	-3.28989500
0.42311803	157.90280000	-2.84432500
0.42811803	155.58340000	-1.91656200
0.43311803	154.46940000	-1.47099200
0.43811803	154.69830000	-1.56254800
0.44311803	154.75940000	-1.58696200
0.44811803	154.75940000	-1.58696200
0.45311803	154.75940000	-1.58696200
0.45811803	154.75940000	-1.58696200
0.46311803	154.82040000	-1.58696200
0.46811803	155.04930000	-1.58696200
0.47311803	153.93530000	-1.56254800
0.47811803	151.61590000	-1.47099200
0.48311803	150.50200000	-1.94097700
0.48811803	150.73090000	-2.96029500
0.49311803	150.79190000	-2.93588100
0.49811803	150.79190000	-1.82500700
0.50311803	150.79190000	-1.82500700
0.50811803	150.79190000	-2.93588100
0.51311803	150.79190000	-2.93588100
0.51811803	150.79190000	-1.82500700
0.52311803	150.85300000	-1.77617700
0.52811803	151.08190000	-2.70394000
0.53311803	149.96790000	-3.61949500
0.53811803	147.64850000	-4.45570200
0.54311803	146.53460000	-4.87685800
0.54811803	146.76350000	-4.78530200
0.55311803	146.82450000	-4.78530200
0.55811803	146.82450000	-4.87685800
0.56311803	146.82450000	-4.40687300
0.56811803	146.82450000	-3.38755500
0.57311803	146.88560000	-3.38755500
0.57811803	147.11450000	-4.40687300
0.58311803	146.00050000	-4.90127200
0.58811803	143.68110000	-4.90127200
0.59311803	142.56720000	-4.43128700
0.59811803	142.79610000	-3.50352500
0.60311803	142.85710000	-3.08237000
0.60811803	142.85710000	-3.26548100
0.61311803	142.85710000	-2.84432500
0.61811803	142.85710000	-1.91656200
0.62311803	142.91820000	-1.47099200
0.62811803	143.14710000	-1.56254800
0.63311803	142.03310000	-1.58696200
0.63811803	139.69850000	-1.58696200
0.64311803	138.58450000	-1.58696200
0.64811803	138.81340000	-1.58696200
0.65311803	138.87450000	-1.58696200
0.65811803	138.87450000	-1.58696200
0.66311803	138.87450000	-1.58696200
0.66811803	138.87450000	-1.58696200
0.67311803	138.93550000	-1.58696200
0.67811803	139.16440000	-1.58696200
0.68311803	138.05050000	-1.58696200
0.68811803	135.73110000	-1.58696200
0.69311803	134.61710000	-1.56254800
0.69811803	134.84600000	-1.47099200
0.70311803	134.90710000	-1.94097700
0.70811803	134.90710000	-2.96029500
0.71311803	134.90710000	-2.96029500
0.71811803	134.90710000	-1.94097700
0.72311803	134.96810000	-1.47099200
0.72811803	135.19700000	-1.56254800
0.73311803	134.08310000	-1.58696200
0.73811803	131.76370000	-1.58696200
0.74311803	130.64970000	-1.58696200
0.74811803	130.87860000	-1.58696200
0.75311803	130.93970000	-1.56254800
0.75811803	130.93970000	-1.47099200
0.76311803	130.93970000	-1.94097700
0.76811803	130.93970000	-2.96029500
0.77311803	130.93970000	-2.93588100
0.77811803	130.93970000	-1.82500700
0.78311803	131.00070000	-1.82500700
0.78811803	131.22960000	-2.93588100
0.79311803	130.11560000	-2.93588100
0.79811803	127.79630000	-1.82500700
0.80311803	126.68230000	-1.82500700
0.80811803	126.91120000	-2.93588100
0.81311803	126.97230000	-2.98471000
0.81811803	126.97230000	-2.05694700
0.82311803	126.97230000	-1.14139200
0.82811803	126.97230000	-0.30518510
0.83311803	127.03330000	0.14038510
0.83811803	127.26220000	0.14038510
0.84311803	126.14820000	-0.32959990
0.84811803	123.82880000	-1.25736300
0.85311803	122.71490000	-1.70293300
0.85811803	122.94380000	-1.61137700
0.86311803	123.00480000	-1.61137700
0.86811803	123.00480000	-1.70293300
0.87311803	123.00480000	-1.23294800
0.87811803	123.00480000	-0.21362960
0.88311803	123.00480000	-0.21362960
0.88811803	123.00480000	-1.23294800
0.89311803	123.06590000	-1.70293300
0.89811803	123.29480000	-1.61137700
0.90311803	122.18080000	-1.58696200
0.90811803	119.86140000	-1.58696200
0.91311803	118.74750000	-1.58696200
0.91811803	118.97640000	-1.58696200
0.92311803	119.03740000	-1.58696200
0.92811803	119.03740000	-1.58696200
0.93311803	119.03740000	-1.58696200
0.93811803	119.03740000	-1.58696200
0.94311803	119.03740000	-1.58696200
0.94811803	119.03740000	-1.58696200
0.95311803	119.03740000	-1.56254800
0.95811803	119.03740000	-1.47099200
0.96311803	119.03740000	-1.91656200
0.96811803	119.03740000	-2.84432500
0.97311803	119.09850000	-3.28989500
0.97811803	119.32740000	-3.19834000
0.98311803	118.21340000	-3.17392500
0.98811803	115.89400000	-3.17392500
0.99311803	114.78010000	-3.17392500
0.99811803	115.00900000	-3.17392500
1.00311803	115.07000000	-3.17392500
1.00811803	115.07000000	-3.17392500
1.01311803	115.07000000	-3.17392500
1.01811803	115.07000000	-3.17392500
1.02311803	115.13110000	-3.17392500
1.02811803	115.36000000	-3.17392500
1.03311803	114.24600000	-3.19834000
1.03811803	111.92660000	-3.28989500
1.04311803	110.81270000	-2.84432500
1.04811803	111.04160000	-1.91656200
1.05311803	111.10260000	-1.47099200
1.05811803	111.10260000	-1.56254800
1.06311803	111.10260000	-1.58696200
1.06811803	111.10260000	-1.58696200
1.07311803	111.10260000	-1.58696200
1.07811803	111.10260000	-1.58696200
1.08311803	111.10260000	-1.56254800
1.08811803	111.10260000	-1.47099200
1.09311803	111.16370000	-1.96539200
1.09811803	111.39250000	-3.07626600
1.10311803	110.21760000	-2.63069600
1.10811803	107.66930000	-0.68361460
1.11311803	107.73030000	0.25635550
1.11811803	110.50750000	0.16479990
1.12311803	110.56860000	-0.32959990
1.12811803	108.02030000	-1.25736300
1.13311803	106.84530000	-1.70293300
1.13811803	107.07420000	-1.61137700
1.14311803	107.19630000	-1.58696200
1.14811803	107.42510000	-1.58696200
1.15311803	106.25020000	-1.58696200
1.15811803	103.70190000	-1.58696200
1.16311803	103.76290000	-1.61137700
1.16811803	106.54010000	-1.70293300
1.17311803	106.60120000	-1.23294800
1.17811803	104.05280000	-0.21362960
1.18311803	102.87790000	-0.23804440
1.18811803	103.10680000	-1.34891800
1.19311803	103.16780000	-1.34891800
1.19811803	103.16780000	-0.23804440
1.20311803	103.16780000	-0.23804440
1.20811803	103.16780000	-1.34891800
1.21311803	103.16780000	-1.37333300
1.21811803	103.16780000	-0.35401470
1.22311803	103.16780000	0.11597030
1.22811803	103.16780000	0.02441481
1.23311803	103.22890000	0.02441481
1.23811803	103.45770000	0.11597030
1.24311803	102.34380000	-0.32959990
1.24811803	100.02440000	-1.25736300
1.25311803	98.91048000	-1.70293300
1.25811803	99.13937000	-1.61137700
1.26311803	99.20041000	-1.58696200
1.26811803	99.20041000	-1.58696200
1.27311803	99.20041000	-1.56254800
1.27811803	99.20041000	-1.47099200
1.28311803	99.20041000	-1.94097700
1.28811803	99.20041000	-2.96029500
1.29311803	99.26145000	-2.93588100
1.29811803	99.49034000	-1.82500700
1.30311803	98.31538000	-1.84942200
1.30811803	95.76707000	-3.05185100
1.31311803	95.82811000	-2.63069600
1.31811803	98.60530000	-0.68361460
1.32311803	98.66634000	0.25635550
1.32811803	96.11804000	0.16479990
1.33311803	94.94308000	-0.32959990
1.33811803	95.17197000	-1.25736300
1.34311803	95.23300000	-1.72734800
1.34811803	95.23300000	-1.72734800
1.35311803	95.23300000	-1.25736300
1.35811803	95.23300000	-0.32959990
1.36311803	95.23300000	0.11597030
1.36811803	95.23300000	0.02441481
1.37311803	95.23300000	0.00000000
1.37811803	95.23300000	0.00000000
1.38311803	95.29404000	0.00000000
1.38811803	95.52293000	0.00000000
1.39311803	94.40900000	0.00000000
1.39811803	92.08959000	0.00000000
1.40311803	90.97568000	0.02441481
1.40811803	91.20457000	0.11597030
1.41311803	91.26560000	-0.35401470
1.41811803	91.26560000	-1.37333300
1.42311803	91.26560000	-1.37333300
1.42811803	91.26560000	-0.35401470
1.43311803	91.26560000	0.11597030
1.43811803	91.26560000	0.02441481
1.44311803	91.26560000	0.00000000
1.44811803	91.26560000	0.00000000
1.45311803	91.26560000	0.00000000
1.45811803	91.26560000	0.00000000
1.46311803	91.32664000	0.00000000
1.46811803	91.55552000	0.00000000
1.47311803	90.38056000	0.00000000
1.47811803	87.83227000	0.00000000
1.48311803	87.89330000	-0.02441481
1.48811803	90.67049000	-0.11597030
1.49311803	90.73153000	0.35401470
1.49811803	88.18323000	1.37333300
1.50311803	87.00826000	1.37333300
1.50811803	87.23715000	0.35401470
1.51311803	87.29819000	-0.09155553
1.51811803	87.29819000	0.09155553
1.52311803	87.29819000	-0.32959990
1.52811803	87.29819000	-1.25736300
1.53311803	87.29819000	-1.70293300
1.53811803	87.29819000	-1.61137700
1.54311803	87.35923000	-1.58696200
1.54811803	87.58812000	-1.58696200
1.55311803	86.47419000	-1.58696200
1.55811803	84.15479000	-1.58696200
1.56311803	83.04086000	-1.58696200
1.56811803	83.26974000	-1.58696200
1.57311803	83.33078000	-1.58696200
1.57811803	83.33078000	-1.58696200
1.58311803	83.33078000	-1.58696200
1.58811803	83.33078000	-1.58696200
1.59311803	83.33078000	-1.58696200
1.59811803	83.33078000	-1.58696200
1.60311803	83.33078000	-1.58696200
1.60811803	83.33078000	-1.58696200
1.61311803	83.33078000	-1.61137700
1.61811803	83.33078000	-1.70293300
1.62311803	83.33078000	-1.23294800
1.62811803	83.33078000	-0.21362960
1.63311803	83.33078000	-0.21362960
1.63811803	83.33078000	-1.23294800
1.64311803	83.33078000	-1.70293300
1.64811803	83.33078000	-1.61137700
1.65311803	83.39182000	-1.58696200
1.65811803	83.62070000	-1.58696200
1.66311803	82.50678000	-1.61137700
1.66811803	80.18738000	-1.70293300
1.67311803	79.07346000	-1.23294800
1.67811803	79.30235000	-0.21362960
1.68311803	79.36338000	-0.21362960
1.68811803	79.36338000	-1.23294800
1.69311803	79.36338000	-1.70293300
1.69811803	79.36338000	-1.61137700
1.70311803	79.36338000	-1.58696200
1.70811803	79.36338000	-1.58696200
1.71311803	79.36338000	-1.58696200
1.71811803	79.36338000	-1.58696200
1.72311803	79.36338000	-1.58696200
1.72811803	79.36338000	-1.58696200
1.73311803	79.36338000	-1.58696200
1.73811803	79.36338000	-1.58696200
1.74311803	79.42442000	-1.58696200
1.74811803	79.65331000	-1.58696200
1.75311803	78.53938000	-1.58696200
1.75811803	76.21997000	-1.58696200
1.76311803	75.10605000	-1.58696200
1.76811803	75.33494000	-1.58696200
1.77311803	75.39597000	-1.61137700
1.77811803	75.39597000	-1.70293300
1.78311803	75.39597000	-1.28177700
1.78811803	75.39597000	-0.44557020
1.79311803	75.39597000	0.46998500
1.79811803	75.39597000	1.39774800
1.80311803	75.39597000	1.34891800
1.80811803	75.39597000	0.23804440
1.81311803	75.39597000	0.23804440
1.81811803	75.39597000	1.34891800
1.82311803	75.45701000	1.34891800
1.82811803	75.68590000	0.23804440
1.83311803	74.57197000	0.23804440
1.83811803	72.25256000	1.34891800
1.84311803	71.13864000	1.37333300
1.84811803	71.36753000	0.35401470
1.85311803	71.42857000	-0.09155553
1.85811803	71.42857000	0.09155553
1.86311803	71.42857000	-0.35401470
1.86811803	71.42857000	-1.37333300
1.87311803	71.42857000	-1.37333300
1.87811803	71.42857000	-0.35401470
1.88311803	71.42857000	0.14038510
1.88811803	71.42857000	0.14038510
1.89311803	71.42857000	-0.32959990
1.89811803	71.42857000	-1.25736300
1.90311803	71.42857000	-1.70293300
1.90811803	71.42857000	-1.61137700
1.91311803	71.42857000	-1.61137700
1.91811803	71.42857000	-1.70293300
1.92311803	71.42857000	-1.25736300
1.92811803	71.42857000	-0.32959990
1.93311803	71.48961000	0.14038510
1.93811803	71.71850000	0.14038510
1.94311803	70.60457000	-0.32959990
1.94811803	68.26991000	-1.25736300
1.95311803	67.15598000	-1.70293300
1.95811803	67.38486000	-1.61137700
1.96311803	67.44590000	-1.58696200
1.96811803	67.44590000	-1.58696200
1.97311803	67.44590000	-1.58696200
1.97811803	67.44590000	-1.58696200
1.98311803	67.44590000	-1.58696200
1.98811803	67.44590000	-1.58696200
1.99311803	67.44590000	-1.58696200
1.99811803	67.44590000	-1.58696200
2.00311803	67.44590000	-1.61137700
2.00811803	67.44590000	-1.70293300
2.01311803	67.44590000	-1.25736300
2.01811803	67.44590000	-0.32959990
2.02311803	67.44590000	0.11597030
2.02811803	67.44590000	0.02441481
2.03311803	67.50694000	0.00000000
2.03811803	67.73582000	0.00000000
2.04311802	66.62190000	0.00000000
2.04811802	64.30249000	0.00000000
2.05311802	63.18857000	0.00000000
2.05811802	63.41746000	0.00000000
2.06311802	63.47850000	0.00000000
2.06811802	63.47850000	0.00000000
2.07311802	63.47850000	0.00000000
2.07811802	63.47850000	0.00000000
2.08311802	63.47850000	0.02441481
2.08811802	63.47850000	0.11597030
2.09311802	63.47850000	-0.35401470
2.09811802	63.47850000	-1.37333300
2.10311802	63.47850000	-1.37333300
2.10811802	63.47850000	-0.35401470
2.11311802	63.47850000	0.11597030
2.11811802	63.47850000	0.02441481
2.12311802	63.47850000	0.00000000
2.12811802	63.47850000	0.00000000
2.13311802	63.47850000	0.02441481
2.13811802	63.47850000	0.11597030
2.14311802	63.47850000	-0.32959990
2.14811802	63.47850000	-1.25736300
2.15311802	63.47850000	-1.70293300
2.15811802	63.47850000	-1.61137700
2.16311802	63.53953000	-1.58696200
2.16811802	63.76842000	-1.58696200
2.17311802	62.59346000	-1.58696200
2.17811802	60.04517000	-1.58696200
2.18311802	60.10620000	-1.56254800
2.18811802	62.88339000	-1.47099200
2.19311802	62.94442000	-1.94097700
2.19811802	60.39613000	-2.96029500
2.20311802	59.22116000	-2.96029500
2.20811802	59.45005000	-1.94097700
2.21311802	59.51109000	-1.47099200
2.21811802	59.51109000	-1.56254800
2.22311802	59.51109000	-1.58696200
2.22811802	59.51109000	-1.58696200
2.23311802	59.51109000	-1.58696200
2.23811802	59.51109000	-1.58696200
2.24311802	59.51109000	-1.61137700
2.24811802	59.51109000	-1.70293300
2.25311802	59.51109000	-1.23294800
2.25811802	59.51109000	-0.21362960
2.26311802	59.57213000	-0.21362960
2.26811802	59.80102000	-1.23294800
2.27311802	58.62605000	-1.70293300
2.27811802	56.07775000	-1.61137700
2.28311802	56.13879000	-1.58696200
2.28811802	58.91598000	-1.58696200
2.29311802	58.97702000	-1.58696200
2.29811802	56.42872000	-1.58696200
2.30311802	55.25376000	-1.56254800
2.30811802	55.48264000	-1.47099200
2.31311802	55.54368000	-1.94097700
2.31811802	55.54368000	-2.96029500
2.32311802	55.54368000	-2.96029500
2.32811802	55.54368000	-1.94097700
2.33311802	55.54368000	-1.47099200
2.33811802	55.54368000	-1.56254800
2.34311802	55.54368000	-1.58696200
2.34811802	55.54368000	-1.58696200
2.35311802	55.54368000	-1.58696200
2.35811802	55.54368000	-1.58696200
2.36311802	55.54368000	-1.61137700
2.36811802	55.54368000	-1.70293300
2.37311802	55.54368000	-1.25736300
2.37811802	55.54368000	-0.32959990
2.38311802	55.54368000	0.14038510
2.38811802	55.54368000	0.14038510
2.39311802	55.54368000	-0.35401470
2.39811802	55.54368000	-1.37333300
2.40311802	55.54368000	-1.37333300
2.40811802	55.54368000	-0.35401470
2.41311802	55.60472000	0.14038510
2.41811802	55.83361000	0.14038510
2.42311802	54.65865000	-0.32959990
2.42811802	52.11035000	-1.25736300
2.43311802	52.17139000	-1.75176200
2.43811802	54.94857000	-1.84331800
2.44311802	55.00961000	-0.85451830
2.44811802	52.46132000	1.27567400
2.45311802	51.28635000	0.80568860
2.45811802	51.51524000	-2.25226600
2.46311802	51.57627000	-3.21665100
2.46811802	51.57627000	-2.10577700
2.47311802	51.57627000	-1.11697700
2.47811802	51.57627000	-0.18921480
2.48311802	51.57627000	-0.21362960
2.48811802	51.57627000	-1.23294800
2.49311802	51.57627000	-1.70293300
2.49811802	51.57627000	-1.61137700
2.50311802	51.57627000	-1.58696200
2.50811802	51.57627000	-1.58696200
2.51311802	51.57627000	-1.61137700
2.51811802	51.57627000	-1.70293300
2.52311802	51.57627000	-1.23294800
2.52811802	51.57627000	-0.21362960
2.53311802	51.57627000	-0.21362960
2.53811802	51.57627000	-1.23294800
2.54311802	51.63731000	-1.70293300
2.54811802	51.86620000	-1.61137700
2.55311802	50.75228000	-1.61137700
2.55811802	48.43287000	-1.70293300
2.56311802	47.25791000	-1.25736300
2.56811802	47.25791000	-0.32959990
2.57311802	48.49391000	0.11597030
2.57811802	51.04220000	0.02441481
2.58311802	51.04220000	0.00000000
2.58811802	48.49391000	0.00000000
2.59311802	47.31895000	0.00000000
2.59811802	47.54784000	0.00000000
2.60311802	47.60887000	0.00000000
2.60811802	47.60887000	0.00000000
2.61311802	47.60887000	0.00000000
2.61811802	47.60887000	0.00000000
2.62311802	47.60887000	0.00000000
2.62811802	47.60887000	0.00000000
2.63311802	47.60887000	0.00000000
2.63811802	47.60887000	0.00000000
2.64311802	47.60887000	0.00000000
2.64811802	47.60887000	0.00000000
2.65311802	47.60887000	0.00000000
2.65811802	47.60887000	0.00000000
2.66311802	47.60887000	0.00000000
2.66811802	47.60887000	0.00000000
2.67311802	47.60887000	-0.02441481
2.67811802	47.60887000	-0.11597030
2.68311802	47.60887000	0.35401470
2.68811802	47.60887000	1.37333300
2.69311802	47.66991000	1.39774800
2.69811802	47.89880000	0.46998500
2.70311802	46.72383000	-0.46998500
2.70811802	44.17554000	-1.39774800
2.71311802	44.17554000	-1.34891800
2.71811802	46.72383000	-0.23804440
2.72311802	47.95984000	-0.21362960
2.72811802	47.95984000	-1.23294800
2.73311802	46.78487000	-1.67851800
2.73811802	44.46547000	-1.49540700
2.74311802	43.35154000	-1.91656200
2.74811802	43.58043000	-2.84432500
2.75311802	43.64147000	-3.28989500
2.75811802	43.64147000	-3.19834000
2.76311802	43.64147000	-3.19834000
2.76811802	43.64147000	-3.28989500
2.77311802	43.64147000	-2.84432500
2.77811802	43.64147000	-1.91656200
2.78311802	43.64147000	-1.47099200
2.78811802	43.64147000	-1.56254800
2.79311802	43.64147000	-1.58696200
2.79811802	43.64147000	-1.58696200
2.80311802	43.64147000	-1.61137700
2.80811802	43.64147000	-1.70293300
2.81311802	43.64147000	-1.25736300
2.81811802	43.64147000	-0.32959990
2.82311802	43.64147000	0.11597030
2.82811802	43.64147000	0.02441481
2.83311802	43.64147000	0.00000000
2.83811802	43.64147000	0.00000000
2.84311802	43.64147000	0.00000000
2.84811802	43.64147000	0.00000000
2.85311802	43.64147000	-0.02441481
2.85811802	43.64147000	-0.11597030
2.86311802	43.64147000	0.35401470
2.86811802	43.64147000	1.37333300
2.87311802	43.70250000	1.34891800
2.87811802	43.93139000	0.23804440
2.88311802	42.81747000	0.23804440
2.88811802	40.49806000	1.34891800
2.89311802	39.38414000	1.37333300
2.89811802	39.61302000	0.35401470
2.90311802	39.67406000	-0.09155553
2.90811802	39.67406000	0.09155553
2.91311802	39.67406000	-0.32959990
2.91811802	39.67406000	-1.25736300
2.92311802	39.67406000	-1.67851800
2.92811802	39.67406000	-1.49540700
2.93311802	39.67406000	-1.91656200
2.93811802	39.67406000	-2.84432500
2.94311802	39.67406000	-3.28989500
2.94811802	39.67406000	-3.19834000
2.95311802	39.67406000	-3.17392500
2.95811802	39.67406000	-3.17392500
2.96311802	39.67406000	-3.17392500
2.96811802	39.67406000	-3.17392500
2.97311802	39.67406000	-3.17392500
2.97811802	39.67406000	-3.17392500
2.98311802	39.67406000	-3.19834000
2.98811802	39.67406000	-3.28989500
2.99311802	39.67406000	-2.81991000
2.99811802	39.67406000	-1.80059200
3.00311802	39.67406000	-1.80059200
3.00811802	39.67406000	-2.81991000
3.01311802	39.67406000	-3.28989500
3.01811802	39.67406000	-3.19834000
3.02311802	39.67406000	-3.19834000
3.02811802	39.67406000	-3.28989500
3.03311802	39.67406000	-2.81991000
3.03811802	39.67406000	-1.80059200
3.04311802	39.67406000	-1.82500700
3.04811802	39.67406000	-2.93588100
3.05311802	39.67406000	-2.93588100
3.05811802	39.67406000	-1.82500700
3.06311802	39.73510000	-1.82500700
3.06811802	39.96399000	-2.93588100
3.07311802	38.85006000	-2.96029500
3.07811802	36.53065000	-1.94097700
3.08311802	35.35569000	-1.47099200
3.08811802	35.35569000	-1.56254800
3.09311802	36.53065000	-1.58696200
3.09811802	38.85006000	-1.58696200
3.10311802	40.02502000	-1.58696200
3.10811802	40.02502000	-1.58696200
3.11311802	38.85006000	-1.58696200
3.11811802	36.53065000	-1.58696200
3.12311802	35.41673000	-1.58696200
3.12811802	35.64562000	-1.58696200
3.13311802	35.70665000	-1.58696200
3.13811802	35.70665000	-1.58696200
3.14311802	35.70665000	-1.58696200
3.14811802	35.70665000	-1.58696200
3.15311802	35.70665000	-1.61137700
3.15811802	35.70665000	-1.70293300
3.16311802	35.70665000	-1.23294800
3.16811802	35.70665000	-0.21362960
3.17311802	35.70665000	-0.21362960
3.17811802	35.70665000	-1.23294800
3.18311802	35.70665000	-1.72734800
3.18811802	35.70665000	-1.72734800
3.19311802	35.70665000	-1.25736300
3.19811802	35.70665000	-0.32959990
3.20311802	35.70665000	0.11597030
3.20811802	35.70665000	0.02441481
3.21311802	35.70665000	0.02441481
3.21811802	35.70665000	0.11597030
3.22311802	35.76769000	-0.35401470
3.22811802	35.99658000	-1.37333300
3.23311802	34.82162000	-1.37333300
3.23811802	32.27332000	-0.35401470
3.24311802	32.27332000	0.11597030
3.24811802	34.82162000	0.02441481
3.25311802	35.99658000	0.00000000
3.25811802	35.76769000	0.00000000
3.26311802	35.76769000	0.02441481
3.26811802	35.99658000	0.11597030
3.27311802	34.88266000	-0.35401470
3.27811802	32.56325000	-1.37333300
3.28311802	31.44932000	-1.37333300
3.28811802	31.67821000	-0.35401470
3.29311802	31.73925000	0.11597030
3.29811802	31.73925000	0.02441481
3.30311802	31.73925000	0.02441481
3.30811802	31.73925000	0.11597030
3.31311802	31.73925000	-0.32959990
3.31811802	31.73925000	-1.25736300
3.32311802	31.73925000	-1.70293300
3.32811802	31.73925000	-1.61137700
3.33311802	31.73925000	-1.58696200
3.33811802	31.73925000	-1.58696200
3.34311802	31.73925000	-1.58696200
3.34811802	31.73925000	-1.58696200
3.35311802	31.73925000	-1.56254800
3.35811802	31.73925000	-1.47099200
3.36311802	31.73925000	-1.91656200
3.36811802	31.73925000	-2.84432500
3.37311802	31.73925000	-3.28989500
3.37811802	31.73925000	-3.19834000
3.38311802	31.73925000	-3.19834000
3.38811802	31.73925000	-3.28989500
3.39311802	31.73925000	-2.81991000
3.39811802	31.73925000	-1.80059200
3.40311802	31.73925000	-1.80059200
3.40811802	31.73925000	-2.81991000
3.41311802	31.73925000	-3.31431000
3.41811802	31.73925000	-3.31431000
3.42311802	31.73925000	-2.86874000
3.42811802	31.73925000	-2.03253300
3.43311802	31.73925000	-1.11697700
3.43811802	31.73925000	-0.18921480
3.44311802	31.73925000	-0.23804440
3.44811802	31.73925000	-1.34891800
3.45311802	31.73925000	-1.37333300
3.45811802	31.73925000	-0.35401470
3.46311802	31.73925000	0.14038510
3.46811802	31.73925000	0.14038510
3.47311802	31.73925000	-0.32959990
3.47811802	31.73925000	-1.25736300
3.48311802	31.80028000	-1.72734800
3.48811802	32.02917000	-1.72734800
3.49311802	30.91525000	-1.23294800
3.49811802	28.59584000	-0.21362960
3.50311802	27.42088000	-0.21362960
3.50811802	27.42088000	-1.23294800
3.51311802	28.59584000	-1.70293300
3.51811802	30.91525000	-1.61137700
3.52311802	32.09021000	-1.58696200
3.52811802	32.09021000	-1.58696200
3.53311802	30.91525000	-1.61137700
3.53811802	28.59584000	-1.70293300
3.54311802	27.48192000	-1.23294800
3.54811802	27.71080000	-0.21362960
3.55311802	27.77184000	-0.21362960
3.55811802	27.77184000	-1.23294800
3.56311802	27.77184000	-1.72734800
3.56811802	27.77184000	-1.72734800
3.57311802	27.77184000	-1.25736300
3.57811802	27.77184000	-0.32959990
3.58311802	27.77184000	0.11597030
3.58811802	27.77184000	0.02441481
3.59311802	27.77184000	0.02441481
3.59811802	27.77184000	0.11597030
3.60311802	27.77184000	-0.35401470
3.60811802	27.77184000	-1.37333300
3.61311802	27.77184000	-1.37333300
3.61811802	27.77184000	-0.35401470
3.62311802	27.77184000	0.14038510
3.62811802	27.77184000	0.14038510
3.63311802	27.77184000	-0.32959990
3.63811802	27.77184000	-1.25736300
3.64311802	27.77184000	-1.70293300
3.64811802	27.77184000	-1.61137700
3.65311802	27.77184000	-1.58696200
3.65811802	27.77184000	-1.58696200
3.66311802	27.77184000	-1.58696200
3.66811802	27.77184000	-1.58696200
3.67311802	27.77184000	-1.58696200
3.67811802	27.77184000	-1.58696200
3.68311802	27.77184000	-1.58696200
3.68811801	27.77184000	-1.58696200
3.69311801	27.77184000	-1.61137700
3.69811801	27.77184000	-1.70293300
3.70311801	27.77184000	-1.28177700
3.70811801	27.77184000	-0.44557020
3.71311801	27.77184000	0.46998500
3.71811801	27.77184000	1.39774800
3.72311801	27.77184000	1.34891800
3.72811801	27.77184000	0.23804440
3.73311801	27.77184000	0.21362960
3.73811801	27.77184000	1.23294800
3.74311801	27.77184000	1.70293300
3.74811801	27.77184000	1.61137700
3.75311801	27.83288000	1.63579200
3.75811801	28.06177000	1.81890300
3.76311801	26.88680000	0.90334780
3.76811801	24.33851000	-1.04373300
3.77311801	24.39955000	-1.48930300
3.77811801	27.17673000	-0.37842950
3.78311801	27.23777000	0.11597030
3.78811801	24.68947000	0.02441481
3.79311801	23.51451000	0.00000000
3.79811801	23.74340000	0.00000000
3.80311801	23.80444000	0.00000000
3.80811801	23.80444000	0.00000000
3.81311801	23.80444000	0.00000000
3.81811801	23.80444000	0.00000000
3.82311801	23.80444000	-0.02441481
3.82811801	23.80444000	-0.11597030
3.83311801	23.80444000	0.35401470
3.83811801	23.80444000	1.37333300
3.84311801	23.80444000	1.34891800
3.84811801	23.80444000	0.23804440
3.85311801	23.80444000	0.23804440
3.85811801	23.80444000	1.34891800
3.86311801	23.80444000	1.37333300
3.86811801	23.80444000	0.35401470
3.87311801	23.80444000	-0.11597030
3.87811801	23.80444000	-0.02441481
3.88311801	23.80444000	0.00000000
3.88811801	23.80444000	0.00000000
3.89311801	23.80444000	0.02441481
3.89811801	23.80444000	0.11597030
3.90311801	23.80444000	-0.32959990
3.90811801	23.80444000	-1.25736300
3.91311801	23.80444000	-1.70293300
3.91811801	23.80444000	-1.61137700
3.92311801	23.80444000	-1.58696200
3.92811801	23.80444000	-1.58696200
3.93311801	23.80444000	-1.58696200
3.93811801	23.80444000	-1.58696200
3.94311801	23.80444000	-1.56254800
3.94811801	23.80444000	-1.47099200
3.95311801	23.80444000	-1.94097700
3.95811801	23.80444000	-2.96029500
3.96311801	23.80444000	-2.96029500
3.96811801	23.80444000	-1.94097700
3.97311801	23.80444000	-1.44657700
3.97811801	23.80444000	-1.44657700
3.98311801	23.80444000	-1.94097700
3.98811801	23.80444000	-2.96029500
3.99311801	23.80444000	-2.96029500
3.99811801	23.80444000	-1.94097700
4.00311801	23.80444000	-1.47099200
4.00811801	23.80444000	-1.56254800
4.01311801	23.80444000	-1.58696200
4.01811801	23.80444000	-1.58696200
4.02311801	23.80444000	-1.56254800
4.02811801	23.80444000	-1.47099200
4.03311801	23.80444000	-1.91656200
4.03811801	23.80444000	-2.84432500
4.04311801	23.80444000	-3.31431000
4.04811801	23.80444000	-3.31431000
4.05311801	23.80444000	-2.81991000
4.05811801	23.80444000	-1.80059200
4.06311801	23.80444000	-1.80059200
4.06811801	23.80444000	-2.81991000
4.07311801	23.80444000	-3.31431000
4.07811801	23.80444000	-3.31431000
4.08311801	23.86547000	-2.81991000
4.08811801	24.09436000	-1.80059200
4.09311801	22.98043000	-1.80059200
4.09811801	20.66103000	-2.81991000
4.10311801	19.54710000	-3.31431000
4.10811801	19.77599000	-3.31431000
4.11311801	19.83703000	-2.81991000
4.11811801	19.83703000	-1.80059200
4.12311801	19.83703000	-1.82500700
4.12811801	19.83703000	-2.93588100
4.13311801	19.83703000	-2.93588100
4.13811801	19.83703000	-1.82500700
4.14311801	19.83703000	-1.80059200
4.14811801	19.83703000	-2.81991000
4.15311801	19.77599000	-3.28989500
4.15811801	19.54710000	-3.19834000
4.16311801	20.72207000	-3.17392500
4.16811801	23.27036000	-3.17392500
4.17311801	23.27036000	-3.17392500
4.17811801	20.72207000	-3.17392500
4.18311801	19.54710000	-3.19834000
4.18811801	19.77599000	-3.28989500
4.19311801	19.83703000	-2.81991000
4.19811801	19.83703000	-1.80059200
4.20311801	19.83703000	-1.80059200
4.20811801	19.83703000	-2.81991000
4.21311801	19.83703000	-3.31431000
4.21811801	19.83703000	-3.31431000
4.22311801	19.83703000	-2.81991000
4.22811801	19.83703000	-1.80059200
4.23311801	19.83703000	-1.82500700
4.23811801	19.83703000	-2.93588100
4.24311801	19.83703000	-2.96029500
4.24811801	19.83703000	-1.94097700
4.25311801	19.83703000	-1.47099200
4.25811801	19.83703000	-1.56254800
4.26311801	19.83703000	-1.58696200
4.26811801	19.83703000	-1.58696200
4.27311801	19.83703000	-1.58696200
4.27811801	19.83703000	-1.58696200
4.28311801	19.83703000	-1.58696200
4.28811801	19.83703000	-1.58696200
4.29311801	19.83703000	-1.58696200
4.29811801	19.83703000	-1.58696200
4.30311801	19.83703000	-1.61137700
4.30811801	19.83703000	-1.70293300
4.31311801	19.83703000	-1.25736300
4.31811801	19.83703000	-0.32959990
4.32311801	19.83703000	0.11597030
4.32811801	19.83703000	0.02441481
4.33311801	19.83703000	0.02441481
4.33811801	19.83703000	0.11597030
4.34311801	19.83703000	-0.32959990
4.34811801	19.83703000	-1.25736300
4.35311801	19.83703000	-1.70293300
4.35811801	19.83703000	-1.61137700
4.36311801	19.83703000	-1.56254800
4.36811801	19.83703000	-1.47099200
4.37311801	19.83703000	-1.91656200
4.37811801	19.83703000	-2.84432500
4.38311801	19.83703000	-3.28989500
4.38811801	19.83703000	-3.19834000
4.39311801	19.89807000	-3.17392500
4.39811801	20.12696000	-3.17392500
4.40311801	18.95199000	-3.17392500
4.40811801	16.40370000	-3.17392500
4.41311801	16.40370000	-3.14951000
4.41811801	18.95199000	-3.05795500
4.42311801	20.18799000	-3.55235400
4.42811801	20.18799000	-4.66322800
4.43311801	18.95199000	-4.19324400
4.43811801	16.40370000	-2.15460700
4.44311801	16.40370000	-1.70903700
4.44811801	18.95199000	-2.91146600
4.45311801	20.18799000	-2.96029500
4.45811801	20.18799000	-1.94097700
4.46311801	19.01303000	-1.44657700
4.46811801	16.69362000	-1.44657700
4.47311801	15.51866000	-1.91656200
4.47811801	15.51866000	-2.84432500
4.48311801	16.75466000	-3.31431000
4.48811801	19.30296000	-3.31431000
4.49311801	19.24192000	-2.84432500
4.49811801	16.46474000	-1.91656200
4.50311801	16.46474000	-1.47099200
4.50811801	19.24192000	-1.56254800
4.51311801	19.24192000	-1.58696200
4.51811801	16.46474000	-1.58696200
4.52311801	16.46474000	-1.61137700
4.52811801	19.24192000	-1.70293300
4.53311801	19.30296000	-1.25736300
4.53811801	16.75466000	-0.32959990
4.54311801	15.57970000	0.11597030
4.54811801	15.80859000	0.02441481
4.55311801	15.86962000	0.02441481
4.55811801	15.86962000	0.11597030
4.56311801	15.86962000	-0.32959990
4.56811801	15.86962000	-1.25736300
4.57311801	15.86962000	-1.70293300
4.57811801	15.86962000	-1.61137700
4.58311801	15.86962000	-1.61137700
4.58811801	15.86962000	-1.70293300
4.59311801	15.86962000	-1.28177700
4.59811801	15.86962000	-0.44557020
4.60311801	15.86962000	0.46998500
4.60811801	15.86962000	1.39774800
4.61311801	15.86962000	1.37333300
4.61811801	15.86962000	0.35401470
4.62311801	15.86962000	-0.11597030
4.62811801	15.86962000	-0.02441481
4.63311801	15.86962000	-0.02441481
4.63811801	15.86962000	-0.11597030
4.64311801	15.86962000	0.32959990
4.64811801	15.86962000	1.25736300
4.65311801	15.86962000	1.70293300
4.65811801	15.86962000	1.61137700
4.66311801	15.86962000	1.61137700
4.66811801	15.86962000	1.70293300
4.67311801	15.86962000	1.23294800
4.67811801	15.86962000	0.21362960
4.68311801	15.86962000	0.26245920
4.68811801	15.86962000	1.46488800
4.69311801	15.86962000	1.04373300
4.69811801	15.86962000	-0.90334780
4.70311801	15.86962000	-1.81890300
4.70811801	15.86962000	-1.63579200
4.71311801	15.86962000	-1.61137700
4.71811801	15.86962000	-1.70293300
4.72311801	15.86962000	-1.23294800
4.72811801	15.86962000	-0.21362960
4.73311801	15.86962000	-0.23804440
4.73811801	15.86962000	-1.34891800
4.74311801	15.86962000	-1.34891800
4.74811801	15.86962000	-0.23804440
4.75311801	15.86962000	-0.23804440
4.75811801	15.86962000	-1.34891800
4.76311801	15.86962000	-1.37333300
4.76811801	15.86962000	-0.35401470
4.77311801	15.86962000	0.14038510
4.77811801	15.86962000	0.14038510
4.78311801	15.86962000	-0.32959990
4.78811801	15.86962000	-1.25736300
4.79311801	15.86962000	-1.70293300
4.79811801	15.86962000	-1.61137700
4.80311801	15.86962000	-1.61137700
4.80811801	15.86962000	-1.70293300
4.81311801	15.86962000	-1.23294800
4.81811801	15.86962000	-0.21362960
4.82311801	15.86962000	-0.21362960
4.82811801	15.86962000	-1.23294800
4.83311801	15.86962000	-1.72734800
4.83811801	15.86962000	-1.72734800
4.84311801	15.86962000	-1.25736300
4.84811801	15.86962000	-0.32959990
4.85311801	15.86962000	0.11597030
4.85811801	15.86962000	0.02441481
4.86311801	15.86962000	0.00000000
4.86811801	15.86962000	0.00000000
4.87311801	15.93066000	0.00000000
4.87811801	16.15955000	0.00000000
4.88311801	14.98459000	0.00000000
4.88811801	12.43629000	0.00000000
4.89311801	12.49733000	0.00000000
4.89811801	15.27451000	0.00000000
4.90311801	15.27451000	0.00000000
4.90811801	12.49733000	0.00000000
4.91311801	12.43629000	0.00000000
4.91811801	14.98459000	0.00000000
4.92311801	16.22059000	0.00000000
4.92811801	16.22059000	0.00000000
4.93311801	15.04562000	-0.02441481
4.93811801	12.72622000	-0.11597030
4.94311801	11.61229000	0.35401470
4.94811801	11.84118000	1.37333300
4.95311801	11.84118000	1.39774800
4.95811801	11.61229000	0.46998500
4.96311801	12.72622000	-0.46998500
4.96811801	15.04562000	-1.39774800
4.97311801	16.22059000	-1.34891800
4.97811801	16.22059000	-0.23804440
4.98311801	14.98459000	-0.18921480
4.98811801	12.43629000	-1.11697700
4.99311801	12.49733000	-2.05694700
4.99811801	15.27451000	-2.98471000
5.00311801	15.27451000	-2.93588100
5.00811801	12.49733000	-1.82500700
5.01311801	12.49733000	-1.80059200
5.01811801	15.27451000	-2.81991000
5.02311801	15.33555000	-3.26548100
5.02811801	12.78725000	-3.08237000
5.03311801	11.55125000	-3.52794000
5.03811801	11.55125000	-4.54725700
5.04311801	12.72622000	-4.54725700
5.04811801	15.04562000	-3.52794000
5.05311801	16.22059000	-3.05795500
5.05811801	16.22059000	-3.14951000
5.06311801	15.04562000	-3.19834000
5.06811801	12.72622000	-3.28989500
5.07311801	11.55125000	-2.84432500
5.07811801	11.55125000	-1.91656200
5.08311801	12.72622000	-1.47099200
5.08811801	15.04562000	-1.56254800
5.09311801	16.15955000	-1.61137700
5.09811801	15.93066000	-1.70293300
5.10311801	15.86962000	-1.23294800
5.10811801	15.86962000	-0.21362960
5.11311801	15.93066000	-0.21362960
5.11811801	16.15955000	-1.23294800
5.12311801	15.04562000	-1.70293300
5.12811801	12.72622000	-1.61137700
5.13311801	11.61229000	-1.58696200
5.13811801	11.84118000	-1.58696200
5.14311801	11.84118000	-1.61137700
5.14811801	11.61229000	-1.70293300
5.15311801	12.78725000	-1.25736300
5.15811801	15.33555000	-0.32959990
5.16311801	15.33555000	0.11597030
5.16811801	12.78725000	0.02441481
5.17311801	11.61229000	0.00000000
5.17811801	11.84118000	0.00000000
5.18311801	11.90222000	0.02441481
5.18811801	11.90222000	0.11597030
5.19311801	11.90222000	-0.32959990
5.19811801	11.90222000	-1.25736300
5.20311801	11.90222000	-1.70293300
5.20811801	11.90222000	-1.61137700
5.21311801	11.90222000	-1.61137700
5.21811801	11.90222000	-1.70293300
5.22311801	11.90222000	-1.23294800
5.22811801	11.90222000	-0.21362960
5.23311801	11.90222000	-0.21362960
5.23811801	11.90222000	-1.23294800
5.24311801	11.90222000	-1.70293300
5.24811801	11.90222000	-1.61137700
5.25311801	11.84118000	-1.58696200
5.25811801	11.61229000	-1.58696200
5.26311801	12.78725000	-1.61137700
5.26811801	15.33555000	-1.70293300
5.27311801	15.33555000	-1.23294800
5.27811801	12.78725000	-0.21362960
5.28311801	11.61229000	-0.21362960
5.28811801	11.84118000	-1.23294800
5.29311801	11.90222000	-1.67851800
5.29811801	11.90222000	-1.49540700
5.30311801	11.90222000	-1.91656200
5.30811801	11.90222000	-2.84432500
5.31311801	11.90222000	-3.31431000
5.31811801	11.90222000	-3.31431000
5.32311801	11.90222000	-2.84432500
5.32811801	11.90222000	-1.91656200
5.33311800	11.90222000	-1.49540700
5.33811800	11.90222000	-1.67851800
5.34311800	11.90222000	-1.23294800
5.34811800	11.90222000	-0.21362960
5.35311800	11.90222000	-0.23804440
5.35811800	11.90222000	-1.34891800
5.36311800	11.90222000	-1.37333300
5.36811800	11.90222000	-0.35401470
5.37311800	11.90222000	0.11597030
5.37811800	11.90222000	0.02441481
5.38311800	11.90222000	0.00000000
5.38811800	11.90222000	0.00000000
5.39311800	11.90222000	0.02441481
5.39811800	11.90222000	0.11597030
5.40311800	11.90222000	-0.35401470
5.40811800	11.90222000	-1.37333300
5.41311800	11.90222000	-1.37333300
5.41811800	11.90222000	-0.35401470
5.42311800	11.90222000	0.11597030
5.42811800	11.90222000	0.02441481
5.43311800	11.90222000	-0.02441481
5.43811800	11.90222000	-0.11597030
5.44311800	11.90222000	0.32959990
5.44811800	11.90222000	1.25736300
5.45311800	11.90222000	1.70293300
5.45811800	11.90222000	1.61137700
5.46311800	11.90222000	1.58696200
5.46811800	11.90222000	1.58696200
5.47311800	11.90222000	1.58696200
5.47811800	11.90222000	1.58696200
5.48311800	11.90222000	1.58696200
5.48811800	11.90222000	1.58696200
5.49311800	11.90222000	1.58696200
5.49811800	11.90222000	1.58696200
5.50311800	11.90222000	1.58696200
5.50811800	11.90222000	1.58696200
5.51311800	11.90222000	1.58696200
5.51811800	11.90222000	1.58696200
5.52311800	11.90222000	1.58696200
5.52811800	11.90222000	1.58696200
5.53311800	11.90222000	1.58696200
5.53811800	11.90222000	1.58696200
5.54311800	11.90222000	1.61137700
5.54811800	11.90222000	1.70293300
5.55311800	11.90222000	1.28177700
5.55811800	11.90222000	0.44557020
5.56311800	11.90222000	-0.44557020
5.56811800	11.90222000	-1.28177700
5.57311800	11.90222000	-1.75176200
5.57811800	11.90222000	-1.84331800
5.58311800	11.90222000	-0.90334780
5.58811800	11.90222000	1.04373300
5.59311800	11.90222000	1.48930300
5.59811800	11.90222000	0.37842950
5.60311800	11.90222000	-0.09155553
5.60811800	11.90222000	0.09155553
5.61311800	11.90222000	-0.32959990
5.61811800	11.90222000	-1.25736300
5.62311800	11.90222000	-1.70293300
5.62811800	11.90222000	-1.61137700
5.63311800	11.90222000	-1.61137700
5.63811800	11.90222000	-1.70293300
5.64311800	11.96325000	-1.25736300
5.64811800	12.19214000	-0.32959990
5.65311800	11.01718000	0.14038510
5.65811800	8.46888600	0.14038510
5.66311800	8.52992300	-0.35401470
5.66811800	11.30711000	-1.37333300
5.67311800	11.30711000	-1.37333300
5.67811800	8.52992300	-0.35401470
5.68311800	8.46888600	0.11597030
5.68811800	11.01718000	0.02441481
5.69311800	12.19214000	0.00000000
5.69811800	11.96325000	0.00000000
5.70311800	11.90222000	0.00000000
5.70811800	11.90222000	0.00000000
5.71311800	11.96325000	0.02441481
5.71811800	12.19214000	0.11597030
5.72311800	11.07822000	-0.35401470
5.72811800	8.75881200	-1.37333300
5.73311800	7.58384900	-1.37333300
5.73811800	7.58384900	-0.35401470
5.74311800	8.81984900	0.14038510
5.74811800	11.36814000	0.14038510
5.75311800	11.30711000	-0.32959990
5.75811800	8.52992300	-1.25736300
5.76311800	8.46888600	-1.70293300
5.76811800	11.01718000	-1.61137700
5.77311800	12.25318000	-1.58696200
5.77811800	12.25318000	-1.58696200
5.78311800	11.01718000	-1.58696200
5.78811800	8.46888600	-1.58696200
5.79311800	8.46888600	-1.58696200
5.79811800	11.01718000	-1.58696200
5.80311800	12.25318000	-1.58696200
5.80811800	12.25318000	-1.58696200
5.81311800	11.01718000	-1.61137700
5.81811800	8.46888600	-1.70293300
5.82311800	8.52992300	-1.25736300
5.82811800	11.30711000	-0.32959990
5.83311800	11.30711000	0.11597030
5.83811800	8.52992300	0.02441481
5.84311800	8.52992300	-0.02441481
5.84811800	11.30711000	-0.11597030
5.85311800	11.30711000	0.35401470
5.85811800	8.52992300	1.37333300
5.86311800	8.52992300	1.37333300
5.86811800	11.30711000	0.35401470
5.87311800	11.30711000	-0.09155553
5.87811800	8.52992300	0.09155553
5.88311800	8.46888600	-0.32959990
5.88811800	11.01718000	-1.25736300
5.89311800	12.19214000	-1.70293300
5.89811800	11.96325000	-1.61137700
5.90311800	11.90222000	-1.58696200
5.90811800	11.90222000	-1.58696200
5.91311800	11.96325000	-1.58696200
5.91811800	12.19214000	-1.58696200
5.92311800	11.07822000	-1.58696200
5.92811800	8.75881200	-1.58696200
5.93311800	7.64488600	-1.63579200
5.93811800	7.87377500	-1.81890300
5.94311800	7.93481200	-0.90334780
5.94811800	7.93481200	1.04373300
5.95311800	7.93481200	1.51371800
5.95811800	7.93481200	0.49439980
5.96311800	7.93481200	-0.44557020
5.96811800	7.93481200	-1.28177700
5.97311800	7.93481200	-1.72734800
5.97811800	7.93481200	-1.72734800
5.98311800	7.87377500	-1.23294800
5.98811800	7.64488600	-0.21362960
5.99311800	8.81984900	-0.21362960
5.99811800	11.36814000	-1.23294800
6.00311800	11.36814000	-1.70293300
6.00811800	8.81984900	-1.61137700
6.01311800	7.64488600	-1.58696200
6.01811800	7.87377500	-1.58696200
6.02311800	7.93481200	-1.58696200
6.02811800	7.93481200	-1.58696200
6.03311800	7.93481200	-1.56254800
6.03811800	7.93481200	-1.47099200
6.04311800	7.93481200	-1.94097700
6.04811800	7.93481200	-2.96029500
6.05311800	7.93481200	-2.96029500
6.05811800	7.93481200	-1.94097700
6.06311800	7.93481200	-1.47099200
6.06811800	7.93481200	-1.56254800
6.07311800	7.93481200	-1.61137700
6.07811800	7.93481200	-1.70293300
6.08311800	7.93481200	-1.25736300
6.08811800	7.93481200	-0.32959990
6.09311800	7.93481200	0.11597030
6.09811800	7.93481200	0.02441481
6.10311800	7.93481200	0.02441481
6.10811800	7.93481200	0.11597030
6.11311800	7.93481200	-0.32959990
6.11811800	7.93481200	-1.25736300
6.12311800	7.93481200	-1.70293300
6.12811800	7.93481200	-1.61137700
6.13311800	7.93481200	-1.58696200
6.13811800	7.93481200	-1.58696200
6.14311800	7.93481200	-1.58696200
6.14811800	7.93481200	-1.58696200
6.15311800	7.93481200	-1.56254800
6.15811800	7.93481200	-1.47099200
6.16311800	7.93481200	-1.89214800
6.16811800	7.93481200	-2.72835500
6.17311800	7.93481200	-3.64391000
6.17811800	7.93481200	-4.57167300
6.18311800	7.93481200	-4.54725700
6.18811800	7.93481200	-3.52794000
6.19311800	7.93481200	-3.05795500
6.19811800	7.93481200	-3.14951000
6.20311800	7.93481200	-3.19834000
6.20811800	7.93481200	-3.28989500
6.21311800	7.93481200	-2.81991000
6.21811800	7.93481200	-1.80059200
6.22311800	7.93481200	-1.82500700
6.22811800	7.93481200	-2.93588100
6.23311800	7.93481200	-2.93588100
6.23811800	7.93481200	-1.82500700
6.24311800	7.93481200	-1.82500700
6.24811800	7.93481200	-2.93588100
6.25311800	7.93481200	-2.96029500
6.25811800	7.93481200	-1.94097700
6.26311800	7.93481200	-1.47099200
6.26811800	7.93481200	-1.56254800
6.27311800	7.93481200	-1.61137700
6.27811800	7.93481200	-1.70293300
6.28311800	7.93481200	-1.25736300
6.28811800	7.93481200	-0.32959990
6.29311800	7.93481200	0.14038510
6.29811800	7.93481200	0.14038510
6.30311800	7.93481200	-0.32959990
6.30811800	7.93481200	-1.25736300
6.31311800	7.93481200	-1.70293300
6.31811800	7.93481200	-1.61137700
6.32311800	7.93481200	-1.58696200
6.32811800	7.93481200	-1.58696200
6.33311800	7.93481200	-1.58696200
6.33811800	7.93481200	-1.58696200
6.34311800	7.93481200	-1.58696200
6.34811800	7.93481200	-1.58696200
6.35311800	7.93481200	-1.56254800
6.35811800	7.93481200	-1.47099200
6.36311800	7.93481200	-1.94097700
6.36811800	7.93481200	-2.96029500
6.37311800	7.93481200	-2.93588100
6.37811800	7.93481200	-1.82500700
6.38311800	7.93481200	-1.82500700
6.38811800	7.93481200	-2.93588100
6.39311800	7.93481200	-2.96029500
6.39811800	7.93481200	-1.94097700
6.40311800	7.93481200	-1.47099200
6.40811800	7.93481200	-1.56254800
6.41311800	7.93481200	-1.58696200
6.41811800	7.93481200	-1.58696200
6.42311800	7.93481200	-1.56254800
6.42811800	7.93481200	-1.47099200
6.43311800	7.93481200	-1.94097700
6.43811800	7.93481200	-2.96029500
6.44311800	7.93481200	-2.96029500
6.44811800	7.93481200	-1.94097700
6.45311800	7.93481200	-1.49540700
6.45811800	7.93481200	-1.67851800
6.46311800	7.93481200	-1.23294800
6.46811800	7.93481200	-0.21362960
6.47311800	7.93481200	-0.21362960
6.47811800	7.93481200	-1.23294800
6.48311800	7.93481200	-1.70293300
6.48811800	7.93481200	-1.61137700
6.49311800	7.93481200	-1.61137700
6.49811800	7.93481200	-1.70293300
6.50311800	7.93481200	-1.25736300
6.50811800	7.93481200	-0.32959990
6.51311800	7.93481200	0.11597030
6.51811800	7.93481200	0.02441481
6.52311800	7.93481200	0.00000000
6.52811800	7.93481200	0.00000000
6.53311800	7.93481200	0.00000000
6.53811800	7.93481200	0.00000000
6.54311800	7.93481200	0.00000000
6.54811800	7.93481200	0.00000000
6.55311800	7.93481200	0.00000000
6.55811800	7.93481200	0.00000000
6.56311800	7.93481200	0.00000000
6.56811800	7.93481200	0.00000000
6.57311800	7.93481200	0.00000000
6.57811800	7.93481200	0.00000000
6.58311800	7.93481200	0.00000000
6.58811800	7.93481200	0.00000000
6.59311800	7.93481200	0.00000000
6.59811800	7.93481200	0.00000000
6.60311800	7.93481200	0.02441481
6.60811800	7.93481200	0.11597030
6.61311800	7.99584900	-0.32959990
6.61811800	8.22473800	-1.25736300
6.62311800	7.04977500	-1.72734800
6.62811800	4.50148000	-1.72734800
6.63311800	4.50148000	-1.23294800
6.63811800	7.04977500	-0.21362960
6.64311800	8.22473800	-0.23804440
6.64811800	7.99584900	-1.34891800
6.65311800	7.99584900	-1.34891800
6.65811800	8.22473800	-0.23804440
6.66311800	7.11081200	-0.21362960
6.66811800	4.79140600	-1.23294800
6.67311800	3.61644300	-1.70293300
6.67811800	3.61644300	-1.61137700
6.68311800	4.79140600	-1.58696200
6.68811800	7.11081200	-1.58696200
6.69311800	8.28577500	-1.58696200
6.69811800	8.28577500	-1.58696200
6.70311800	7.04977500	-1.58696200
6.70811800	4.50148000	-1.58696200
6.71311800	4.56251700	-1.58696200
6.71811800	7.33970100	-1.58696200
6.72311800	7.40073800	-1.58696200
6.72811800	4.85244300	-1.58696200
6.73311800	3.61644300	-1.58696200
6.73811800	3.61644300	-1.58696200
6.74311800	4.79140600	-1.61137700
6.74811800	7.11081200	-1.70293300
6.75311800	8.28577500	-1.25736300
6.75811800	8.28577500	-0.32959990
6.76311800	7.04977500	0.11597030
6.76811800	4.50148000	0.02441481
6.77311800	4.56251700	0.00000000
6.77811800	7.33970100	0.00000000
6.78311800	7.40073800	0.02441481
6.78811800	4.85244300	0.11597030
6.79311800	3.67748000	-0.32959990
6.79811800	3.90636900	-1.25736300
6.80311800	3.96740600	-1.70293300
6.80811800	3.96740600	-1.61137700
6.81311800	3.90636900	-1.58696200
6.81811800	3.67748000	-1.58696200
6.82311800	4.85244300	-1.58696200
6.82811800	7.40073800	-1.58696200
6.83311800	7.40073800	-1.58696200
6.83811800	4.85244300	-1.58696200
6.84311800	3.67748000	-1.56254800
6.84811800	3.90636900	-1.47099200
6.85311800	3.96740600	-1.94097700
6.85811800	3.96740600	-2.96029500
6.86311800	3.90636900	-2.98471000
6.86811800	3.67748000	-2.05694700
6.87311800	4.79140600	-1.14139200
6.87811800	7.11081200	-0.30518510
6.88311800	8.28577500	0.11597030
6.88811800	8.28577500	0.02441481
6.89311800	7.11081200	-0.02441481
6.89811800	4.79140600	-0.11597030
6.90311800	3.67748000	0.37842950
6.90811800	3.90636900	1.48930300
6.91311800	3.96740600	1.04373300
6.91811800	3.96740600	-0.90334780
6.92311800	3.96740600	-1.81890300
6.92811800	3.96740600	-1.63579200
6.93311800	3.96740600	-1.58696200
6.93811800	3.96740600	-1.58696200
6.94311800	3.96740600	-1.61137700
6.94811800	3.96740600	-1.70293300
6.95311800	3.96740600	-1.23294800
6.95811800	3.96740600	-0.21362960
6.96311800	3.96740600	-0.21362960
6.96811800	3.96740600	-1.23294800
6.97311800	3.96740600	-1.70293300
6.97811799	3.96740600	-1.61137700
6.98311799	3.96740600	-1.58696200
6.98811799	3.96740600	-1.58696200
6.99311799	3.96740600	-1.58696200
6.99811799	3.96740600	-1.58696200
7.00311799	3.96740600	-1.56254800
7.00811799	3.96740600	-1.47099200
7.01311799	3.96740600	-1.91656200
7.01811799	3.96740600	-2.84432500
7.02311799	3.96740600	-3.31431000
7.02811799	3.96740600	-3.31431000
7.03311799	3.96740600	-2.81991000
7.03811799	3.96740600	-1.80059200
7.04311799	3.96740600	-1.82500700
7.04811799	3.96740600	-2.93588100
7.05311799	3.96740600	-2.96029500
7.05811799	3.96740600	-1.94097700
7.06311799	3.96740600	-1.47099200
7.06811799	3.96740600	-1.56254800
7.07311799	3.96740600	-1.58696200
7.07811799	3.96740600	-1.58696200
7.08311799	3.96740600	-1.58696200
7.08811799	3.96740600	-1.58696200
7.09311799	3.96740600	-1.58696200
7.09811799	3.96740600	-1.58696200
7.10311799	3.90636900	-1.56254800
7.10811799	3.67748000	-1.47099200
7.11311799	4.85244300	-1.94097700
7.11811799	7.40073800	-2.96029500
7.12311799	7.40073800	-2.98471000
7.12811799	4.85244300	-2.05694700
7.13311799	3.67748000	-1.16580700
7.13811799	3.90636900	-0.42115540
7.14311799	3.96740600	0.46998500
7.14811799	3.96740600	1.39774800
7.15311799	3.96740600	1.37333300
7.15811799	3.96740600	0.35401470
7.16311799	3.96740600	-0.11597030
7.16811799	3.96740600	-0.02441481
7.17311799	3.96740600	0.00000000
7.17811799	3.96740600	0.00000000
7.18311799	3.96740600	0.00000000
7.18811799	3.96740600	0.00000000
7.19311799	3.96740600	0.00000000
7.19811799	3.96740600	0.00000000
7.20311799	3.96740600	0.02441481
7.20811799	3.96740600	0.11597030
7.21311799	3.96740600	-0.32959990
7.21811799	3.96740600	-1.25736300
7.22311799	3.96740600	-1.70293300
7.22811799	3.96740600	-1.61137700
7.23311799	3.96740600	-1.58696200
7.23811799	3.96740600	-1.58696200
7.24311799	3.96740600	-1.56254800
7.24811799	3.96740600	-1.47099200
7.25311799	3.96740600	-1.94097700
7.25811799	3.96740600	-2.96029500
7.26311799	3.96740600	-2.93588100
7.26811799	3.96740600	-1.82500700
7.27311799	3.96740600	-1.82500700
7.27811799	3.96740600	-2.93588100
7.28311799	3.96740600	-2.98471000
7.28811799	3.96740600	-2.05694700
7.29311799	3.96740600	-1.14139200
7.29811799	3.96740600	-0.30518510
7.30311799	3.96740600	0.14038510
7.30811799	3.96740600	0.14038510
7.31311799	3.96740600	-0.35401470
7.31811799	3.96740600	-1.37333300
7.32311799	3.96740600	-1.37333300
7.32811799	3.96740600	-0.35401470
7.33311799	3.96740600	0.11597030
7.33811799	3.96740600	0.02441481
7.34311799	3.96740600	0.00000000
7.34811799	3.96740600	0.00000000
7.35311799	3.96740600	0.02441481
7.35811799	3.96740600	0.11597030
7.36311799	3.96740600	-0.32959990
7.36811799	3.96740600	-1.25736300
7.37311799	3.96740600	-1.70293300
7.37811799	3.96740600	-1.61137700
7.38311799	3.96740600	-1.58696200
7.38811799	3.96740600	-1.58696200
7.39311799	3.96740600	-1.58696200
7.39811799	3.96740600	-1.58696200
7.40311799	3.96740600	-1.61137700
7.40811799	3.96740600	-1.70293300
7.41311799	3.96740600	-1.23294800
7.41811799	3.96740600	-0.21362960
7.42311799	3.96740600	-0.23804440
7.42811799	3.96740600	-1.34891800
7.43311799	3.96740600	-1.37333300
7.43811799	3.96740600	-0.35401470
7.44311799	3.96740600	0.11597030
7.44811799	3.96740600	0.02441481
7.45311799	3.96740600	0.00000000
7.45811799	3.96740600	0.00000000
7.46311799	3.96740600	0.02441481
7.46811799	3.96740600	0.11597030
7.47311799	3.96740600	-0.32959990
7.47811799	3.96740600	-1.25736300
7.48311799	3.96740600	-1.70293300
7.48811799	3.96740600	-1.61137700
7.49311799	3.96740600	-1.58696200
7.49811799	3.96740600	-1.58696200
7.50311799	3.96740600	-1.56254800
7.50811799	3.96740600	-1.47099200
7.51311799	3.96740600	-1.91656200
7.51811799	3.96740600	-2.84432500
7.52311799	3.96740600	-3.28989500
7.52811799	3.96740600	-3.19834000
7.53311799	3.96740600	-3.17392500
7.53811799	3.96740600	-3.17392500
7.54311799	3.96740600	-3.17392500
7.54811799	3.96740600	-3.17392500
7.55311799	3.96740600	-3.19834000
7.55811799	3.96740600	-3.28989500
7.56311799	3.96740600	-2.84432500
7.56811799	3.96740600	-1.91656200
7.57311799	3.96740600	-1.47099200
7.57811799	3.96740600	-1.56254800
7.58311799	3.96740600	-1.61137700
7.58811799	3.96740600	-1.70293300
7.59311799	3.96740600	-1.30619200
7.59811799	3.96740600	-0.56154050
7.60311799	3.96740600	0.75685910
7.60811799	3.96740600	2.41706600
7.61311799	3.96740600	3.66832500
7.61811799	3.96740600	4.12610200
7.62311799	3.96740600	5.79851700
7.62811799	3.96740600	8.20337600
7.63311799	3.96740600	10.74862000
7.63811799	3.96740600	12.77505000
7.64311799	3.96740600	16.14429000
7.64811799	3.96740600	19.93469000
7.65311799	3.96740600	24.64675000
7.65811799	3.96740600	29.17570000
7.66311799	3.96740600	34.26618000
7.66811799	3.96740600	38.60592000
7.67311799	3.96740600	44.14197000
7.67811799	3.96740600	49.50102000
7.68311799	4.02844300	55.01266000
7.68811799	4.25733200	59.26694000
7.69311799	3.08236900	64.82742000
7.69811799	0.53407390	70.37569000
7.70311799	0.53407390	75.03281000
7.70811799	3.08236900	77.62078000
7.71311799	4.25733200	81.41118000
7.71811799	4.02844300	85.39079000
7.72311799	3.96740600	88.78445000
7.72811799	3.96740600	90.71932000
7.73311799	3.96740600	93.68571000
7.73811799	3.96740600	96.92679000
7.74311799	3.96740600	99.51476000
7.74811799	3.96740600	100.90030000
7.75311799	3.96740600	102.12710000
7.75811799	3.96740600	102.76800000
7.76311799	3.96740600	103.61640000
7.76811799	3.96740600	104.45270000
7.77311799	3.96740600	104.89820000
7.77811799	3.96740600	104.89820000
7.78311799	3.96740600	104.45270000
7.78811799	3.96740600	103.61640000
7.79311799	3.96740600	102.79240000
7.79811799	3.96740600	102.24310000
7.80311799	3.96740600	100.49750000
7.80811799	3.96740600	97.90948000
7.81311799	3.96740600	96.18823000
7.81811799	3.96740600	95.73045000
7.82311799	3.96740600	94.50362000
7.82811799	3.96740600	92.93496000
7.83311799	3.96740600	91.21372000
7.83811799	3.96740600	89.73662000
7.84311799	3.96740600	88.06421000
7.84811799	3.96740600	86.67867000
7.85311799	3.96740600	84.51186000
7.85811799	3.96740600	82.00934000
7.86311799	3.96740600	80.33692000
7.86811799	3.96740600	79.97070000
7.87311799	3.96740600	78.32270000
7.87811799	3.96740600	75.91784000
7.88311799	3.96740600	73.30546000
7.88811799	3.96740600	70.99215000
7.89311799	3.96740600	68.87417000
7.89811799	3.96740600	67.48863000
7.90311799	3.96740600	65.81622000
7.90811799	3.96740600	64.33912000
7.91311799	3.96740600	62.64230000
7.91811799	3.96740600	61.16520000
7.92311799	3.96740600	59.46836000
7.92811799	3.96740600	57.99127000
7.93311799	3.96740600	56.29444000
7.93811799	3.96740600	54.81124000
7.94311799	3.96740600	53.11441000
7.94811799	3.96740600	51.63732000
7.95311799	3.96740600	49.91607000
7.95811799	3.96740600	48.34742000
7.96311799	3.96740600	47.09616000
7.96811799	3.96740600	46.54683000
7.97311799	3.96740600	45.29557000
7.97811799	3.96740600	43.72692000
7.98311799	3.96740600	41.98126000
7.98811799	3.96740600	40.41261000
7.99311799	3.96740600	39.13694000
7.99811799	3.96740600	38.49605000
8.00311799	3.96740600	37.67205000
8.00811799	3.96740600	36.92739000
8.01311799	3.96740600	36.10339000
8.01811799	3.96740600	35.46251000
8.02311799	3.96740600	34.16242000
8.02811799	3.96740600	32.50221000
8.03311799	3.96740600	31.20212000
8.03811799	3.96740600	30.56124000
8.04311799	3.96740600	29.73724000
8.04811799	3.96740600	28.99869000
8.05311799	3.96740600	28.14417000
8.05811799	3.96740600	27.40562000
8.06311799	3.96740600	26.55110000
8.06811799	3.96740600	25.81256000
8.07311799	4.02844300	24.94583000
8.07811799	4.25733200	24.10962000
8.08311799	3.08236900	23.71288000
8.08811799	0.53407390	23.89599000
8.09311799	0.53407390	23.47484000
8.09811799	3.08236900	22.54707000
8.10311799	4.25733200	22.10150000
8.10811799	4.02844300	22.19306000
8.11311799	3.96740600	22.26630000
8.11811799	3.96740600	22.44942000
8.12311799	3.96740600	21.55827000
8.12811799	3.96740600	19.70275000
8.13311799	3.96740600	18.81161000
8.13811799	3.96740600	18.99472000
8.14311799	3.96740600	19.06796000
8.14811799	3.96740600	19.15952000
8.15311799	3.96740600	18.68954000
8.15811799	3.96740600	17.67022000
8.16311799	3.96740600	17.69463000
8.16811799	3.96740600	18.80550000
8.17311799	3.96740600	18.82992000
8.17811799	3.96740600	17.81060000
8.18311799	3.96740600	17.36503000
8.18811799	3.96740600	17.54814000
8.19311799	3.96740600	17.12699000
8.19811799	3.96740600	16.19922000
8.20311799	3.96740600	15.72924000
8.20811799	3.96740600	15.72924000
8.21311799	3.96740600	16.24805000
8.21811799	3.96740600	17.35893000
8.22311799	3.96740600	16.91336000
8.22811799	3.96740600	14.96628000
8.23311799	3.96740600	14.05072000
8.23811799	3.96740600	14.23383000
8.24311799	3.96740600	14.28266000
8.24811799	3.96740600	14.28266000
8.25311799	3.96740600	14.30708000
8.25811799	3.96740600	14.39863000
8.26311799	3.96740600	13.92865000
8.26811799	3.96740600	12.90933000
8.27311799	3.96740600	12.93374000
8.27811799	3.96740600	14.04462000
8.28311799	3.96740600	14.06903000
8.28811799	3.96740600	13.04971000
8.29311799	3.96740600	12.57973000
8.29811799	3.96740600	12.67128000
8.30311799	3.96740600	12.69570000
8.30811799	3.96740600	12.69570000
8.31311799	3.96740600	12.72011000
8.31811799	3.96740600	12.81167000
8.32311799	3.96740600	12.34169000
8.32811799	3.96740600	11.32237000
8.33311799	3.96740600	11.34678000
8.33811799	3.96740600	12.45765000
8.34311799	3.96740600	12.45765000
8.34811799	3.96740600	11.34678000
8.35311799	4.02844300	11.32237000
8.35811799	4.25733200	12.34169000
8.36311799	3.08236900	12.83609000
8.36811799	0.53407390	12.83609000
8.37311799	0.59511090	12.36610000
8.37811799	3.37229500	11.43834000
8.38311799	3.37229500	11.01718000
8.38811799	0.59511090	11.20029000
8.39311799	0.53407390	10.77914000
8.39811799	3.08236900	9.85137500
8.40311799	4.25733200	9.38139000
8.40811799	4.02844300	9.38139000
8.41311799	3.96740600	9.87579000
8.41811799	3.96740600	10.89511000
8.42311799	4.02844300	10.91952000
8.42811799	4.25733200	9.99175900
8.43311799	3.08236900	9.07620400
8.43811799	0.53407390	8.23999700
8.44311799	0.53407390	7.81884200
8.44811799	3.08236900	7.91039800
8.45311799	4.25733200	7.93481200
8.45811799	4.02844300	7.93481200
8.46311799	4.02844300	7.91039800
8.46811799	4.25733200	7.81884200
8.47311799	3.08236900	8.28882700
8.47811799	0.53407390	9.30814500
8.48311799	0.59511090	9.28373100
8.48811799	3.37229500	8.17285700
8.49311799	3.37229500	8.17285700
8.49811799	0.59511090	9.28373100
8.50311799	0.53407390	9.30814500
8.50811799	3.08236900	8.28882700
8.51311799	4.25733200	7.81884200
8.51811799	4.02844300	7.91039800
8.52311799	3.96740600	7.91039800
8.52811799	3.96740600	7.81884200
8.53311799	3.96740600	8.28882700
8.53811799	3.96740600	9.30814500
8.54311799	3.96740600	9.30814500
8.54811799	3.96740600	8.28882700
8.55311799	3.96740600	7.81884200
8.55811799	3.96740600	7.91039800
8.56311799	3.96740600	7.93481200
8.56811799	3.96740600	7.93481200
8.57311799	3.96740600	7.95922800
8.57811799	3.96740600	8.05078300
8.58311799	3.96740600	7.60521200
8.58811799	3.96740600	6.67745000
8.59311799	3.96740600	6.20746500
8.59811799	3.96740600	6.20746500
8.60311799	4.02844300	6.70186400
8.60811799	4.25733200	7.72118300
8.61311799	3.14340600	7.72118300
8.61811799	0.82399970	6.70186400
8.62311798	-0.28992580	6.23187900
8.62811798	-0.06103702	6.32343500
8.63311798	-0.06103702	6.34785000
8.63811798	-0.28992580	6.34785000
8.64311798	0.88503670	6.32343500
8.64811798	3.43333200	6.23187900
8.65311798	3.37229500	6.67745000
8.65811798	0.59511090	7.60521200
8.66311798	0.53407390	8.07519700
8.66811798	3.08236900	8.07519700
8.67311798	4.31836900	7.62962700
8.67811798	4.31836900	6.79342000
8.68311798	3.08236900	5.87786500
8.68811798	0.53407390	4.95010200
8.69311798	0.53407390	4.95010200
8.69811798	3.08236900	5.87786500
8.70311798	4.25733200	6.79342000
8.70811798	4.02844300	7.62962700
8.71311798	3.96740600	8.07519700
8.71811798	3.96740600	8.07519700
8.72311798	3.96740600	7.58079800
8.72811798	3.96740600	6.56148000
8.73311798	3.96740600	6.58589400
8.73811798	3.96740600	7.69676800
8.74311798	4.02844300	7.69676800
8.74811798	4.25733200	6.58589400
8.75311798	3.08236900	6.56148000
8.75811798	0.53407390	7.58079800
8.76311798	0.53407390	8.05078300
8.76811798	3.08236900	7.95922800
8.77311798	4.25733200	7.95922800
8.77811798	4.02844300	8.05078300
8.78311798	3.96740600	7.60521200
8.78811798	3.96740600	6.67745000
8.79311798	3.96740600	6.23187900
8.79811798	3.96740600	6.32343500
8.80311798	3.96740600	6.34785000
8.80811798	3.96740600	6.34785000
8.81311798	3.96740600	6.37226500
8.81811798	3.96740600	6.46382000
8.82311798	3.96740600	6.01825000
8.82811798	3.96740600	5.09048700
8.83311798	4.02844300	4.64491700
8.83811798	4.25733200	4.73647300
8.84311798	3.08236900	4.73647300
8.84811798	0.53407390	4.64491700
8.85311798	0.53407390	5.09048700
8.85811798	3.08236900	6.01825000
8.86311798	4.25733200	6.48823500
8.86811798	4.02844300	6.48823500
8.87311798	3.96740600	6.01825000
8.87811798	3.96740600	5.09048700
8.88311798	3.96740600	4.64491700
8.88811798	3.96740600	4.73647300
8.89311798	3.96740600	4.78530200
8.89811798	3.96740600	4.87685800
8.90311798	3.96740600	4.43128700
8.90811798	3.96740600	3.50352500
8.91311798	3.96740600	3.03354000
8.91811798	3.96740600	3.03354000
8.92311798	3.96740600	3.50352500
8.92811798	3.96740600	4.43128700
8.93311798	4.02844300	4.90127200
8.93811798	4.25733200	4.90127200
8.94311798	3.08236900	4.43128700
8.94811798	0.53407390	3.50352500
8.95311798	0.53407390	3.05795500
8.95811798	3.08236900	3.14951000
8.96311798	4.31836900	3.14951000
8.96811798	4.31836900	3.05795500
8.97311798	3.08236900	3.52794000
8.97811798	0.53407390	4.54725700
8.98311798	0.59511090	4.57167300
8.98811798	3.37229500	3.64391000
8.99311798	3.43333200	2.72835500
8.99811798	0.88503670	1.89214800
9.00311798	-0.28992580	1.44657700
9.00811798	-0.06103702	1.44657700
9.01311798	0.00000000	1.94097700
9.01811798	0.00000000	2.96029500
9.02311798	-0.06103702	2.93588100
9.02811798	-0.28992580	1.82500700
