Time	Channel A	Channel B
(us)	(mV)	(mV)

-1.00514903	3.96740600	5.09048700
-1.00014903	3.96740600	6.01825000
-0.99514903	3.96740600	6.46382000
-0.99014903	3.96740600	6.37226500
-0.98514903	3.96740600	6.37226500
-0.98014903	3.96740600	6.46382000
-0.97514903	3.96740600	5.99383500
-0.97014903	3.96740600	4.97451700
-0.96514903	3.96740600	4.97451700
-0.96014903	3.96740600	5.99383500
-0.95514903	3.96740600	6.46382000
-0.95014903	3.96740600	6.37226500
-0.94514903	3.96740600	6.34785000
-0.94014903	3.96740600	6.34785000
-0.93514903	3.96740600	6.34785000
-0.93014903	3.96740600	6.34785000
-0.92514903	3.96740600	6.34785000
-0.92014903	3.96740600	6.34785000
-0.91514903	3.96740600	6.34785000
-0.91014903	3.96740600	6.34785000
-0.90514903	3.96740600	6.37226500
-0.90014903	3.96740600	6.46382000
-0.89514903	3.96740600	6.01825000
-0.89014903	3.96740600	5.09048700
-0.88514903	3.96740600	4.62050200
-0.88014903	3.96740600	4.62050200
-0.87514903	3.96740600	5.11490200
-0.87014903	3.96740600	6.13422100
-0.86514903	3.96740600	6.10980600
-0.86014903	3.96740600	4.99893200
-0.85514903	3.96740600	4.97451700
-0.85014903	3.96740600	5.99383500
-0.84514903	3.96740600	6.46382000
-0.84014903	3.96740600	6.37226500
-0.83514903	3.96740600	6.34785000
-0.83014903	3.96740600	6.34785000
-0.82514903	3.96740600	6.34785000
-0.82014903	3.96740600	6.34785000
-0.81514903	3.96740600	6.34785000
-0.81014903	3.96740600	6.34785000
-0.80514903	3.96740600	6.34785000
-0.80014903	3.96740600	6.34785000
-0.79514903	3.96740600	6.34785000
-0.79014903	3.96740600	6.34785000
-0.78514903	3.96740600	6.34785000
-0.78014903	3.96740600	6.34785000
-0.77514903	3.96740600	6.34785000
-0.77014903	3.96740600	6.34785000
-0.76514903	3.96740600	6.37226500
-0.76014903	3.96740600	6.46382000
-0.75514903	3.96740600	5.99383500
-0.75014903	3.96740600	4.97451700
-0.74514903	3.96740600	4.97451700
-0.74014903	3.96740600	5.99383500
-0.73514903	3.96740600	6.46382000
-0.73014903	3.96740600	6.37226500
-0.72514903	3.96740600	6.32343500
-0.72014903	3.96740600	6.23187900
-0.71514903	3.96740600	6.70186400
-0.71014903	3.96740600	7.72118300
-0.70514903	3.96740600	7.72118300
-0.70014903	3.96740600	6.70186400
-0.69514903	3.96740600	6.20746500
-0.69014903	3.96740600	6.20746500
-0.68514903	3.96740600	6.67745000
-0.68014903	3.96740600	7.60521200
-0.67514903	3.96740600	8.07519700
-0.67014903	3.96740600	8.07519700
-0.66514903	3.96740600	7.60521200
-0.66014903	3.96740600	6.67745000
-0.65514903	3.96740600	6.23187900
-0.65014903	3.96740600	6.32343500
-0.64514903	3.96740600	6.34785000
-0.64014903	3.96740600	6.34785000
-0.63514903	3.96740600	6.34785000
-0.63014903	3.96740600	6.34785000
-0.62514903	3.96740600	6.37226500
-0.62014903	3.96740600	6.46382000
-0.61514903	3.96740600	6.01825000
-0.61014903	3.96740600	5.09048700
-0.60514903	3.96740600	4.64491700
-0.60014903	3.96740600	4.73647300
-0.59514903	3.96740600	4.76088700
-0.59014903	3.96740600	4.76088700
-0.58514903	3.96740600	4.76088700
-0.58014903	3.96740600	4.76088700
-0.57514903	3.96740600	4.76088700
-0.57014903	3.96740600	4.76088700
-0.56514903	3.96740600	4.76088700
-0.56014903	3.96740600	4.76088700
-0.55514903	3.96740600	4.73647300
-0.55014903	3.96740600	4.64491700
-0.54514903	3.96740600	5.11490200
-0.54014903	3.96740600	6.13422100
-0.53514903	3.96740600	6.13422100
-0.53014903	3.96740600	5.11490200
-0.52514903	3.96740600	4.64491700
-0.52014903	3.96740600	4.73647300
-0.51514903	3.96740600	4.73647300
-0.51014903	3.96740600	4.64491700
-0.50514903	3.96740600	5.06607200
-0.50014903	3.96740600	5.90228000
-0.49514903	3.96740600	6.81783500
-0.49014903	3.96740600	7.74559700
-0.48514903	3.96740600	7.69676800
-0.48014903	3.96740600	6.58589400
-0.47514903	3.96740600	6.58589400
-0.47014903	3.96740600	7.69676800
-0.46514903	3.96740600	7.72118300
-0.46014903	3.96740600	6.70186400
-0.45514903	3.96740600	6.20746500
-0.45014903	3.96740600	6.20746500
-0.44514903	3.96740600	6.67745000
-0.44014903	3.96740600	7.60521200
-0.43514903	3.96740600	8.05078300
-0.43014903	3.96740600	7.95922800
-0.42514903	3.96740600	7.91039800
-0.42014903	3.96740600	7.81884200
-0.41514903	3.96740600	8.28882700
-0.41014903	3.96740600	9.30814500
-0.40514903	3.96740600	9.30814500
-0.40014903	3.96740600	8.28882700
-0.39514903	3.96740600	7.79442700
-0.39014903	3.96740600	7.79442700
-0.38514903	3.96740600	8.28882700
-0.38014903	3.96740600	9.30814500
-0.37514903	3.96740600	9.28373100
-0.37014903	3.96740600	8.17285700
-0.36514903	3.96740600	8.17285700
-0.36014903	3.96740600	9.28373100
-0.35514903	3.96740600	9.33256100
-0.35014903	3.96740600	8.40479800
-0.34514903	3.96740600	7.48924200
-0.34014903	3.96740600	6.65303500
-0.33514903	3.96740600	6.23187900
-0.33014903	3.96740600	6.32343500
-0.32514903	3.96740600	6.34785000
-0.32014903	3.96740600	6.34785000
-0.31514903	3.96740600	6.34785000
-0.31014903	3.96740600	6.34785000
-0.30514903	3.96740600	6.34785000
-0.30014903	3.96740600	6.34785000
-0.29514903	3.96740600	6.37226500
-0.29014903	3.96740600	6.46382000
-0.28514903	3.96740600	6.01825000
-0.28014903	3.96740600	5.09048700
-0.27514903	3.96740600	4.64491700
-0.27014903	3.96740600	4.73647300
-0.26514903	3.96740600	4.73647300
-0.26014903	3.96740600	4.64491700
-0.25514903	3.96740600	5.09048700
-0.25014903	3.96740600	6.01825000
-0.24514903	3.96740600	6.46382000
-0.24014903	3.96740600	6.37226500
-0.23514903	3.96740600	6.34785000
-0.23014903	3.96740600	6.34785000
-0.22514903	3.96740600	6.34785000
-0.22014903	3.96740600	6.34785000
-0.21514903	3.96740600	6.32343500
-0.21014903	3.96740600	6.23187900
-0.20514903	3.96740600	6.70186400
-0.20014903	3.96740600	7.72118300
-0.19514903	3.90636900	7.72118300
-0.19014903	3.67748000	6.70186400
-0.18514903	4.79140600	6.23187900
-0.18014903	7.11081200	6.32343500
-0.17514903	8.22473800	6.37226500
-0.17014903	7.99584900	6.46382000
-0.16514903	7.87377500	5.99383500
-0.16014903	7.64488600	4.97451700
-0.15514903	8.69777500	4.99893200
-0.15014903	10.78829000	6.10980600
-0.14514903	13.01614000	6.13422100
-0.14014903	15.10666000	5.11490200
-0.13514903	16.09851000	4.69374700
-0.13014903	15.64073000	4.96841300
-0.12514903	16.57155000	4.10168800
-0.12014903	18.43318000	2.24616200
-0.11514903	21.72918000	1.35502200
-0.11014903	25.87969000	1.53813300
-0.10514903	29.06888000	1.61137700
-0.10014903	30.44221000	1.70293300
-0.09514903	33.63140000	1.23294800
-0.09014903	37.78191000	0.21362960
-0.08514903	40.97110000	0.26245920
-0.08014903	42.34443000	1.46488800
-0.07514903	45.47258000	1.04373300
-0.07014903	49.39421000	-0.90334780
-0.06514903	53.69732000	-1.81890300
-0.06014903	57.39005000	-1.63579200
-0.05514903	61.63213000	-1.58696200
-0.05014903	65.32487000	-1.58696200
-0.04514903	69.56694000	-1.58696200
-0.04014903	73.27493000	-1.58696200
-0.03514903	77.51701000	-1.61137700
-0.03014903	81.20975000	-1.70293300
-0.02514903	85.51286000	-1.25736300
-0.02014903	89.43449000	-0.32959990
-0.01514903	92.56263000	0.09155553
-0.01014903	93.93597000	-0.09155553
-0.00514903	97.12515000	0.32959990
-0.00014903	101.27570000	1.25736300
0.00485097	104.46490000	1.70293300
0.00985097	105.83820000	1.61137700
0.01485097	108.96630000	1.58696200
0.01985097	112.88800000	1.58696200
0.02485097	117.25210000	1.58696200
0.02985097	121.17370000	1.58696200
0.03485097	124.30190000	1.58696200
0.03985097	125.67520000	1.58696200
0.04485097	128.86440000	1.58696200
0.04985097	133.01490000	1.58696200
0.05485097	136.26510000	1.58696200
0.05985097	137.86740000	1.58696200
0.06485097	139.94260000	1.58696200
0.06985097	141.78900000	1.58696200
0.07485097	143.92530000	1.58696200
0.07985097	145.77170000	1.58696200
0.08485097	147.87740000	1.58696200
0.08985097	149.73910000	1.58696200
0.09485097	151.96690000	1.56254800
0.09985097	154.28630000	1.47099200
0.10485097	154.22530000	1.91656200
0.10985097	151.67700000	2.84432500
0.11485097	150.56300000	3.26548100
0.11985097	151.02080000	3.08237000
0.12485097	149.96790000	3.50352500
0.12985097	147.64850000	4.43128700
0.13485097	146.59560000	4.87685800
0.13985097	147.05340000	4.78530200
0.14485097	146.00050000	4.76088700
0.14985096	143.68110000	4.76088700
0.15485096	142.62830000	4.76088700
0.15985096	143.08600000	4.76088700
0.16485096	142.09420000	4.76088700
0.16985096	140.00370000	4.76088700
0.17485096	137.80630000	4.76088700
0.17985096	135.95990000	4.76088700
0.18485096	133.79310000	4.78530200
0.18985096	131.70260000	4.87685800
0.19485096	130.71080000	4.43128700
0.19985096	131.16850000	3.50352500
0.20485096	130.11560000	3.05795500
0.20985096	127.79630000	3.14951000
0.21485096	126.74340000	3.19834000
0.21985096	127.20110000	3.28989500
0.22485096	126.14820000	2.81991000
0.22985096	123.82880000	1.80059200
0.23485096	122.77600000	1.80059200
0.23985096	123.23370000	2.81991000
0.24485096	122.18080000	3.31431000
0.24985096	119.86140000	3.31431000
0.25485096	118.74750000	2.84432500
0.25985096	118.97640000	1.91656200
0.26485096	119.09850000	1.47099200
0.26985096	119.32740000	1.56254800
0.27485096	118.21340000	1.61137700
0.27985096	115.89400000	1.70293300
0.28485096	114.78010000	1.23294800
0.28985096	115.00900000	0.21362960
0.29485096	115.07000000	0.21362960
0.29985096	115.07000000	1.23294800
0.30485096	115.13110000	1.72734800
0.30985096	115.36000000	1.72734800
0.31485096	114.24600000	1.23294800
0.31985096	111.92660000	0.21362960
0.32485096	110.81270000	0.21362960
0.32985096	111.04160000	1.23294800
0.33485096	111.10260000	1.67851800
0.33985096	111.10260000	1.49540700
0.34485096	111.10260000	1.91656200
0.34985096	111.10260000	2.84432500
0.35485096	111.10260000	3.28989500
0.35985096	111.10260000	3.19834000
0.36485096	111.10260000	3.14951000
0.36985096	111.10260000	3.05795500
0.37485096	111.10260000	3.52794000
0.37985096	111.10260000	4.54725700
0.38485096	111.10260000	4.54725700
0.38985096	111.10260000	3.52794000
0.39485096	111.10260000	3.05795500
0.39985096	111.10260000	3.14951000
0.40485096	111.16370000	3.14951000
0.40985096	111.39250000	3.05795500
0.41485096	110.27860000	3.50352500
0.41985096	107.95920000	4.43128700
0.42485096	106.84530000	4.90127200
0.42985096	107.07420000	4.90127200
0.43485096	107.13520000	4.40687300
0.43985096	107.13520000	3.38755500
0.44485096	107.13520000	3.38755500
0.44985096	107.13520000	4.40687300
0.45485096	107.13520000	4.87685800
0.45985096	107.13520000	4.78530200
0.46485096	107.19630000	4.78530200
0.46985096	107.42510000	4.87685800
0.47485096	106.31120000	4.40687300
0.47985096	103.99180000	3.38755500
0.48485096	102.87790000	3.38755500
0.48985096	103.10680000	4.40687300
0.49485096	103.16780000	4.87685800
0.49985096	103.16780000	4.78530200
0.50485096	103.16780000	4.76088700
0.50985096	103.16780000	4.76088700
0.51485096	103.16780000	4.73647300
0.51985096	103.16780000	4.64491700
0.52485096	103.16780000	5.11490200
0.52985096	103.16780000	6.13422100
0.53485096	103.22890000	6.13422100
0.53985096	103.45770000	5.11490200
0.54485096	102.34380000	4.64491700
0.54985096	100.02440000	4.73647300
0.55485096	98.91048000	4.76088700
0.55985096	99.13937000	4.76088700
0.56485096	99.20041000	4.76088700
0.56985096	99.20041000	4.76088700
0.57485096	99.20041000	4.78530200
0.57985096	99.20041000	4.87685800
0.58485096	99.20041000	4.40687300
0.58985096	99.20041000	3.38755500
0.59485096	99.20041000	3.38755500
0.59985096	99.20041000	4.40687300
0.60485096	99.20041000	4.90127200
0.60985096	99.20041000	4.90127200
0.61485096	99.20041000	4.43128700
0.61985096	99.20041000	3.50352500
0.62485096	99.26145000	3.05795500
0.62985096	99.49034000	3.14951000
0.63485096	98.37641000	3.17392500
0.63985096	96.05700000	3.17392500
0.64485096	94.94308000	3.17392500
0.64985096	95.17197000	3.17392500
0.65485096	95.23300000	3.17392500
0.65985096	95.23300000	3.17392500
0.66485096	95.23300000	3.14951000
0.66985096	95.23300000	3.05795500
0.67485096	95.23300000	3.52794000
0.67985096	95.23300000	4.54725700
0.68485096	95.23300000	4.54725700
0.68985096	95.23300000	3.52794000
0.69485096	95.23300000	3.05795500
0.69985096	95.23300000	3.14951000
0.70485096	95.29404000	3.17392500
0.70985096	95.52293000	3.17392500
0.71485096	94.40900000	3.17392500
0.71985096	92.08959000	3.17392500
0.72485096	90.97568000	3.14951000
0.72985096	91.20457000	3.05795500
0.73485096	91.26560000	3.50352500
0.73985096	91.26560000	4.43128700
0.74485096	91.26560000	4.90127200
0.74985096	91.26560000	4.90127200
0.75485096	91.26560000	4.38245800
0.75985096	91.26560000	3.27158400
0.76485096	91.26560000	3.71715500
0.76985096	91.26560000	5.66423500
0.77485096	91.26560000	6.60420600
0.77985096	91.26560000	6.51265000
0.78485096	91.26560000	5.99383500
0.78985096	91.26560000	4.97451700
0.79485096	91.26560000	4.97451700
0.79985096	91.26560000	5.99383500
0.80485096	91.32664000	6.46382000
0.80985096	91.55552000	6.37226500
0.81485096	90.44160000	6.34785000
0.81985096	88.12219000	6.34785000
0.82485096	87.00826000	6.37226500
0.82985096	87.23715000	6.46382000
0.83485096	87.29819000	5.99383500
0.83985096	87.29819000	4.97451700
0.84485096	87.29819000	4.97451700
0.84985096	87.29819000	5.99383500
0.85485096	87.29819000	6.48823500
0.85985096	87.29819000	6.48823500
0.86485096	87.29819000	6.01825000
0.86985096	87.29819000	5.09048700
0.87485096	87.29819000	4.62050200
0.87985096	87.29819000	4.62050200
0.88485096	87.29819000	5.09048700
0.88985096	87.29819000	6.01825000
0.89485096	87.35923000	6.48823500
0.89985096	87.58812000	6.48823500
0.90485096	86.41315000	5.99383500
0.90985096	83.86486000	4.97451700
0.91485096	83.92590000	4.99893200
0.91985096	86.70308000	6.10980600
0.92485096	86.76411000	6.10980600
0.92985096	84.21582000	4.99893200
0.93485096	83.04086000	4.99893200
0.93985096	83.26974000	6.10980600
0.94485096	83.33078000	6.13422100
0.94985096	83.33078000	5.11490200
0.95485096	83.33078000	4.64491700
0.95985096	83.33078000	4.73647300
0.96485096	83.33078000	4.76088700
0.96985096	83.33078000	4.76088700
0.97485096	83.33078000	4.73647300
0.97985096	83.33078000	4.64491700
0.98485096	83.33078000	5.09048700
0.98985096	83.33078000	6.01825000
0.99485096	83.33078000	6.46382000
0.99985096	83.33078000	6.37226500
1.00485096	83.39182000	6.37226500
1.00985096	83.62070000	6.46382000
1.01485096	82.50678000	6.01825000
1.01985096	80.18738000	5.09048700
1.02485096	79.07346000	4.64491700
1.02985096	79.30235000	4.73647300
1.03485096	79.36338000	4.76088700
1.03985096	79.36338000	4.76088700
1.04485096	79.36338000	4.76088700
1.04985096	79.36338000	4.76088700
1.05485096	79.36338000	4.76088700
1.05985096	79.36338000	4.76088700
1.06485096	79.36338000	4.78530200
1.06985096	79.36338000	4.87685800
1.07485096	79.36338000	4.40687300
1.07985096	79.36338000	3.38755500
1.08485096	79.36338000	3.38755500
1.08985096	79.36338000	4.40687300
1.09485096	79.36338000	4.87685800
1.09985096	79.36338000	4.78530200
1.10485096	79.36338000	4.76088700
1.10985096	79.36338000	4.76088700
1.11485096	79.42442000	4.76088700
1.11985096	79.65331000	4.76088700
1.12485096	78.53938000	4.76088700
1.12985096	76.21997000	4.76088700
1.13485096	75.04501000	4.76088700
1.13985096	75.04501000	4.76088700
1.14485096	76.28101000	4.78530200
1.14985096	78.82931000	4.87685800
1.15485096	78.82931000	4.40687300
1.15985096	76.28101000	3.38755500
1.16485096	75.10605000	3.38755500
1.16985096	75.33494000	4.40687300
1.17485096	75.39597000	4.87685800
1.17985096	75.39597000	4.78530200
1.18485096	75.39597000	4.76088700
1.18985096	75.39597000	4.76088700
1.19485096	75.39597000	4.73647300
1.19985096	75.39597000	4.64491700
1.20485096	75.39597000	5.11490200
1.20985096	75.39597000	6.13422100
1.21485096	75.39597000	6.10980600
1.21985096	75.39597000	4.99893200
1.22485096	75.39597000	4.97451700
1.22985096	75.39597000	5.99383500
1.23485096	75.45701000	6.46382000
1.23985096	75.68590000	6.37226500
1.24485096	74.57197000	6.34785000
1.24985096	72.25256000	6.34785000
1.25485096	71.13864000	6.34785000
1.25985096	71.36753000	6.34785000
1.26485096	71.42857000	6.34785000
1.26985096	71.42857000	6.34785000
1.27485096	71.42857000	6.32343500
1.27985096	71.42857000	6.23187900
1.28485096	71.42857000	6.67745000
1.28985096	71.42857000	7.60521200
1.29485096	71.42857000	8.07519700
1.29985096	71.42857000	8.07519700
1.30485096	71.42857000	7.60521200
1.30985096	71.42857000	6.67745000
1.31485096	71.48961000	6.23187900
1.31985096	71.71850000	6.32343500
1.32485096	70.60457000	6.34785000
1.32985096	68.26991000	6.34785000
1.33485096	67.09494000	6.34785000
1.33985096	67.09494000	6.34785000
1.34485096	68.33094000	6.34785000
1.34985096	70.89449000	6.34785000
1.35485096	70.89449000	6.34785000
1.35985096	68.33094000	6.34785000
1.36485096	67.15598000	6.34785000
1.36985096	67.38486000	6.34785000
1.37485096	67.44590000	6.34785000
1.37985096	67.44590000	6.34785000
1.38485096	67.44590000	6.34785000
1.38985096	67.44590000	6.34785000
1.39485096	67.44590000	6.37226500
1.39985096	67.44590000	6.46382000
1.40485096	67.50694000	5.99383500
1.40985096	67.73582000	4.97451700
1.41485096	66.56087000	4.97451700
1.41985096	64.01257000	5.99383500
1.42485096	64.07360000	6.48823500
1.42985096	66.85079000	6.48823500
1.43485096	66.85079000	5.99383500
1.43985096	64.07360000	4.97451700
1.44485096	64.01257000	4.97451700
1.44985096	66.56087000	5.99383500
1.45485096	67.73582000	6.43940500
1.45985096	67.50694000	6.25629500
1.46485096	67.50694000	6.67745000
1.46985096	67.73582000	7.60521200
1.47485096	66.62190000	8.07519700
1.47985096	64.30249000	8.07519700
1.48485096	63.18857000	7.60521200
1.48985096	63.41746000	6.67745000
1.49485096	63.47850000	6.23187900
1.49985096	63.47850000	6.32343500
1.50485096	63.47850000	6.34785000
1.50985096	63.47850000	6.34785000
1.51485096	63.47850000	6.34785000
1.51985096	63.47850000	6.34785000
1.52485096	63.47850000	6.32343500
1.52985096	63.47850000	6.23187900
1.53485096	63.47850000	6.70186400
1.53985096	63.47850000	7.72118300
1.54485096	63.47850000	7.72118300
1.54985096	63.47850000	6.70186400
1.55485096	63.47850000	6.20746500
1.55985096	63.47850000	6.20746500
1.56485096	63.47850000	6.67745000
1.56985096	63.47850000	7.60521200
1.57485096	63.53953000	8.07519700
1.57985096	63.76842000	8.07519700
1.58485096	62.59346000	7.58079800
1.58985096	60.04517000	6.56148000
1.59485096	60.10620000	6.56148000
1.59985096	62.88339000	7.58079800
1.60485096	62.94442000	8.05078300
1.60985096	60.39613000	7.95922800
1.61485096	59.22116000	7.93481200
1.61985096	59.45005000	7.93481200
1.62485096	59.51109000	7.95922800
1.62985096	59.51109000	8.05078300
1.63485096	59.51109000	7.62962700
1.63985096	59.51109000	6.79342000
1.64485096	59.51109000	5.87786500
1.64985096	59.51109000	4.95010200
1.65485096	59.51109000	4.99893200
1.65985096	59.51109000	6.10980600
1.66485096	59.51109000	6.13422100
1.66985096	59.51109000	5.11490200
1.67485096	59.51109000	4.64491700
1.67985096	59.51109000	4.73647300
1.68485096	59.51109000	4.78530200
1.68985096	59.51109000	4.87685800
1.69485096	59.57213000	4.43128700
1.69985096	59.80102000	3.50352500
1.70485096	58.62605000	3.03354000
1.70985096	56.07775000	3.03354000
1.71485096	56.07775000	3.50352500
1.71985096	58.62605000	4.43128700
1.72485096	59.86205000	4.90127200
1.72985096	59.86205000	4.90127200
1.73485096	58.68709000	4.40687300
1.73985096	56.36768000	3.38755500
1.74485096	55.25376000	3.38755500
1.74985096	55.48264000	4.40687300
1.75485096	55.54368000	4.90127200
1.75985096	55.54368000	4.90127200
1.76485096	55.54368000	4.43128700
1.76985096	55.54368000	3.50352500
1.77485096	55.54368000	3.00912500
1.77985096	55.54368000	2.91756900
1.78485096	55.54368000	3.85753900
1.78985096	55.54368000	5.80462000
1.79485095	55.54368000	6.29902000
1.79985095	55.54368000	5.37125800
1.80485095	55.54368000	3.93688800
1.80985095	55.54368000	1.98980700
1.81485095	55.54368000	1.98980700
1.81985095	55.54368000	3.93688800
1.82485095	55.54368000	5.37125800
1.82985095	55.54368000	6.29902000
1.83485095	55.54368000	5.78020600
1.83985095	55.54368000	3.74156900
1.84485095	55.54368000	3.24716900
1.84985095	55.54368000	4.26648800
1.85485095	55.54368000	5.20645800
1.85985095	55.54368000	6.04266500
1.86485095	55.60472000	6.46382000
1.86985095	55.83361000	6.37226500
1.87485095	54.65865000	6.37226500
1.87985095	52.11035000	6.46382000
1.88485095	52.17139000	6.01825000
1.88985095	54.94857000	5.09048700
1.89485095	55.00961000	4.64491700
1.89985095	52.46132000	4.73647300
1.90485095	51.28635000	4.76088700
1.90985095	51.51524000	4.76088700
1.91485095	51.57627000	4.76088700
1.91985095	51.57627000	4.76088700
1.92485095	51.57627000	4.78530200
1.92985095	51.57627000	4.87685800
1.93485095	51.57627000	4.45570200
1.93985095	51.57627000	3.61949500
1.94485095	51.57627000	2.72835500
1.94985095	51.57627000	1.89214800
1.95485095	51.57627000	1.44657700
1.95985095	51.57627000	1.44657700
1.96485095	51.57627000	1.94097700
1.96985095	51.57627000	2.96029500
1.97485095	51.57627000	2.93588100
1.97985095	51.57627000	1.82500700
1.98485095	51.57627000	1.80059200
1.98985095	51.57627000	2.81991000
1.99485095	51.63731000	3.28989500
1.99985095	51.86620000	3.19834000
2.00485095	50.69124000	3.17392500
2.00985095	48.14294000	3.17392500
2.01485095	48.20398000	3.17392500
2.01985095	50.98117000	3.17392500
2.02485095	50.98117000	3.17392500
2.02985095	48.20398000	3.17392500
2.03485095	48.20398000	3.14951000
2.03985095	50.98117000	3.05795500
2.04485095	51.04220000	3.50352500
2.04985095	48.49391000	4.43128700
2.05485095	47.31895000	4.90127200
2.05985095	47.54784000	4.90127200
2.06485095	47.60887000	4.40687300
2.06985095	47.60887000	3.38755500
2.07485095	47.60887000	3.38755500
2.07985095	47.60887000	4.40687300
2.08485095	47.60887000	4.85244300
2.08985095	47.60887000	4.66933200
2.09485095	47.60887000	5.11490200
2.09985095	47.60887000	6.13422100
2.10485095	47.60887000	6.13422100
2.10985095	47.60887000	5.11490200
2.11485095	47.60887000	4.62050200
2.11985095	47.60887000	4.62050200
2.12485095	47.60887000	5.09048700
2.12985095	47.60887000	6.01825000
2.13485095	47.60887000	6.46382000
2.13985095	47.60887000	6.37226500
2.14485095	47.60887000	6.37226500
2.14985095	47.60887000	6.46382000
2.15485095	47.60887000	5.99383500
2.15985095	47.60887000	4.97451700
2.16485095	47.60887000	4.99893200
2.16985095	47.60887000	6.10980600
2.17485095	47.66991000	6.13422100
2.17985095	47.89880000	5.11490200
2.18485095	46.72383000	4.66933200
2.18985095	44.17554000	4.85244300
2.19485095	44.17554000	4.43128700
2.19985095	46.72383000	3.50352500
2.20485095	47.95984000	3.05795500
2.20985095	47.95984000	3.14951000
2.21485095	46.72383000	3.17392500
2.21985095	44.17554000	3.17392500
2.22485095	44.17554000	3.14951000
2.22985095	46.72383000	3.05795500
2.23485095	47.95984000	3.52794000
2.23985095	47.95984000	4.54725700
2.24485095	46.78487000	4.54725700
2.24985095	44.46547000	3.52794000
2.25485095	43.35154000	3.03354000
2.25985095	43.58043000	3.03354000
2.26485095	43.64147000	3.50352500
2.26985095	43.64147000	4.43128700
2.27485095	43.64147000	4.87685800
2.27985095	43.64147000	4.78530200
2.28485095	43.64147000	4.76088700
2.28985095	43.64147000	4.76088700
2.29485095	43.64147000	4.76088700
2.29985095	43.64147000	4.76088700
2.30485095	43.64147000	4.78530200
2.30985095	43.64147000	4.87685800
2.31485095	43.64147000	4.43128700
2.31985095	43.64147000	3.50352500
2.32485095	43.64147000	3.03354000
2.32985095	43.64147000	3.03354000
2.33485095	43.64147000	3.52794000
2.33985095	43.64147000	4.54725700
2.34485095	43.64147000	4.54725700
2.34985095	43.64147000	3.52794000
2.35485095	43.64147000	3.05795500
2.35985095	43.64147000	3.14951000
2.36485095	43.64147000	3.17392500
2.36985095	43.64147000	3.17392500
2.37485095	43.64147000	3.17392500
2.37985095	43.64147000	3.17392500
2.38485095	43.70250000	3.14951000
2.38985095	43.93139000	3.05795500
2.39485095	42.81747000	3.50352500
2.39985095	40.49806000	4.43128700
2.40485095	39.38414000	4.87685800
2.40985095	39.61302000	4.78530200
2.41485095	39.67406000	4.76088700
2.41985095	39.67406000	4.76088700
2.42485095	39.67406000	4.76088700
2.42985095	39.67406000	4.76088700
2.43485095	39.67406000	4.73647300
2.43985095	39.67406000	4.64491700
2.44485095	39.67406000	5.11490200
2.44985095	39.67406000	6.13422100
2.45485095	39.67406000	6.13422100
2.45985095	39.67406000	5.11490200
2.46485095	39.67406000	4.64491700
2.46985095	39.67406000	4.73647300
2.47485095	39.67406000	4.76088700
2.47985095	39.67406000	4.76088700
2.48485095	39.67406000	4.76088700
2.48985095	39.67406000	4.76088700
2.49485095	39.67406000	4.78530200
2.49985095	39.67406000	4.87685800
2.50485095	39.67406000	4.40687300
2.50985095	39.67406000	3.38755500
2.51485095	39.67406000	3.41196900
2.51985095	39.67406000	4.52284300
2.52485095	39.67406000	4.52284300
2.52985095	39.67406000	3.41196900
2.53485095	39.67406000	3.41196900
2.53985095	39.67406000	4.52284300
2.54485095	39.67406000	4.54725700
2.54985095	39.67406000	3.52794000
2.55485095	39.67406000	3.05795500
2.55985095	39.67406000	3.14951000
2.56485095	39.67406000	3.17392500
2.56985095	39.67406000	3.17392500
2.57485095	39.67406000	3.17392500
2.57985095	39.67406000	3.17392500
2.58485095	39.67406000	3.17392500
2.58985095	39.67406000	3.17392500
2.59485095	39.67406000	3.14951000
2.59985095	39.67406000	3.05795500
2.60485095	39.67406000	3.50352500
2.60985095	39.67406000	4.43128700
2.61485095	39.73510000	4.85244300
2.61985095	39.96399000	4.66933200
2.62485095	38.78902000	5.11490200
2.62985095	36.24073000	6.13422100
2.63485095	36.30176000	6.10980600
2.63985095	39.07895000	4.99893200
2.64485095	39.07895000	4.97451700
2.64985095	36.30176000	5.99383500
2.65485095	36.30176000	6.46382000
2.65985095	39.07895000	6.37226500
2.66485095	39.13999000	6.34785000
2.66985095	36.59169000	6.34785000
2.67485095	35.41673000	6.37226500
2.67985095	35.64562000	6.46382000
2.68485095	35.70665000	6.01825000
2.68985095	35.70665000	5.09048700
2.69485095	35.70665000	4.64491700
2.69985095	35.70665000	4.73647300
2.70485095	35.70665000	4.78530200
2.70985095	35.70665000	4.87685800
2.71485095	35.70665000	4.43128700
2.71985095	35.70665000	3.50352500
2.72485095	35.70665000	3.05795500
2.72985095	35.70665000	3.14951000
2.73485095	35.70665000	3.19834000
2.73985095	35.70665000	3.28989500
2.74485095	35.70665000	2.81991000
2.74985095	35.70665000	1.80059200
2.75485095	35.70665000	1.80059200
2.75985095	35.70665000	2.81991000
2.76485095	35.70665000	3.31431000
2.76985095	35.70665000	3.31431000
2.77485095	35.70665000	2.81991000
2.77985095	35.70665000	1.80059200
2.78485095	35.70665000	1.82500700
2.78985095	35.70665000	2.93588100
2.79485095	35.70665000	2.96029500
2.79985095	35.70665000	1.94097700
2.80485095	35.76769000	1.44657700
2.80985095	35.99658000	1.44657700
2.81485095	34.82162000	1.94097700
2.81985095	32.27332000	2.96029500
2.82485095	32.27332000	2.93588100
2.82985095	34.82162000	1.82500700
2.83485095	36.05762000	1.82500700
2.83985095	36.05762000	2.93588100
2.84485095	34.82162000	2.93588100
2.84985095	32.27332000	1.82500700
2.85485095	32.33436000	1.80059200
2.85985095	35.11155000	2.81991000
2.86485095	35.17258000	3.31431000
2.86985095	32.62428000	3.31431000
2.87485095	31.44932000	2.81991000
2.87985095	31.67821000	1.80059200
2.88485095	31.73925000	1.80059200
2.88985095	31.73925000	2.81991000
2.89485095	31.73925000	3.28989500
2.89985095	31.73925000	3.19834000
2.90485095	31.73925000	3.14951000
2.90985095	31.73925000	3.05795500
2.91485095	31.73925000	3.52794000
2.91985095	31.73925000	4.54725700
2.92485095	31.73925000	4.54725700
2.92985095	31.73925000	3.52794000
2.93485095	31.73925000	3.05795500
2.93985095	31.73925000	3.14951000
2.94485095	31.73925000	3.17392500
2.94985095	31.73925000	3.17392500
2.95485095	31.73925000	3.17392500
2.95985095	31.73925000	3.17392500
2.96485095	31.73925000	3.17392500
2.96985095	31.73925000	3.17392500
2.97485095	31.73925000	3.19834000
2.97985095	31.73925000	3.28989500
2.98485095	31.73925000	2.84432500
2.98985095	31.73925000	1.91656200
2.99485095	31.73925000	1.44657700
2.99985095	31.73925000	1.44657700
3.00485095	31.73925000	1.91656200
3.00985095	31.73925000	2.84432500
3.01485095	31.73925000	3.28989500
3.01985095	31.73925000	3.19834000
3.02485095	31.73925000	3.17392500
3.02985095	31.73925000	3.17392500
3.03485095	31.73925000	3.17392500
3.03985095	31.73925000	3.17392500
3.04485095	31.73925000	3.17392500
3.04985095	31.73925000	3.17392500
3.05485095	31.73925000	3.17392500
3.05985095	31.73925000	3.17392500
3.06485095	31.73925000	3.17392500
3.06985095	31.73925000	3.17392500
3.07485095	31.73925000	3.17392500
3.07985095	31.73925000	3.17392500
3.08485095	31.73925000	3.19834000
3.08985095	31.73925000	3.28989500
3.09485095	31.73925000	2.81991000
3.09985095	31.73925000	1.80059200
3.10485095	31.73925000	1.80059200
3.10985095	31.73925000	2.81991000
3.11485095	31.73925000	3.28989500
3.11985095	31.73925000	3.19834000
3.12485095	31.73925000	3.19834000
3.12985095	31.73925000	3.28989500
3.13485095	31.73925000	2.81991000
3.13985095	31.73925000	1.80059200
3.14485095	31.80028000	1.80059200
3.14985095	32.02917000	2.81991000
3.15485095	30.91525000	3.28989500
3.15985095	28.59584000	3.19834000
3.16485095	27.42088000	3.17392500
3.16985095	27.42088000	3.17392500
3.17485095	28.59584000	3.17392500
3.17985095	30.91525000	3.17392500
3.18485095	32.09021000	3.17392500
3.18985095	32.09021000	3.17392500
3.19485095	30.91525000	3.14951000
3.19985095	28.59584000	3.05795500
3.20485095	27.48192000	3.50352500
3.20985095	27.71080000	4.43128700
3.21485095	27.77184000	4.87685800
3.21985095	27.77184000	4.78530200
3.22485095	27.77184000	4.76088700
3.22985095	27.77184000	4.76088700
3.23485095	27.77184000	4.73647300
3.23985095	27.77184000	4.64491700
3.24485095	27.77184000	5.09048700
3.24985095	27.77184000	6.01825000
3.25485095	27.77184000	6.46382000
3.25985095	27.77184000	6.37226500
3.26485095	27.77184000	6.37226500
3.26985095	27.77184000	6.46382000
3.27485095	27.77184000	5.99383500
3.27985095	27.77184000	4.97451700
3.28485095	27.77184000	4.97451700
3.28985095	27.77184000	5.99383500
3.29485095	27.77184000	6.46382000
3.29985095	27.77184000	6.37226500
3.30485095	27.77184000	6.37226500
3.30985095	27.77184000	6.46382000
3.31485095	27.77184000	6.01825000
3.31985095	27.77184000	5.09048700
3.32485095	27.77184000	4.66933200
3.32985095	27.77184000	4.85244300
3.33485095	27.77184000	4.43128700
3.33985095	27.77184000	3.50352500
3.34485095	27.77184000	3.03354000
3.34985095	27.77184000	3.03354000
3.35485095	27.77184000	3.52794000
3.35985095	27.77184000	4.54725700
3.36485095	27.77184000	4.54725700
3.36985095	27.77184000	3.52794000
3.37485095	27.77184000	3.05795500
3.37985095	27.77184000	3.14951000
3.38485095	27.83288000	3.17392500
3.38985095	28.06177000	3.17392500
3.39485095	26.88680000	3.17392500
3.39985095	24.33851000	3.17392500
3.40485095	24.33851000	3.14951000
3.40985095	26.88680000	3.05795500
3.41485095	28.06177000	3.50352500
3.41985095	27.83288000	4.43128700
3.42485095	27.83288000	4.87685800
3.42985095	28.06177000	4.78530200
3.43485095	26.94784000	4.78530200
3.43985094	24.62844000	4.87685800
3.44485094	23.51451000	4.40687300
3.44985094	23.74340000	3.38755500
3.45485094	23.80444000	3.41196900
3.45985094	23.80444000	4.52284300
3.46485094	23.80444000	4.49842800
3.46985094	23.80444000	3.29599900
3.47485094	23.80444000	3.74156900
3.47985094	23.80444000	5.78020600
3.48485094	23.80444000	6.25019100
3.48985094	23.80444000	5.13931700
3.49485094	23.74340000	4.64491700
3.49985094	23.51451000	4.73647300
3.50485094	24.68947000	4.76088700
3.50985094	27.23777000	4.76088700
3.51485094	27.23777000	4.73647300
3.51985094	24.68947000	4.64491700
3.52485094	23.51451000	5.09048700
3.52985094	23.74340000	6.01825000
3.53485094	23.80444000	6.46382000
3.53985094	23.80444000	6.37226500
3.54485094	23.80444000	6.37226500
3.54985094	23.80444000	6.46382000
3.55485094	23.80444000	5.99383500
3.55985094	23.80444000	4.97451700
3.56485094	23.80444000	4.99893200
3.56985094	23.80444000	6.10980600
3.57485094	23.80444000	6.13422100
3.57985094	23.80444000	5.11490200
3.58485094	23.80444000	4.62050200
3.58985094	23.80444000	4.62050200
3.59485094	23.80444000	5.09048700
3.59985094	23.80444000	6.01825000
3.60485094	23.80444000	6.46382000
3.60985094	23.80444000	6.37226500
3.61485094	23.80444000	6.37226500
3.61985094	23.80444000	6.46382000
3.62485094	23.80444000	5.99383500
3.62985094	23.80444000	4.97451700
3.63485094	23.80444000	4.97451700
3.63985094	23.80444000	5.99383500
3.64485094	23.80444000	6.48823500
3.64985094	23.80444000	6.48823500
3.65485094	23.80444000	5.99383500
3.65985094	23.80444000	4.97451700
3.66485094	23.80444000	4.99893200
3.66985094	23.80444000	6.10980600
3.67485094	23.80444000	6.13422100
3.67985094	23.80444000	5.11490200
3.68485094	23.80444000	4.62050200
3.68985094	23.80444000	4.62050200
3.69485094	23.80444000	5.11490200
3.69985094	23.80444000	6.13422100
3.70485094	23.80444000	6.13422100
3.70985094	23.80444000	5.11490200
3.71485094	23.80444000	4.64491700
3.71985094	23.80444000	4.73647300
3.72485094	23.80444000	4.78530200
3.72985094	23.80444000	4.87685800
3.73485094	23.80444000	4.40687300
3.73985094	23.80444000	3.38755500
3.74485094	23.80444000	3.38755500
3.74985094	23.80444000	4.40687300
3.75485094	23.80444000	4.90127200
3.75985094	23.80444000	4.90127200
3.76485094	23.80444000	4.40687300
3.76985094	23.80444000	3.38755500
3.77485094	23.80444000	3.41196900
3.77985094	23.80444000	4.52284300
3.78485094	23.80444000	4.54725700
3.78985094	23.80444000	3.52794000
3.79485094	23.80444000	3.03354000
3.79985094	23.80444000	3.03354000
3.80485094	23.80444000	3.50352500
3.80985094	23.80444000	4.43128700
3.81485094	23.80444000	4.87685800
3.81985094	23.80444000	4.78530200
3.82485094	23.86547000	4.76088700
3.82985094	24.09436000	4.76088700
3.83485094	22.98043000	4.73647300
3.83985094	20.66103000	4.64491700
3.84485094	19.48607000	5.09048700
3.84985094	19.48607000	6.01825000
3.85485094	20.72207000	6.46382000
3.85985094	23.27036000	6.37226500
3.86485094	23.27036000	6.34785000
3.86985094	20.72207000	6.34785000
3.87485094	19.54710000	6.34785000
3.87985094	19.77599000	6.34785000
3.88485094	19.77599000	6.34785000
3.88985094	19.54710000	6.34785000
3.89485094	20.72207000	6.37226500
3.89985094	23.27036000	6.46382000
3.90485094	23.27036000	6.01825000
3.90985094	20.72207000	5.09048700
3.91485094	19.54710000	4.64491700
3.91985094	19.77599000	4.73647300
3.92485094	19.83703000	4.76088700
3.92985094	19.83703000	4.76088700
3.93485094	19.83703000	4.78530200
3.93985094	19.83703000	4.87685800
3.94485094	19.83703000	4.43128700
3.94985094	19.83703000	3.50352500
3.95485094	19.83703000	3.05795500
3.95985094	19.83703000	3.14951000
3.96485094	19.83703000	3.17392500
3.96985094	19.83703000	3.17392500
3.97485094	19.83703000	3.17392500
3.97985094	19.83703000	3.17392500
3.98485094	19.83703000	3.17392500
3.98985094	19.83703000	3.17392500
3.99485094	19.83703000	3.17392500
3.99985094	19.83703000	3.17392500
4.00485094	19.83703000	3.17392500
4.00985094	19.83703000	3.17392500
4.01485094	19.83703000	3.19834000
4.01985094	19.83703000	3.28989500
4.02485094	19.83703000	2.84432500
4.02985094	19.83703000	1.91656200
4.03485094	19.83703000	1.47099200
4.03985094	19.83703000	1.56254800
4.04485094	19.83703000	1.56254800
4.04985094	19.83703000	1.47099200
4.05485094	19.83703000	1.94097700
4.05985094	19.83703000	2.96029500
4.06485094	19.83703000	2.93588100
4.06985094	19.83703000	1.82500700
4.07485094	19.83703000	1.80059200
4.07985094	19.83703000	2.81991000
4.08485094	19.83703000	3.31431000
4.08985094	19.83703000	3.31431000
4.09485094	19.83703000	2.79549500
4.09985094	19.83703000	1.68462200
4.10485094	19.83703000	2.13019200
4.10985094	19.83703000	4.07727300
4.11485094	19.83703000	4.99282800
4.11985094	19.83703000	4.80971700
4.12485094	19.83703000	4.78530200
4.12985094	19.83703000	4.87685800
4.13485094	19.83703000	4.40687300
4.13985094	19.83703000	3.38755500
4.14485094	19.83703000	3.41196900
4.14985094	19.83703000	4.52284300
4.15485094	19.83703000	4.52284300
4.15985094	19.83703000	3.41196900
4.16485094	19.83703000	3.38755500
4.16985094	19.83703000	4.40687300
4.17485094	19.83703000	4.87685800
4.17985094	19.83703000	4.78530200
4.18485094	19.83703000	4.78530200
4.18985094	19.83703000	4.87685800
4.19485094	19.83703000	4.43128700
4.19985094	19.83703000	3.50352500
4.20485094	19.83703000	3.05795500
4.20985094	19.83703000	3.14951000
4.21485094	19.83703000	3.17392500
4.21985094	19.83703000	3.17392500
4.22485094	19.83703000	3.17392500
4.22985094	19.83703000	3.17392500
4.23485094	19.83703000	3.17392500
4.23985094	19.83703000	3.17392500
4.24485094	19.89807000	3.17392500
4.24985094	20.12696000	3.17392500
4.25485094	19.01303000	3.17392500
4.25985094	16.69362000	3.17392500
4.26485094	15.51866000	3.17392500
4.26985094	15.51866000	3.17392500
4.27485094	16.75466000	3.17392500
4.27985094	19.30296000	3.17392500
4.28485094	19.24192000	3.17392500
4.28985094	16.46474000	3.17392500
4.29485094	16.40370000	3.17392500
4.29985094	18.95199000	3.17392500
4.30485094	20.18799000	3.17392500
4.30985094	20.18799000	3.17392500
4.31485094	19.01303000	3.17392500
4.31985094	16.69362000	3.17392500
4.32485094	15.57970000	3.19834000
4.32985094	15.80859000	3.28989500
4.33485094	15.86962000	2.81991000
4.33985094	15.86962000	1.80059200
4.34485094	15.86962000	1.82500700
4.34985094	15.86962000	2.93588100
4.35485094	15.86962000	2.93588100
4.35985094	15.86962000	1.82500700
4.36485094	15.86962000	1.80059200
4.36985094	15.86962000	2.81991000
4.37485094	15.86962000	3.31431000
4.37985094	15.86962000	3.31431000
4.38485094	15.86962000	2.84432500
4.38985094	15.86962000	1.91656200
4.39485094	15.86962000	1.44657700
4.39985094	15.86962000	1.44657700
4.40485094	15.86962000	1.89214800
4.40985094	15.86962000	2.72835500
4.41485094	15.86962000	3.61949500
4.41985094	15.86962000	4.45570200
4.42485094	15.86962000	4.90127200
4.42985094	15.86962000	4.90127200
4.43485094	15.86962000	4.40687300
4.43985094	15.86962000	3.38755500
4.44485094	15.80859000	3.38755500
4.44985094	15.57970000	4.40687300
4.45485094	16.75466000	4.87685800
4.45985094	19.30296000	4.78530200
4.46485094	19.30296000	4.76088700
4.46985094	16.75466000	4.76088700
4.47485094	15.57970000	4.78530200
4.47985094	15.80859000	4.87685800
4.48485094	15.86962000	4.40687300
4.48985094	15.86962000	3.38755500
4.49485094	15.86962000	3.41196900
4.49985094	15.86962000	4.52284300
4.50485094	15.86962000	4.52284300
4.50985094	15.86962000	3.41196900
4.51485094	15.86962000	3.38755500
4.51985094	15.86962000	4.40687300
4.52485094	15.86962000	4.90127200
4.52985094	15.86962000	4.90127200
4.53485094	15.86962000	4.40687300
4.53985094	15.86962000	3.38755500
4.54485094	15.86962000	3.41196900
4.54985094	15.86962000	4.52284300
4.55485094	15.86962000	4.52284300
4.55985094	15.86962000	3.41196900
4.56485094	15.86962000	3.41196900
4.56985094	15.86962000	4.52284300
4.57485094	15.86962000	4.54725700
4.57985094	15.86962000	3.52794000
4.58485094	15.86962000	3.08237000
4.58985094	15.86962000	3.26548100
4.59485094	15.86962000	2.84432500
4.59985094	15.86962000	1.91656200
4.60485094	15.86962000	1.47099200
4.60985094	15.86962000	1.56254800
4.61485094	15.86962000	1.58696200
4.61985094	15.86962000	1.58696200
4.62485094	15.86962000	1.58696200
4.62985094	15.86962000	1.58696200
4.63485094	15.86962000	1.56254800
4.63985094	15.86962000	1.47099200
4.64485094	15.86962000	1.91656200
4.64985094	15.86962000	2.84432500
4.65485094	15.86962000	3.26548100
4.65985094	15.86962000	3.08237000
4.66485094	15.86962000	3.50352500
4.66985094	15.86962000	4.43128700
4.67485094	15.86962000	4.87685800
4.67985094	15.86962000	4.78530200
4.68485094	15.86962000	4.78530200
4.68985094	15.86962000	4.87685800
4.69485094	15.86962000	4.43128700
4.69985094	15.86962000	3.50352500
4.70485094	15.86962000	3.03354000
4.70985094	15.86962000	3.03354000
4.71485094	15.86962000	3.52794000
4.71985094	15.86962000	4.54725700
4.72485094	15.86962000	4.52284300
4.72985094	15.86962000	3.41196900
4.73485094	15.86962000	3.41196900
4.73985094	15.86962000	4.52284300
4.74485094	15.86962000	4.52284300
4.74985094	15.86962000	3.41196900
4.75485094	15.86962000	3.38755500
4.75985094	15.86962000	4.40687300
4.76485094	15.86962000	4.92568700
4.76985094	15.86962000	5.01724300
4.77485094	15.86962000	4.07727300
4.77985094	15.86962000	2.13019200
4.78485094	15.86962000	1.68462200
4.78985094	15.86962000	2.79549500
4.79485094	15.86962000	3.28989500
4.79985094	15.86962000	3.19834000
4.80485094	15.86962000	3.19834000
4.80985094	15.86962000	3.28989500
4.81485094	15.86962000	2.81991000
4.81985094	15.86962000	1.80059200
4.82485094	15.86962000	1.82500700
4.82985094	15.86962000	2.93588100
4.83485094	15.86962000	2.93588100
4.83985094	15.86962000	1.82500700
4.84485094	15.86962000	1.80059200
4.84985094	15.86962000	2.81991000
4.85485094	15.86962000	3.31431000
4.85985094	15.86962000	3.31431000
4.86485094	15.86962000	2.81991000
4.86985094	15.86962000	1.80059200
4.87485094	15.86962000	1.77617700
4.87985094	15.86962000	2.70394000
4.88485094	15.86962000	3.66832500
4.88985094	15.86962000	4.68764300
4.89485094	15.86962000	4.19324400
4.89985094	15.86962000	2.15460700
4.90485094	15.86962000	1.68462200
4.90985094	15.86962000	2.79549500
4.91485094	15.86962000	3.28989500
4.91985094	15.86962000	3.19834000
4.92485094	15.86962000	3.17392500
4.92985094	15.86962000	3.17392500
4.93485094	15.86962000	3.14951000
4.93985094	15.86962000	3.05795500
4.94485094	15.86962000	3.52794000
4.94985094	15.86962000	4.54725700
4.95485094	15.86962000	4.54725700
4.95985094	15.86962000	3.52794000
4.96485094	15.86962000	3.05795500
4.96985094	15.86962000	3.14951000
4.97485094	15.86962000	3.17392500
4.97985094	15.86962000	3.17392500
4.98485094	15.86962000	3.19834000
4.98985094	15.86962000	3.28989500
4.99485094	15.86962000	2.81991000
4.99985094	15.86962000	1.80059200
5.00485094	15.86962000	1.80059200
5.00985094	15.86962000	2.81991000
5.01485094	15.93066000	3.28989500
5.01985094	16.15955000	3.19834000
5.02485094	15.04562000	3.14951000
5.02985094	12.72622000	3.05795500
5.03485094	11.55125000	3.50352500
5.03985094	11.55125000	4.43128700
5.04485094	12.72622000	4.90127200
5.04985094	15.04562000	4.90127200
5.05485094	16.15955000	4.40687300
5.05985094	15.93066000	3.38755500
5.06485094	15.93066000	3.41196900
5.06985094	16.15955000	4.52284300
5.07485094	15.04562000	4.52284300
5.07985094	12.72622000	3.41196900
5.08485093	11.61229000	3.38755500
5.08985093	11.84118000	4.40687300
5.09485093	11.84118000	4.90127200
5.09985093	11.61229000	4.90127200
5.10485093	12.72622000	4.43128700
5.10985093	15.04562000	3.50352500
5.11485093	16.22059000	3.03354000
5.11985093	16.22059000	3.03354000
5.12485093	15.04562000	3.50352500
5.12985093	12.72622000	4.43128700
5.13485093	11.61229000	4.87685800
5.13985093	11.84118000	4.78530200
5.14485093	11.84118000	4.76088700
5.14985093	11.61229000	4.76088700
5.15485093	12.78725000	4.76088700
5.15985093	15.33555000	4.76088700
5.16485093	15.33555000	4.78530200
5.16985093	12.78725000	4.87685800
5.17485093	11.61229000	4.40687300
5.17985093	11.84118000	3.38755500
5.18485093	11.90222000	3.41196900
5.18985093	11.90222000	4.52284300
5.19485093	11.90222000	4.54725700
5.19985093	11.90222000	3.52794000
5.20485093	11.90222000	3.03354000
5.20985093	11.90222000	3.03354000
5.21485093	11.90222000	3.52794000
5.21985093	11.90222000	4.54725700
5.22485093	11.90222000	4.54725700
5.22985093	11.90222000	3.52794000
5.23485093	11.90222000	3.00912500
5.23985093	11.90222000	2.91756900
5.24485093	11.90222000	3.85753900
5.24985093	11.90222000	5.80462000
5.25485093	11.90222000	6.27460500
5.25985093	11.90222000	5.25528700
5.26485093	11.90222000	4.26648800
5.26985093	11.90222000	3.24716900
5.27485093	11.90222000	3.69274000
5.27985093	11.90222000	5.54826500
5.28485093	11.90222000	6.93380500
5.28985093	11.90222000	7.77001200
5.29485093	11.90222000	7.74559700
5.29985093	11.90222000	6.81783500
5.30485093	11.90222000	5.87786500
5.30985093	11.90222000	4.95010200
5.31485093	11.90222000	4.99893200
5.31985093	11.90222000	6.10980600
5.32485093	11.90222000	6.13422100
5.32985093	11.90222000	5.11490200
5.33485093	11.90222000	4.64491700
5.33985093	11.90222000	4.73647300
5.34485093	11.90222000	4.76088700
5.34985093	11.90222000	4.76088700
5.35485093	11.90222000	4.76088700
5.35985093	11.90222000	4.76088700
5.36485093	11.90222000	4.78530200
5.36985093	11.90222000	4.87685800
5.37485093	11.90222000	4.43128700
5.37985093	11.90222000	3.50352500
5.38485093	11.90222000	3.05795500
5.38985093	11.90222000	3.14951000
5.39485093	11.90222000	3.17392500
5.39985093	11.90222000	3.17392500
5.40485093	11.90222000	3.17392500
5.40985093	11.90222000	3.17392500
5.41485093	11.90222000	3.19834000
5.41985093	11.90222000	3.28989500
5.42485093	11.90222000	2.84432500
5.42985093	11.90222000	1.91656200
5.43485093	11.90222000	1.47099200
5.43985093	11.90222000	1.56254800
5.44485093	11.90222000	1.58696200
5.44985093	11.90222000	1.58696200
5.45485093	11.90222000	1.58696200
5.45985093	11.90222000	1.58696200
5.46485093	11.90222000	1.56254800
5.46985093	11.90222000	1.47099200
5.47485093	11.90222000	1.91656200
5.47985093	11.90222000	2.84432500
5.48485093	11.90222000	3.28989500
5.48985093	11.90222000	3.19834000
5.49485093	11.90222000	3.17392500
5.49985093	11.90222000	3.17392500
5.50485093	11.90222000	3.17392500
5.50985093	11.90222000	3.17392500
5.51485093	11.90222000	3.17392500
5.51985093	11.90222000	3.17392500
5.52485093	11.90222000	3.14951000
5.52985093	11.90222000	3.05795500
5.53485093	11.90222000	3.52794000
5.53985093	11.90222000	4.54725700
5.54485093	11.90222000	4.54725700
5.54985093	11.90222000	3.52794000
5.55485093	11.90222000	3.03354000
5.55985093	11.90222000	3.03354000
5.56485093	11.90222000	3.52794000
5.56985093	11.90222000	4.54725700
5.57485093	11.90222000	4.54725700
5.57985093	11.90222000	3.52794000
5.58485093	11.90222000	3.05795500
5.58985093	11.90222000	3.14951000
5.59485093	11.90222000	3.17392500
5.59985093	11.90222000	3.17392500
5.60485093	11.90222000	3.17392500
5.60985093	11.90222000	3.17392500
5.61485093	11.90222000	3.14951000
5.61985093	11.90222000	3.05795500
5.62485093	11.90222000	3.52794000
5.62985093	11.90222000	4.54725700
5.63485093	11.90222000	4.54725700
5.63985093	11.90222000	3.52794000
5.64485093	11.90222000	3.05795500
5.64985093	11.90222000	3.14951000
5.65485093	11.90222000	3.17392500
5.65985093	11.90222000	3.17392500
5.66485093	11.90222000	3.17392500
5.66985093	11.90222000	3.17392500
5.67485093	11.90222000	3.17392500
5.67985093	11.90222000	3.17392500
5.68485093	11.90222000	3.17392500
5.68985093	11.90222000	3.17392500
5.69485093	11.90222000	3.17392500
5.69985093	11.90222000	3.17392500
5.70485093	11.90222000	3.17392500
5.70985093	11.90222000	3.17392500
5.71485093	11.90222000	3.19834000
5.71985093	11.90222000	3.28989500
5.72485093	11.90222000	2.79549500
5.72985093	11.90222000	1.68462200
5.73485093	11.90222000	2.15460700
5.73985093	11.90222000	4.19324400
5.74485093	11.96325000	4.63881300
5.74985093	12.19214000	3.43638400
5.75485093	11.01718000	3.38755500
5.75985093	8.46888600	4.40687300
5.76485093	8.46888600	4.87685800
5.76985093	11.01718000	4.78530200
5.77485093	12.25318000	4.78530200
5.77985093	12.25318000	4.87685800
5.78485093	11.01718000	4.40687300
5.78985093	8.46888600	3.38755500
5.79485093	8.46888600	3.41196900
5.79985093	11.01718000	4.52284300
5.80485093	12.19214000	4.54725700
5.80985093	11.96325000	3.52794000
5.81485093	11.90222000	3.05795500
5.81985093	11.90222000	3.14951000
5.82485093	11.90222000	3.19834000
5.82985093	11.90222000	3.28989500
5.83485093	11.90222000	2.81991000
5.83985093	11.90222000	1.80059200
5.84485093	11.96325000	1.80059200
5.84985093	12.19214000	2.81991000
5.85485093	11.01718000	3.28989500
5.85985093	8.46888600	3.19834000
5.86485093	8.52992300	3.17392500
5.86985093	11.30711000	3.17392500
5.87485093	11.30711000	3.17392500
5.87985093	8.52992300	3.17392500
5.88485093	8.46888600	3.19834000
5.88985093	11.01718000	3.28989500
5.89485093	12.19214000	2.84432500
5.89985093	11.96325000	1.91656200
5.90485093	11.90222000	1.47099200
5.90985093	11.90222000	1.56254800
5.91485093	11.96325000	1.56254800
5.91985093	12.19214000	1.47099200
5.92485093	11.07822000	1.94097700
5.92985093	8.75881200	2.96029500
5.93485093	7.64488600	2.93588100
5.93985093	7.87377500	1.82500700
5.94485093	7.87377500	1.82500700
5.94985093	7.64488600	2.93588100
5.95485093	8.75881200	2.96029500
5.95985093	11.07822000	1.94097700
5.96485093	12.25318000	1.47099200
5.96985093	12.25318000	1.56254800
5.97485093	11.01718000	1.58696200
5.97985093	8.46888600	1.58696200
5.98485093	8.46888600	1.58696200
5.98985093	11.01718000	1.58696200
5.99485093	12.25318000	1.56254800
5.99985093	12.25318000	1.47099200
6.00485093	11.01718000	1.94097700
6.00985093	8.46888600	2.96029500
6.01485093	8.46888600	2.96029500
6.01985093	11.01718000	1.94097700
6.02485093	12.25318000	1.44657700
6.02985093	12.25318000	1.44657700
6.03485093	11.01718000	1.91656200
6.03985093	8.46888600	2.84432500
6.04485093	8.46888600	3.28989500
6.04985093	11.01718000	3.19834000
6.05485093	12.19214000	3.17392500
6.05985093	11.96325000	3.17392500
6.06485093	11.96325000	3.17392500
6.06985093	12.19214000	3.17392500
6.07485093	11.01718000	3.17392500
6.07985093	8.46888600	3.17392500
6.08485093	8.46888600	3.14951000
6.08985093	11.01718000	3.05795500
6.09485093	12.19214000	3.52794000
6.09985093	11.96325000	4.54725700
6.10485093	11.90222000	4.54725700
6.10985093	11.90222000	3.52794000
6.11485093	11.96325000	3.05795500
6.11985093	12.19214000	3.14951000
6.12485093	11.01718000	3.14951000
6.12985093	8.46888600	3.05795500
6.13485093	8.52992300	3.52794000
6.13985093	11.30711000	4.54725700
6.14485093	11.30711000	4.54725700
6.14985093	8.52992300	3.52794000
6.15485093	8.46888600	3.05795500
6.15985093	11.01718000	3.14951000
6.16485093	12.25318000	3.17392500
6.16985093	12.25318000	3.17392500
6.17485093	11.01718000	3.17392500
6.17985093	8.46888600	3.17392500
6.18485093	8.52992300	3.17392500
6.18985093	11.30711000	3.17392500
6.19485093	11.36814000	3.17392500
6.19985093	8.81984900	3.17392500
6.20485093	7.64488600	3.17392500
6.20985093	7.87377500	3.17392500
6.21485093	7.93481200	3.19834000
6.21985093	7.93481200	3.28989500
6.22485093	7.93481200	2.84432500
6.22985093	7.93481200	1.91656200
6.23485093	7.87377500	1.47099200
6.23985093	7.64488600	1.56254800
6.24485093	8.75881200	1.58696200
6.24985093	11.07822000	1.58696200
6.25485093	12.25318000	1.58696200
6.25985093	12.25318000	1.58696200
6.26485093	11.01718000	1.56254800
6.26985093	8.46888600	1.47099200
6.27485093	8.52992300	1.91656200
6.27985093	11.30711000	2.84432500
6.28485093	11.36814000	3.28989500
6.28985093	8.81984900	3.19834000
6.29485093	7.64488600	3.17392500
6.29985093	7.87377500	3.17392500
6.30485093	7.87377500	3.14951000
6.30985093	7.64488600	3.05795500
6.31485093	8.75881200	3.52794000
6.31985093	11.07822000	4.54725700
6.32485093	12.25318000	4.54725700
6.32985093	12.25318000	3.52794000
6.33485093	11.07822000	3.03354000
6.33985093	8.75881200	3.03354000
6.34485093	7.64488600	3.50352500
6.34985093	7.87377500	4.43128700
6.35485093	7.93481200	4.87685800
6.35985093	7.93481200	4.78530200
6.36485093	7.93481200	4.76088700
6.36985093	7.93481200	4.76088700
6.37485093	7.93481200	4.78530200
6.37985093	7.93481200	4.87685800
6.38485093	7.93481200	4.43128700
6.38985093	7.93481200	3.50352500
6.39485093	7.93481200	3.05795500
6.39985093	7.93481200	3.14951000
6.40485093	7.93481200	3.17392500
6.40985093	7.93481200	3.17392500
6.41485093	7.87377500	3.19834000
6.41985093	7.64488600	3.28989500
6.42485093	8.81984900	2.81991000
6.42985093	11.36814000	1.80059200
6.43485093	11.36814000	1.82500700
6.43985093	8.81984900	2.93588100
6.44485093	7.64488600	2.96029500
6.44985093	7.87377500	1.94097700
6.45485093	7.87377500	1.47099200
6.45985093	7.64488600	1.56254800
6.46485093	8.81984900	1.56254800
6.46985093	11.36814000	1.47099200
6.47485093	11.36814000	1.94097700
6.47985093	8.81984900	2.96029500
6.48485093	7.64488600	2.93588100
6.48985093	7.87377500	1.82500700
6.49485093	7.93481200	1.80059200
6.49985093	7.93481200	2.81991000
6.50485093	7.93481200	3.31431000
6.50985093	7.93481200	3.31431000
6.51485093	7.93481200	2.81991000
6.51985093	7.93481200	1.80059200
6.52485093	7.93481200	1.80059200
6.52985093	7.93481200	2.81991000
6.53485093	7.93481200	3.28989500
6.53985093	7.93481200	3.19834000
6.54485093	7.87377500	3.14951000
6.54985093	7.64488600	3.05795500
6.55485093	8.81984900	3.52794000
6.55985093	11.36814000	4.54725700
6.56485093	11.36814000	4.52284300
6.56985093	8.81984900	3.41196900
6.57485093	7.64488600	3.38755500
6.57985093	7.87377500	4.40687300
6.58485093	7.93481200	4.87685800
6.58985093	7.93481200	4.78530200
6.59485093	7.93481200	4.76088700
6.59985093	7.93481200	4.76088700
6.60485093	7.93481200	4.76088700
6.60985093	7.93481200	4.76088700
6.61485093	7.93481200	4.73647300
6.61985093	7.93481200	4.64491700
6.62485093	7.93481200	5.11490200
6.62985093	7.93481200	6.13422100
6.63485093	7.93481200	6.10980600
6.63985093	7.93481200	4.99893200
6.64485093	7.93481200	4.99893200
6.64985093	7.93481200	6.10980600
6.65485093	7.93481200	6.13422100
6.65985093	7.93481200	5.11490200
6.66485093	7.93481200	4.64491700
6.66985093	7.93481200	4.73647300
6.67485093	7.93481200	4.76088700
6.67985093	7.93481200	4.76088700
6.68485093	7.93481200	4.78530200
6.68985093	7.93481200	4.87685800
6.69485093	7.93481200	4.40687300
6.69985093	7.93481200	3.38755500
6.70485093	7.93481200	3.38755500
6.70985093	7.93481200	4.40687300
6.71485093	7.93481200	4.90127200
6.71985093	7.93481200	4.90127200
6.72485093	7.93481200	4.43128700
6.72985092	7.93481200	3.50352500
6.73485092	7.93481200	3.05795500
6.73985092	7.93481200	3.14951000
6.74485092	7.93481200	3.17392500
6.74985092	7.93481200	3.17392500
6.75485092	7.93481200	3.17392500
6.75985092	7.93481200	3.17392500
6.76485092	7.93481200	3.17392500
6.76985092	7.93481200	3.17392500
6.77485092	7.93481200	3.17392500
6.77985092	7.93481200	3.17392500
6.78485092	7.93481200	3.17392500
6.78985092	7.93481200	3.17392500
6.79485092	7.93481200	3.17392500
6.79985092	7.93481200	3.17392500
6.80485092	7.93481200	3.19834000
6.80985092	7.93481200	3.28989500
6.81485092	7.93481200	2.84432500
6.81985092	7.93481200	1.91656200
6.82485092	7.93481200	1.44657700
6.82985092	7.93481200	1.44657700
6.83485092	7.93481200	1.94097700
6.83985092	7.93481200	2.96029500
6.84485092	7.93481200	2.96029500
6.84985092	7.93481200	1.94097700
6.85485092	7.93481200	1.47099200
6.85985092	7.93481200	1.56254800
6.86485092	7.93481200	1.58696200
6.86985092	7.93481200	1.58696200
6.87485092	7.93481200	1.58696200
6.87985092	7.93481200	1.58696200
6.88485092	7.93481200	1.58696200
6.88985092	7.93481200	1.58696200
6.89485092	7.93481200	1.58696200
6.89985092	7.93481200	1.58696200
6.90485092	7.93481200	1.56254800
6.90985092	7.93481200	1.47099200
6.91485092	7.93481200	1.94097700
6.91985092	7.93481200	2.96029500
6.92485092	7.93481200	2.93588100
6.92985092	7.93481200	1.82500700
6.93485092	7.93481200	1.80059200
6.93985092	7.93481200	2.81991000
6.94485092	7.93481200	3.26548100
6.94985092	7.93481200	3.08237000
6.95485092	7.93481200	3.52794000
6.95985092	7.93481200	4.54725700
6.96485092	7.93481200	4.52284300
6.96985092	7.93481200	3.41196900
6.97485092	7.93481200	3.41196900
6.97985092	7.93481200	4.52284300
6.98485092	7.93481200	4.54725700
6.98985092	7.93481200	3.52794000
6.99485092	7.93481200	3.08237000
6.99985092	7.93481200	3.26548100
7.00485092	7.93481200	2.81991000
7.00985092	7.93481200	1.80059200
7.01485092	7.93481200	1.80059200
7.01985092	7.93481200	2.81991000
7.02485092	7.93481200	3.28989500
7.02985092	7.93481200	3.19834000
7.03485092	7.93481200	3.19834000
7.03985092	7.93481200	3.28989500
7.04485092	7.93481200	2.84432500
7.04985092	7.93481200	1.91656200
7.05485092	7.93481200	1.47099200
7.05985092	7.93481200	1.56254800
7.06485092	7.93481200	1.58696200
7.06985092	7.93481200	1.58696200
7.07485092	7.93481200	1.56254800
7.07985092	7.93481200	1.47099200
7.08485092	7.93481200	1.89214800
7.08985092	7.93481200	2.72835500
7.09485092	7.93481200	3.61949500
7.09985092	7.93481200	4.45570200
7.10485092	7.93481200	4.90127200
7.10985092	7.93481200	4.90127200
7.11485092	7.93481200	4.43128700
7.11985092	7.93481200	3.50352500
7.12485092	7.93481200	3.08237000
7.12985092	7.93481200	3.26548100
7.13485092	7.93481200	2.81991000
7.13985092	7.93481200	1.80059200
7.14485092	7.93481200	1.80059200
7.14985092	7.93481200	2.81991000
7.15485092	7.93481200	3.28989500
7.15985092	7.93481200	3.19834000
7.16485092	7.93481200	3.17392500
7.16985092	7.93481200	3.17392500
7.17485092	7.93481200	3.17392500
7.17985092	7.93481200	3.17392500
7.18485092	7.93481200	3.14951000
7.18985092	7.93481200	3.05795500
7.19485092	7.93481200	3.50352500
7.19985092	7.93481200	4.43128700
7.20485092	7.93481200	4.87685800
7.20985092	7.93481200	4.78530200
7.21485092	7.93481200	4.76088700
7.21985092	7.93481200	4.76088700
7.22485092	7.93481200	4.78530200
7.22985092	7.93481200	4.87685800
7.23485092	7.93481200	4.40687300
7.23985092	7.93481200	3.38755500
7.24485092	7.93481200	3.38755500
7.24985092	7.93481200	4.40687300
7.25485092	7.93481200	4.87685800
7.25985092	7.93481200	4.78530200
7.26485092	7.93481200	4.76088700
7.26985092	7.93481200	4.76088700
7.27485092	7.93481200	4.76088700
7.27985092	7.93481200	4.76088700
7.28485092	7.93481200	4.78530200
7.28985092	7.93481200	4.87685800
7.29485092	7.93481200	4.40687300
7.29985092	7.93481200	3.38755500
7.30485092	7.93481200	3.38755500
7.30985092	7.93481200	4.40687300
7.31485092	7.93481200	4.87685800
7.31985092	7.93481200	4.78530200
7.32485092	7.93481200	4.76088700
7.32985092	7.93481200	4.76088700
7.33485092	7.93481200	4.76088700
7.33985092	7.93481200	4.76088700
7.34485092	7.93481200	4.76088700
7.34985092	7.93481200	4.76088700
7.35485092	7.93481200	4.76088700
7.35985092	7.93481200	4.76088700
7.36485092	7.93481200	4.76088700
7.36985092	7.93481200	4.76088700
7.37485092	7.93481200	4.76088700
7.37985092	7.93481200	4.76088700
7.38485092	7.93481200	4.76088700
7.38985092	7.93481200	4.76088700
7.39485092	7.93481200	4.76088700
7.39985092	7.93481200	4.76088700
7.40485092	7.93481200	4.76088700
7.40985092	7.93481200	4.76088700
7.41485092	7.93481200	4.76088700
7.41985092	7.93481200	4.76088700
7.42485092	7.93481200	4.76088700
7.42985092	7.93481200	4.76088700
7.43485092	7.93481200	4.71205800
7.43985092	7.93481200	4.52894700
7.44485092	7.93481200	5.42008700
7.44985092	7.93481200	7.27561200
7.45485092	7.93481200	8.16675300
7.45985092	7.93481200	7.98364200
7.46485092	7.93481200	7.88598300
7.46985092	7.93481200	7.70287200
7.47485092	7.93481200	8.55128600
7.47985092	7.93481200	10.21149000
7.48485092	7.93481200	11.93274000
7.48985092	7.93481200	13.31828000
7.49485092	7.93481200	15.41185000
7.49985092	7.93481200	17.63359000
7.50485092	7.93481200	20.59999000
7.50985092	7.93481200	23.55419000
7.51485092	7.93481200	27.36900000
7.51985092	7.93481200	31.07395000
7.52485092	7.93481200	35.75549000
7.52985092	7.93481200	40.29053000
7.53485092	7.93481200	45.39933000
7.53985092	7.93481200	49.83062000
7.54485092	7.93481200	54.87228000
7.54985092	7.93481200	59.12656000
7.55485092	7.93481200	65.10818000
7.55985092	7.93481200	71.39500000
7.56485092	7.93481200	77.40105000
7.56985092	7.93481200	81.74078000
7.57485092	7.93481200	86.36127000
7.57985092	7.93481200	89.96857000
7.58485092	7.93481200	94.22895000
7.58985092	7.93481200	98.11090000
7.59485092	7.93481200	101.50460000
7.59985092	7.93481200	103.53100000
7.60485092	7.93481200	106.05180000
7.60985092	7.93481200	108.36510000
7.61485092	7.93481200	110.50750000
7.61985092	7.93481200	111.98460000
7.62485092	7.93481200	113.26030000
7.62985092	7.93481200	113.99880000
7.63485092	7.93481200	114.40170000
7.63985092	7.93481200	114.31010000
7.64485092	7.93481200	114.33450000
7.64985092	7.93481200	114.51770000
7.65485092	7.93481200	113.64480000
7.65985092	7.93481200	111.88700000
7.66485092	7.93481200	110.56250000
7.66985092	7.93481200	109.92160000
7.67485092	7.93481200	109.14030000
7.67985092	7.93481200	108.59100000
7.68485092	7.93481200	106.86970000
7.68985092	7.93481200	104.37330000
7.69485092	7.93481200	102.23090000
7.69985092	7.93481200	100.93690000
7.70485092	7.93481200	98.81893000
7.70985092	7.93481200	96.41408000
7.71485092	7.93481200	94.27168000
7.71985092	7.93481200	92.88614000
7.72485092	7.93481200	91.23814000
7.72985092	7.93481200	89.85259000
7.73485092	7.93481200	87.71020000
7.73985092	7.93481200	85.29923000
7.74485092	7.99584900	83.15684000
7.74985092	8.22473800	81.77129000
7.75485092	7.04977500	80.12329000
7.75985092	4.50148000	78.73775000
7.76485092	4.50148000	76.59535000
7.76985092	7.04977500	74.19049000
7.77485092	8.22473800	72.07251000
7.77985092	7.99584900	70.77853000
7.78485092	7.93481200	68.66054000
7.78985092	7.93481200	66.25568000
7.79485092	7.93481200	64.08887000
7.79985092	7.93481200	62.61177000
7.80485092	7.93481200	61.40934000
7.80985092	7.93481200	60.95156000
7.81485092	7.93481200	59.25473000
7.81985092	7.93481200	56.75222000
7.82485092	7.93481200	54.56099000
7.82985092	7.93481200	53.08389000
7.83485092	7.93481200	51.85705000
7.83985092	7.93481200	51.30772000
7.84485092	7.93481200	50.05646000
7.84985092	7.93481200	48.48780000
7.85485092	7.93481200	46.74215000
7.85985092	7.93481200	45.17350000
7.86485092	7.93481200	43.92224000
7.86985092	7.93481200	43.37291000
7.87485092	7.93481200	42.09723000
7.87985092	7.93481200	40.43703000
7.88485092	7.93481200	39.16135000
7.88985092	7.93481200	38.61202000
7.89485092	7.93481200	37.31804000
7.89985092	7.93481200	35.55407000
7.90485092	7.93481200	34.71175000
7.90985092	7.93481200	34.98642000
7.91485092	7.93481200	34.61409000
7.91985092	7.93481200	33.77789000
7.92485092	7.93481200	32.91116000
7.92985092	7.93481200	32.16651000
7.93485092	7.93481200	31.32420000
7.93985092	7.93481200	30.57955000
7.94485092	7.93481200	29.73724000
7.94985092	7.93481200	28.99869000
7.95485092	7.93481200	28.14417000
7.95985092	7.93481200	27.40562000
7.96485092	7.93481200	26.53279000
7.96985092	7.93481200	25.69658000
7.97485092	7.93481200	25.29984000
7.97985092	7.93481200	25.48295000
7.98485092	7.93481200	25.06180000
7.98985092	7.93481200	24.13404000
7.99485092	7.93481200	23.68847000
7.99985092	7.93481200	23.78002000
8.00485092	7.93481200	23.80444000
8.00985092	7.93481200	23.80444000
8.01485092	7.93481200	23.82885000
8.01985092	7.93481200	23.92041000
8.02485092	7.93481200	23.47484000
8.02985092	7.93481200	22.54707000
8.03485092	7.93481200	22.12592000
8.03985092	7.93481200	22.30903000
8.04485092	7.93481200	21.88787000
8.04985092	7.93481200	20.96011000
8.05485092	7.93481200	20.51454000
8.05985092	7.93481200	20.60610000
8.06485092	7.99584900	20.63051000
8.06985092	8.22473800	20.63051000
8.07485092	7.11081200	20.65493000
8.07985092	4.79140600	20.74648000
8.08485092	3.61644300	20.30091000
8.08985092	3.61644300	19.37315000
8.09485092	4.79140600	18.92758000
8.09985092	7.11081200	19.01913000
8.10485092	8.22473800	19.04355000
8.10985092	7.99584900	19.04355000
8.11485092	7.93481200	19.06796000
8.11985092	7.93481200	19.15952000
8.12485092	7.93481200	18.68954000
8.12985092	7.93481200	17.67022000
8.13485092	7.93481200	17.67022000
8.13985092	7.93481200	18.68954000
8.14485092	7.93481200	19.15952000
8.14985092	7.93481200	19.06796000
8.15485092	7.93481200	19.04355000
8.15985092	7.93481200	19.04355000
8.16485092	7.93481200	19.06796000
8.16985092	7.93481200	19.15952000
8.17485092	7.93481200	18.68954000
8.17985092	7.93481200	17.67022000
8.18485092	7.93481200	17.69463000
8.18985092	7.93481200	18.80550000
8.19485092	7.93481200	18.82992000
8.19985092	7.93481200	17.81060000
8.20485092	7.93481200	17.36503000
8.20985092	7.93481200	17.54814000
8.21485092	7.93481200	17.15140000
8.21985092	7.93481200	16.31520000
8.22485092	7.93481200	15.42405000
8.22985092	7.93481200	14.58785000
8.23485092	7.93481200	14.19111000
8.23985092	7.93481200	14.37422000
8.24485092	7.93481200	13.92865000
8.24985092	7.93481200	12.90933000
8.25485092	7.93481200	12.93374000
8.25985092	7.93481200	14.04462000
8.26485092	7.93481200	14.04462000
8.26985092	7.93481200	12.93374000
8.27485092	7.93481200	12.90933000
8.27985092	7.93481200	13.92865000
8.28485092	7.99584900	14.39863000
8.28985092	8.22473800	14.30708000
8.29485092	7.04977500	14.28266000
8.29985092	4.50148000	14.28266000
8.30485092	4.56251700	14.30708000
8.30985092	7.33970100	14.39863000
8.31485092	7.33970100	13.92865000
8.31985092	4.56251700	12.90933000
8.32485092	4.56251700	12.93374000
8.32985092	7.33970100	14.04462000
8.33485092	7.33970100	14.04462000
8.33985092	4.56251700	12.93374000
8.34485092	4.50148000	12.93374000
8.34985092	7.04977500	14.04462000
8.35485092	8.28577500	14.04462000
8.35985092	8.28577500	12.93374000
8.36485092	7.04977500	12.90933000
8.36985092	4.50148000	13.92865000
8.37485091	4.50148000	14.42305000
8.37985091	7.04977500	14.42305000
8.38485091	8.22473800	13.95306000
8.38985091	7.99584900	13.02530000
8.39485091	7.99584900	12.55531000
8.39985091	8.22473800	12.55531000
8.40485091	7.04977500	13.04971000
8.40985091	4.50148000	14.06903000
8.41485091	4.56251700	14.04462000
8.41985091	7.33970100	12.93374000
8.42485091	7.33970100	12.93374000
8.42985091	4.56251700	14.04462000
8.43485091	4.50148000	14.06903000
8.43985091	7.04977500	13.04971000
8.44485091	8.22473800	12.57973000
8.44985091	7.99584900	12.67128000
8.45485091	7.99584900	12.69570000
8.45985091	8.22473800	12.69570000
8.46485091	7.11081200	12.69570000
8.46985091	4.79140600	12.69570000
8.47485091	3.67748000	12.72011000
8.47985091	3.90636900	12.81167000
8.48485091	3.96740600	12.36610000
8.48985091	3.96740600	11.43834000
8.49485091	3.96740600	11.01718000
8.49985091	3.96740600	11.20029000
8.50485091	3.96740600	10.77914000
8.50985091	3.96740600	9.85137500
8.51485091	3.96740600	9.38139000
8.51985091	3.96740600	9.38139000
8.52485091	3.90636900	9.87579000
8.52985091	3.67748000	10.89511000
8.53485091	4.85244300	10.87069000
8.53985091	7.40073800	9.75981900
8.54485091	7.40073800	9.73540400
8.54985091	4.85244300	10.75472000
8.55485091	3.67748000	11.24912000
8.55985091	3.90636900	11.24912000
8.56485091	3.90636900	10.73031000
8.56985091	3.67748000	9.61943300
8.57485091	4.85244300	10.08942000
8.57985091	7.40073800	12.12806000
8.58485091	7.40073800	12.62246000
8.58985091	4.85244300	11.60314000
8.59485091	3.61644300	10.66317000
8.59985091	3.61644300	9.82696000
8.60485091	4.79140600	9.40580500
8.60985091	7.11081200	9.49735900
8.61485091	8.22473800	9.52177400
8.61985091	7.99584900	9.52177400
8.62485091	7.99584900	9.52177400
8.62985091	8.22473800	9.52177400
8.63485091	7.04977500	9.49735900
8.63985091	4.50148000	9.40580500
8.64485091	4.56251700	9.87579000
8.64985091	7.33970100	10.89511000
8.65485091	7.40073800	10.89511000
8.65985091	4.85244300	9.87579000
8.66485091	3.67748000	9.40580500
8.66985091	3.90636900	9.49735900
8.67485091	3.96740600	9.52177400
8.67985091	3.96740600	9.52177400
8.68485091	3.90636900	9.52177400
8.68985091	3.67748000	9.52177400
8.69485091	4.79140600	9.49735900
8.69985091	7.11081200	9.40580500
8.70485091	8.22473800	9.85137500
8.70985091	7.99584900	10.77914000
8.71485091	7.99584900	11.22471000
8.71985091	8.22473800	11.13315000
8.72485091	7.11081200	11.10874000
8.72985091	4.79140600	11.10874000
8.73485091	3.67748000	11.13315000
8.73985091	3.90636900	11.22471000
8.74485091	3.96740600	10.77914000
8.74985091	3.96740600	9.85137500
8.75485091	3.96740600	9.38139000
8.75985091	3.96740600	9.38139000
8.76485091	3.96740600	9.85137500
8.76985091	3.96740600	10.77914000
8.77485091	3.96740600	11.24912000
8.77985091	3.96740600	11.24912000
8.78485091	3.90636900	10.77914000
8.78985091	3.67748000	9.85137500
8.79485091	4.85244300	9.40580500
8.79985091	7.40073800	9.49735900
8.80485091	7.40073800	9.52177400
8.80985091	4.85244300	9.52177400
8.81485091	3.67748000	9.52177400
8.81985091	3.90636900	9.52177400
8.82485091	3.96740600	9.49735900
8.82985091	3.96740600	9.40580500
8.83485091	3.90636900	9.90020500
8.83985091	3.67748000	11.01108000
8.84485091	4.85244300	10.56551000
8.84985091	7.40073800	8.61842700
8.85485091	7.40073800	7.67845700
8.85985091	4.85244300	7.77001200
8.86485091	3.61644300	8.28882700
8.86985091	3.61644300	9.30814500
8.87485091	4.85244300	9.30814500
8.87985091	7.40073800	8.28882700
8.88485091	7.40073800	7.79442700
8.88985091	4.85244300	7.79442700
8.89485091	3.67748000	8.26441300
8.89985091	3.90636900	9.19217500
8.90485091	3.96740600	9.63774600
8.90985091	3.96740600	9.54619000
8.91485091	3.96740600	9.52177400
8.91985091	3.96740600	9.52177400
8.92485091	3.96740600	9.54619000
8.92985091	3.96740600	9.63774600
8.93485091	3.90636900	9.19217500
8.93985091	3.67748000	8.26441300
8.94485091	4.79140600	7.81884200
8.94985091	7.11081200	7.91039800
8.95485091	8.28577500	7.93481200
8.95985091	8.28577500	7.93481200
8.96485091	7.11081200	7.91039800
8.96985091	4.79140600	7.81884200
8.97485091	3.67748000	8.26441300
8.97985091	3.90636900	9.19217500
8.98485091	3.96740600	9.63774600
8.98985091	3.96740600	9.54619000
8.99485091	3.96740600	9.52177400
8.99985091	3.96740600	9.52177400
9.00485091	3.96740600	9.54619000
9.00985091	3.96740600	9.63774600
9.01485091	3.96740600	9.19217500
9.01985091	3.96740600	8.26441300
9.02485091	3.96740600	7.81884200
9.02985091	3.96740600	7.91039800
