Time	Channel A	Channel B
(us)	(mV)	(mV)

-1.01076504	0.00000000	0.26245920
-1.00576504	0.00000000	1.46488800
-1.00076504	0.06103702	1.01931800
-0.99576504	0.28992580	-1.01931800
-0.99076504	-0.88503670	-1.46488800
-0.98576504	-3.43333200	-0.26245920
-0.98076504	-3.37229500	-0.21362960
-0.97576504	-0.59511090	-1.23294800
-0.97076504	-0.59511090	-1.70293300
-0.96576504	-3.37229500	-1.61137700
-0.96076504	-3.43333200	-1.58696200
-0.95576504	-0.88503670	-1.58696200
-0.95076504	0.28992580	-1.58696200
-0.94576504	0.06103702	-1.58696200
-0.94076504	0.00000000	-1.58696200
-0.93576504	0.00000000	-1.58696200
-0.93076504	0.06103702	-1.58696200
-0.92576504	0.28992580	-1.58696200
-0.92076504	-0.88503670	-1.58696200
-0.91576504	-3.43333200	-1.58696200
-0.91076504	-3.43333200	-1.58696200
-0.90576504	-0.88503670	-1.58696200
-0.90076504	0.35096280	-1.61137700
-0.89576504	0.35096280	-1.70293300
-0.89076504	-0.88503670	-1.25736300
-0.88576504	-3.43333200	-0.32959990
-0.88076504	-3.37229500	0.11597030
-0.87576504	-0.59511090	0.02441481
-0.87076504	-0.59511090	0.00000000
-0.86576504	-3.37229500	0.00000000
-0.86076505	-3.37229500	0.00000000
-0.85576505	-0.59511090	0.00000000
-0.85076505	-0.59511090	0.00000000
-0.84576505	-3.37229500	0.00000000
-0.84076505	-3.37229500	0.00000000
-0.83576505	-0.59511090	0.00000000
-0.83076505	-0.53407390	0.00000000
-0.82576505	-3.08236900	0.00000000
-0.82076505	-4.31836900	0.00000000
-0.81576505	-4.31836900	0.00000000
-0.81076505	-3.08236900	0.00000000
-0.80576505	-0.53407390	0.00000000
-0.80076505	-0.59511090	0.00000000
-0.79576505	-3.37229500	0.00000000
-0.79076505	-3.37229500	-0.02441481
-0.78576505	-0.59511090	-0.11597030
-0.78076505	-0.59511090	0.35401470
-0.77576505	-3.37229500	1.37333300
-0.77076505	-3.43333200	1.37333300
-0.76576505	-0.88503670	0.35401470
-0.76076505	0.28992580	-0.11597030
-0.75576505	0.06103702	-0.02441481
-0.75076505	0.00000000	0.02441481
-0.74576505	0.00000000	0.11597030
-0.74076505	0.00000000	-0.35401470
-0.73576505	0.00000000	-1.37333300
-0.73076505	0.00000000	-1.34891800
-0.72576505	0.00000000	-0.23804440
-0.72076505	0.00000000	-0.21362960
-0.71576505	0.00000000	-1.23294800
-0.71076505	0.00000000	-1.70293300
-0.70576505	0.00000000	-1.61137700
-0.70076505	0.00000000	-1.58696200
-0.69576505	0.00000000	-1.58696200
-0.69076505	0.06103702	-1.61137700
-0.68576505	0.28992580	-1.70293300
-0.68076505	-0.88503670	-1.23294800
-0.67576505	-3.43333200	-0.21362960
-0.67076505	-3.37229500	-0.21362960
-0.66576505	-0.59511090	-1.23294800
-0.66076505	-0.59511090	-1.70293300
-0.65576505	-3.37229500	-1.61137700
-0.65076505	-3.43333200	-1.58696200
-0.64576505	-0.88503670	-1.58696200
-0.64076505	0.35096280	-1.61137700
-0.63576505	0.35096280	-1.70293300
-0.63076505	-0.88503670	-1.23294800
-0.62576505	-3.43333200	-0.21362960
-0.62076505	-3.37229500	-0.23804440
-0.61576505	-0.59511090	-1.34891800
-0.61076505	-0.59511090	-1.34891800
-0.60576505	-3.37229500	-0.23804440
-0.60076505	-3.43333200	-0.23804440
-0.59576505	-0.88503670	-1.34891800
-0.59076505	0.28992580	-1.37333300
-0.58576505	0.06103702	-0.35401470
-0.58076505	0.00000000	0.14038510
-0.57576505	0.00000000	0.14038510
-0.57076505	0.06103702	-0.35401470
-0.56576505	0.28992580	-1.37333300
-0.56076505	-0.88503670	-1.34891800
-0.55576505	-3.43333200	-0.23804440
-0.55076505	-3.37229500	-0.21362960
-0.54576505	-0.59511090	-1.23294800
-0.54076505	-0.59511090	-1.75176200
-0.53576505	-3.37229500	-1.84331800
-0.53076505	-3.43333200	-0.90334780
-0.52576505	-0.88503670	1.04373300
-0.52076505	0.35096280	1.48930300
-0.51576505	0.35096280	0.37842950
-0.51076505	-0.88503670	-0.11597030
-0.50576505	-3.43333200	-0.02441481
-0.50076505	-3.37229500	0.00000000
-0.49576505	-0.59511090	0.00000000
-0.49076505	-0.59511090	0.00000000
-0.48576505	-3.37229500	0.00000000
-0.48076505	-3.43333200	0.00000000
-0.47576505	-0.88503670	0.00000000
-0.47076505	0.28992580	0.00000000
-0.46576505	0.06103702	0.00000000
-0.46076505	0.00000000	0.00000000
-0.45576505	0.00000000	0.00000000
-0.45076505	0.06103702	0.02441481
-0.44576505	0.28992580	0.11597030
-0.44076505	-0.88503670	-0.32959990
-0.43576505	-3.43333200	-1.25736300
-0.43076505	-3.43333200	-1.70293300
-0.42576505	-0.88503670	-1.61137700
-0.42076505	0.28992580	-1.58696200
-0.41576505	0.06103702	-1.58696200
-0.41076505	0.06103702	-1.58696200
-0.40576505	0.28992580	-1.58696200
-0.40076505	-0.88503670	-1.58696200
-0.39576505	-3.43333200	-1.58696200
-0.39076505	-3.37229500	-1.58696200
-0.38576505	-0.59511090	-1.58696200
-0.38076505	-0.59511090	-1.61137700
-0.37576505	-3.37229500	-1.70293300
-0.37076505	-3.43333200	-1.23294800
-0.36576505	-0.88503670	-0.21362960
-0.36076505	0.28992580	-0.23804440
-0.35576505	0.06103702	-1.34891800
-0.35076505	0.00000000	-1.34891800
-0.34576505	0.00000000	-0.23804440
-0.34076505	0.00000000	-0.23804440
-0.33576505	0.00000000	-1.34891800
-0.33076505	0.00000000	-1.34891800
-0.32576505	0.00000000	-0.23804440
-0.32076505	0.00000000	-0.21362960
-0.31576505	0.00000000	-1.23294800
-0.31076505	0.00000000	-1.70293300
-0.30576505	0.00000000	-1.61137700
-0.30076505	0.00000000	-1.56254800
-0.29576505	0.00000000	-1.47099200
-0.29076505	0.00000000	-1.94097700
-0.28576505	0.00000000	-2.96029500
-0.28076505	0.00000000	-2.96029500
-0.27576505	0.00000000	-1.94097700
-0.27076505	0.00000000	-1.47099200
-0.26576505	0.00000000	-1.56254800
-0.26076505	0.00000000	-1.61137700
-0.25576505	0.00000000	-1.70293300
-0.25076505	0.00000000	-1.25736300
-0.24576505	0.00000000	-0.32959990
-0.24076505	0.00000000	0.11597030
-0.23576505	0.00000000	0.02441481
-0.23076505	0.00000000	0.00000000
-0.22576505	0.00000000	0.00000000
-0.22076505	0.00000000	-0.02441481
-0.21576505	0.00000000	-0.11597030
-0.21076505	0.00000000	0.35401470
-0.20576505	0.00000000	1.37333300
-0.20076505	0.00000000	1.37333300
-0.19576505	0.00000000	0.35401470
-0.19076505	0.00000000	-0.09155553
-0.18576505	0.00000000	0.09155553
-0.18076505	0.00000000	-0.32959990
-0.17576505	0.00000000	-1.25736300
-0.17076505	0.00000000	-1.67851800
-0.16576505	0.00000000	-1.49540700
-0.16076505	-0.06103702	-1.91656200
-0.15576505	-0.28992580	-2.84432500
-0.15076505	0.76296270	-3.28989500
-0.14576505	2.85348100	-3.19834000
-0.14076505	5.02029500	-3.14951000
-0.13576505	6.88192400	-3.05795500
-0.13076505	8.98770000	-3.50352500
-0.12576505	10.84933000	-4.43128700
-0.12076505	12.95511000	-4.85244300
-0.11576505	14.81674000	-4.66933200
-0.11076505	16.87673000	-5.09048700
-0.10576505	18.47896000	-6.01825000
-0.10076505	21.72918000	-6.43940500
-0.09576505	25.87969000	-6.25629500
-0.09076505	29.06888000	-6.67745000
-0.08576505	30.44221000	-7.60521200
-0.08076505	33.57036000	-8.02636700
-0.07576505	37.49199000	-7.84325600
-0.07076505	41.79509000	-8.28882700
-0.06576505	45.48784000	-9.30814500
-0.06076505	49.66887000	-9.30814500
-0.05576505	53.13272000	-8.28882700
-0.05076505	58.48872000	-7.79442700
-0.04576505	64.50086000	-7.79442700
-0.04076505	69.85686000	-8.28882700
-0.03576505	73.33597000	-9.30814500
-0.03076505	77.51701000	-9.30814500
-0.02576505	81.20975000	-8.28882700
-0.02076505	85.45182000	-7.81884200
-0.01576505	89.14456000	-7.91039800
-0.01076505	93.38663000	-7.95922800
-0.00576505	97.07938000	-8.05078300
-0.00076505	101.32140000	-7.60521200
0.00423495	105.01420000	-6.67745000
0.00923495	109.25630000	-6.23187900
0.01423495	112.94900000	-6.32343500
0.01923495	117.25210000	-6.34785000
0.02423495	121.17370000	-6.34785000
0.02923495	124.30190000	-6.34785000
0.03423495	125.67520000	-6.34785000
0.03923495	128.80340000	-6.37226500
0.04423495	132.72500000	-6.46382000
0.04923495	137.08910000	-6.01825000
0.05423495	141.02600000	-5.09048700
0.05923495	144.15420000	-4.62050200
0.06423495	145.52750000	-4.62050200
0.06923495	148.71670000	-5.09048700
0.07423495	152.86720000	-6.01825000
0.07923495	156.11740000	-6.48823500
0.08423495	157.71970000	-6.48823500
0.08923495	159.77960000	-5.96942000
0.09423495	161.64130000	-4.85854700
0.09923495	163.80810000	-5.32853200
0.10423495	165.89860000	-7.36716800
0.10923495	166.89050000	-7.86156800
0.11423495	166.43270000	-6.84224900
0.11923495	167.54660000	-5.92669400
0.12423495	170.09490000	-5.18204300
0.12923495	170.09490000	-4.31531700
0.13423495	167.54660000	-3.47911000
0.13923495	166.43270000	-3.08237000
0.14423495	166.89050000	-3.26548100
0.14923495	165.89860000	-2.84432500
0.15423495	163.80810000	-1.91656200
0.15923495	161.58020000	-1.47099200
0.16423495	159.48970000	-1.56254800
0.16923495	158.49790000	-1.61137700
0.17423495	158.95570000	-1.70293300
0.17923495	157.96380000	-1.25736300
0.18423495	155.87330000	-0.32959990
0.18923495	153.64540000	0.14038510
0.19423495	151.55490000	0.14038510
0.19923495	150.56300000	-0.32959990
0.20423495	151.02080000	-1.25736300
0.20923495	150.02900000	-1.70293300
0.21423495	147.93850000	-1.61137700
0.21923495	145.71060000	-1.58696200
0.22423495	143.62010000	-1.58696200
0.22923495	142.56720000	-1.56254800
0.23423495	142.79610000	-1.47099200
0.23923495	142.91820000	-1.91656200
0.24423495	143.14710000	-2.84432500
0.24923495	142.09420000	-3.28989500
0.25423495	140.00370000	-3.19834000
0.25923495	137.76050000	-3.19834000
0.26423495	135.67000000	-3.28989500
0.26923495	134.61710000	-2.81991000
0.27423495	134.84600000	-1.80059200
0.27923495	134.96810000	-1.82500700
0.28423495	135.19700000	-2.93588100
0.28923495	134.08310000	-2.96029500
0.29423495	131.76370000	-1.94097700
0.29923495	130.64970000	-1.44657700
0.30423495	130.87860000	-1.44657700
0.30923495	131.00070000	-1.89214800
0.31423495	131.22960000	-2.72835500
0.31923495	130.11560000	-3.64391000
0.32423495	127.79630000	-4.57167300
0.32923495	126.68230000	-4.54725700
0.33423495	126.91120000	-3.52794000
0.33923495	126.97230000	-3.05795500
0.34423495	126.97230000	-3.14951000
0.34923495	126.97230000	-3.19834000
0.35423495	126.97230000	-3.28989500
0.35923495	127.03330000	-2.84432500
0.36423495	127.26220000	-1.91656200
0.36923495	126.14820000	-1.44657700
0.37423495	123.82880000	-1.44657700
0.37923495	122.71490000	-1.91656200
0.38423495	122.94380000	-2.84432500
0.38923495	123.00480000	-3.28989500
0.39423495	123.00480000	-3.19834000
0.39923495	123.06590000	-3.17392500
0.40423495	123.29480000	-3.17392500
0.40923495	122.18080000	-3.19834000
0.41423495	119.86140000	-3.28989500
0.41923495	118.74750000	-2.84432500
0.42423495	118.97640000	-1.91656200
0.42923495	119.03740000	-1.47099200
0.43423495	119.03740000	-1.56254800
0.43923495	119.03740000	-1.56254800
0.44423495	119.03740000	-1.47099200
0.44923495	119.03740000	-1.91656200
0.45423495	119.03740000	-2.84432500
0.45923495	119.03740000	-3.28989500
0.46423495	119.03740000	-3.19834000
0.46923495	119.03740000	-3.19834000
0.47423495	119.03740000	-3.28989500
0.47923495	119.09850000	-2.84432500
0.48423495	119.32740000	-1.91656200
0.48923495	118.21340000	-1.47099200
0.49423495	115.89400000	-1.56254800
0.49923495	114.78010000	-1.56254800
0.50423495	115.00900000	-1.47099200
0.50923495	115.07000000	-1.94097700
0.51423495	115.07000000	-2.96029500
0.51923495	115.07000000	-2.96029500
0.52423495	115.07000000	-1.94097700
0.52923495	115.13110000	-1.47099200
0.53423495	115.36000000	-1.56254800
0.53923495	114.18500000	-1.58696200
0.54423495	111.63670000	-1.58696200
0.54923495	111.69770000	-1.61137700
0.55423495	114.47490000	-1.70293300
0.55923495	114.53600000	-1.25736300
0.56423495	111.98770000	-0.32959990
0.56923495	110.81270000	0.11597030
0.57423495	111.04160000	0.02441481
0.57923495	111.10260000	0.00000000
0.58423495	111.10260000	0.00000000
0.58923495	111.10260000	0.00000000
0.59423495	111.10260000	0.00000000
0.59923495	111.10260000	0.00000000
0.60423495	111.10260000	0.00000000
0.60923495	111.10260000	-0.02441481
0.61423495	111.10260000	-0.11597030
0.61923495	111.10260000	0.35401470
0.62423495	111.10260000	1.37333300
0.62923495	111.16370000	1.37333300
0.63423495	111.39250000	0.35401470
0.63923495	110.27860000	-0.11597030
0.64423495	107.95920000	-0.02441481
0.64923495	106.84530000	-0.02441481
0.65423495	107.07420000	-0.11597030
0.65923495	107.13520000	0.35401470
0.66423495	107.13520000	1.37333300
0.66923495	107.13520000	1.37333300
0.67423495	107.13520000	0.35401470
0.67923495	107.13520000	-0.09155553
0.68423495	107.13520000	0.09155553
0.68923495	107.19630000	-0.35401470
0.69423495	107.42510000	-1.37333300
0.69923495	106.31120000	-1.34891800
0.70423495	103.99180000	-0.23804440
0.70923495	102.87790000	-0.23804440
0.71423495	103.10680000	-1.34891800
0.71923495	103.16780000	-1.37333300
0.72423495	103.16780000	-0.35401470
0.72923495	103.16780000	0.14038510
0.73423495	103.16780000	0.14038510
0.73923495	103.16780000	-0.35401470
0.74423495	103.16780000	-1.37333300
0.74923495	103.16780000	-1.34891800
0.75423495	103.16780000	-0.23804440
0.75923495	103.22890000	-0.21362960
0.76423495	103.45770000	-1.23294800
0.76923495	102.28280000	-1.72734800
0.77423495	99.73448000	-1.72734800
0.77923495	99.79552000	-1.25736300
0.78423494	102.57270000	-0.32959990
0.78923494	102.63370000	0.11597030
0.79423494	100.08540000	0.02441481
0.79923494	98.91048000	-0.02441481
0.80423494	99.13937000	-0.11597030
0.80923494	99.20041000	0.32959990
0.81423494	99.20041000	1.25736300
0.81923494	99.20041000	1.70293300
0.82423494	99.20041000	1.61137700
0.82923494	99.20041000	1.58696200
0.83423494	99.20041000	1.58696200
0.83923494	99.26145000	1.58696200
0.84423494	99.49034000	1.58696200
0.84923494	98.37641000	1.61137700
0.85423494	96.05700000	1.70293300
0.85923494	94.94308000	1.25736300
0.86423494	95.17197000	0.32959990
0.86923494	95.23300000	-0.11597030
0.87423494	95.23300000	-0.02441481
0.87923494	95.23300000	0.00000000
0.88423494	95.23300000	0.00000000
0.88923494	95.23300000	0.00000000
0.89423494	95.23300000	0.00000000
0.89923494	95.29404000	0.00000000
0.90423494	95.52293000	0.00000000
0.90923494	94.34796000	0.00000000
0.91423494	91.79967000	0.00000000
0.91923494	91.79967000	0.00000000
0.92423494	94.34796000	0.00000000
0.92923494	95.52293000	-0.02441481
0.93423494	95.29404000	-0.11597030
0.93923494	95.29404000	0.32959990
0.94423494	95.52293000	1.25736300
0.94923494	94.40900000	1.70293300
0.95423494	92.08959000	1.61137700
0.95923494	90.97568000	1.58696200
0.96423494	91.20457000	1.58696200
0.96923494	91.26560000	1.61137700
0.97423494	91.26560000	1.70293300
0.97923494	91.26560000	1.28177700
0.98423494	91.26560000	0.44557020
0.98923494	91.26560000	-0.46998500
0.99423494	91.26560000	-1.39774800
0.99923494	91.32664000	-1.34891800
1.00423494	91.55552000	-0.23804440
1.00923494	90.44160000	-0.21362960
1.01423494	88.12219000	-1.23294800
1.01923494	87.00826000	-1.70293300
1.02423494	87.23715000	-1.61137700
1.02923494	87.29819000	-1.58696200
1.03423494	87.29819000	-1.58696200
1.03923494	87.29819000	-1.58696200
1.04423494	87.29819000	-1.58696200
1.04923494	87.29819000	-1.61137700
1.05423494	87.29819000	-1.70293300
1.05923494	87.29819000	-1.23294800
1.06423494	87.29819000	-0.21362960
1.06923494	87.29819000	-0.23804440
1.07423494	87.29819000	-1.34891800
1.07923494	87.29819000	-1.34891800
1.08423494	87.29819000	-0.23804440
1.08923494	87.35923000	-0.21362960
1.09423494	87.58812000	-1.23294800
1.09923494	86.47419000	-1.72734800
1.10423494	84.15479000	-1.72734800
1.10923494	82.97982000	-1.25736300
1.11423494	82.97982000	-0.32959990
1.11923494	84.21582000	0.14038510
1.12423494	86.76411000	0.14038510
1.12923494	86.76411000	-0.32959990
1.13423494	84.21582000	-1.25736300
1.13923494	83.04086000	-1.67851800
1.14423494	83.26974000	-1.49540700
1.14923494	83.33078000	-1.94097700
1.15423494	83.33078000	-2.96029500
1.15923494	83.33078000	-2.96029500
1.16423494	83.33078000	-1.94097700
1.16923494	83.33078000	-1.47099200
1.17423494	83.33078000	-1.56254800
1.17923494	83.39182000	-1.58696200
1.18423494	83.62070000	-1.58696200
1.18923494	82.50678000	-1.61137700
1.19423494	80.18738000	-1.70293300
1.19923494	79.07346000	-1.25736300
1.20423494	79.30235000	-0.32959990
1.20923494	79.36338000	0.11597030
1.21423494	79.36338000	0.02441481
1.21923494	79.36338000	0.00000000
1.22423494	79.36338000	0.00000000
1.22923494	79.36338000	0.00000000
1.23423494	79.36338000	0.00000000
1.23923494	79.36338000	0.00000000
1.24423494	79.36338000	0.00000000
1.24923494	79.36338000	0.02441481
1.25423494	79.36338000	0.11597030
1.25923494	79.36338000	-0.35401470
1.26423494	79.36338000	-1.37333300
1.26923494	79.36338000	-1.34891800
1.27423494	79.36338000	-0.23804440
1.27923494	79.36338000	-0.21362960
1.28423494	79.36338000	-1.23294800
1.28923494	79.36338000	-1.70293300
1.29423494	79.36338000	-1.61137700
1.29923494	79.42442000	-1.56254800
1.30423494	79.65331000	-1.47099200
1.30923494	78.53938000	-1.94097700
1.31423494	76.21997000	-2.96029500
1.31923494	75.10605000	-2.93588100
1.32423494	75.33494000	-1.82500700
1.32923494	75.39597000	-1.80059200
1.33423494	75.39597000	-2.81991000
1.33923494	75.39597000	-3.31431000
1.34423494	75.39597000	-3.31431000
1.34923494	75.39597000	-2.86874000
1.35423494	75.39597000	-2.03253300
1.35923494	75.39597000	-1.14139200
1.36423494	75.39597000	-0.30518510
1.36923494	75.45701000	0.11597030
1.37423494	75.68590000	0.02441481
1.37923494	74.57197000	0.00000000
1.38423494	72.25256000	0.00000000
1.38923494	71.07761000	0.00000000
1.39423494	71.07761000	0.00000000
1.39923494	72.31360000	0.00000000
1.40423494	74.86190000	0.00000000
1.40923494	74.86190000	0.02441481
1.41423494	72.31360000	0.11597030
1.41923494	71.13864000	-0.35401470
1.42423494	71.36753000	-1.37333300
1.42923494	71.42857000	-1.37333300
1.43423494	71.42857000	-0.35401470
1.43923494	71.42857000	0.11597030
1.44423494	71.42857000	0.02441481
1.44923494	71.42857000	0.00000000
1.45423494	71.42857000	0.00000000
1.45923494	71.42857000	0.02441481
1.46423494	71.42857000	0.11597030
1.46923494	71.42857000	-0.32959990
1.47423494	71.42857000	-1.25736300
1.47923494	71.42857000	-1.70293300
1.48423494	71.42857000	-1.61137700
1.48923494	71.42857000	-1.58696200
1.49423494	71.42857000	-1.58696200
1.49923494	71.48961000	-1.61137700
1.50423494	71.71850000	-1.70293300
1.50923494	70.54353000	-1.25736300
1.51423494	67.97997000	-0.32959990
1.51923494	68.04102000	0.14038510
1.52423494	70.83346000	0.14038510
1.52923494	70.89449000	-0.32959990
1.53423494	68.33094000	-1.25736300
1.53923494	67.15598000	-1.70293300
1.54423494	67.38486000	-1.61137700
1.54923494	67.44590000	-1.58696200
1.55423494	67.44590000	-1.58696200
1.55923494	67.44590000	-1.58696200
1.56423494	67.44590000	-1.58696200
1.56923494	67.44590000	-1.58696200
1.57423494	67.44590000	-1.58696200
1.57923494	67.50694000	-1.56254800
1.58423494	67.73582000	-1.47099200
1.58923494	66.56087000	-1.94097700
1.59423494	64.01257000	-2.96029500
1.59923494	64.01257000	-2.96029500
1.60423494	66.56087000	-1.94097700
1.60923494	67.79687000	-1.49540700
1.61423494	67.79687000	-1.67851800
1.61923494	66.62190000	-1.23294800
1.62423494	64.30249000	-0.21362960
1.62923494	63.18857000	-0.23804440
1.63423494	63.41746000	-1.34891800
1.63923494	63.47850000	-1.37333300
1.64423494	63.47850000	-0.35401470
1.64923494	63.47850000	0.11597030
1.65423494	63.47850000	0.02441481
1.65923494	63.47850000	0.00000000
1.66423494	63.47850000	0.00000000
1.66923494	63.47850000	0.00000000
1.67423494	63.47850000	0.00000000
1.67923494	63.47850000	0.00000000
1.68423494	63.47850000	0.00000000
1.68923494	63.47850000	0.00000000
1.69423494	63.47850000	0.00000000
1.69923494	63.53953000	-0.02441481
1.70423494	63.76842000	-0.11597030
1.70923494	62.59346000	0.35401470
1.71423494	60.04517000	1.37333300
1.71923494	60.10620000	1.37333300
1.72423494	62.88339000	0.35401470
1.72923494	62.94442000	-0.14038510
1.73423494	60.39613000	-0.14038510
1.73923494	59.22116000	0.32959990
1.74423494	59.45005000	1.25736300
1.74923494	59.51109000	1.70293300
1.75423494	59.51109000	1.61137700
1.75923494	59.51109000	1.63579200
1.76423494	59.51109000	1.81890300
1.76923494	59.51109000	0.90334780
1.77423494	59.51109000	-1.04373300
1.77923494	59.51109000	-1.48930300
1.78423494	59.51109000	-0.37842950
1.78923494	59.51109000	0.11597030
1.79423494	59.51109000	0.02441481
1.79923494	59.51109000	-0.02441481
1.80423494	59.51109000	-0.11597030
1.80923494	59.51109000	0.35401470
1.81423494	59.51109000	1.37333300
1.81923494	59.51109000	1.34891800
1.82423494	59.51109000	0.23804440
1.82923494	59.51109000	0.21362960
1.83423494	59.51109000	1.23294800
1.83923494	59.51109000	1.75176200
1.84423494	59.51109000	1.84331800
1.84923494	59.51109000	0.92776260
1.85423494	59.51109000	-0.92776260
1.85923494	59.51109000	-1.84331800
1.86423494	59.51109000	-1.75176200
1.86923494	59.57213000	-1.25736300
1.87423494	59.80102000	-0.32959990
1.87923494	58.68709000	0.14038510
1.88423494	56.36768000	0.14038510
1.88923494	55.25376000	-0.32959990
1.89423494	55.48264000	-1.25736300
1.89923494	55.54368000	-1.70293300
1.90423494	55.54368000	-1.61137700
1.90923494	55.54368000	-1.58696200
1.91423494	55.54368000	-1.58696200
1.91923494	55.54368000	-1.58696200
1.92423494	55.54368000	-1.58696200
1.92923494	55.54368000	-1.58696200
1.93423494	55.54368000	-1.58696200
1.93923494	55.54368000	-1.58696200
1.94423494	55.54368000	-1.58696200
1.94923494	55.54368000	-1.58696200
1.95423494	55.54368000	-1.58696200
1.95923494	55.54368000	-1.58696200
1.96423494	55.54368000	-1.58696200
1.96923494	55.54368000	-1.58696200
1.97423494	55.54368000	-1.58696200
1.97923494	55.54368000	-1.61137700
1.98423494	55.54368000	-1.70293300
1.98923494	55.54368000	-1.25736300
1.99423494	55.54368000	-0.32959990
1.99923494	55.60472000	0.11597030
2.00423494	55.83361000	0.02441481
2.00923494	54.71968000	0.00000000
2.01423494	52.40028000	0.00000000
2.01923494	51.28635000	-0.02441481
2.02423494	51.51524000	-0.11597030
2.02923494	51.57627000	0.35401470
2.03423494	51.57627000	1.37333300
2.03923494	51.57627000	1.34891800
2.04423494	51.57627000	0.23804440
2.04923494	51.57627000	0.21362960
2.05423494	51.57627000	1.23294800
2.05923494	51.57627000	1.72734800
2.06423494	51.57627000	1.72734800
2.06923494	51.57627000	1.25736300
2.07423494	51.57627000	0.32959990
2.07923494	51.57627000	-0.11597030
2.08423494	51.57627000	-0.02441481
2.08923494	51.63731000	0.00000000
2.09423494	51.86620000	0.00000000
2.09923494	50.69124000	-0.02441481
2.10423494	48.14294000	-0.11597030
2.10923494	48.14294000	0.35401470
2.11423494	50.69124000	1.37333300
2.11923494	51.92724000	1.37333300
2.12423494	51.92724000	0.35401470
2.12923494	50.75228000	-0.11597030
2.13423494	48.43287000	-0.02441481
2.13923494	47.31895000	0.00000000
2.14423494	47.54784000	0.00000000
2.14923494	47.54784000	0.00000000
2.15423494	47.31895000	0.00000000
2.15923494	48.49391000	0.02441481
2.16423494	51.04220000	0.11597030
2.16923494	51.04220000	-0.35401470
2.17423494	48.49391000	-1.37333300
2.17923494	47.31895000	-1.37333300
2.18423494	47.54784000	-0.35401470
2.18923494	47.60887000	0.11597030
2.19423494	47.60887000	0.02441481
2.19923494	47.60887000	0.00000000
2.20423494	47.60887000	0.00000000
2.20923494	47.60887000	0.00000000
2.21423494	47.60887000	0.00000000
2.21923494	47.60887000	0.00000000
2.22423494	47.60887000	0.00000000
2.22923494	47.60887000	0.00000000
2.23423494	47.60887000	0.00000000
2.23923494	47.60887000	-0.02441481
2.24423494	47.60887000	-0.11597030
2.24923494	47.60887000	0.35401470
2.25423494	47.60887000	1.37333300
2.25923494	47.60887000	1.37333300
2.26423494	47.60887000	0.35401470
2.26923494	47.66991000	-0.14038510
2.27423494	47.89880000	-0.14038510
2.27923494	46.78487000	0.32959990
2.28423494	44.46547000	1.25736300
2.28923494	43.35154000	1.72734800
2.29423494	43.58043000	1.72734800
2.29923494	43.64147000	1.23294800
2.30423494	43.64147000	0.21362960
2.30923494	43.64147000	0.21362960
2.31423494	43.64147000	1.23294800
2.31923494	43.64147000	1.72734800
2.32423494	43.64147000	1.72734800
2.32923494	43.64147000	1.25736300
2.33423494	43.64147000	0.32959990
2.33923494	43.64147000	-0.11597030
2.34423494	43.64147000	-0.02441481
2.34923494	43.64147000	0.00000000
2.35423494	43.64147000	0.00000000
2.35923494	43.64147000	0.02441481
2.36423494	43.64147000	0.11597030
2.36923494	43.64147000	-0.35401470
2.37423494	43.64147000	-1.37333300
2.37923494	43.64147000	-1.37333300
2.38423494	43.64147000	-0.35401470
2.38923494	43.64147000	0.11597030
2.39423494	43.64147000	0.02441481
2.39923494	43.64147000	0.00000000
2.40423494	43.64147000	0.00000000
2.40923494	43.64147000	0.00000000
2.41423494	43.64147000	0.00000000
2.41923494	43.64147000	0.00000000
2.42423494	43.64147000	0.00000000
2.42923493	43.64147000	0.00000000
2.43423493	43.64147000	0.00000000
2.43923493	43.64147000	0.00000000
2.44423493	43.64147000	0.00000000
2.44923493	43.70250000	0.00000000
2.45423493	43.93139000	0.00000000
2.45923493	42.75643000	0.00000000
2.46423493	40.20813000	0.00000000
2.46923493	40.26917000	0.00000000
2.47423493	43.04636000	0.00000000
2.47923493	43.10739000	0.00000000
2.48423493	40.55910000	0.00000000
2.48923493	39.38414000	0.00000000
2.49423493	39.61302000	0.00000000
2.49923493	39.67406000	0.00000000
2.50423493	39.67406000	0.00000000
2.50923493	39.67406000	0.02441481
2.51423493	39.67406000	0.11597030
2.51923493	39.67406000	-0.35401470
2.52423493	39.67406000	-1.37333300
2.52923493	39.67406000	-1.37333300
2.53423493	39.67406000	-0.35401470
2.53923493	39.67406000	0.11597030
2.54423493	39.67406000	0.02441481
2.54923493	39.67406000	0.00000000
2.55423493	39.67406000	0.00000000
2.55923493	39.67406000	-0.02441481
2.56423493	39.67406000	-0.11597030
2.56923493	39.67406000	0.35401470
2.57423493	39.67406000	1.37333300
2.57923493	39.67406000	1.34891800
2.58423493	39.67406000	0.23804440
2.58923493	39.67406000	0.23804440
2.59423493	39.67406000	1.34891800
2.59923493	39.67406000	1.34891800
2.60423493	39.67406000	0.23804440
2.60923493	39.67406000	0.23804440
2.61423493	39.67406000	1.34891800
2.61923493	39.67406000	1.34891800
2.62423493	39.67406000	0.23804440
2.62923493	39.73510000	0.21362960
2.63423493	39.96399000	1.23294800
2.63923493	38.85006000	1.70293300
2.64423493	36.53065000	1.61137700
2.64923493	35.35569000	1.61137700
2.65423493	35.35569000	1.70293300
2.65923493	36.59169000	1.23294800
2.66423493	39.13999000	0.21362960
2.66923493	39.13999000	0.21362960
2.67423493	36.59169000	1.23294800
2.67923493	35.41673000	1.70293300
2.68423493	35.64562000	1.61137700
2.68923493	35.70665000	1.58696200
2.69423493	35.70665000	1.58696200
2.69923493	35.70665000	1.58696200
2.70423493	35.70665000	1.58696200
2.70923493	35.70665000	1.58696200
2.71423493	35.70665000	1.58696200
2.71923493	35.70665000	1.61137700
2.72423493	35.70665000	1.70293300
2.72923493	35.70665000	1.25736300
2.73423493	35.70665000	0.32959990
2.73923493	35.70665000	-0.11597030
2.74423493	35.70665000	-0.02441481
2.74923493	35.70665000	0.00000000
2.75423493	35.70665000	0.00000000
2.75923493	35.70665000	0.00000000
2.76423493	35.70665000	0.00000000
2.76923493	35.70665000	0.02441481
2.77423493	35.70665000	0.11597030
2.77923493	35.70665000	-0.35401470
2.78423493	35.70665000	-1.37333300
2.78923493	35.70665000	-1.37333300
2.79423493	35.70665000	-0.35401470
2.79923493	35.70665000	0.14038510
2.80423493	35.70665000	0.14038510
2.80923493	35.70665000	-0.35401470
2.81423493	35.70665000	-1.37333300
2.81923493	35.70665000	-1.37333300
2.82423493	35.70665000	-0.35401470
2.82923493	35.70665000	0.11597030
2.83423493	35.70665000	0.02441481
2.83923493	35.70665000	-0.02441481
2.84423493	35.70665000	-0.11597030
2.84923493	35.70665000	0.35401470
2.85423493	35.70665000	1.37333300
2.85923493	35.76769000	1.37333300
2.86423493	35.99658000	0.35401470
2.86923493	34.88266000	-0.14038510
2.87423493	32.56325000	-0.14038510
2.87923493	31.44932000	0.32959990
2.88423493	31.67821000	1.25736300
2.88923493	31.73925000	1.70293300
2.89423493	31.73925000	1.61137700
2.89923493	31.73925000	1.61137700
2.90423493	31.73925000	1.70293300
2.90923493	31.73925000	1.23294800
2.91423493	31.73925000	0.21362960
2.91923493	31.73925000	0.23804440
2.92423493	31.73925000	1.34891800
2.92923493	31.73925000	1.34891800
2.93423493	31.73925000	0.23804440
2.93923493	31.73925000	0.23804440
2.94423493	31.73925000	1.34891800
2.94923493	31.73925000	1.34891800
2.95423493	31.73925000	0.23804440
2.95923493	31.73925000	0.21362960
2.96423493	31.73925000	1.23294800
2.96923493	31.73925000	1.70293300
2.97423493	31.73925000	1.61137700
2.97923493	31.73925000	1.58696200
2.98423493	31.73925000	1.58696200
2.98923493	31.73925000	1.58696200
2.99423493	31.73925000	1.58696200
2.99923493	31.73925000	1.61137700
3.00423493	31.73925000	1.70293300
3.00923493	31.73925000	1.25736300
3.01423493	31.73925000	0.32959990
3.01923493	31.73925000	-0.14038510
3.02423493	31.73925000	-0.14038510
3.02923493	31.73925000	0.32959990
3.03423493	31.73925000	1.25736300
3.03923493	31.73925000	1.72734800
3.04423493	31.73925000	1.72734800
3.04923493	31.73925000	1.23294800
3.05423493	31.73925000	0.21362960
3.05923493	31.73925000	0.23804440
3.06423493	31.73925000	1.34891800
3.06923493	31.73925000	1.34891800
3.07423493	31.73925000	0.23804440
3.07923493	31.73925000	0.23804440
3.08423493	31.73925000	1.34891800
3.08923493	31.73925000	1.34891800
3.09423493	31.73925000	0.23804440
3.09923493	31.73925000	0.21362960
3.10423493	31.73925000	1.23294800
3.10923493	31.73925000	1.70293300
3.11423493	31.73925000	1.61137700
3.11923493	31.73925000	1.58696200
3.12423493	31.73925000	1.58696200
3.12923493	31.80028000	1.61137700
3.13423493	32.02917000	1.70293300
3.13923493	30.85421000	1.23294800
3.14423493	28.30592000	0.21362960
3.14923493	28.36695000	0.21362960
3.15423493	31.14414000	1.23294800
3.15923493	31.14414000	1.70293300
3.16423493	28.36695000	1.61137700
3.16923493	28.36695000	1.58696200
3.17423493	31.14414000	1.58696200
3.17923493	31.20517000	1.56254800
3.18423493	28.65688000	1.47099200
3.18923493	27.48192000	1.91656200
3.19423493	27.71080000	2.84432500
3.19923493	27.77184000	3.28989500
3.20423493	27.77184000	3.19834000
3.20923493	27.77184000	3.19834000
3.21423493	27.77184000	3.28989500
3.21923493	27.77184000	2.81991000
3.22423493	27.77184000	1.80059200
3.22923493	27.77184000	1.80059200
3.23423493	27.77184000	2.81991000
3.23923493	27.77184000	3.31431000
3.24423493	27.77184000	3.31431000
3.24923493	27.77184000	2.84432500
3.25423493	27.77184000	1.91656200
3.25923493	27.77184000	1.47099200
3.26423493	27.77184000	1.56254800
3.26923493	27.77184000	1.58696200
3.27423493	27.77184000	1.58696200
3.27923493	27.77184000	1.58696200
3.28423493	27.77184000	1.58696200
3.28923493	27.77184000	1.58696200
3.29423493	27.77184000	1.58696200
3.29923493	27.77184000	1.61137700
3.30423493	27.77184000	1.70293300
3.30923493	27.77184000	1.25736300
3.31423493	27.77184000	0.32959990
3.31923493	27.83288000	-0.11597030
3.32423493	28.06177000	-0.02441481
3.32923493	26.88680000	0.00000000
3.33423493	24.33851000	0.00000000
3.33923493	24.39955000	0.00000000
3.34423493	27.17673000	0.00000000
3.34923493	27.17673000	0.00000000
3.35423493	24.39955000	0.00000000
3.35923493	24.39955000	0.00000000
3.36423493	27.17673000	0.00000000
3.36923493	27.23777000	0.00000000
3.37423493	24.68947000	0.00000000
3.37923493	23.51451000	0.00000000
3.38423493	23.74340000	0.00000000
3.38923493	23.74340000	0.00000000
3.39423493	23.51451000	0.00000000
3.39923493	24.68947000	0.00000000
3.40423493	27.23777000	0.00000000
3.40923493	27.23777000	0.00000000
3.41423493	24.68947000	0.00000000
3.41923493	23.51451000	0.00000000
3.42423493	23.74340000	0.00000000
3.42923493	23.74340000	0.02441481
3.43423493	23.51451000	0.11597030
3.43923493	24.68947000	-0.35401470
3.44423493	27.23777000	-1.37333300
3.44923493	27.23777000	-1.37333300
3.45423493	24.68947000	-0.35401470
3.45923493	23.51451000	0.11597030
3.46423493	23.74340000	0.02441481
3.46923493	23.80444000	0.00000000
3.47423493	23.80444000	0.00000000
3.47923493	23.80444000	0.00000000
3.48423493	23.80444000	0.00000000
3.48923493	23.80444000	0.00000000
3.49423493	23.80444000	0.00000000
3.49923493	23.80444000	-0.02441481
3.50423493	23.80444000	-0.11597030
3.50923493	23.80444000	0.35401470
3.51423493	23.80444000	1.37333300
3.51923493	23.80444000	1.39774800
3.52423493	23.80444000	0.46998500
3.52923493	23.80444000	-0.44557020
3.53423493	23.80444000	-1.28177700
3.53923493	23.80444000	-1.72734800
3.54423493	23.80444000	-1.72734800
3.54923493	23.80444000	-1.25736300
3.55423493	23.80444000	-0.32959990
3.55923493	23.80444000	0.14038510
3.56423493	23.80444000	0.14038510
3.56923493	23.80444000	-0.32959990
3.57423493	23.80444000	-1.25736300
3.57923493	23.80444000	-1.70293300
3.58423493	23.80444000	-1.61137700
3.58923493	23.80444000	-1.61137700
3.59423493	23.80444000	-1.70293300
3.59923493	23.80444000	-1.25736300
3.60423493	23.80444000	-0.32959990
3.60923493	23.80444000	0.11597030
3.61423493	23.80444000	0.02441481
3.61923493	23.80444000	0.02441481
3.62423493	23.80444000	0.11597030
3.62923493	23.80444000	-0.40284430
3.63423493	23.80444000	-1.60527400
3.63923493	23.80444000	-0.68971830
3.64423493	23.80444000	2.27668100
3.64923493	23.86547000	3.19223600
3.65423493	24.09436000	1.98980700
3.65923493	22.91940000	1.47099200
3.66423493	20.37111000	1.56254800
3.66923493	20.37111000	1.58696200
3.67423493	22.91940000	1.58696200
3.67923493	24.09436000	1.58696200
3.68423493	23.86547000	1.58696200
3.68923493	23.80444000	1.58696200
3.69423493	23.80444000	1.58696200
3.69923493	23.86547000	1.58696200
3.70423493	24.09436000	1.58696200
3.70923493	22.98043000	1.58696200
3.71423493	20.66103000	1.58696200
3.71923493	19.48607000	1.58696200
3.72423493	19.48607000	1.58696200
3.72923493	20.66103000	1.56254800
3.73423493	22.98043000	1.47099200
3.73923493	24.15540000	1.94097700
3.74423493	24.15540000	2.96029500
3.74923493	22.91940000	2.96029500
3.75423493	20.37111000	1.94097700
3.75923493	20.43214000	1.47099200
3.76423493	23.20932000	1.56254800
3.76923493	23.20932000	1.58696200
3.77423493	20.43214000	1.58696200
3.77923493	20.43214000	1.58696200
3.78423493	23.20932000	1.58696200
3.78923493	23.20932000	1.58696200
3.79423493	20.43214000	1.58696200
3.79923493	20.43214000	1.58696200
3.80423493	23.20932000	1.58696200
3.80923493	23.27036000	1.58696200
3.81423493	20.72207000	1.58696200
3.81923493	19.54710000	1.61137700
3.82423493	19.77599000	1.70293300
3.82923493	19.83703000	1.25736300
3.83423493	19.83703000	0.32959990
3.83923493	19.83703000	-0.11597030
3.84423493	19.83703000	-0.02441481
3.84923493	19.83703000	0.02441481
3.85423493	19.83703000	0.11597030
3.85923493	19.83703000	-0.32959990
3.86423493	19.83703000	-1.25736300
3.86923493	19.83703000	-1.70293300
3.87423493	19.83703000	-1.61137700
3.87923493	19.83703000	-1.58696200
3.88423493	19.83703000	-1.58696200
3.88923493	19.83703000	-1.61137700
3.89423493	19.83703000	-1.70293300
3.89923493	19.83703000	-1.25736300
3.90423493	19.83703000	-0.32959990
3.90923493	19.83703000	0.11597030
3.91423493	19.83703000	0.02441481
3.91923493	19.83703000	-0.02441481
3.92423493	19.83703000	-0.11597030
3.92923493	19.83703000	0.35401470
3.93423493	19.83703000	1.37333300
3.93923493	19.83703000	1.37333300
3.94423493	19.83703000	0.35401470
3.94923493	19.83703000	-0.09155553
3.95423493	19.83703000	0.09155553
3.95923493	19.83703000	-0.35401470
3.96423493	19.83703000	-1.37333300
3.96923493	19.83703000	-1.37333300
3.97423493	19.83703000	-0.35401470
3.97923493	19.83703000	0.11597030
3.98423493	19.83703000	0.02441481
3.98923493	19.89807000	0.00000000
3.99423493	20.12696000	0.00000000
3.99923493	18.95199000	0.00000000
4.00423493	16.40370000	0.00000000
4.00923493	16.46474000	0.00000000
4.01423493	19.24192000	0.00000000
4.01923493	19.24192000	-0.02441481
4.02423493	16.46474000	-0.11597030
4.02923493	16.40370000	0.32959990
4.03423493	18.95199000	1.25736300
4.03923493	20.12696000	1.70293300
4.04423493	19.89807000	1.61137700
4.04923493	19.83703000	1.61137700
4.05423493	19.83703000	1.70293300
4.05923493	19.83703000	1.23294800
4.06423493	19.83703000	0.21362960
4.06923493	19.89807000	0.21362960
4.07423492	20.12696000	1.23294800
4.07923492	19.01303000	1.72734800
4.08423492	16.69362000	1.72734800
4.08923492	15.51866000	1.23294800
4.09423492	15.51866000	0.21362960
4.09923492	16.75466000	0.23804440
4.10423492	19.30296000	1.34891800
4.10923492	19.30296000	1.37333300
4.11423492	16.75466000	0.35401470
4.11923492	15.51866000	-0.11597030
4.12423492	15.51866000	-0.02441481
4.12923492	16.69362000	0.00000000
4.13423492	19.01303000	0.00000000
4.13923492	20.18799000	0.02441481
4.14423492	20.18799000	0.11597030
4.14923492	18.95199000	-0.35401470
4.15423492	16.40370000	-1.37333300
4.15923492	16.46474000	-1.37333300
4.16423492	19.24192000	-0.35401470
4.16923492	19.30296000	0.14038510
4.17423492	16.75466000	0.14038510
4.17923492	15.57970000	-0.32959990
4.18423492	15.80859000	-1.25736300
4.18923492	15.80859000	-1.70293300
4.19423492	15.57970000	-1.61137700
4.19923492	16.75466000	-1.58696200
4.20423492	19.30296000	-1.58696200
4.20923492	19.30296000	-1.58696200
4.21423492	16.75466000	-1.58696200
4.21923492	15.57970000	-1.58696200
4.22423492	15.80859000	-1.58696200
4.22923492	15.86962000	-1.58696200
4.23423492	15.86962000	-1.58696200
4.23923492	15.86962000	-1.58696200
4.24423492	15.86962000	-1.58696200
4.24923492	15.86962000	-1.58696200
4.25423492	15.86962000	-1.58696200
4.25923492	15.86962000	-1.58696200
4.26423492	15.86962000	-1.58696200
4.26923492	15.86962000	-1.61137700
4.27423492	15.86962000	-1.70293300
4.27923492	15.86962000	-1.25736300
4.28423492	15.86962000	-0.32959990
4.28923492	15.86962000	0.09155553
4.29423492	15.86962000	-0.09155553
4.29923492	15.86962000	0.32959990
4.30423492	15.86962000	1.25736300
4.30923492	15.86962000	1.70293300
4.31423492	15.86962000	1.61137700
4.31923492	15.86962000	1.58696200
4.32423492	15.86962000	1.58696200
4.32923492	15.86962000	1.58696200
4.33423492	15.86962000	1.58696200
4.33923492	15.86962000	1.61137700
4.34423492	15.86962000	1.70293300
4.34923492	15.86962000	1.23294800
4.35423492	15.86962000	0.21362960
4.35923492	15.86962000	0.21362960
4.36423492	15.86962000	1.23294800
4.36923492	15.86962000	1.70293300
4.37423492	15.86962000	1.61137700
4.37923492	15.86962000	1.58696200
4.38423492	15.86962000	1.58696200
4.38923492	15.86962000	1.58696200
4.39423492	15.86962000	1.58696200
4.39923492	15.86962000	1.58696200
4.40423492	15.86962000	1.58696200
4.40923492	15.86962000	1.61137700
4.41423492	15.86962000	1.70293300
4.41923492	15.86962000	1.25736300
4.42423492	15.86962000	0.32959990
4.42923492	15.86962000	-0.14038510
4.43423492	15.86962000	-0.14038510
4.43923492	15.86962000	0.32959990
4.44423492	15.86962000	1.25736300
4.44923492	15.86962000	1.72734800
4.45423492	15.86962000	1.72734800
4.45923492	15.86962000	1.25736300
4.46423492	15.86962000	0.32959990
4.46923492	15.86962000	-0.11597030
4.47423492	15.86962000	-0.02441481
4.47923492	15.86962000	0.02441481
4.48423492	15.86962000	0.11597030
4.48923492	15.86962000	-0.35401470
4.49423492	15.86962000	-1.37333300
4.49923492	15.86962000	-1.37333300
4.50423492	15.86962000	-0.35401470
4.50923492	15.86962000	0.11597030
4.51423492	15.86962000	0.02441481
4.51923492	15.86962000	0.00000000
4.52423492	15.86962000	0.00000000
4.52923492	15.86962000	0.02441481
4.53423492	15.86962000	0.11597030
4.53923492	15.86962000	-0.35401470
4.54423492	15.86962000	-1.37333300
4.54923492	15.86962000	-1.39774800
4.55423492	15.86962000	-0.46998500
4.55923492	15.86962000	0.46998500
4.56423492	15.86962000	1.39774800
4.56923492	15.86962000	1.37333300
4.57423492	15.86962000	0.35401470
4.57923492	15.86962000	-0.11597030
4.58423492	15.86962000	-0.02441481
4.58923492	15.86962000	0.00000000
4.59423492	15.86962000	0.00000000
4.59923492	15.86962000	-0.02441481
4.60423492	15.86962000	-0.11597030
4.60923492	15.86962000	0.35401470
4.61423492	15.86962000	1.37333300
4.61923492	15.86962000	1.37333300
4.62423492	15.86962000	0.35401470
4.62923492	15.86962000	-0.11597030
4.63423492	15.86962000	-0.02441481
4.63923492	15.86962000	0.00000000
4.64423492	15.86962000	0.00000000
4.64923492	15.86962000	0.00000000
4.65423492	15.86962000	0.00000000
4.65923492	15.93066000	0.00000000
4.66423492	16.15955000	0.00000000
4.66923492	15.04562000	0.00000000
4.67423492	12.72622000	0.00000000
4.67923492	11.61229000	0.00000000
4.68423492	11.84118000	0.00000000
4.68923492	11.90222000	0.00000000
4.69423492	11.90222000	0.00000000
4.69923492	11.90222000	-0.02441481
4.70423492	11.90222000	-0.11597030
4.70923492	11.90222000	0.35401470
4.71423492	11.90222000	1.37333300
4.71923492	11.90222000	1.37333300
4.72423492	11.90222000	0.35401470
4.72923492	11.90222000	-0.11597030
4.73423492	11.90222000	-0.02441481
4.73923492	11.90222000	0.00000000
4.74423492	11.90222000	0.00000000
4.74923492	11.90222000	0.02441481
4.75423492	11.90222000	0.11597030
4.75923492	11.90222000	-0.32959990
4.76423492	11.90222000	-1.25736300
4.76923492	11.90222000	-1.72734800
4.77423492	11.90222000	-1.72734800
4.77923492	11.90222000	-1.25736300
4.78423492	11.90222000	-0.32959990
4.78923492	11.90222000	0.11597030
4.79423492	11.90222000	0.02441481
4.79923492	11.90222000	0.02441481
4.80423492	11.90222000	0.11597030
4.80923492	11.90222000	-0.32959990
4.81423492	11.90222000	-1.25736300
4.81923492	11.90222000	-1.72734800
4.82423492	11.90222000	-1.72734800
4.82923492	11.90222000	-1.25736300
4.83423492	11.90222000	-0.32959990
4.83923492	11.90222000	0.11597030
4.84423492	11.90222000	0.02441481
4.84923492	11.90222000	0.02441481
4.85423492	11.90222000	0.11597030
4.85923492	11.90222000	-0.32959990
4.86423492	11.90222000	-1.25736300
4.86923492	11.90222000	-1.72734800
4.87423492	11.90222000	-1.72734800
4.87923492	11.90222000	-1.25736300
4.88423492	11.90222000	-0.32959990
4.88923492	11.90222000	0.11597030
4.89423492	11.90222000	0.02441481
4.89923492	11.90222000	0.00000000
4.90423492	11.90222000	0.00000000
4.90923492	11.90222000	0.00000000
4.91423492	11.90222000	0.00000000
4.91923492	11.90222000	-0.02441481
4.92423492	11.90222000	-0.11597030
4.92923492	11.90222000	0.32959990
4.93423492	11.90222000	1.25736300
4.93923492	11.90222000	1.70293300
4.94423492	11.90222000	1.61137700
4.94923492	11.90222000	1.58696200
4.95423492	11.90222000	1.58696200
4.95923492	11.90222000	1.58696200
4.96423492	11.90222000	1.58696200
4.96923492	11.90222000	1.61137700
4.97423492	11.90222000	1.70293300
4.97923492	11.90222000	1.25736300
4.98423492	11.90222000	0.32959990
4.98923492	11.90222000	-0.11597030
4.99423492	11.90222000	-0.02441481
4.99923492	11.90222000	0.00000000
5.00423492	11.90222000	0.00000000
5.00923492	11.90222000	0.00000000
5.01423492	11.90222000	0.00000000
5.01923492	11.90222000	0.00000000
5.02423492	11.90222000	0.00000000
5.02923492	11.90222000	0.02441481
5.03423492	11.90222000	0.11597030
5.03923492	11.90222000	-0.35401470
5.04423492	11.90222000	-1.37333300
5.04923492	11.90222000	-1.34891800
5.05423492	11.90222000	-0.23804440
5.05923492	11.90222000	-0.23804440
5.06423492	11.90222000	-1.34891800
5.06923492	11.90222000	-1.34891800
5.07423492	11.90222000	-0.23804440
5.07923492	11.90222000	-0.23804440
5.08423492	11.90222000	-1.34891800
5.08923492	11.96325000	-1.34891800
5.09423492	12.19214000	-0.23804440
5.09923492	11.01718000	-0.23804440
5.10423492	8.46888600	-1.34891800
5.10923492	8.52992300	-1.34891800
5.11423492	11.30711000	-0.23804440
5.11923492	11.30711000	-0.26245920
5.12423492	8.52992300	-1.46488800
5.12923492	8.52992300	-1.04373300
5.13423492	11.30711000	0.90334780
5.13923492	11.30711000	1.86773300
5.14423492	8.52992300	1.86773300
5.14923492	8.46888600	0.92776260
5.15423492	11.01718000	-0.92776260
5.15923492	12.25318000	-1.86773300
5.16423492	12.25318000	-1.86773300
5.16923492	11.01718000	-0.90334780
5.17423492	8.46888600	1.04373300
5.17923492	8.46888600	1.46488800
5.18423492	11.01718000	0.26245920
5.18923492	12.25318000	0.23804440
5.19423492	12.25318000	1.34891800
5.19923492	11.07822000	1.37333300
5.20423492	8.75881200	0.35401470
5.20923492	7.64488600	-0.14038510
5.21423492	7.87377500	-0.14038510
5.21923492	7.93481200	0.35401470
5.22423492	7.93481200	1.37333300
5.22923492	7.93481200	1.37333300
5.23423492	7.93481200	0.35401470
5.23923492	7.93481200	-0.11597030
5.24423492	7.93481200	-0.02441481
5.24923492	7.87377500	0.00000000
5.25423492	7.64488600	0.00000000
5.25923492	8.75881200	0.00000000
5.26423492	11.07822000	0.00000000
5.26923492	12.25318000	0.00000000
5.27423492	12.25318000	0.00000000
5.27923492	11.07822000	0.02441481
5.28423492	8.75881200	0.11597030
5.28923492	7.64488600	-0.32959990
5.29423492	7.87377500	-1.25736300
5.29923492	7.93481200	-1.70293300
5.30423492	7.93481200	-1.61137700
5.30923492	7.93481200	-1.58696200
5.31423492	7.93481200	-1.58696200
5.31923492	7.93481200	-1.61137700
5.32423492	7.93481200	-1.70293300
5.32923492	7.93481200	-1.23294800
5.33423492	7.93481200	-0.21362960
5.33923492	7.93481200	-0.21362960
5.34423492	7.93481200	-1.23294800
5.34923492	7.93481200	-1.70293300
5.35423492	7.93481200	-1.61137700
5.35923492	7.93481200	-1.61137700
5.36423492	7.93481200	-1.70293300
5.36923492	7.93481200	-1.25736300
5.37423492	7.93481200	-0.32959990
5.37923492	7.93481200	0.14038510
5.38423492	7.93481200	0.14038510
5.38923492	7.93481200	-0.32959990
5.39423492	7.93481200	-1.25736300
5.39923492	7.93481200	-1.70293300
5.40423492	7.93481200	-1.61137700
5.40923492	7.93481200	-1.61137700
5.41423492	7.93481200	-1.70293300
5.41923492	7.93481200	-1.23294800
5.42423492	7.93481200	-0.21362960
5.42923492	7.93481200	-0.23804440
5.43423492	7.93481200	-1.34891800
5.43923492	7.93481200	-1.37333300
5.44423492	7.93481200	-0.35401470
5.44923492	7.93481200	0.11597030
5.45423492	7.93481200	0.02441481
5.45923492	7.93481200	-0.02441481
5.46423492	7.93481200	-0.11597030
5.46923492	7.93481200	0.35401470
5.47423492	7.93481200	1.37333300
5.47923492	7.93481200	1.37333300
5.48423492	7.93481200	0.35401470
5.48923492	7.93481200	-0.14038510
5.49423492	7.93481200	-0.14038510
5.49923492	7.93481200	0.35401470
5.50423492	7.93481200	1.37333300
5.50923492	7.93481200	1.34891800
5.51423492	7.93481200	0.23804440
5.51923492	7.93481200	0.21362960
5.52423492	7.93481200	1.23294800
5.52923492	7.93481200	1.70293300
5.53423492	7.93481200	1.61137700
5.53923492	7.93481200	1.61137700
5.54423492	7.93481200	1.70293300
5.54923492	7.93481200	1.23294800
5.55423492	7.93481200	0.21362960
5.55923492	7.93481200	0.23804440
5.56423492	7.93481200	1.34891800
5.56923492	7.93481200	1.39774800
5.57423492	7.93481200	0.46998500
5.57923492	7.93481200	-0.44557020
5.58423492	7.93481200	-1.28177700
5.58923492	7.93481200	-1.70293300
5.59423492	7.93481200	-1.61137700
5.59923492	7.93481200	-1.56254800
5.60423492	7.93481200	-1.47099200
5.60923492	7.93481200	-1.91656200
5.61423492	7.93481200	-2.84432500
5.61923492	7.93481200	-3.28989500
5.62423492	7.93481200	-3.19834000
5.62923492	7.93481200	-3.17392500
5.63423492	7.93481200	-3.17392500
5.63923492	7.93481200	-3.19834000
5.64423492	7.93481200	-3.28989500
5.64923492	7.93481200	-2.84432500
5.65423492	7.93481200	-1.91656200
5.65923492	7.93481200	-1.47099200
5.66423492	7.93481200	-1.56254800
5.66923492	7.93481200	-1.61137700
5.67423492	7.93481200	-1.70293300
5.67923492	7.93481200	-1.25736300
5.68423492	7.93481200	-0.32959990
5.68923492	7.93481200	0.11597030
5.69423492	7.93481200	0.02441481
5.69923492	7.93481200	0.00000000
5.70423492	7.93481200	0.00000000
5.70923492	7.93481200	0.00000000
5.71423492	7.93481200	0.00000000
5.71923491	7.93481200	0.00000000
5.72423491	7.93481200	0.00000000
5.72923491	7.93481200	0.02441481
5.73423491	7.93481200	0.11597030
5.73923491	7.93481200	-0.37842950
5.74423491	7.93481200	-1.48930300
5.74923491	7.93481200	-1.01931800
5.75423491	7.93481200	1.01931800
5.75923491	7.93481200	1.48930300
5.76423491	7.93481200	0.37842950
5.76923491	7.93481200	-0.11597030
5.77423491	7.93481200	-0.02441481
5.77923491	7.93481200	0.00000000
5.78423491	7.93481200	0.00000000
5.78923491	7.93481200	0.00000000
5.79423491	7.93481200	0.00000000
5.79923491	7.93481200	0.00000000
5.80423491	7.93481200	0.00000000
5.80923491	7.93481200	0.00000000
5.81423491	7.93481200	0.00000000
5.81923491	7.93481200	0.00000000
5.82423491	7.93481200	0.00000000
5.82923491	7.93481200	0.00000000
5.83423491	7.93481200	0.00000000
5.83923491	7.93481200	0.00000000
5.84423491	7.93481200	0.00000000
5.84923491	7.93481200	0.00000000
5.85423491	7.93481200	0.00000000
5.85923491	7.93481200	0.00000000
5.86423491	7.93481200	0.00000000
5.86923491	7.93481200	0.00000000
5.87423491	7.93481200	0.00000000
5.87923491	7.93481200	0.02441481
5.88423491	7.93481200	0.11597030
5.88923491	7.93481200	-0.32959990
5.89423491	7.93481200	-1.25736300
5.89923491	7.93481200	-1.72734800
5.90423491	7.93481200	-1.72734800
5.90923491	7.93481200	-1.23294800
5.91423491	7.93481200	-0.21362960
5.91923491	7.93481200	-0.23804440
5.92423491	7.93481200	-1.34891800
5.92923491	7.93481200	-1.37333300
5.93423491	7.93481200	-0.35401470
5.93923491	7.93481200	0.14038510
5.94423491	7.93481200	0.14038510
5.94923491	7.93481200	-0.35401470
5.95423491	7.93481200	-1.37333300
5.95923491	7.93481200	-1.34891800
5.96423491	7.93481200	-0.23804440
5.96923491	7.93481200	-0.21362960
5.97423491	7.93481200	-1.23294800
5.97923491	7.93481200	-1.70293300
5.98423491	7.93481200	-1.61137700
5.98923491	7.93481200	-1.61137700
5.99423491	7.93481200	-1.70293300
5.99923491	7.93481200	-1.25736300
6.00423491	7.93481200	-0.32959990
6.00923491	7.93481200	0.11597030
6.01423491	7.93481200	0.02441481
6.01923491	7.93481200	0.00000000
6.02423491	7.93481200	0.00000000
6.02923491	7.93481200	0.00000000
6.03423491	7.93481200	0.00000000
6.03923491	7.93481200	0.00000000
6.04423491	7.93481200	0.00000000
6.04923491	7.99584900	0.00000000
6.05423491	8.22473800	0.00000000
6.05923491	7.04977500	0.00000000
6.06423491	4.50148000	0.00000000
6.06923491	4.50148000	0.00000000
6.07423491	7.04977500	0.00000000
6.07923491	8.22473800	0.02441481
6.08423491	7.99584900	0.11597030
6.08923491	7.93481200	-0.32959990
6.09423491	7.93481200	-1.25736300
6.09923491	7.93481200	-1.70293300
6.10423491	7.93481200	-1.61137700
6.10923491	7.99584900	-1.58696200
6.11423491	8.22473800	-1.58696200
6.11923491	7.04977500	-1.61137700
6.12423491	4.50148000	-1.70293300
6.12923491	4.50148000	-1.23294800
6.13423491	7.04977500	-0.21362960
6.13923491	8.22473800	-0.23804440
6.14423491	7.99584900	-1.34891800
6.14923491	7.93481200	-1.37333300
6.15423491	7.93481200	-0.35401470
6.15923491	7.93481200	0.11597030
6.16423491	7.93481200	0.02441481
6.16923491	7.93481200	0.00000000
6.17423491	7.93481200	0.00000000
6.17923491	7.99584900	0.02441481
6.18423491	8.22473800	0.11597030
6.18923491	7.04977500	-0.32959990
6.19423491	4.50148000	-1.25736300
6.19923491	4.50148000	-1.70293300
6.20423491	7.04977500	-1.61137700
6.20923491	8.22473800	-1.58696200
6.21423491	7.99584900	-1.58696200
6.21923491	7.93481200	-1.58696200
6.22423491	7.93481200	-1.58696200
6.22923491	7.93481200	-1.58696200
6.23423491	7.93481200	-1.58696200
6.23923491	7.93481200	-1.58696200
6.24423491	7.93481200	-1.58696200
6.24923491	7.93481200	-1.58696200
6.25423491	7.93481200	-1.58696200
6.25923491	7.93481200	-1.58696200
6.26423491	7.93481200	-1.58696200
6.26923491	7.93481200	-1.58696200
6.27423491	7.93481200	-1.58696200
6.27923491	7.99584900	-1.58696200
6.28423491	8.22473800	-1.58696200
6.28923491	7.11081200	-1.61137700
6.29423491	4.79140600	-1.70293300
6.29923491	3.61644300	-1.25736300
6.30423491	3.61644300	-0.32959990
6.30923491	4.85244300	0.11597030
6.31423491	7.40073800	0.02441481
6.31923491	7.33970100	0.00000000
6.32423491	4.56251700	0.00000000
6.32923491	4.50148000	0.00000000
6.33423491	7.04977500	0.00000000
6.33923491	8.28577500	0.00000000
6.34423491	8.28577500	0.00000000
6.34923491	7.11081200	0.00000000
6.35423491	4.79140600	0.00000000
6.35923491	3.67748000	0.00000000
6.36423491	3.90636900	0.00000000
6.36923491	3.96740600	0.00000000
6.37423491	3.96740600	0.00000000
6.37923491	3.96740600	0.00000000
6.38423491	3.96740600	0.00000000
6.38923491	3.96740600	0.02441481
6.39423491	3.96740600	0.11597030
6.39923491	3.90636900	-0.32959990
6.40423491	3.67748000	-1.25736300
6.40923491	4.85244300	-1.72734800
6.41423491	7.40073800	-1.72734800
6.41923491	7.33970100	-1.25736300
6.42423491	4.56251700	-0.32959990
6.42923491	4.56251700	0.14038510
6.43423491	7.33970100	0.14038510
6.43923491	7.40073800	-0.32959990
6.44423491	4.85244300	-1.25736300
6.44923491	3.67748000	-1.67851800
6.45423491	3.90636900	-1.49540700
6.45923491	3.90636900	-1.91656200
6.46423491	3.67748000	-2.84432500
6.46923491	4.85244300	-3.31431000
6.47423491	7.40073800	-3.31431000
6.47923491	7.40073800	-2.81991000
6.48423491	4.85244300	-1.80059200
6.48923491	3.67748000	-1.77617700
6.49423491	3.90636900	-2.70394000
6.49923491	3.96740600	-3.66832500
6.50423491	3.96740600	-4.68764300
6.50923491	3.90636900	-4.19324400
6.51423491	3.67748000	-2.15460700
6.51923491	4.85244300	-1.68462200
6.52423491	7.40073800	-2.79549500
6.52923491	7.33970100	-3.28989500
6.53423491	4.56251700	-3.19834000
6.53923491	4.56251700	-3.17392500
6.54423491	7.33970100	-3.17392500
6.54923491	7.33970100	-3.19834000
6.55423491	4.56251700	-3.28989500
6.55923491	4.56251700	-2.84432500
6.56423491	7.33970100	-1.91656200
6.56923491	7.40073800	-1.47099200
6.57423491	4.85244300	-1.56254800
6.57923491	3.67748000	-1.58696200
6.58423491	3.90636900	-1.58696200
6.58923491	3.96740600	-1.61137700
6.59423491	3.96740600	-1.70293300
6.59923491	3.96740600	-1.23294800
6.60423491	3.96740600	-0.21362960
6.60923491	3.96740600	-0.21362960
6.61423491	3.96740600	-1.23294800
6.61923491	3.90636900	-1.70293300
6.62423491	3.67748000	-1.61137700
6.62923491	4.85244300	-1.58696200
6.63423491	7.40073800	-1.58696200
6.63923491	7.40073800	-1.58696200
6.64423491	4.85244300	-1.58696200
6.64923491	3.67748000	-1.58696200
6.65423491	3.90636900	-1.58696200
6.65923491	3.96740600	-1.56254800
6.66423491	3.96740600	-1.47099200
6.66923491	3.90636900	-1.94097700
6.67423491	3.67748000	-2.96029500
6.67923491	4.85244300	-2.98471000
6.68423491	7.40073800	-2.05694700
6.68923491	7.40073800	-1.11697700
6.69423491	4.85244300	-0.18921480
6.69923491	3.67748000	-0.23804440
6.70423491	3.90636900	-1.34891800
6.70923491	3.90636900	-1.39774800
6.71423491	3.67748000	-0.46998500
6.71923491	4.85244300	0.46998500
6.72423491	7.40073800	1.39774800
6.72923491	7.40073800	1.37333300
6.73423491	4.85244300	0.35401470
6.73923491	3.67748000	-0.11597030
6.74423491	3.90636900	-0.02441481
6.74923491	3.96740600	0.00000000
6.75423491	3.96740600	0.00000000
6.75923491	3.96740600	0.02441481
6.76423491	3.96740600	0.11597030
6.76923491	3.96740600	-0.35401470
6.77423491	3.96740600	-1.37333300
6.77923491	3.96740600	-1.37333300
6.78423491	3.96740600	-0.35401470
6.78923491	3.96740600	0.11597030
6.79423491	3.96740600	0.02441481
6.79923491	3.96740600	0.00000000
6.80423491	3.96740600	0.00000000
6.80923491	3.96740600	0.00000000
6.81423491	3.96740600	0.00000000
6.81923491	3.96740600	0.02441481
6.82423491	3.96740600	0.11597030
6.82923491	3.96740600	-0.32959990
6.83423491	3.96740600	-1.25736300
6.83923491	3.96740600	-1.72734800
6.84423491	3.96740600	-1.72734800
6.84923491	3.96740600	-1.25736300
6.85423491	3.96740600	-0.32959990
6.85923491	3.96740600	0.14038510
6.86423491	3.96740600	0.14038510
6.86923491	3.96740600	-0.32959990
6.87423491	3.96740600	-1.25736300
6.87923491	3.96740600	-1.70293300
6.88423491	3.96740600	-1.61137700
6.88923491	3.96740600	-1.58696200
6.89423491	3.96740600	-1.58696200
6.89923491	3.96740600	-1.61137700
6.90423491	3.96740600	-1.70293300
6.90923491	3.96740600	-1.23294800
6.91423491	3.96740600	-0.21362960
6.91923491	3.96740600	-0.23804440
6.92423491	3.96740600	-1.34891800
6.92923491	3.96740600	-1.39774800
6.93423491	3.96740600	-0.46998500
6.93923491	3.96740600	0.46998500
6.94423491	3.96740600	1.39774800
6.94923491	3.96740600	1.34891800
6.95423491	3.96740600	0.23804440
6.95923491	3.96740600	0.23804440
6.96423491	3.96740600	1.34891800
6.96923491	3.96740600	1.37333300
6.97423491	3.96740600	0.35401470
6.97923491	3.96740600	-0.11597030
6.98423491	3.96740600	-0.02441481
6.98923491	3.96740600	-0.02441481
6.99423491	3.96740600	-0.11597030
6.99923491	3.96740600	0.32959990
7.00423491	3.96740600	1.25736300
7.00923491	3.96740600	1.72734800
7.01423491	3.96740600	1.72734800
7.01923491	3.96740600	1.25736300
7.02423491	3.96740600	0.32959990
7.02923491	3.96740600	-0.11597030
7.03423491	3.96740600	-0.02441481
7.03923491	3.96740600	0.00000000
7.04423491	3.96740600	0.00000000
7.04923491	3.96740600	0.00000000
7.05423491	3.96740600	0.00000000
7.05923491	3.96740600	0.00000000
7.06423491	3.96740600	0.00000000
7.06923491	3.96740600	-0.02441481
7.07423491	3.96740600	-0.11597030
7.07923491	3.96740600	0.35401470
7.08423491	3.96740600	1.37333300
7.08923491	3.96740600	1.37333300
7.09423491	3.96740600	0.35401470
7.09923491	3.96740600	-0.11597030
7.10423491	3.96740600	-0.02441481
7.10923491	3.96740600	0.00000000
7.11423491	3.96740600	0.00000000
7.11923491	3.96740600	0.02441481
7.12423491	3.96740600	0.11597030
7.12923491	3.96740600	-0.35401470
7.13423491	3.96740600	-1.37333300
7.13923491	3.96740600	-1.37333300
7.14423491	3.96740600	-0.35401470
7.14923491	3.96740600	0.11597030
7.15423491	3.96740600	0.02441481
7.15923491	3.96740600	0.00000000
7.16423491	3.96740600	0.00000000
7.16923491	3.96740600	0.02441481
7.17423491	3.96740600	0.11597030
7.17923491	3.96740600	-0.35401470
7.18423491	3.96740600	-1.37333300
7.18923491	3.96740600	-1.39774800
7.19423491	3.96740600	-0.46998500
7.19923491	3.96740600	0.44557020
7.20423491	3.96740600	1.28177700
7.20923491	3.96740600	1.70293300
7.21423491	3.96740600	1.61137700
7.21923491	3.96740600	1.61137700
7.22423491	3.96740600	1.70293300
7.22923491	3.96740600	1.23294800
7.23423491	3.96740600	0.21362960
7.23923491	3.96740600	0.23804440
7.24423491	3.96740600	1.34891800
7.24923491	3.96740600	1.37333300
7.25423491	3.96740600	0.35401470
7.25923491	3.96740600	-0.11597030
7.26423491	3.96740600	-0.02441481
7.26923491	3.96740600	0.02441481
7.27423491	3.96740600	0.11597030
7.27923491	3.96740600	-0.32959990
7.28423491	3.96740600	-1.25736300
7.28923491	3.96740600	-1.70293300
7.29423491	3.96740600	-1.61137700
7.29923491	3.96740600	-1.58696200
7.30423491	3.96740600	-1.58696200
7.30923491	3.96740600	-1.61137700
7.31423491	3.96740600	-1.70293300
7.31923491	3.96740600	-1.25736300
7.32423491	3.96740600	-0.32959990
7.32923491	3.96740600	0.14038510
7.33423491	3.96740600	0.14038510
7.33923491	3.96740600	-0.32959990
7.34423491	3.96740600	-1.25736300
7.34923491	3.96740600	-1.72734800
7.35423491	3.96740600	-1.72734800
7.35923491	3.96740600	-1.23294800
7.36423490	3.96740600	-0.21362960
7.36923490	3.96740600	-0.21362960
7.37423490	3.96740600	-1.23294800
7.37923490	3.96740600	-1.70293300
7.38423490	3.96740600	-1.61137700
7.38923490	3.96740600	-1.58696200
7.39423490	3.96740600	-1.58696200
7.39923490	3.96740600	-1.58696200
7.40423490	3.96740600	-1.58696200
7.40923490	3.96740600	-1.58696200
7.41423490	3.96740600	-1.58696200
7.41923490	3.96740600	-1.56254800
7.42423490	3.96740600	-1.47099200
7.42923490	3.96740600	-1.94097700
7.43423490	3.96740600	-2.96029500
7.43923490	3.96740600	-2.96029500
7.44423490	3.96740600	-1.94097700
7.44923490	3.96740600	-1.49540700
7.45423490	3.96740600	-1.67851800
7.45923490	3.96740600	-1.25736300
7.46423490	3.96740600	-0.32959990
7.46923490	3.96740600	0.09155553
7.47423490	3.96740600	-0.09155553
7.47923490	3.96740600	0.32959990
7.48423490	3.96740600	1.25736300
7.48923490	3.96740600	1.67851800
7.49423490	3.96740600	1.49540700
7.49923490	3.96740600	1.89214800
7.50423490	3.96740600	2.72835500
7.50923490	3.96740600	3.59508000
7.51423490	3.96740600	4.33973200
7.51923490	3.96740600	5.18204300
7.52423490	3.96740600	5.92669400
7.52923490	3.96740600	6.75069400
7.53423490	3.96740600	7.39158200
7.53923490	3.96740600	8.64284100
7.54423490	3.96740600	10.11994000
7.54923490	3.96740600	12.28675000
7.55423490	3.96740600	14.69161000
7.55923490	3.96740600	16.76077000
7.56423490	3.96740600	17.86554000
7.56923490	3.96740600	20.81362000
7.57423490	3.96740600	24.78713000
7.57923490	3.96740600	29.07193000
7.58423490	3.96740600	32.67922000
7.58923490	3.96740600	37.36686000
7.59423490	3.96740600	41.99347000
7.59923490	3.96740600	46.63228000
7.60423490	3.96740600	50.04425000
7.60923490	3.96740600	55.13474000
7.61423490	3.96740600	60.59145000
7.61923490	3.96740600	66.20075000
7.62423490	3.96740600	70.72970000
7.62923490	3.96740600	74.91683000
7.63423490	3.96740600	77.59636000
7.63923490	3.96740600	81.36235000
7.64423490	3.96740600	85.15885000
7.64923490	3.96740600	89.44365000
7.65423490	3.96740600	93.23404000
7.65923490	4.02844300	97.09769000
7.66423490	4.25733200	100.14950000
7.66923490	3.08236900	102.66430000
7.67423490	0.53407390	103.95830000
7.67923490	0.59511090	105.60630000
7.68423490	3.37229500	107.08330000
7.68923490	3.37229500	108.80460000
7.69423490	0.59511090	110.37320000
7.69923490	0.53407390	111.66720000
7.70423490	3.08236900	112.41190000
7.70923490	4.25733200	112.83300000
7.71423490	4.02844300	112.83300000
7.71923490	3.96740600	112.38750000
7.72423490	3.96740600	111.55130000
7.72923490	3.96740600	110.68450000
7.73423490	3.96740600	109.93990000
7.73923490	3.96740600	109.11590000
7.74423490	3.96740600	108.47500000
7.74923490	3.96740600	107.22370000
7.75423490	3.96740600	105.74660000
7.75923490	3.96740600	103.57980000
7.76423490	3.96740600	101.17500000
7.76923490	3.96740600	99.05698000
7.77423490	3.96740600	97.76299000
7.77923490	3.96740600	95.64500000
7.78423490	3.96740600	93.24015000
7.78923490	4.02844300	91.12217000
7.79423490	4.25733200	89.82818000
7.79923490	3.08236900	87.73461000
7.80423490	0.53407390	85.41520000
7.80923490	0.53407390	82.85165000
7.81423490	3.08236900	80.62991000
7.81923490	4.25733200	78.06635000
7.82423490	4.02844300	75.75304000
7.82923490	4.02844300	73.65948000
7.83423490	4.25733200	72.36549000
7.83923490	3.08236900	70.27192000
7.84423490	0.53407390	67.95862000
7.84923490	0.59511090	65.39506000
7.85423490	3.37229500	63.17331000
7.85923490	3.37229500	60.58534000
7.86423490	0.59511090	58.18048000
7.86923490	0.53407390	56.50807000
7.87423490	3.08236900	56.04419000
7.87923490	4.25733200	54.81734000
7.88423490	4.02844300	53.24869000
7.88923490	3.96740600	51.50304000
7.89423490	3.96740600	49.93438000
7.89923490	4.02844300	48.65871000
7.90423490	4.25733200	48.01782000
7.90923490	3.14340600	47.21213000
7.91423490	0.82399970	46.57124000
7.91923490	-0.35096280	45.27116000
7.92423490	-0.35096280	43.61095000
7.92923490	0.88503670	42.31086000
7.93423490	3.43333200	41.66998000
7.93923490	3.37229500	40.84597000
7.94423490	0.59511090	40.10132000
7.94923490	0.59511090	39.23460000
7.95423490	3.37229500	38.39839000
7.95923490	3.43333200	38.00165000
7.96423490	0.88503670	38.18476000
7.96923490	-0.35096280	37.78802000
7.97423490	-0.35096280	36.95181000
7.97923490	0.82399970	36.06067000
7.98423490	3.14340600	35.22446000
7.98923490	4.31836900	34.80331000
7.99423490	4.31836900	34.89486000
7.99923490	3.08236900	34.94370000
8.00423490	0.53407390	35.03525000
8.00923490	0.53407390	34.61409000
8.01423490	3.08236900	33.77789000
8.01923490	4.25733200	32.88675000
8.02423490	4.02844300	32.05054000
8.02923490	3.96740600	31.67821000
8.03423490	3.96740600	31.95288000
8.03923490	3.96740600	31.08615000
8.04423490	3.96740600	29.23063000
8.04923490	3.96740600	28.33949000
8.05423490	3.96740600	28.52260000
8.05923490	3.96740600	28.59584000
8.06423490	3.96740600	28.68740000
8.06923490	3.96740600	28.26624000
8.07423490	3.96740600	27.43003000
8.07923490	4.02844300	26.55110000
8.08423490	4.25733200	25.81256000
8.08923490	3.08236900	24.94583000
8.09423490	0.53407390	24.10962000
8.09923490	0.53407390	23.71288000
8.10423490	3.08236900	23.89599000
8.10923490	4.25733200	23.47484000
8.11423490	4.02844300	22.54707000
8.11923490	4.02844300	22.12592000
8.12423490	4.25733200	22.30903000
8.12923490	3.14340600	21.91229000
8.13423490	0.82399970	21.07608000
8.13923490	-0.28992580	20.18494000
8.14423490	-0.06103702	19.34873000
8.14923490	0.00000000	18.90317000
8.15423490	0.00000000	18.90317000
8.15923490	-0.06103702	19.39757000
8.16423490	-0.28992580	20.41688000
8.16923490	0.82399970	20.44130000
8.17423490	3.14340600	19.51353000
8.17923490	4.25733200	18.59798000
8.18423490	4.02844300	17.76177000
8.18923490	4.02844300	17.36503000
8.19423490	4.25733200	17.54814000
8.19923490	3.08236900	17.12699000
8.20423490	0.53407390	16.19922000
8.20923490	0.53407390	15.75365000
8.21423490	3.08236900	15.84521000
8.21923490	4.31836900	15.89404000
8.22423490	4.31836900	15.98559000
8.22923490	3.08236900	15.54002000
8.23423490	0.53407390	14.61226000
8.23923490	0.53407390	14.19111000
8.24423490	3.08236900	14.37422000
8.24923490	4.25733200	13.95306000
8.25423490	4.02844300	13.02530000
8.25923490	3.96740600	12.57973000
8.26423490	3.96740600	12.67128000
8.26923490	4.02844300	12.72011000
8.27423490	4.25733200	12.81167000
8.27923490	3.08236900	12.36610000
8.28423490	0.53407390	11.43834000
8.28923490	0.59511090	10.99277000
8.29423490	3.37229500	11.08432000
8.29923490	3.43333200	11.08432000
8.30423490	0.88503670	10.99277000
8.30923490	-0.35096280	11.43834000
8.31423490	-0.35096280	12.36610000
8.31923490	0.82399970	12.83609000
8.32423490	3.14340600	12.83609000
8.32923490	4.31836900	12.36610000
8.33423490	4.31836900	11.43834000
8.33923490	3.14340600	10.99277000
8.34423490	0.82399970	11.08432000
8.34923490	-0.28992580	11.08432000
8.35423490	-0.06103702	10.99277000
8.35923490	0.00000000	11.46275000
8.36423490	0.00000000	12.48207000
8.36923490	-0.06103702	12.48207000
8.37423490	-0.28992580	11.46275000
8.37923490	0.82399970	10.99277000
8.38423490	3.14340600	11.08432000
8.38923490	4.31836900	11.13315000
8.39423490	4.31836900	11.22471000
8.39923490	3.14340600	10.75472000
8.40423490	0.82399970	9.73540400
8.40923490	-0.35096280	9.75981900
8.41423490	-0.35096280	10.87069000
8.41923490	0.88503670	10.91952000
8.42423490	3.43333200	9.99175900
8.42923490	3.37229500	9.05179000
8.43423490	0.59511090	8.12402700
8.43923490	0.59511090	8.14844100
8.44423490	3.37229500	9.16776000
8.44923490	3.37229500	9.66216000
8.45423490	0.59511090	9.66216000
8.45923490	0.53407390	9.21658900
8.46423490	3.08236900	8.38038300
8.46923490	4.31836900	7.46482800
8.47423490	4.31836900	6.53706500
8.47923490	3.14340600	6.53706500
8.48423490	0.82399970	7.46482800
8.48923490	-0.28992580	8.40479800
8.49423490	-0.06103702	9.33256100
8.49923490	0.00000000	9.28373100
8.50423490	0.00000000	8.17285700
8.50923490	0.00000000	8.17285700
8.51423490	0.00000000	9.28373100
8.51923490	0.00000000	9.30814500
8.52423490	0.00000000	8.28882700
8.52923490	0.00000000	7.81884200
8.53423490	0.00000000	7.91039800
8.53923490	0.00000000	7.93481200
8.54423490	0.00000000	7.93481200
8.54923490	0.00000000	7.91039800
8.55423490	0.00000000	7.81884200
8.55923490	0.00000000	8.26441300
8.56423490	0.00000000	9.19217500
8.56923490	-0.06103702	9.66216000
8.57423490	-0.28992580	9.66216000
8.57923490	0.88503670	9.19217500
8.58423490	3.43333200	8.26441300
8.58923490	3.43333200	7.81884200
8.59423490	0.88503670	7.91039800
8.59923490	-0.28992580	7.93481200
8.60423490	-0.06103702	7.93481200
8.60923490	0.00000000	7.93481200
8.61423490	0.00000000	7.93481200
8.61923490	0.00000000	7.93481200
8.62423490	0.00000000	7.93481200
8.62923490	0.00000000	7.95922800
8.63423490	0.00000000	8.05078300
8.63923490	-0.06103702	7.58079800
8.64423490	-0.28992580	6.56148000
8.64923490	0.82399970	6.58589400
8.65423490	3.14340600	7.69676800
8.65923490	4.31836900	7.69676800
8.66423490	4.31836900	6.58589400
8.66923490	3.14340600	6.56148000
8.67423490	0.82399970	7.58079800
8.67923490	-0.28992580	8.05078300
8.68423490	-0.06103702	7.95922800
8.68923490	0.00000000	7.93481200
8.69423490	0.00000000	7.93481200
8.69923490	0.00000000	7.95922800
8.70423490	0.00000000	8.05078300
8.70923490	0.00000000	7.58079800
8.71423490	0.00000000	6.56148000
8.71923490	0.00000000	6.58589400
8.72423490	0.00000000	7.69676800
8.72923490	0.00000000	7.72118300
8.73423490	0.00000000	6.70186400
8.73923490	0.00000000	6.23187900
8.74423490	0.00000000	6.32343500
8.74923490	0.00000000	6.34785000
8.75423490	0.00000000	6.34785000
8.75923490	-0.06103702	6.34785000
8.76423490	-0.28992580	6.34785000
8.76923490	0.88503670	6.37226500
8.77423490	3.43333200	6.46382000
8.77923490	3.43333200	5.99383500
8.78423490	0.88503670	4.97451700
8.78923490	-0.35096280	4.97451700
8.79423490	-0.35096280	5.99383500
8.79923490	0.88503670	6.46382000
8.80423490	3.43333200	6.37226500
8.80923490	3.43333200	6.37226500
8.81423490	0.88503670	6.46382000
8.81923490	-0.28992580	6.01825000
8.82423490	-0.06103702	5.09048700
8.82923490	0.00000000	4.62050200
8.83423490	0.00000000	4.62050200
8.83923490	0.00000000	5.11490200
8.84423490	0.00000000	6.13422100
8.84923490	0.00000000	6.13422100
8.85423490	0.00000000	5.11490200
8.85923490	-0.06103702	4.64491700
8.86423490	-0.28992580	4.73647300
8.86923490	0.88503670	4.76088700
8.87423490	3.43333200	4.76088700
8.87923490	3.43333200	4.76088700
8.88423490	0.88503670	4.76088700
8.88923490	-0.35096280	4.76088700
8.89423490	-0.35096280	4.76088700
8.89923490	0.88503670	4.76088700
8.90423490	3.43333200	4.76088700
8.90923490	3.43333200	4.76088700
8.91423490	0.88503670	4.76088700
8.91923490	-0.28992580	4.76088700
8.92423490	-0.06103702	4.76088700
8.92923490	0.00000000	4.76088700
8.93423490	0.00000000	4.76088700
8.93923490	0.00000000	4.73647300
8.94423490	0.00000000	4.64491700
8.94923490	0.00000000	5.09048700
8.95423490	0.00000000	6.01825000
8.95923490	0.00000000	6.46382000
8.96423490	0.00000000	6.37226500
8.96923490	0.00000000	6.34785000
8.97423490	0.00000000	6.34785000
8.97923490	0.00000000	6.34785000
8.98423490	0.00000000	6.34785000
8.98923490	0.00000000	6.32343500
8.99423490	0.00000000	6.23187900
8.99923490	0.00000000	6.70186400
9.00423490	0.00000000	7.72118300
9.00923489	0.00000000	7.74559700
9.01423489	0.00000000	6.81783500
9.01923489	0.00000000	5.90228000
9.02423489	0.00000000	5.06607200
