Time	Channel A	Channel B
(us)	(mV)	(mV)

-1.00491995	0.00000000	1.58696200
-0.99991995	0.00000000	1.58696200
-0.99491995	0.00000000	1.58696200
-0.98991995	0.00000000	1.58696200
-0.98491995	0.00000000	1.58696200
-0.97991995	0.00000000	1.58696200
-0.97491995	0.00000000	1.58696200
-0.96991995	0.00000000	1.58696200
-0.96491995	0.00000000	1.58696200
-0.95991995	0.00000000	1.58696200
-0.95491995	0.00000000	1.58696200
-0.94991995	0.00000000	1.58696200
-0.94491995	0.00000000	1.58696200
-0.93991995	0.00000000	1.58696200
-0.93491995	0.00000000	1.58696200
-0.92991995	0.00000000	1.58696200
-0.92491995	0.00000000	1.61137700
-0.91991995	0.00000000	1.70293300
-0.91491995	0.00000000	1.23294800
-0.90991995	0.00000000	0.21362960
-0.90491995	0.00000000	0.23804440
-0.89991995	0.00000000	1.34891800
-0.89491995	0.00000000	1.37333300
-0.88991995	0.00000000	0.35401470
-0.88491995	0.00000000	-0.09155553
-0.87991995	0.00000000	0.09155553
-0.87491995	0.00000000	-0.32959990
-0.86991995	0.00000000	-1.25736300
-0.86491995	0.00000000	-1.70293300
-0.85991995	0.00000000	-1.61137700
-0.85491995	0.00000000	-1.61137700
-0.84991995	0.00000000	-1.70293300
-0.84491995	0.00000000	-1.23294800
-0.83991995	0.00000000	-0.21362960
-0.83491995	0.00000000	-0.21362960
-0.82991995	0.00000000	-1.23294800
-0.82491995	0.00000000	-1.70293300
-0.81991995	0.00000000	-1.61137700
-0.81491995	0.00000000	-1.61137700
-0.80991995	0.00000000	-1.70293300
-0.80491995	0.00000000	-1.25736300
-0.79991995	0.00000000	-0.32959990
-0.79491995	0.00000000	0.11597030
-0.78991995	0.00000000	0.02441481
-0.78491995	0.00000000	0.00000000
-0.77991995	0.00000000	0.00000000
-0.77491995	0.00000000	-0.02441481
-0.76991995	0.00000000	-0.11597030
-0.76491995	0.00000000	0.35401470
-0.75991995	0.00000000	1.37333300
-0.75491995	0.00000000	1.34891800
-0.74991995	0.00000000	0.23804440
-0.74491995	0.00000000	0.21362960
-0.73991995	0.00000000	1.23294800
-0.73491995	0.00000000	1.70293300
-0.72991995	0.00000000	1.61137700
-0.72491995	0.00000000	1.61137700
-0.71991995	0.00000000	1.70293300
-0.71491995	0.00000000	1.23294800
-0.70991995	0.00000000	0.21362960
-0.70491995	0.00000000	0.21362960
-0.69991995	0.00000000	1.23294800
-0.69491995	0.00000000	1.70293300
-0.68991995	0.00000000	1.61137700
-0.68491995	0.00000000	1.56254800
-0.67991995	0.00000000	1.47099200
-0.67491995	0.00000000	1.91656200
-0.66991995	0.00000000	2.84432500
-0.66491995	0.00000000	3.31431000
-0.65991995	0.00000000	3.31431000
-0.65491995	0.00000000	2.84432500
-0.64991995	0.00000000	1.91656200
-0.64491995	0.00000000	1.44657700
-0.63991995	0.00000000	1.44657700
-0.63491995	0.00000000	1.91656200
-0.62991995	0.00000000	2.84432500
-0.62491995	0.00000000	3.28989500
-0.61991995	0.00000000	3.19834000
-0.61491995	0.00000000	3.19834000
-0.60991995	0.00000000	3.28989500
-0.60491995	0.00000000	2.84432500
-0.59991995	0.00000000	1.91656200
-0.59491995	0.00000000	1.49540700
-0.58991995	0.00000000	1.67851800
-0.58491995	0.00000000	1.25736300
-0.57991995	0.00000000	0.32959990
-0.57491995	0.00000000	-0.11597030
-0.56991995	0.00000000	-0.02441481
-0.56491995	0.00000000	0.00000000
-0.55991995	0.00000000	0.00000000
-0.55491995	0.00000000	0.00000000
-0.54991995	0.00000000	0.00000000
-0.54491995	0.00000000	0.00000000
-0.53991995	0.00000000	0.00000000
-0.53491995	0.00000000	0.02441481
-0.52991995	0.00000000	0.11597030
-0.52491995	0.00000000	-0.35401470
-0.51991995	0.00000000	-1.37333300
-0.51491995	0.00000000	-1.37333300
-0.50991995	0.00000000	-0.35401470
-0.50491995	0.00000000	0.11597030
-0.49991995	0.00000000	0.02441481
-0.49491995	0.00000000	0.00000000
-0.48991995	0.00000000	0.00000000
-0.48491995	0.00000000	0.02441481
-0.47991995	0.00000000	0.11597030
-0.47491995	0.00000000	-0.32959990
-0.46991995	0.00000000	-1.25736300
-0.46491995	0.00000000	-1.72734800
-0.45991995	0.00000000	-1.72734800
-0.45491995	0.00000000	-1.25736300
-0.44991995	0.00000000	-0.32959990
-0.44491995	0.00000000	0.11597030
-0.43991995	0.00000000	0.02441481
-0.43491995	0.00000000	0.00000000
-0.42991995	0.00000000	0.00000000
-0.42491995	0.00000000	-0.02441481
-0.41991995	0.00000000	-0.11597030
-0.41491995	0.00000000	0.32959990
-0.40991995	0.00000000	1.25736300
-0.40491995	0.00000000	1.70293300
-0.39991995	0.00000000	1.61137700
-0.39491995	0.00000000	1.58696200
-0.38991995	0.00000000	1.58696200
-0.38491995	0.00000000	1.58696200
-0.37991995	0.00000000	1.58696200
-0.37491995	0.00000000	1.56254800
-0.36991995	0.00000000	1.47099200
-0.36491995	0.00000000	1.94097700
-0.35991995	0.00000000	2.96029500
-0.35491995	0.00000000	2.96029500
-0.34991995	0.00000000	1.94097700
-0.34491995	0.00000000	1.49540700
-0.33991995	0.00000000	1.67851800
-0.33491995	0.00000000	1.25736300
-0.32991995	0.00000000	0.32959990
-0.32491995	0.00000000	-0.14038510
-0.31991995	0.00000000	-0.14038510
-0.31491995	0.00000000	0.32959990
-0.30991995	0.00000000	1.25736300
-0.30491995	0.00000000	1.72734800
-0.29991995	0.00000000	1.72734800
-0.29491995	0.00000000	1.25736300
-0.28991995	0.00000000	0.32959990
-0.28491995	0.00000000	-0.11597030
-0.27991995	0.00000000	-0.02441481
-0.27491995	0.00000000	-0.02441481
-0.26991995	0.00000000	-0.11597030
-0.26491995	0.00000000	0.32959990
-0.25991995	0.00000000	1.25736300
-0.25491995	0.00000000	1.70293300
-0.24991995	0.00000000	1.61137700
-0.24491995	0.00000000	1.58696200
-0.23991995	0.00000000	1.58696200
-0.23491995	0.00000000	1.61137700
-0.22991995	0.00000000	1.70293300
-0.22491995	0.00000000	1.23294800
-0.21991995	0.00000000	0.21362960
-0.21491995	0.00000000	0.21362960
-0.20991995	0.00000000	1.23294800
-0.20491995	0.00000000	1.70293300
-0.19991995	0.00000000	1.61137700
-0.19491995	0.00000000	1.56254800
-0.18991995	0.00000000	1.47099200
-0.18491995	0.00000000	1.94097700
-0.17991995	0.00000000	2.96029500
-0.17491995	0.00000000	2.96029500
-0.16991995	0.00000000	1.94097700
-0.16491995	0.00000000	1.47099200
-0.15991995	0.00000000	1.56254800
-0.15491995	-0.06103702	1.58696200
-0.14991995	-0.28992580	1.58696200
-0.14491995	0.76296270	1.61137700
-0.13991995	2.85348100	1.70293300
-0.13491995	5.02029500	1.28177700
-0.12991995	6.88192400	0.44557020
-0.12491995	8.98770000	-0.42115540
-0.11991995	10.84933000	-1.16580700
-0.11491995	12.95511000	-2.03253300
-0.10991995	14.81674000	-2.86874000
-0.10491995	16.81570000	-3.28989500
-0.09991995	18.18903000	-3.19834000
-0.09491995	22.55318000	-3.14951000
-0.08991995	29.02310000	-3.05795500
-0.08491995	33.26517000	-3.45469500
-0.07991995	34.18073000	-4.19934700
-0.07491995	38.42280000	-5.56047200
-0.06991995	44.89273000	-7.41599800
-0.06491995	49.13480000	-7.83715300
-0.05991995	50.05035000	-6.72627900
-0.05491995	54.23139000	-6.23187900
-0.04991995	60.47242000	-6.32343500
-0.04491995	65.88946000	-6.37226500
-0.03991995	69.36857000	-6.46382000
-0.03491995	73.54960000	-6.01825000
-0.02991995	77.24234000	-5.09048700
-0.02491995	81.48442000	-4.66933200
-0.01991996	85.17715000	-4.85244300
-0.01491996	89.41923000	-4.43128700
-0.00991996	93.11196000	-3.50352500
-0.00491996	97.35404000	-3.05795500
0.00008004	101.04680000	-3.14951000
0.00508004	105.28880000	-3.19834000
0.01008004	108.98160000	-3.28989500
0.01508004	113.28470000	-2.81991000
0.02008004	117.20630000	-1.80059200
0.02508004	120.33450000	-1.80059200
0.03008004	121.70780000	-2.81991000
0.03508004	124.89700000	-3.28989500
0.04008004	129.04750000	-3.19834000
0.04508004	132.23670000	-3.17392500
0.05008004	133.61000000	-3.17392500
0.05508004	136.73820000	-3.17392500
0.06008004	140.67510000	-3.17392500
0.06508004	145.03920000	-3.14951000
0.07008004	148.96080000	-3.05795500
0.07508004	152.15000000	-3.52794000
0.08008004	153.75220000	-4.54725700
0.08508004	155.81220000	-4.54725700
0.09008004	157.67390000	-3.52794000
0.09508004	159.77960000	-3.03354000
0.10008004	161.64130000	-3.03354000
0.10508004	163.74700000	-3.50352500
0.11008004	165.60870000	-4.43128700
0.11508004	167.77550000	-4.90127200
0.12008004	169.86600000	-4.90127200
0.12508004	170.91890000	-4.45570200
0.13008004	170.69000000	-3.61949500
0.13508004	170.62900000	-2.70394000
0.14008004	170.62900000	-1.77617700
0.14508004	170.62900000	-1.82500700
0.15008004	170.62900000	-2.93588100
0.15508004	170.69000000	-2.98471000
0.16008004	170.91890000	-2.05694700
0.16508004	169.86600000	-1.14139200
0.17008004	167.77550000	-0.30518510
0.17508004	165.54760000	0.11597030
0.18008004	163.45710000	0.02441481
0.18508004	162.46530000	0.00000000
0.19008004	162.92310000	0.00000000
0.19508004	161.87020000	0.00000000
0.20008004	159.55080000	0.00000000
0.20508004	158.49790000	-0.02441481
0.21008004	158.95570000	-0.11597030
0.21508004	157.96380000	0.35401470
0.22008004	155.87330000	1.37333300
0.22508004	153.70650000	1.37333300
0.23008004	151.84480000	0.35401470
0.23508004	149.67800000	-0.11597030
0.24008004	147.58750000	-0.02441481
0.24508004	146.59560000	0.02441481
0.25008004	147.05340000	0.11597030
0.25508004	146.00050000	-0.30518510
0.26008004	143.68110000	-1.14139200
0.26508004	142.56720000	-2.05694700
0.27008004	142.79610000	-2.98471000
0.27508004	142.91820000	-2.96029500
0.28008004	143.14710000	-1.94097700
0.28508004	142.03310000	-1.44657700
0.29008004	139.69850000	-1.44657700
0.29508004	138.64560000	-1.91656200
0.30008004	139.10340000	-2.84432500
0.30508004	138.05050000	-3.28989500
0.31008004	135.73110000	-3.19834000
0.31508004	134.61710000	-3.17392500
0.32008004	134.84600000	-3.17392500
0.32508004	134.90710000	-3.17392500
0.33008004	134.90710000	-3.17392500
0.33508004	134.96810000	-3.19834000
0.34008004	135.19700000	-3.28989500
0.34508004	134.08310000	-2.84432500
0.35008004	131.76370000	-1.91656200
0.35508004	130.64970000	-1.47099200
0.36008004	130.87860000	-1.56254800
0.36508004	131.00070000	-1.61137700
0.37008004	131.22960000	-1.70293300
0.37508004	130.05460000	-1.23294800
0.38008004	127.50630000	-0.21362960
0.38508004	127.56740000	-0.23804440
0.39008004	130.34450000	-1.34891800
0.39508004	130.40560000	-1.39774800
0.40008004	127.85730000	-0.46998500
0.40508004	126.68230000	0.42115540
0.41008004	126.91120000	1.16580700
0.41508004	126.97230000	2.05694700
0.42008004	126.97230000	2.98471000
0.42508004	127.03330000	2.98471000
0.43008004	127.26220000	2.05694700
0.43508004	126.14820000	1.14139200
0.44008004	123.82880000	0.30518510
0.44508004	122.71490000	-0.14038510
0.45008004	122.94380000	-0.14038510
0.45508004	123.00480000	0.35401470
0.46008004	123.00480000	1.37333300
0.46508004	123.00480000	1.39774800
0.47008004	123.00480000	0.46998500
0.47508004	123.00480000	-0.44557020
0.48008004	123.00480000	-1.28177700
0.48508004	123.00480000	-1.67851800
0.49008004	123.00480000	-1.49540700
0.49508004	123.00480000	-1.94097700
0.50008004	123.00480000	-2.96029500
0.50508004	123.06590000	-2.96029500
0.51008004	123.29480000	-1.94097700
0.51508004	122.18080000	-1.47099200
0.52008004	119.86140000	-1.56254800
0.52508004	118.74750000	-1.56254800
0.53008004	118.97640000	-1.47099200
0.53508004	119.03740000	-1.94097700
0.54008004	119.03740000	-2.96029500
0.54508004	119.03740000	-2.96029500
0.55008004	119.03740000	-1.94097700
0.55508004	119.09850000	-1.47099200
0.56008004	119.32740000	-1.56254800
0.56508004	118.15240000	-1.58696200
0.57008004	115.60410000	-1.58696200
0.57508004	115.66510000	-1.61137700
0.58008004	118.44230000	-1.70293300
0.58508004	118.50340000	-1.23294800
0.59008004	115.95510000	-0.21362960
0.59508004	114.78010000	-0.21362960
0.60008004	115.00900000	-1.23294800
0.60508004	115.07000000	-1.72734800
0.61008004	115.07000000	-1.72734800
0.61508004	115.07000000	-1.23294800
0.62008004	115.07000000	-0.21362960
0.62508004	115.07000000	-0.23804440
0.63008004	115.07000000	-1.34891800
0.63508004	115.13110000	-1.37333300
0.64008004	115.36000000	-0.35401470
0.64508004	114.24600000	0.11597030
0.65008004	111.92660000	0.02441481
0.65508004	110.81270000	-0.02441481
0.66008004	111.04160000	-0.11597030
0.66508004	111.10260000	0.35401470
0.67008004	111.10260000	1.37333300
0.67508004	111.10260000	1.34891800
0.68008004	111.10260000	0.23804440
0.68508004	111.10260000	0.21362960
0.69008004	111.10260000	1.23294800
0.69508004	111.16370000	1.70293300
0.70008004	111.39250000	1.61137700
0.70508004	110.27860000	1.61137700
0.71008004	107.95920000	1.70293300
0.71508004	106.84530000	1.23294800
0.72008004	107.07420000	0.21362960
0.72508004	107.13520000	0.21362960
0.73008004	107.13520000	1.23294800
0.73508004	107.13520000	1.70293300
0.74008004	107.13520000	1.61137700
0.74508004	107.13520000	1.58696200
0.75008004	107.13520000	1.58696200
0.75508004	107.13520000	1.58696200
0.76008004	107.13520000	1.58696200
0.76508004	107.19630000	1.58696200
0.77008004	107.42510000	1.58696200
0.77508004	106.31120000	1.58696200
0.78008004	103.99180000	1.58696200
0.78508004	102.87790000	1.56254800
0.79008004	103.10680000	1.47099200
0.79508004	103.16780000	1.94097700
0.80008004	103.16780000	2.96029500
0.80508004	103.16780000	2.93588100
0.81008004	103.16780000	1.82500700
0.81508004	103.16780000	1.82500700
0.82008004	103.16780000	2.93588100
0.82508004	103.16780000	2.93588100
0.83008004	103.16780000	1.82500700
0.83508004	103.16780000	1.82500700
0.84008004	103.16780000	2.93588100
0.84508004	103.16780000	2.96029500
0.85008004	103.16780000	1.94097700
0.85508004	103.16780000	1.49540700
0.86008004	103.16780000	1.67851800
0.86508004	103.22890000	1.25736300
0.87008004	103.45770000	0.32959990
0.87508004	102.34380000	-0.14038510
0.88008004	100.02440000	-0.14038510
0.88508004	98.91048000	0.32959990
0.89008004	99.13937000	1.25736300
0.89508004	99.20041000	1.72734800
0.90008004	99.20041000	1.72734800
0.90508004	99.20041000	1.25736300
0.91008004	99.20041000	0.32959990
0.91508004	99.20041000	-0.14038510
0.92008004	99.20041000	-0.14038510
0.92508004	99.26145000	0.35401470
0.93008004	99.49034000	1.37333300
0.93508004	98.37641000	1.34891800
0.94008004	96.05700000	0.23804440
0.94508004	94.94308000	0.21362960
0.95008004	95.17197000	1.23294800
0.95508004	95.23300000	1.70293300
0.96008004	95.23300000	1.61137700
0.96508004	95.23300000	1.58696200
0.97008004	95.23300000	1.58696200
0.97508004	95.23300000	1.58696200
0.98008004	95.23300000	1.58696200
0.98508004	95.23300000	1.61137700
0.99008004	95.23300000	1.70293300
0.99508004	95.23300000	1.23294800
1.00008004	95.23300000	0.21362960
1.00508004	95.23300000	0.21362960
1.01008004	95.23300000	1.23294800
1.01508004	95.23300000	1.70293300
1.02008004	95.23300000	1.61137700
1.02508004	95.29404000	1.58696200
1.03008004	95.52293000	1.58696200
1.03508004	94.40900000	1.58696200
1.04008004	92.08959000	1.58696200
1.04508004	90.97568000	1.58696200
1.05008004	91.20457000	1.58696200
1.05508004	91.26560000	1.58696200
1.06008004	91.26560000	1.58696200
1.06508004	91.26560000	1.58696200
1.07008004	91.26560000	1.58696200
1.07508004	91.26560000	1.58696200
1.08008004	91.26560000	1.58696200
1.08508004	91.26560000	1.61137700
1.09008004	91.26560000	1.70293300
1.09508004	91.26560000	1.25736300
1.10008004	91.26560000	0.32959990
1.10508004	91.32664000	-0.11597030
1.11008004	91.55552000	-0.02441481
1.11508004	90.38056000	0.00000000
1.12008004	87.83227000	0.00000000
1.12508004	87.89330000	-0.02441481
1.13008004	90.67049000	-0.11597030
1.13508004	90.73153000	0.35401470
1.14008004	88.18323000	1.37333300
1.14508004	87.00826000	1.34891800
1.15008004	87.23715000	0.23804440
1.15508004	87.29819000	0.21362960
1.16008004	87.29819000	1.23294800
1.16508004	87.29819000	1.70293300
1.17008004	87.29819000	1.61137700
1.17508004	87.29819000	1.58696200
1.18008004	87.29819000	1.58696200
1.18508004	87.29819000	1.56254800
1.19008004	87.29819000	1.47099200
1.19508004	87.29819000	1.91656200
1.20008004	87.29819000	2.84432500
1.20508004	87.35923000	3.28989500
1.21008004	87.58812000	3.19834000
1.21508004	86.47419000	3.17392500
1.22008004	84.15479000	3.17392500
1.22508004	83.04086000	3.17392500
1.23008004	83.26974000	3.17392500
1.23508004	83.33078000	3.19834000
1.24008004	83.33078000	3.28989500
1.24508004	83.33078000	2.84432500
1.25008004	83.33078000	1.91656200
1.25508004	83.33078000	1.44657700
1.26008004	83.33078000	1.44657700
1.26508004	83.33078000	1.91656200
1.27008004	83.33078000	2.84432500
1.27508004	83.33078000	3.28989500
1.28008004	83.33078000	3.19834000
1.28508004	83.33078000	3.17392500
1.29008004	83.33078000	3.17392500
1.29508004	83.39182000	3.17392500
1.30008004	83.62070000	3.17392500
1.30508004	82.50678000	3.17392500
1.31008004	80.18738000	3.17392500
1.31508004	79.07346000	3.19834000
1.32008004	79.30235000	3.28989500
1.32508004	79.36338000	2.81991000
1.33008004	79.36338000	1.80059200
1.33508004	79.36338000	1.82500700
1.34008004	79.36338000	2.93588100
1.34508004	79.36338000	2.96029500
1.35008004	79.36338000	1.94097700
1.35508004	79.36338000	1.47099200
1.36008004	79.36338000	1.56254800
1.36508004	79.36338000	1.58696200
1.37008004	79.36338000	1.58696200
1.37508004	79.36338000	1.58696200
1.38008004	79.36338000	1.58696200
1.38508004	79.36338000	1.61137700
1.39008004	79.36338000	1.70293300
1.39508004	79.42442000	1.25736300
1.40008004	79.65331000	0.32959990
1.40508004	78.53938000	-0.14038510
1.41008004	76.21997000	-0.14038510
1.41508004	75.10605000	0.35401470
1.42008004	75.33494000	1.37333300
1.42508004	75.39597000	1.37333300
1.43008004	75.39597000	0.35401470
1.43508004	75.39597000	-0.14038510
1.44008004	75.39597000	-0.14038510
1.44508004	75.39597000	0.32959990
1.45008004	75.39597000	1.25736300
1.45508004	75.39597000	1.70293300
1.46008004	75.39597000	1.61137700
1.46508004	75.39597000	1.58696200
1.47008004	75.39597000	1.58696200
1.47508004	75.39597000	1.58696200
1.48008004	75.39597000	1.58696200
1.48508004	75.45701000	1.58696200
1.49008004	75.68590000	1.58696200
1.49508004	74.57197000	1.58696200
1.50008004	72.25256000	1.58696200
1.50508004	71.13864000	1.58696200
1.51008004	71.36753000	1.58696200
1.51508004	71.42857000	1.61137700
1.52008004	71.42857000	1.70293300
1.52508004	71.42857000	1.25736300
1.53008004	71.42857000	0.32959990
1.53508004	71.42857000	-0.11597030
1.54008004	71.42857000	-0.02441481
1.54508004	71.42857000	0.00000000
1.55008004	71.42857000	0.00000000
1.55508004	71.42857000	0.00000000
1.56008004	71.42857000	0.00000000
1.56508004	71.42857000	-0.02441481
1.57008004	71.42857000	-0.11597030
1.57508004	71.42857000	0.30518510
1.58008004	71.42857000	1.14139200
1.58508004	71.42857000	2.03253300
1.59008004	71.42857000	2.86874000
1.59508004	71.48961000	3.31431000
1.60008004	71.71850000	3.31431000
1.60508004	70.54353000	2.81991000
1.61008004	67.97997000	1.80059200
1.61508004	67.97997000	1.77617700
1.62008004	70.54353000	2.70394000
1.62508003	71.71850000	3.61949500
1.63008003	71.48961000	4.45570200
1.63508003	71.48961000	4.90127200
1.64008003	71.71850000	4.90127200
1.64508003	70.60457000	4.43128700
1.65008003	68.26991000	3.50352500
1.65508003	67.15598000	3.08237000
1.66008003	67.38486000	3.26548100
1.66508003	67.44590000	2.84432500
1.67008003	67.44590000	1.91656200
1.67508003	67.44590000	1.47099200
1.68008003	67.44590000	1.56254800
1.68508003	67.44590000	1.58696200
1.69008003	67.44590000	1.58696200
1.69508003	67.44590000	1.58696200
1.70008003	67.44590000	1.58696200
1.70508003	67.44590000	1.58696200
1.71008003	67.44590000	1.58696200
1.71508003	67.44590000	1.58696200
1.72008003	67.44590000	1.58696200
1.72508003	67.50694000	1.58696200
1.73008003	67.73582000	1.58696200
1.73508003	66.62190000	1.61137700
1.74008003	64.30249000	1.70293300
1.74508003	63.18857000	1.23294800
1.75008003	63.41746000	0.21362960
1.75508003	63.47850000	0.21362960
1.76008003	63.47850000	1.23294800
1.76508003	63.47850000	1.70293300
1.77008003	63.47850000	1.61137700
1.77508003	63.47850000	1.58696200
1.78008003	63.47850000	1.58696200
1.78508003	63.47850000	1.58696200
1.79008003	63.47850000	1.58696200
1.79508003	63.47850000	1.61137700
1.80008003	63.47850000	1.70293300
1.80508003	63.47850000	1.23294800
1.81008003	63.47850000	0.21362960
1.81508003	63.47850000	0.23804440
1.82008003	63.47850000	1.34891800
1.82508003	63.53953000	1.37333300
1.83008003	63.76842000	0.35401470
1.83508003	62.65450000	-0.14038510
1.84008003	60.33509000	-0.14038510
1.84508003	59.16013000	0.32959990
1.85008003	59.16013000	1.25736300
1.85508003	60.39613000	1.70293300
1.86008003	62.94442000	1.61137700
1.86508003	62.88339000	1.58696200
1.87008003	60.10620000	1.58696200
1.87508003	60.10620000	1.56254800
1.88008003	62.88339000	1.47099200
1.88508003	62.94442000	1.91656200
1.89008003	60.39613000	2.84432500
1.89508003	59.22116000	3.31431000
1.90008003	59.45005000	3.31431000
1.90508003	59.51109000	2.81991000
1.91008003	59.51109000	1.80059200
1.91508003	59.51109000	1.80059200
1.92008003	59.51109000	2.81991000
1.92508003	59.51109000	3.31431000
1.93008003	59.51109000	3.31431000
1.93508003	59.51109000	2.84432500
1.94008003	59.51109000	1.91656200
1.94508003	59.51109000	1.47099200
1.95008003	59.51109000	1.56254800
1.95508003	59.51109000	1.58696200
1.96008003	59.51109000	1.58696200
1.96508003	59.57213000	1.58696200
1.97008003	59.80102000	1.58696200
1.97508003	58.62605000	1.58696200
1.98008003	56.07775000	1.58696200
1.98508003	56.07775000	1.58696200
1.99008003	58.62605000	1.58696200
1.99508003	59.86205000	1.58696200
2.00008003	59.86205000	1.58696200
2.00508003	58.62605000	1.58696200
2.01008003	56.07775000	1.58696200
2.01508003	56.13879000	1.58696200
2.02008003	58.91598000	1.58696200
2.02508003	58.97702000	1.56254800
2.03008003	56.42872000	1.47099200
2.03508003	55.25376000	1.94097700
2.04008003	55.48264000	2.96029500
2.04508003	55.54368000	2.96029500
2.05008003	55.54368000	1.94097700
2.05508003	55.54368000	1.47099200
2.06008003	55.54368000	1.56254800
2.06508003	55.54368000	1.58696200
2.07008003	55.54368000	1.58696200
2.07508003	55.54368000	1.61137700
2.08008003	55.54368000	1.70293300
2.08508003	55.54368000	1.25736300
2.09008003	55.54368000	0.32959990
2.09508003	55.54368000	-0.11597030
2.10008003	55.54368000	-0.02441481
2.10508003	55.54368000	0.00000000
2.11008003	55.54368000	0.00000000
2.11508003	55.54368000	0.00000000
2.12008003	55.54368000	0.00000000
2.12508003	55.60472000	0.00000000
2.13008003	55.83361000	0.00000000
2.13508003	54.71968000	-0.02441481
2.14008003	52.40028000	-0.11597030
2.14508003	51.28635000	0.32959990
2.15008003	51.51524000	1.25736300
2.15508003	51.57627000	1.72734800
2.16008003	51.57627000	1.72734800
2.16508003	51.57627000	1.23294800
2.17008003	51.57627000	0.21362960
2.17508003	51.57627000	0.21362960
2.18008003	51.57627000	1.23294800
2.18508003	51.57627000	1.72734800
2.19008003	51.57627000	1.72734800
2.19508003	51.57627000	1.25736300
2.20008003	51.57627000	0.32959990
2.20508003	51.57627000	-0.11597030
2.21008003	51.57627000	-0.02441481
2.21508003	51.57627000	0.00000000
2.22008003	51.57627000	0.00000000
2.22508003	51.57627000	-0.02441481
2.23008003	51.57627000	-0.11597030
2.23508003	51.57627000	0.32959990
2.24008003	51.57627000	1.25736300
2.24508003	51.57627000	1.72734800
2.25008003	51.57627000	1.72734800
2.25508003	51.57627000	1.25736300
2.26008003	51.57627000	0.32959990
2.26508003	51.57627000	-0.14038510
2.27008003	51.57627000	-0.14038510
2.27508003	51.63731000	0.32959990
2.28008003	51.86620000	1.25736300
2.28508003	50.69124000	1.70293300
2.29008003	48.14294000	1.61137700
2.29508003	48.20398000	1.61137700
2.30008003	50.98117000	1.70293300
2.30508003	51.04220000	1.23294800
2.31008003	48.49391000	0.21362960
2.31508003	47.31895000	0.23804440
2.32008003	47.54784000	1.34891800
2.32508003	47.60887000	1.34891800
2.33008003	47.60887000	0.23804440
2.33508003	47.60887000	0.21362960
2.34008003	47.60887000	1.23294800
2.34508003	47.60887000	1.70293300
2.35008003	47.60887000	1.61137700
2.35508003	47.60887000	1.58696200
2.36008003	47.60887000	1.58696200
2.36508003	47.60887000	1.58696200
2.37008003	47.60887000	1.58696200
2.37508003	47.60887000	1.58696200
2.38008003	47.60887000	1.58696200
2.38508003	47.60887000	1.58696200
2.39008003	47.60887000	1.58696200
2.39508003	47.60887000	1.58696200
2.40008003	47.60887000	1.58696200
2.40508003	47.60887000	1.56254800
2.41008003	47.60887000	1.47099200
2.41508003	47.60887000	1.91656200
2.42008003	47.60887000	2.84432500
2.42508003	47.66991000	3.31431000
2.43008003	47.89880000	3.31431000
2.43508003	46.78487000	2.84432500
2.44008003	44.46547000	1.91656200
2.44508003	43.29050000	1.47099200
2.45008003	43.29050000	1.56254800
2.45508003	44.46547000	1.58696200
2.46008003	46.78487000	1.58696200
2.46508003	47.95984000	1.56254800
2.47008003	47.95984000	1.47099200
2.47508003	46.78487000	1.94097700
2.48008003	44.46547000	2.96029500
2.48508003	43.35154000	2.96029500
2.49008003	43.58043000	1.94097700
2.49508003	43.64147000	1.47099200
2.50008003	43.64147000	1.56254800
2.50508003	43.64147000	1.58696200
2.51008003	43.64147000	1.58696200
2.51508003	43.64147000	1.58696200
2.52008003	43.64147000	1.58696200
2.52508003	43.64147000	1.61137700
2.53008003	43.64147000	1.70293300
2.53508003	43.64147000	1.25736300
2.54008003	43.64147000	0.32959990
2.54508003	43.64147000	-0.14038510
2.55008003	43.64147000	-0.14038510
2.55508003	43.64147000	0.37842950
2.56008003	43.64147000	1.48930300
2.56508003	43.64147000	1.01931800
2.57008003	43.64147000	-1.01931800
2.57508003	43.64147000	-1.48930300
2.58008003	43.64147000	-0.37842950
2.58508003	43.64147000	0.11597030
2.59008003	43.64147000	0.02441481
2.59508003	43.64147000	0.00000000
2.60008003	43.64147000	0.00000000
2.60508003	43.70250000	0.00000000
2.61008003	43.93139000	0.00000000
2.61508003	42.75643000	0.00000000
2.62008003	40.20813000	0.00000000
2.62508003	40.26917000	-0.02441481
2.63008003	43.04636000	-0.11597030
2.63508003	43.10739000	0.32959990
2.64008003	40.55910000	1.25736300
2.64508003	39.38414000	1.70293300
2.65008003	39.61302000	1.61137700
2.65508003	39.67406000	1.58696200
2.66008003	39.67406000	1.58696200
2.66508003	39.67406000	1.58696200
2.67008003	39.67406000	1.58696200
2.67508003	39.67406000	1.58696200
2.68008003	39.67406000	1.58696200
2.68508003	39.67406000	1.58696200
2.69008003	39.67406000	1.58696200
2.69508003	39.67406000	1.58696200
2.70008003	39.67406000	1.58696200
2.70508003	39.67406000	1.58696200
2.71008003	39.67406000	1.58696200
2.71508003	39.67406000	1.61137700
2.72008003	39.67406000	1.70293300
2.72508003	39.67406000	1.23294800
2.73008003	39.67406000	0.21362960
2.73508003	39.67406000	0.21362960
2.74008003	39.67406000	1.23294800
2.74508003	39.67406000	1.72734800
2.75008003	39.67406000	1.72734800
2.75508003	39.67406000	1.23294800
2.76008003	39.67406000	0.21362960
2.76508003	39.67406000	0.21362960
2.77008003	39.67406000	1.23294800
2.77508003	39.67406000	1.70293300
2.78008003	39.67406000	1.61137700
2.78508003	39.67406000	1.58696200
2.79008003	39.67406000	1.58696200
2.79508003	39.67406000	1.58696200
2.80008003	39.67406000	1.58696200
2.80508003	39.73510000	1.58696200
2.81008003	39.96399000	1.58696200
2.81508003	38.85006000	1.58696200
2.82008003	36.53065000	1.58696200
2.82508003	35.41673000	1.58696200
2.83008003	35.64562000	1.58696200
2.83508003	35.70665000	1.58696200
2.84008003	35.70665000	1.58696200
2.84508003	35.70665000	1.61137700
2.85008003	35.70665000	1.70293300
2.85508003	35.70665000	1.25736300
2.86008003	35.70665000	0.32959990
2.86508003	35.64562000	-0.11597030
2.87008003	35.41673000	-0.02441481
2.87508003	36.59169000	0.00000000
2.88008003	39.13999000	0.00000000
2.88508003	39.13999000	0.00000000
2.89008003	36.59169000	0.00000000
2.89508003	35.41673000	0.00000000
2.90008003	35.64562000	0.00000000
2.90508003	35.70665000	0.00000000
2.91008003	35.70665000	0.00000000
2.91508003	35.70665000	-0.02441481
2.92008003	35.70665000	-0.11597030
2.92508003	35.70665000	0.32959990
2.93008003	35.70665000	1.25736300
2.93508003	35.70665000	1.70293300
2.94008003	35.70665000	1.61137700
2.94508003	35.70665000	1.58696200
2.95008003	35.70665000	1.58696200
2.95508003	35.70665000	1.58696200
2.96008003	35.70665000	1.58696200
2.96508003	35.76769000	1.56254800
2.97008003	35.99658000	1.47099200
2.97508003	34.82162000	1.94097700
2.98008003	32.27332000	2.96029500
2.98508003	32.27332000	2.96029500
2.99008003	34.82162000	1.94097700
2.99508003	36.05762000	1.47099200
3.00008003	36.05762000	1.56254800
3.00508003	34.88266000	1.56254800
3.01008003	32.56325000	1.47099200
3.01508003	31.38828000	1.94097700
3.02008003	31.38828000	2.96029500
3.02508003	32.56325000	2.93588100
3.03008003	34.88266000	1.82500700
3.03508003	36.05762000	1.80059200
3.04008003	36.05762000	2.81991000
3.04508003	34.88266000	3.28989500
3.05008003	32.56325000	3.19834000
3.05508003	31.38828000	3.19834000
3.06008003	31.38828000	3.28989500
3.06508003	32.62428000	2.84432500
3.07008003	35.17258000	1.91656200
3.07508003	35.17258000	1.44657700
3.08008003	32.62428000	1.44657700
3.08508003	31.44932000	1.91656200
3.09008003	31.67821000	2.84432500
3.09508003	31.73925000	3.31431000
3.10008003	31.73925000	3.31431000
3.10508003	31.73925000	2.84432500
3.11008003	31.73925000	1.91656200
3.11508003	31.73925000	1.49540700
3.12008003	31.73925000	1.67851800
3.12508003	31.73925000	1.23294800
3.13008003	31.73925000	0.21362960
3.13508003	31.73925000	0.23804440
3.14008003	31.73925000	1.34891800
3.14508003	31.73925000	1.34891800
3.15008003	31.73925000	0.23804440
3.15508003	31.73925000	0.23804440
3.16008003	31.73925000	1.34891800
3.16508003	31.73925000	1.34891800
3.17008003	31.73925000	0.23804440
3.17508003	31.73925000	0.23804440
3.18008003	31.73925000	1.34891800
3.18508003	31.73925000	1.37333300
3.19008003	31.73925000	0.35401470
3.19508003	31.73925000	-0.14038510
3.20008003	31.73925000	-0.14038510
3.20508003	31.73925000	0.32959990
3.21008003	31.73925000	1.25736300
3.21508003	31.73925000	1.70293300
3.22008003	31.73925000	1.61137700
3.22508003	31.73925000	1.58696200
3.23008003	31.73925000	1.58696200
3.23508003	31.73925000	1.56254800
3.24008003	31.73925000	1.47099200
3.24508003	31.73925000	1.91656200
3.25008003	31.73925000	2.84432500
3.25508003	31.73925000	3.31431000
3.26008003	31.73925000	3.31431000
3.26508003	31.73925000	2.81991000
3.27008002	31.73925000	1.80059200
3.27508002	31.73925000	1.80059200
3.28008002	31.73925000	2.81991000
3.28508002	31.73925000	3.28989500
3.29008002	31.73925000	3.19834000
3.29508002	31.73925000	3.17392500
3.30008002	31.73925000	3.17392500
3.30508002	31.73925000	3.19834000
3.31008002	31.73925000	3.28989500
3.31508002	31.80028000	2.81991000
3.32008002	32.02917000	1.80059200
3.32508002	30.91525000	1.80059200
3.33008002	28.59584000	2.81991000
3.33508002	27.42088000	3.28989500
3.34008002	27.42088000	3.19834000
3.34508002	28.65688000	3.17392500
3.35008002	31.20517000	3.17392500
3.35508002	31.20517000	3.19834000
3.36008002	28.65688000	3.28989500
3.36508002	27.48192000	2.81991000
3.37008002	27.71080000	1.80059200
3.37508002	27.77184000	1.80059200
3.38008002	27.77184000	2.81991000
3.38508002	27.77184000	3.31431000
3.39008002	27.77184000	3.31431000
3.39508002	27.77184000	2.84432500
3.40008002	27.77184000	1.91656200
3.40508002	27.77184000	1.49540700
3.41008002	27.77184000	1.67851800
3.41508002	27.77184000	1.23294800
3.42008002	27.77184000	0.21362960
3.42508002	27.77184000	0.21362960
3.43008002	27.77184000	1.23294800
3.43508002	27.77184000	1.70293300
3.44008002	27.77184000	1.61137700
3.44508002	27.77184000	1.58696200
3.45008002	27.77184000	1.58696200
3.45508002	27.77184000	1.61137700
3.46008002	27.77184000	1.70293300
3.46508002	27.77184000	1.25736300
3.47008002	27.77184000	0.32959990
3.47508002	27.77184000	-0.14038510
3.48008002	27.77184000	-0.14038510
3.48508002	27.77184000	0.32959990
3.49008002	27.77184000	1.25736300
3.49508002	27.77184000	1.70293300
3.50008002	27.77184000	1.61137700
3.50508002	27.77184000	1.58696200
3.51008002	27.77184000	1.58696200
3.51508002	27.77184000	1.61137700
3.52008002	27.77184000	1.70293300
3.52508002	27.77184000	1.25736300
3.53008002	27.77184000	0.32959990
3.53508002	27.83288000	-0.14038510
3.54008002	28.06177000	-0.14038510
3.54508002	26.94784000	0.35401470
3.55008002	24.62844000	1.37333300
3.55508002	23.51451000	1.37333300
3.56008002	23.74340000	0.35401470
3.56508002	23.74340000	-0.11597030
3.57008002	23.51451000	-0.02441481
3.57508002	24.68947000	-0.02441481
3.58008002	27.23777000	-0.11597030
3.58508002	27.23777000	0.32959990
3.59008002	24.68947000	1.25736300
3.59508002	23.45347000	1.70293300
3.60008002	23.45347000	1.61137700
3.60508002	24.68947000	1.58696200
3.61008002	27.23777000	1.58696200
3.61508002	27.23777000	1.58696200
3.62008002	24.68947000	1.58696200
3.62508002	23.51451000	1.58696200
3.63008002	23.74340000	1.58696200
3.63508002	23.80444000	1.58696200
3.64008002	23.80444000	1.58696200
3.64508002	23.80444000	1.58696200
3.65008002	23.80444000	1.58696200
3.65508002	23.80444000	1.58696200
3.66008002	23.80444000	1.58696200
3.66508002	23.80444000	1.58696200
3.67008002	23.80444000	1.58696200
3.67508002	23.80444000	1.58696200
3.68008002	23.80444000	1.58696200
3.68508002	23.80444000	1.58696200
3.69008002	23.80444000	1.58696200
3.69508002	23.80444000	1.58696200
3.70008002	23.80444000	1.58696200
3.70508002	23.80444000	1.58696200
3.71008002	23.80444000	1.58696200
3.71508002	23.80444000	1.56254800
3.72008002	23.80444000	1.47099200
3.72508002	23.80444000	1.94097700
3.73008002	23.80444000	2.96029500
3.73508002	23.80444000	2.96029500
3.74008002	23.80444000	1.94097700
3.74508002	23.80444000	1.47099200
3.75008002	23.80444000	1.56254800
3.75508002	23.80444000	1.58696200
3.76008002	23.80444000	1.58696200
3.76508002	23.80444000	1.61137700
3.77008002	23.80444000	1.70293300
3.77508002	23.80444000	1.23294800
3.78008002	23.80444000	0.21362960
3.78508002	23.80444000	0.21362960
3.79008002	23.80444000	1.23294800
3.79508002	23.80444000	1.70293300
3.80008002	23.80444000	1.61137700
3.80508002	23.80444000	1.58696200
3.81008002	23.80444000	1.58696200
3.81508002	23.80444000	1.58696200
3.82008002	23.80444000	1.58696200
3.82508002	23.80444000	1.58696200
3.83008002	23.80444000	1.58696200
3.83508002	23.80444000	1.58696200
3.84008002	23.80444000	1.58696200
3.84508002	23.80444000	1.58696200
3.85008002	23.80444000	1.58696200
3.85508002	23.80444000	1.58696200
3.86008002	23.80444000	1.58696200
3.86508002	23.80444000	1.58696200
3.87008002	23.80444000	1.58696200
3.87508002	23.80444000	1.58696200
3.88008002	23.80444000	1.58696200
3.88508002	23.80444000	1.58696200
3.89008002	23.80444000	1.58696200
3.89508002	23.86547000	1.58696200
3.90008002	24.09436000	1.58696200
3.90508002	22.91940000	1.58696200
3.91008002	20.37111000	1.58696200
3.91508002	20.37111000	1.58696200
3.92008002	22.91940000	1.58696200
3.92508002	24.09436000	1.58696200
3.93008002	23.86547000	1.58696200
3.93508002	23.86547000	1.58696200
3.94008002	24.09436000	1.58696200
3.94508002	22.98043000	1.61137700
3.95008002	20.66103000	1.70293300
3.95508002	19.48607000	1.28177700
3.96008002	19.48607000	0.44557020
3.96508002	20.72207000	-0.44557020
3.97008002	23.27036000	-1.28177700
3.97508002	23.20932000	-1.70293300
3.98008002	20.43214000	-1.61137700
3.98508002	20.43214000	-1.61137700
3.99008002	23.20932000	-1.70293300
3.99508002	23.20932000	-1.25736300
4.00008002	20.43214000	-0.32959990
4.00508002	20.43214000	0.14038510
4.01008002	23.20932000	0.14038510
4.01508002	23.27036000	-0.32959990
4.02008002	20.72207000	-1.25736300
4.02508002	19.54710000	-1.72734800
4.03008002	19.77599000	-1.72734800
4.03508002	19.83703000	-1.25736300
4.04008002	19.83703000	-0.32959990
4.04508002	19.83703000	0.11597030
4.05008002	19.83703000	0.02441481
4.05508002	19.83703000	0.00000000
4.06008002	19.83703000	0.00000000
4.06508002	19.83703000	0.00000000
4.07008002	19.83703000	0.00000000
4.07508002	19.83703000	-0.02441481
4.08008002	19.83703000	-0.11597030
4.08508002	19.83703000	0.35401470
4.09008002	19.83703000	1.37333300
4.09508002	19.83703000	1.34891800
4.10008002	19.83703000	0.23804440
4.10508002	19.83703000	0.18921480
4.11008002	19.83703000	1.11697700
4.11508002	19.83703000	2.00811800
4.12008002	19.83703000	2.75276900
4.12508002	19.83703000	3.64391000
4.13008002	19.83703000	4.57167300
4.13508002	19.83703000	4.54725700
4.14008002	19.83703000	3.52794000
4.14508002	19.83703000	3.05795500
4.15008002	19.83703000	3.14951000
4.15508002	19.83703000	3.19834000
4.16008002	19.83703000	3.28989500
4.16508002	19.83703000	2.81991000
4.17008002	19.83703000	1.80059200
4.17508002	19.83703000	1.80059200
4.18008002	19.83703000	2.81991000
4.18508002	19.83703000	3.31431000
4.19008002	19.83703000	3.31431000
4.19508002	19.83703000	2.84432500
4.20008002	19.83703000	1.91656200
4.20508002	19.83703000	1.47099200
4.21008002	19.83703000	1.56254800
4.21508002	19.83703000	1.61137700
4.22008002	19.83703000	1.70293300
4.22508002	19.83703000	1.23294800
4.23008002	19.83703000	0.21362960
4.23508002	19.83703000	0.21362960
4.24008002	19.83703000	1.23294800
4.24508002	19.83703000	1.70293300
4.25008002	19.83703000	1.61137700
4.25508002	19.89807000	1.58696200
4.26008002	20.12696000	1.58696200
4.26508002	18.95199000	1.58696200
4.27008002	16.40370000	1.58696200
4.27508002	16.46474000	1.58696200
4.28008002	19.24192000	1.58696200
4.28508002	19.24192000	1.56254800
4.29008002	16.46474000	1.47099200
4.29508002	16.40370000	1.94097700
4.30008002	18.95199000	2.96029500
4.30508002	20.18799000	2.96029500
4.31008002	20.18799000	1.94097700
4.31508002	18.95199000	1.47099200
4.32008002	16.40370000	1.56254800
4.32508002	16.46474000	1.63579200
4.33008002	19.24192000	1.81890300
4.33508002	19.30296000	0.90334780
4.34008002	16.75466000	-1.04373300
4.34508002	15.57970000	-1.46488800
4.35008002	15.80859000	-0.26245920
4.35508002	15.80859000	-0.21362960
4.36008002	15.57970000	-1.23294800
4.36508002	16.69362000	-1.70293300
4.37008002	19.01303000	-1.61137700
4.37508002	20.18799000	-1.61137700
4.38008002	20.18799000	-1.70293300
4.38508002	19.01303000	-1.28177700
4.39008002	16.69362000	-0.44557020
4.39508002	15.57970000	0.44557020
4.40008002	15.80859000	1.28177700
4.40508002	15.86962000	1.72734800
4.41008002	15.86962000	1.72734800
4.41508002	15.86962000	1.23294800
4.42008002	15.86962000	0.21362960
4.42508002	15.86962000	0.18921480
4.43008002	15.86962000	1.11697700
4.43508002	15.86962000	2.05694700
4.44008002	15.86962000	2.98471000
4.44508002	15.86962000	2.96029500
4.45008002	15.86962000	1.94097700
4.45508002	15.80859000	1.47099200
4.46008002	15.57970000	1.56254800
4.46508002	16.75466000	1.58696200
4.47008002	19.30296000	1.58696200
4.47508002	19.30296000	1.61137700
4.48008002	16.75466000	1.70293300
4.48508002	15.57970000	1.23294800
4.49008002	15.80859000	0.21362960
4.49508002	15.86962000	0.23804440
4.50008002	15.86962000	1.34891800
4.50508002	15.86962000	1.37333300
4.51008002	15.86962000	0.35401470
4.51508002	15.86962000	-0.14038510
4.52008002	15.86962000	-0.14038510
4.52508002	15.86962000	0.35401470
4.53008002	15.86962000	1.37333300
4.53508002	15.86962000	1.37333300
4.54008002	15.86962000	0.35401470
4.54508002	15.86962000	-0.11597030
4.55008002	15.86962000	-0.02441481
4.55508002	15.86962000	0.00000000
4.56008002	15.86962000	0.00000000
4.56508002	15.86962000	0.00000000
4.57008002	15.86962000	0.00000000
4.57508002	15.86962000	0.00000000
4.58008002	15.86962000	0.00000000
4.58508002	15.86962000	0.00000000
4.59008002	15.86962000	0.00000000
4.59508002	15.86962000	0.00000000
4.60008002	15.86962000	0.00000000
4.60508002	15.86962000	-0.02441481
4.61008002	15.86962000	-0.11597030
4.61508002	15.86962000	0.32959990
4.62008002	15.86962000	1.25736300
4.62508002	15.86962000	1.70293300
4.63008002	15.86962000	1.61137700
4.63508002	15.86962000	1.58696200
4.64008002	15.86962000	1.58696200
4.64508002	15.86962000	1.58696200
4.65008002	15.86962000	1.58696200
4.65508002	15.86962000	1.58696200
4.66008002	15.86962000	1.58696200
4.66508002	15.86962000	1.56254800
4.67008002	15.86962000	1.47099200
4.67508002	15.86962000	1.94097700
4.68008002	15.86962000	2.96029500
4.68508002	15.86962000	2.93588100
4.69008002	15.86962000	1.82500700
4.69508002	15.86962000	1.82500700
4.70008002	15.86962000	2.93588100
4.70508002	15.86962000	2.96029500
4.71008002	15.86962000	1.94097700
4.71508002	15.86962000	1.47099200
4.72008002	15.86962000	1.56254800
4.72508002	15.86962000	1.56254800
4.73008002	15.86962000	1.47099200
4.73508002	15.86962000	1.94097700
4.74008002	15.86962000	2.96029500
4.74508002	15.86962000	2.96029500
4.75008002	15.86962000	1.94097700
4.75508002	15.86962000	1.47099200
4.76008002	15.86962000	1.56254800
4.76508002	15.86962000	1.58696200
4.77008002	15.86962000	1.58696200
4.77508002	15.86962000	1.58696200
4.78008002	15.86962000	1.58696200
4.78508002	15.86962000	1.58696200
4.79008002	15.86962000	1.58696200
4.79508002	15.86962000	1.58696200
4.80008002	15.86962000	1.58696200
4.80508002	15.86962000	1.58696200
4.81008002	15.86962000	1.58696200
4.81508002	15.86962000	1.58696200
4.82008002	15.86962000	1.58696200
4.82508002	15.86962000	1.58696200
4.83008002	15.86962000	1.58696200
4.83508002	15.86962000	1.61137700
4.84008002	15.86962000	1.70293300
4.84508002	15.93066000	1.23294800
4.85008002	16.15955000	0.21362960
4.85508002	14.98459000	0.18921480
4.86008002	12.43629000	1.11697700
4.86508002	12.43629000	2.03253300
4.87008002	14.98459000	2.86874000
4.87508002	16.15955000	3.28989500
4.88008002	15.93066000	3.19834000
4.88508002	15.86962000	3.17392500
4.89008002	15.86962000	3.17392500
4.89508002	15.86962000	3.17392500
4.90008002	15.86962000	3.17392500
4.90508002	15.86962000	3.19834000
4.91008002	15.86962000	3.28989500
4.91508001	15.86962000	2.81991000
4.92008001	15.86962000	1.80059200
4.92508001	15.93066000	1.80059200
4.93008001	16.15955000	2.81991000
4.93508001	15.04562000	3.28989500
4.94008001	12.72622000	3.19834000
4.94508001	11.55125000	3.17392500
4.95008001	11.55125000	3.17392500
4.95508001	12.72622000	3.19834000
4.96008001	15.04562000	3.28989500
4.96508001	16.22059000	2.81991000
4.97008001	16.22059000	1.80059200
4.97508001	14.98459000	1.80059200
4.98008001	12.43629000	2.81991000
4.98508001	12.49733000	3.28989500
4.99008001	15.27451000	3.19834000
4.99508001	15.27451000	3.17392500
5.00008001	12.49733000	3.17392500
5.00508001	12.43629000	3.14951000
5.01008001	14.98459000	3.05795500
5.01508001	16.22059000	3.52794000
5.02008001	16.22059000	4.54725700
5.02508001	15.04562000	4.54725700
5.03008001	12.72622000	3.52794000
5.03508001	11.61229000	3.08237000
5.04008001	11.84118000	3.26548100
5.04508001	11.84118000	2.84432500
5.05008001	11.61229000	1.91656200
5.05508001	12.78725000	1.44657700
5.06008001	15.33555000	1.44657700
5.06508001	15.33555000	1.91656200
5.07008001	12.78725000	2.84432500
5.07508001	11.61229000	3.28989500
5.08008001	11.84118000	3.19834000
5.08508001	11.90222000	3.19834000
5.09008001	11.90222000	3.28989500
5.09508001	11.84118000	2.84432500
5.10008001	11.61229000	1.91656200
5.10508001	12.78725000	1.47099200
5.11008001	15.33555000	1.56254800
5.11508001	15.33555000	1.58696200
5.12008001	12.78725000	1.58696200
5.12508001	11.61229000	1.58696200
5.13008001	11.84118000	1.58696200
5.13508001	11.90222000	1.61137700
5.14008001	11.90222000	1.70293300
5.14508001	11.90222000	1.25736300
5.15008001	11.90222000	0.32959990
5.15508001	11.90222000	-0.11597030
5.16008001	11.90222000	-0.02441481
5.16508001	11.90222000	0.00000000
5.17008001	11.90222000	0.00000000
5.17508001	11.90222000	0.00000000
5.18008001	11.90222000	0.00000000
5.18508001	11.90222000	-0.02441481
5.19008001	11.90222000	-0.11597030
5.19508001	11.90222000	0.35401470
5.20008001	11.90222000	1.37333300
5.20508001	11.90222000	1.34891800
5.21008001	11.90222000	0.23804440
5.21508001	11.90222000	0.21362960
5.22008001	11.90222000	1.23294800
5.22508001	11.90222000	1.70293300
5.23008001	11.90222000	1.61137700
5.23508001	11.90222000	1.58696200
5.24008001	11.90222000	1.58696200
5.24508001	11.90222000	1.56254800
5.25008001	11.90222000	1.47099200
5.25508001	11.90222000	1.94097700
5.26008001	11.90222000	2.96029500
5.26508001	11.90222000	2.96029500
5.27008001	11.90222000	1.94097700
5.27508001	11.90222000	1.47099200
5.28008001	11.90222000	1.56254800
5.28508001	11.90222000	1.58696200
5.29008001	11.90222000	1.58696200
5.29508001	11.90222000	1.56254800
5.30008001	11.90222000	1.47099200
5.30508001	11.90222000	1.91656200
5.31008001	11.90222000	2.84432500
5.31508001	11.90222000	3.26548100
5.32008001	11.90222000	3.08237000
5.32508001	11.90222000	3.50352500
5.33008001	11.90222000	4.43128700
5.33508001	11.90222000	4.90127200
5.34008001	11.90222000	4.90127200
5.34508001	11.90222000	4.43128700
5.35008001	11.90222000	3.50352500
5.35508001	11.90222000	3.05795500
5.36008001	11.90222000	3.14951000
5.36508001	11.90222000	3.17392500
5.37008001	11.90222000	3.17392500
5.37508001	11.90222000	3.19834000
5.38008001	11.90222000	3.28989500
5.38508001	11.90222000	2.84432500
5.39008001	11.90222000	1.91656200
5.39508001	11.90222000	1.47099200
5.40008001	11.90222000	1.56254800
5.40508001	11.90222000	1.58696200
5.41008001	11.90222000	1.58696200
5.41508001	11.90222000	1.58696200
5.42008001	11.90222000	1.58696200
5.42508001	11.90222000	1.58696200
5.43008001	11.90222000	1.58696200
5.43508001	11.90222000	1.58696200
5.44008001	11.90222000	1.58696200
5.44508001	11.90222000	1.58696200
5.45008001	11.90222000	1.58696200
5.45508001	11.90222000	1.58696200
5.46008001	11.90222000	1.58696200
5.46508001	11.90222000	1.58696200
5.47008001	11.90222000	1.58696200
5.47508001	11.90222000	1.56254800
5.48008001	11.90222000	1.47099200
5.48508001	11.90222000	1.94097700
5.49008001	11.90222000	2.96029500
5.49508001	11.90222000	2.96029500
5.50008001	11.90222000	1.94097700
5.50508001	11.90222000	1.47099200
5.51008001	11.90222000	1.56254800
5.51508001	11.90222000	1.58696200
5.52008001	11.90222000	1.58696200
5.52508001	11.90222000	1.58696200
5.53008001	11.90222000	1.58696200
5.53508001	11.90222000	1.58696200
5.54008001	11.90222000	1.58696200
5.54508001	11.96325000	1.58696200
5.55008001	12.19214000	1.58696200
5.55508001	11.01718000	1.58696200
5.56008001	8.46888600	1.58696200
5.56508001	8.46888600	1.58696200
5.57008001	11.01718000	1.58696200
5.57508001	12.19214000	1.61137700
5.58008001	11.96325000	1.70293300
5.58508001	11.90222000	1.23294800
5.59008001	11.90222000	0.21362960
5.59508001	11.90222000	0.21362960
5.60008001	11.90222000	1.23294800
5.60508001	11.90222000	1.70293300
5.61008001	11.90222000	1.61137700
5.61508001	11.90222000	1.58696200
5.62008001	11.90222000	1.58696200
5.62508001	11.96325000	1.58696200
5.63008001	12.19214000	1.58696200
5.63508001	11.01718000	1.58696200
5.64008001	8.46888600	1.58696200
5.64508001	8.52992300	1.58696200
5.65008001	11.30711000	1.58696200
5.65508001	11.30711000	1.61137700
5.66008001	8.52992300	1.70293300
5.66508001	8.46888600	1.23294800
5.67008001	11.01718000	0.21362960
5.67508001	12.25318000	0.21362960
5.68008001	12.25318000	1.23294800
5.68508001	11.01718000	1.70293300
5.69008001	8.46888600	1.61137700
5.69508001	8.52992300	1.58696200
5.70008001	11.30711000	1.58696200
5.70508001	11.36814000	1.56254800
5.71008001	8.81984900	1.47099200
5.71508001	7.64488600	1.91656200
5.72008001	7.87377500	2.84432500
5.72508001	7.93481200	3.28989500
5.73008001	7.93481200	3.19834000
5.73508001	7.93481200	3.17392500
5.74008001	7.93481200	3.17392500
5.74508001	7.93481200	3.17392500
5.75008001	7.93481200	3.17392500
5.75508001	7.87377500	3.14951000
5.76008001	7.64488600	3.05795500
5.76508001	8.81984900	3.52794000
5.77008001	11.36814000	4.54725700
5.77508001	11.30711000	4.54725700
5.78008001	8.52992300	3.52794000
5.78508001	8.46888600	3.03354000
5.79008001	11.01718000	3.03354000
5.79508001	12.25318000	3.50352500
5.80008001	12.25318000	4.43128700
5.80508001	11.07822000	4.90127200
5.81008001	8.75881200	4.90127200
5.81508001	7.64488600	4.43128700
5.82008001	7.87377500	3.50352500
5.82508001	7.93481200	3.05795500
5.83008001	7.93481200	3.14951000
5.83508001	7.93481200	3.19834000
5.84008001	7.93481200	3.28989500
5.84508001	7.93481200	2.84432500
5.85008001	7.93481200	1.91656200
5.85508001	7.93481200	1.47099200
5.86008001	7.93481200	1.56254800
5.86508001	7.93481200	1.58696200
5.87008001	7.93481200	1.58696200
5.87508001	7.87377500	1.58696200
5.88008001	7.64488600	1.58696200
5.88508001	8.81984900	1.56254800
5.89008001	11.36814000	1.47099200
5.89508001	11.36814000	1.94097700
5.90008001	8.81984900	2.96029500
5.90508001	7.64488600	2.96029500
5.91008001	7.87377500	1.94097700
5.91508001	7.93481200	1.47099200
5.92008001	7.93481200	1.56254800
5.92508001	7.93481200	1.58696200
5.93008001	7.93481200	1.58696200
5.93508001	7.93481200	1.58696200
5.94008001	7.93481200	1.58696200
5.94508001	7.93481200	1.61137700
5.95008001	7.93481200	1.70293300
5.95508001	7.93481200	1.23294800
5.96008001	7.93481200	0.21362960
5.96508001	7.93481200	0.23804440
5.97008001	7.93481200	1.34891800
5.97508001	7.93481200	1.37333300
5.98008001	7.93481200	0.35401470
5.98508001	7.93481200	-0.14038510
5.99008001	7.93481200	-0.14038510
5.99508001	7.93481200	0.32959990
6.00008001	7.93481200	1.25736300
6.00508001	7.93481200	1.72734800
6.01008001	7.93481200	1.72734800
6.01508001	7.93481200	1.23294800
6.02008001	7.93481200	0.21362960
6.02508001	7.93481200	0.21362960
6.03008001	7.93481200	1.23294800
6.03508001	7.93481200	1.70293300
6.04008001	7.93481200	1.61137700
6.04508001	7.93481200	1.58696200
6.05008001	7.93481200	1.58696200
6.05508001	7.93481200	1.58696200
6.06008001	7.93481200	1.58696200
6.06508001	7.93481200	1.58696200
6.07008001	7.93481200	1.58696200
6.07508001	7.93481200	1.56254800
6.08008001	7.93481200	1.47099200
6.08508001	7.93481200	1.94097700
6.09008001	7.93481200	2.96029500
6.09508001	7.93481200	2.96029500
6.10008001	7.93481200	1.94097700
6.10508001	7.93481200	1.47099200
6.11008001	7.93481200	1.56254800
6.11508001	7.93481200	1.58696200
6.12008001	7.93481200	1.58696200
6.12508001	7.93481200	1.58696200
6.13008001	7.93481200	1.58696200
6.13508001	7.93481200	1.58696200
6.14008001	7.93481200	1.58696200
6.14508001	7.93481200	1.56254800
6.15008001	7.93481200	1.47099200
6.15508001	7.93481200	1.94097700
6.16008001	7.93481200	2.96029500
6.16508001	7.93481200	2.96029500
6.17008001	7.93481200	1.94097700
6.17508001	7.93481200	1.47099200
6.18008001	7.93481200	1.56254800
6.18508001	7.93481200	1.58696200
6.19008001	7.93481200	1.58696200
6.19508001	7.93481200	1.58696200
6.20008001	7.93481200	1.58696200
6.20508001	7.93481200	1.58696200
6.21008001	7.93481200	1.58696200
6.21508001	7.93481200	1.61137700
6.22008001	7.93481200	1.70293300
6.22508001	7.93481200	1.25736300
6.23008001	7.93481200	0.32959990
6.23508001	7.93481200	-0.11597030
6.24008001	7.93481200	-0.02441481
6.24508001	7.93481200	0.00000000
6.25008001	7.93481200	0.00000000
6.25508001	7.93481200	0.00000000
6.26008001	7.93481200	0.00000000
6.26508001	7.93481200	-0.02441481
6.27008001	7.93481200	-0.11597030
6.27508001	7.93481200	0.32959990
6.28008001	7.93481200	1.25736300
6.28508001	7.93481200	1.70293300
6.29008001	7.93481200	1.61137700
6.29508001	7.93481200	1.61137700
6.30008001	7.93481200	1.70293300
6.30508001	7.93481200	1.23294800
6.31008001	7.93481200	0.21362960
6.31508001	7.93481200	0.21362960
6.32008001	7.93481200	1.23294800
6.32508001	7.93481200	1.70293300
6.33008001	7.93481200	1.61137700
6.33508001	7.93481200	1.58696200
6.34008001	7.93481200	1.58696200
6.34508001	7.93481200	1.58696200
6.35008001	7.93481200	1.58696200
6.35508001	7.93481200	1.58696200
6.36008001	7.93481200	1.58696200
6.36508001	7.93481200	1.56254800
6.37008001	7.93481200	1.47099200
6.37508001	7.93481200	1.94097700
6.38008001	7.93481200	2.96029500
6.38508001	7.93481200	2.96029500
6.39008001	7.93481200	1.94097700
6.39508001	7.93481200	1.47099200
6.40008001	7.93481200	1.56254800
6.40508001	7.93481200	1.56254800
6.41008001	7.93481200	1.47099200
6.41508001	7.93481200	1.94097700
6.42008001	7.93481200	2.96029500
6.42508001	7.93481200	2.96029500
6.43008001	7.93481200	1.94097700
6.43508001	7.93481200	1.47099200
6.44008001	7.93481200	1.56254800
6.44508001	7.93481200	1.58696200
6.45008001	7.93481200	1.58696200
6.45508001	7.93481200	1.61137700
6.46008001	7.93481200	1.70293300
6.46508001	7.93481200	1.23294800
6.47008001	7.93481200	0.21362960
6.47508001	7.93481200	0.21362960
6.48008001	7.93481200	1.23294800
6.48508001	7.93481200	1.70293300
6.49008001	7.93481200	1.61137700
6.49508001	7.93481200	1.56254800
6.50008001	7.93481200	1.47099200
6.50508001	7.93481200	1.94097700
6.51008001	7.93481200	2.96029500
6.51508001	7.93481200	2.96029500
6.52008001	7.93481200	1.94097700
6.52508001	7.93481200	1.44657700
6.53008001	7.93481200	1.44657700
6.53508001	7.93481200	1.94097700
6.54008001	7.93481200	2.96029500
6.54508001	7.93481200	2.96029500
6.55008001	7.93481200	1.94097700
6.55508001	7.93481200	1.47099200
6.56008000	7.93481200	1.56254800
6.56508000	7.93481200	1.56254800
6.57008000	7.93481200	1.47099200
6.57508000	7.93481200	1.94097700
6.58008000	7.93481200	2.96029500
6.58508000	7.93481200	2.98471000
6.59008000	7.93481200	2.05694700
6.59508000	7.93481200	1.14139200
6.60008000	7.93481200	0.30518510
6.60508000	7.93481200	-0.14038510
6.61008000	7.93481200	-0.14038510
6.61508000	7.93481200	0.35401470
6.62008000	7.93481200	1.37333300
6.62508000	7.93481200	1.37333300
6.63008000	7.93481200	0.35401470
6.63508000	7.99584900	-0.14038510
6.64008000	8.22473800	-0.14038510
6.64508000	7.04977500	0.32959990
6.65008000	4.50148000	1.25736300
6.65508000	4.50148000	1.70293300
6.66008000	7.04977500	1.61137700
6.66508000	8.22473800	1.58696200
6.67008000	7.99584900	1.58696200
6.67508000	7.93481200	1.58696200
6.68008000	7.93481200	1.58696200
6.68508000	7.93481200	1.61137700
6.69008000	7.93481200	1.70293300
6.69508000	7.93481200	1.23294800
6.70008000	7.93481200	0.21362960
6.70508000	7.93481200	0.21362960
6.71008000	7.93481200	1.23294800
6.71508000	7.93481200	1.70293300
6.72008000	7.93481200	1.61137700
6.72508000	7.99584900	1.58696200
6.73008000	8.22473800	1.58696200
6.73508000	7.04977500	1.58696200
6.74008000	4.50148000	1.58696200
6.74508000	4.50148000	1.56254800
6.75008000	7.04977500	1.47099200
6.75508000	8.22473800	1.94097700
6.76008000	7.99584900	2.96029500
6.76508000	7.93481200	2.93588100
6.77008000	7.93481200	1.82500700
6.77508000	7.93481200	1.82500700
6.78008000	7.93481200	2.93588100
6.78508000	7.93481200	2.96029500
6.79008000	7.93481200	1.94097700
6.79508000	7.93481200	1.47099200
6.80008000	7.93481200	1.56254800
6.80508000	7.93481200	1.58696200
6.81008000	7.93481200	1.58696200
6.81508000	7.93481200	1.58696200
6.82008000	7.93481200	1.58696200
6.82508000	7.93481200	1.58696200
6.83008000	7.93481200	1.58696200
6.83508000	7.93481200	1.61137700
6.84008000	7.93481200	1.70293300
6.84508000	7.93481200	1.23294800
6.85008000	7.93481200	0.21362960
6.85508000	7.93481200	0.21362960
6.86008000	7.93481200	1.23294800
6.86508000	7.93481200	1.70293300
6.87008000	7.93481200	1.61137700
6.87508000	7.93481200	1.58696200
6.88008000	7.93481200	1.58696200
6.88508000	7.93481200	1.58696200
6.89008000	7.93481200	1.58696200
6.89508000	7.93481200	1.58696200
6.90008000	7.93481200	1.58696200
6.90508000	7.93481200	1.56254800
6.91008000	7.93481200	1.47099200
6.91508000	7.93481200	1.94097700
6.92008000	7.93481200	2.96029500
6.92508000	7.93481200	2.93588100
6.93008000	7.93481200	1.82500700
6.93508000	7.93481200	1.82500700
6.94008000	7.93481200	2.93588100
6.94508000	7.93481200	2.96029500
6.95008000	7.93481200	1.94097700
6.95508000	7.93481200	1.44657700
6.96008000	7.93481200	1.44657700
6.96508000	7.93481200	1.91656200
6.97008000	7.93481200	2.84432500
6.97508000	7.93481200	3.31431000
6.98008000	7.93481200	3.31431000
6.98508000	7.93481200	2.84432500
6.99008000	7.93481200	1.91656200
6.99508000	7.93481200	1.44657700
7.00008000	7.93481200	1.44657700
7.00508000	7.93481200	1.91656200
7.01008000	7.93481200	2.84432500
7.01508000	7.93481200	3.31431000
7.02008000	7.93481200	3.31431000
7.02508000	7.99584900	2.84432500
7.03008000	8.22473800	1.91656200
7.03508000	7.11081200	1.47099200
7.04008000	4.79140600	1.56254800
7.04508000	3.61644300	1.56254800
7.05008000	3.61644300	1.47099200
7.05508000	4.79140600	1.94097700
7.06008000	7.11081200	2.96029500
7.06508000	8.22473800	2.93588100
7.07008000	7.99584900	1.82500700
7.07508000	7.93481200	1.80059200
7.08008000	7.93481200	2.81991000
7.08508000	7.93481200	3.31431000
7.09008000	7.93481200	3.31431000
7.09508000	7.93481200	2.81991000
7.10008000	7.93481200	1.80059200
7.10508000	7.99584900	1.80059200
7.11008000	8.22473800	2.81991000
7.11508000	7.04977500	3.28989500
7.12008000	4.50148000	3.19834000
7.12508000	4.50148000	3.19834000
7.13008000	7.04977500	3.28989500
7.13508000	8.22473800	2.81991000
7.14008000	7.99584900	1.80059200
7.14508000	7.99584900	1.82500700
7.15008000	8.22473800	2.93588100
7.15508000	7.11081200	2.93588100
7.16008000	4.79140600	1.82500700
7.16508000	3.61644300	1.82500700
7.17008000	3.61644300	2.93588100
7.17508000	4.85244300	2.96029500
7.18008000	7.40073800	1.94097700
7.18508000	7.40073800	1.44657700
7.19008000	4.85244300	1.44657700
7.19508000	3.67748000	1.91656200
7.20008000	3.90636900	2.84432500
7.20508000	3.96740600	3.31431000
7.21008000	3.96740600	3.31431000
7.21508000	3.90636900	2.81991000
7.22008000	3.67748000	1.80059200
7.22508000	4.79140600	1.80059200
7.23008000	7.11081200	2.81991000
7.23508000	8.22473800	3.28989500
7.24008000	7.99584900	3.19834000
7.24508000	7.99584900	3.17392500
7.25008000	8.22473800	3.17392500
7.25508000	7.04977500	3.17392500
7.26008000	4.50148000	3.17392500
7.26508000	4.50148000	3.17392500
7.27008000	7.04977500	3.17392500
7.27508000	8.22473800	3.17392500
7.28008000	7.99584900	3.17392500
7.28508000	7.99584900	3.17392500
7.29008000	8.22473800	3.17392500
7.29508000	7.11081200	3.14951000
7.30008000	4.79140600	3.05795500
7.30508000	3.61644300	3.52794000
7.31008000	3.61644300	4.54725700
7.31508000	4.85244300	4.54725700
7.32008000	7.40073800	3.52794000
7.32508000	7.40073800	3.05795500
7.33008000	4.85244300	3.14951000
7.33508000	3.61644300	3.19834000
7.34008000	3.61644300	3.28989500
7.34508000	4.85244300	2.81991000
7.35008000	7.40073800	1.80059200
7.35508000	7.40073800	1.80059200
7.36008000	4.85244300	2.81991000
7.36508000	3.67748000	3.28989500
7.37008000	3.90636900	3.19834000
7.37508000	3.96740600	3.19834000
7.38008000	3.96740600	3.28989500
7.38508000	3.96740600	2.84432500
7.39008000	3.96740600	1.91656200
7.39508000	3.96740600	1.44657700
7.40008000	3.96740600	1.44657700
7.40508000	3.96740600	1.94097700
7.41008000	3.96740600	2.96029500
7.41508000	3.96740600	2.96029500
7.42008000	3.96740600	1.94097700
7.42508000	3.96740600	1.47099200
7.43008000	3.96740600	1.56254800
7.43508000	3.96740600	1.61137700
7.44008000	3.96740600	1.70293300
7.44508000	3.96740600	1.23294800
7.45008000	3.96740600	0.21362960
7.45508000	3.96740600	0.21362960
7.46008000	3.96740600	1.23294800
7.46508000	3.90636900	1.70293300
7.47008000	3.67748000	1.61137700
7.47508000	4.85244300	1.56254800
7.48008000	7.40073800	1.47099200
7.48508000	7.40073800	1.86773300
7.49008000	4.85244300	2.61238400
7.49508000	3.67748000	3.94909500
7.50008000	3.90636900	5.71306500
7.50508000	3.90636900	6.51265000
7.51008000	3.67748000	6.04266500
7.51508000	4.79140600	7.31833800
7.52008000	7.11081200	9.99786400
7.52508000	8.22473800	11.71911000
7.53008000	7.99584900	12.08533000
7.53508000	7.99584900	13.73333000
7.54008000	8.22473800	16.13819000
7.54508000	7.04977500	18.65902000
7.55008000	4.50148000	20.59389000
7.55508000	4.50148000	24.43312000
7.56008000	7.04977500	29.24894000
7.56508000	8.28577500	33.93658000
7.57008000	8.28577500	37.34855000
7.57508000	7.11081200	42.41463000
7.58008000	4.79140600	47.77367000
7.58508000	3.67748000	53.70647000
7.59008000	3.90636900	58.69930000
7.59508000	3.96740600	65.55376000
7.60008000	3.96740600	72.67678000
7.60508000	3.96740600	79.05515000
7.61008000	3.96740600	83.12632000
7.61508000	3.96740600	88.56471000
7.62008000	3.96740600	93.83221000
7.62508000	3.96740600	99.83825000
7.63008000	3.96740600	105.19730000
7.63508000	3.96740600	110.31220000
7.64008000	3.96740600	113.91950000
7.64508000	3.96740600	117.73430000
7.65008000	3.96740600	120.78620000
7.65508000	3.90636900	123.27650000
7.66008000	3.67748000	124.47890000
7.66508000	4.85244300	126.62130000
7.67008000	7.40073800	129.20930000
7.67508000	7.40073800	130.48490000
7.68008000	4.85244300	130.10650000
7.68508000	3.61644300	130.50940000
7.69008000	3.61644300	131.52870000
7.69508000	4.85244300	131.57750000
7.70008000	7.40073800	130.74130000
7.70508000	7.40073800	129.39850000
7.71008000	4.85244300	127.73830000
7.71508000	3.67748000	126.46260000
7.72008000	3.90636900	125.91330000
7.72508000	3.96740600	124.68640000
7.73008000	3.96740600	123.20930000
7.73508000	3.96740600	121.04250000
7.74008000	3.96740600	118.63760000
7.74508000	3.96740600	116.51970000
7.75008000	3.96740600	115.22570000
7.75508000	3.96740600	113.15650000
7.76008000	3.96740600	110.93480000
7.76508000	3.96740600	107.93790000
7.77008000	3.96740600	104.89210000
7.77508000	3.96740600	101.43130000
7.78008000	3.96740600	98.28181000
7.78508000	3.96740600	95.76708000
7.79008000	3.96740600	94.56465000
7.79508000	3.96740600	92.49550000
7.80008000	3.96740600	90.18220000
7.80508000	3.96740600	87.59423000
7.81008000	3.96740600	85.27482000
7.81508000	3.96740600	83.15684000
7.82008000	3.96740600	81.77129000
7.82508000	3.96740600	80.12329000
7.83008000	3.96740600	78.73775000
7.83508000	3.96740600	76.59535000
7.84008000	3.96740600	74.19049000
7.84508000	3.96740600	72.04810000
7.85008000	3.96740600	70.66255000
7.85508000	3.96740600	68.99014000
7.86008000	3.96740600	67.51305000
7.86508000	3.96740600	65.79180000
7.87008000	3.96740600	64.22315000
7.87508000	3.96740600	62.97189000
7.88008000	3.96740600	62.42256000
7.88508000	3.96740600	61.17130000
7.89008000	3.96740600	59.60265000
7.89508000	3.96740600	57.85699000
7.90008000	3.96740600	56.28223000
7.90508000	3.96740600	55.03098000
7.91008000	3.96740600	54.48164000
7.91508000	3.96740600	53.23038000
7.92008000	3.96740600	51.66173000
7.92508000	3.96740600	49.91607000
7.93008000	3.96740600	48.34742000
7.93508000	3.96740600	47.07175000
7.94008000	3.96740600	46.43086000
7.94508000	3.96740600	45.60686000
7.95008000	3.96740600	44.86221000
7.95508000	3.96740600	44.03821000
7.96008000	3.96740600	43.39732000
7.96508000	3.96740600	42.09723000
7.97008000	3.96740600	40.43703000
7.97508000	3.96740600	39.13694000
7.98008000	3.96740600	38.49605000
7.98508000	3.96740600	37.64763000
7.99008000	3.96740600	36.81142000
7.99508000	3.96740600	36.41468000
8.00008000	3.96740600	36.59780000
8.00508000	3.96740600	36.20105000
8.01008000	3.96740600	35.36485000
8.01508000	3.96740600	34.49812000
8.02008000	3.96740600	33.75347000
8.02508000	3.96740600	32.91116000
8.03008000	3.96740600	32.16651000
8.03508000	3.96740600	31.29978000
8.04008000	3.96740600	30.46358000
8.04508000	3.96740600	30.06684000
8.05008000	3.96740600	30.24995000
8.05508000	3.96740600	29.87762000
8.06008000	3.96740600	29.13907000
8.06508000	3.96740600	27.79015000
8.07008000	3.96740600	26.03229000
8.07508000	3.96740600	25.17777000
8.08008000	3.96740600	25.45854000
8.08508000	3.96740600	25.03738000
8.09008000	3.96740600	24.01807000
8.09508000	3.96740600	24.06690000
8.10008000	3.96740600	25.26933000
8.10508000	3.96740600	24.84817000
8.11008000	3.96740600	22.90109000
8.11508000	3.96740600	21.98553000
8.12008000	3.96740600	22.16864000
8.12508000	3.96740600	22.21748000
8.13008000	3.96740600	22.21748000
8.13508000	3.96740600	22.24189000
8.14008000	3.96740600	22.33344000
8.14508000	3.96740600	21.86346000
8.15008000	3.96740600	20.84414000
8.15508000	3.96740600	20.86856000
8.16008000	3.96740600	21.97943000
8.16508000	3.96740600	22.00385000
8.17008000	3.96740600	20.98453000
8.17508000	3.96740600	20.53896000
8.18008000	3.96740600	20.72207000
8.18508000	3.96740600	20.30091000
8.19008000	3.96740600	19.37315000
8.19508000	3.96740600	18.92758000
8.20008000	3.96740600	19.01913000
8.20507999	3.96740600	19.04355000
8.21007999	3.96740600	19.04355000
8.21507999	3.96740600	19.04355000
8.22007999	3.96740600	19.04355000
8.22507999	3.96740600	19.06796000
8.23007999	3.96740600	19.15952000
8.23507999	3.96740600	18.73836000
8.24007999	3.96740600	17.90216000
8.24507999	3.96740600	17.01102000
8.25007999	3.96740600	16.17481000
8.25507999	3.96740600	15.75365000
8.26007999	3.96740600	15.84521000
8.26507999	3.96740600	15.86962000
8.27007999	3.96740600	15.86962000
8.27507999	3.96740600	15.86962000
8.28007999	3.96740600	15.86962000
8.28507999	3.96740600	15.86962000
8.29007999	3.96740600	15.86962000
8.29507999	3.96740600	15.86962000
8.30007999	3.96740600	15.86962000
8.30507999	3.96740600	15.86962000
8.31007999	3.96740600	15.86962000
8.31507999	3.96740600	15.86962000
8.32007999	3.96740600	15.86962000
8.32507999	3.96740600	15.89404000
8.33007999	3.96740600	15.98559000
8.33507999	3.96740600	15.51561000
8.34007999	3.96740600	14.49629000
8.34507999	3.96740600	14.52071000
8.35007999	3.96740600	15.63158000
8.35507999	3.96740600	15.63158000
8.36007999	3.96740600	14.52071000
8.36507999	3.90636900	14.49629000
8.37007999	3.67748000	15.51561000
8.37507999	4.85244300	15.98559000
8.38007999	7.40073800	15.89404000
8.38507999	7.40073800	15.89404000
8.39007999	4.85244300	15.98559000
8.39507999	3.67748000	15.54002000
8.40007999	3.90636900	14.61226000
8.40507999	3.96740600	14.16669000
8.41007999	3.96740600	14.25825000
8.41507999	3.96740600	14.30708000
8.42007999	3.96740600	14.39863000
8.42507999	3.96740600	13.92865000
8.43007999	3.96740600	12.90933000
8.43507999	3.96740600	12.93374000
8.44007999	3.96740600	14.04462000
8.44507999	3.96740600	14.04462000
8.45007999	3.96740600	12.93374000
8.45507999	3.96740600	12.93374000
8.46007999	3.96740600	14.04462000
8.46507999	3.96740600	14.06903000
8.47007999	3.96740600	13.04971000
8.47507999	3.96740600	12.60414000
8.48007999	3.96740600	12.78726000
8.48507999	3.96740600	12.36610000
8.49007999	3.96740600	11.43834000
8.49507999	3.96740600	10.99277000
8.50007999	3.96740600	11.08432000
8.50507999	3.96740600	11.08432000
8.51007999	3.96740600	10.99277000
8.51507999	3.96740600	11.46275000
8.52007999	3.96740600	12.48207000
8.52507999	3.96740600	12.48207000
8.53007999	3.96740600	11.46275000
8.53507999	3.96740600	10.99277000
8.54007999	3.96740600	11.08432000
8.54507999	3.96740600	11.10874000
8.55007999	3.96740600	11.10874000
8.55507999	3.96740600	11.10874000
8.56007999	3.96740600	11.10874000
8.56507999	3.96740600	11.13315000
8.57007999	3.96740600	11.22471000
8.57507999	3.96740600	10.75472000
8.58007999	3.96740600	9.73540400
8.58507999	3.96740600	9.75981900
8.59007999	3.96740600	10.87069000
8.59507999	3.96740600	10.89511000
8.60007999	3.96740600	9.87579000
8.60507999	3.96740600	9.40580500
8.61007999	3.96740600	9.49735900
8.61507999	3.96740600	9.52177400
8.62007999	3.96740600	9.52177400
8.62507999	3.96740600	9.49735900
8.63007999	3.96740600	9.40580500
8.63507999	3.96740600	9.87579000
8.64007999	3.96740600	10.89511000
8.64507999	3.96740600	10.87069000
8.65007999	3.96740600	9.75981900
8.65507999	3.96740600	9.73540400
8.66007999	3.96740600	10.75472000
8.66507999	3.96740600	11.24912000
8.67007999	3.96740600	11.24912000
8.67507999	3.96740600	10.75472000
8.68007999	3.96740600	9.73540400
8.68507999	3.96740600	9.71098900
8.69007999	3.96740600	10.63875000
8.69507999	3.96740600	11.57872000
8.70007999	3.96740600	12.50648000
8.70507999	3.96740600	12.45765000
8.71007999	3.96740600	11.34678000
8.71507999	3.96740600	11.34678000
8.72007999	3.96740600	12.45765000
8.72507999	3.96740600	12.48207000
8.73007999	3.96740600	11.46275000
8.73507999	3.96740600	10.99277000
8.74007999	3.96740600	11.08432000
8.74507999	3.96740600	11.08432000
8.75007999	3.96740600	10.99277000
8.75507999	3.96740600	11.43834000
8.76007999	3.96740600	12.36610000
8.76507999	3.96740600	12.83609000
8.77007999	3.96740600	12.83609000
8.77507999	3.96740600	12.36610000
8.78007999	3.96740600	11.43834000
8.78507999	3.96740600	11.01718000
8.79007999	3.96740600	11.20029000
8.79507999	3.96740600	10.77914000
8.80007999	3.96740600	9.85137500
8.80507999	3.96740600	9.40580500
8.81007999	3.96740600	9.49735900
8.81507999	3.96740600	9.52177400
8.82007999	3.96740600	9.52177400
8.82507999	3.96740600	9.52177400
8.83007999	3.96740600	9.52177400
8.83507999	3.96740600	9.52177400
8.84007999	3.96740600	9.52177400
8.84507999	3.96740600	9.52177400
8.85007999	3.96740600	9.52177400
8.85507999	3.96740600	9.52177400
8.86007999	3.96740600	9.52177400
8.86507999	3.96740600	9.52177400
8.87007999	3.96740600	9.52177400
8.87507999	3.96740600	9.52177400
8.88007999	3.96740600	9.52177400
8.88507999	3.96740600	9.52177400
8.89007999	3.96740600	9.52177400
8.89507999	3.96740600	9.54619000
8.90007999	3.96740600	9.63774600
8.90507999	3.96740600	9.19217500
8.91007999	3.96740600	8.26441300
8.91507999	3.96740600	7.77001200
8.92007999	3.96740600	7.67845700
8.92507999	3.96740600	8.61842700
8.93007999	3.96740600	10.56551000
8.93507999	3.96740600	11.03549000
8.94007999	3.96740600	10.01617000
8.94507999	3.96740600	9.07620400
8.95007999	3.96740600	8.23999700
8.95507999	3.96740600	7.81884200
8.96007999	3.96740600	7.91039800
8.96507999	3.96740600	7.91039800
8.97007999	3.96740600	7.81884200
8.97507999	3.96740600	8.26441300
8.98007999	3.96740600	9.19217500
8.98507999	3.96740600	9.63774600
8.99007999	3.96740600	9.54619000
8.99507999	3.96740600	9.52177400
9.00007999	3.96740600	9.52177400
9.00507999	3.96740600	9.52177400
9.01007999	3.96740600	9.52177400
9.01507999	3.96740600	9.54619000
9.02007999	3.96740600	9.63774600
9.02507999	3.96740600	9.16776000
9.03007999	3.96740600	8.14844100
