Time	Channel A	Channel B
(us)	(mV)	(mV)

-1.00494200	0.06103702	0.00000000
-0.99994200	0.28992580	0.00000000
-0.99494200	-0.88503670	0.00000000
-0.98994200	-3.43333200	0.00000000
-0.98494200	-3.43333200	0.06103702
-0.97994200	-0.88503670	0.28992580
-0.97494200	0.28992580	-0.82399970
-0.96994200	0.06103702	-3.14340600
-0.96494200	0.00000000	-4.25733200
-0.95994200	0.00000000	-4.02844300
-0.95494200	0.00000000	-3.96740600
-0.94994200	0.00000000	-3.96740600
-0.94494200	0.00000000	-3.96740600
-0.93994200	0.00000000	-3.96740600
-0.93494200	0.00000000	-3.96740600
-0.92994200	0.00000000	-3.96740600
-0.92494200	0.00000000	-3.96740600
-0.91994200	0.00000000	-3.96740600
-0.91494200	0.06103702	-4.02844300
-0.90994200	0.28992580	-4.25733200
-0.90494200	-0.88503670	-3.14340600
-0.89994200	-3.43333200	-0.82399970
-0.89494200	-3.43333200	0.28992580
-0.88994200	-0.88503670	0.06103702
-0.88494201	0.28992580	0.00000000
-0.87994201	0.06103702	0.00000000
-0.87494201	0.00000000	0.00000000
-0.86994201	0.00000000	0.00000000
-0.86494201	0.00000000	0.00000000
-0.85994201	0.00000000	0.00000000
-0.85494201	0.00000000	0.00000000
-0.84994201	0.00000000	0.00000000
-0.84494201	0.00000000	0.00000000
-0.83994201	0.00000000	0.00000000
-0.83494201	0.00000000	0.00000000
-0.82994201	0.00000000	0.00000000
-0.82494201	0.00000000	0.00000000
-0.81994201	0.00000000	0.00000000
-0.81494201	0.00000000	0.00000000
-0.80994201	0.00000000	0.00000000
-0.80494201	0.00000000	0.00000000
-0.79994201	0.00000000	0.00000000
-0.79494201	0.00000000	0.00000000
-0.78994201	0.00000000	0.00000000
-0.78494201	0.00000000	0.00000000
-0.77994201	0.00000000	0.00000000
-0.77494201	0.00000000	0.00000000
-0.76994201	0.00000000	0.00000000
-0.76494201	0.00000000	0.00000000
-0.75994201	0.00000000	0.00000000
-0.75494201	0.00000000	0.00000000
-0.74994201	0.00000000	0.00000000
-0.74494201	0.00000000	0.00000000
-0.73994201	0.00000000	0.00000000
-0.73494201	0.00000000	0.00000000
-0.72994201	0.00000000	0.00000000
-0.72494201	0.00000000	0.00000000
-0.71994201	0.00000000	0.00000000
-0.71494201	0.00000000	0.00000000
-0.70994201	0.00000000	0.00000000
-0.70494201	0.00000000	0.06103702
-0.69994201	0.00000000	0.28992580
-0.69494201	0.00000000	-0.88503670
-0.68994201	0.00000000	-3.43333200
-0.68494201	0.00000000	-3.37229500
-0.67994201	0.00000000	-0.59511090
-0.67494201	0.00000000	-0.59511090
-0.66994201	0.00000000	-3.37229500
-0.66494201	0.00000000	-3.37229500
-0.65994201	0.00000000	-0.59511090
-0.65494201	0.00000000	-0.53407390
-0.64994201	0.00000000	-3.08236900
-0.64494201	0.00000000	-4.25733200
-0.63994201	0.00000000	-4.02844300
-0.63494201	0.00000000	-3.96740600
-0.62994201	0.00000000	-3.96740600
-0.62494201	0.00000000	-3.96740600
-0.61994201	0.00000000	-3.96740600
-0.61494201	0.00000000	-4.02844300
-0.60994201	0.00000000	-4.25733200
-0.60494201	0.00000000	-3.14340600
-0.59994201	0.00000000	-0.82399970
-0.59494201	0.00000000	0.28992580
-0.58994201	0.00000000	0.06103702
-0.58494201	0.00000000	0.00000000
-0.57994201	0.00000000	0.00000000
-0.57494201	0.00000000	0.00000000
-0.56994201	0.00000000	0.00000000
-0.56494201	0.00000000	0.00000000
-0.55994201	0.00000000	0.00000000
-0.55494201	0.00000000	0.00000000
-0.54994201	0.00000000	0.00000000
-0.54494201	0.00000000	0.00000000
-0.53994201	0.00000000	0.00000000
-0.53494201	0.00000000	0.00000000
-0.52994201	0.00000000	0.00000000
-0.52494201	0.00000000	0.00000000
-0.51994201	0.00000000	0.00000000
-0.51494201	0.00000000	0.00000000
-0.50994201	0.00000000	0.00000000
-0.50494201	0.00000000	0.00000000
-0.49994201	0.00000000	0.00000000
-0.49494201	0.00000000	0.00000000
-0.48994201	0.00000000	0.00000000
-0.48494201	0.00000000	0.00000000
-0.47994201	0.00000000	0.00000000
-0.47494201	0.00000000	0.00000000
-0.46994201	0.00000000	0.00000000
-0.46494201	0.00000000	0.00000000
-0.45994201	0.00000000	0.00000000
-0.45494201	0.00000000	0.00000000
-0.44994201	0.00000000	0.00000000
-0.44494201	0.00000000	0.00000000
-0.43994201	0.00000000	0.00000000
-0.43494201	0.00000000	0.00000000
-0.42994201	0.00000000	0.00000000
-0.42494201	0.00000000	0.00000000
-0.41994201	0.00000000	0.00000000
-0.41494201	0.00000000	-0.06103702
-0.40994201	0.00000000	-0.28992580
-0.40494201	0.00000000	0.82399970
-0.39994201	0.00000000	3.14340600
-0.39494201	0.00000000	4.31836900
-0.38994201	0.00000000	4.31836900
-0.38494201	0.00000000	3.14340600
-0.37994201	0.00000000	0.82399970
-0.37494201	0.00000000	-0.28992580
-0.36994201	0.00000000	-0.06103702
-0.36494201	0.00000000	0.00000000
-0.35994201	0.00000000	0.00000000
-0.35494201	0.00000000	0.00000000
-0.34994201	0.00000000	0.00000000
-0.34494201	0.00000000	0.00000000
-0.33994201	0.00000000	0.00000000
-0.33494201	0.00000000	0.00000000
-0.32994201	0.00000000	0.00000000
-0.32494201	0.00000000	0.00000000
-0.31994201	0.00000000	0.00000000
-0.31494201	0.00000000	0.00000000
-0.30994201	0.00000000	0.00000000
-0.30494201	0.00000000	0.00000000
-0.29994201	0.00000000	0.00000000
-0.29494201	0.00000000	0.00000000
-0.28994201	0.00000000	0.00000000
-0.28494201	0.00000000	0.00000000
-0.27994201	0.00000000	0.00000000
-0.27494201	0.00000000	0.00000000
-0.26994201	0.00000000	0.00000000
-0.26494201	0.00000000	0.00000000
-0.25994201	0.00000000	0.00000000
-0.25494201	0.00000000	0.00000000
-0.24994201	0.00000000	0.00000000
-0.24494201	0.00000000	0.00000000
-0.23994201	0.00000000	0.00000000
-0.23494201	0.00000000	0.00000000
-0.22994201	0.00000000	0.00000000
-0.22494201	0.00000000	0.00000000
-0.21994201	0.00000000	0.00000000
-0.21494201	0.00000000	0.00000000
-0.20994201	0.00000000	0.00000000
-0.20494201	0.00000000	0.00000000
-0.19994201	0.00000000	0.00000000
-0.19494201	0.00000000	0.00000000
-0.18994201	0.00000000	0.00000000
-0.18494201	0.00000000	0.00000000
-0.17994201	0.00000000	0.00000000
-0.17494201	0.00000000	0.00000000
-0.16994201	0.00000000	0.00000000
-0.16494201	0.00000000	0.00000000
-0.15994201	0.00000000	0.00000000
-0.15494201	0.00000000	0.00000000
-0.14994201	0.00000000	0.00000000
-0.14494201	0.00000000	0.00000000
-0.13994201	0.00000000	0.00000000
-0.13494201	0.00000000	0.00000000
-0.12994201	0.00000000	0.00000000
-0.12494201	0.00000000	0.00000000
-0.11994201	0.00000000	0.00000000
-0.11494201	-0.06103702	0.00000000
-0.10994201	-0.28992580	0.00000000
-0.10494201	0.70192570	0.06103702
-0.09994201	2.56355500	0.28992580
-0.09494201	5.79851600	-0.82399970
-0.08994201	9.72014400	-3.14340600
-0.08494201	13.96222000	-4.19629500
-0.07994201	17.42607000	-3.73851700
-0.07494201	22.78207000	-4.79140600
-0.06994201	28.79421000	-7.11081200
-0.06494201	34.08917000	-8.22473800
-0.05994201	37.32413000	-7.99584900
-0.05494201	42.61909000	-7.87377500
-0.04994201	48.63124000	-7.64488600
-0.04494201	53.92620000	-8.75881200
-0.03994201	57.16116000	-11.07822000
-0.03494201	62.39509000	-12.19214000
-0.02994201	68.19360000	-11.96325000
-0.02494201	74.66353000	-11.90222000
-0.01994201	80.44679000	-11.90222000
-0.01494201	85.68071000	-11.90222000
-0.00994201	88.91567000	-11.90222000
-0.00494201	94.14960000	-11.90222000
0.00005799	99.93285000	-11.90222000
0.00505799	106.40280000	-11.90222000
0.01005799	112.18600000	-11.90222000
0.01505799	117.42000000	-11.90222000
0.02005799	120.65490000	-11.90222000
0.02505799	125.94990000	-11.96325000
0.03005799	131.96200000	-12.19214000
0.03505799	137.25700000	-11.07822000
0.04005799	140.50720000	-8.75881200
0.04505799	145.80220000	-7.58384900
0.05005799	151.81430000	-7.58384900
0.05505799	157.10930000	-8.75881200
0.06005799	160.34420000	-11.07822000
0.06505799	165.63920000	-12.19214000
0.07005799	171.65140000	-11.96325000
0.07505799	177.00730000	-11.90222000
0.08005799	180.47120000	-11.90222000
0.08505799	184.71330000	-11.90222000
0.09005799	188.63490000	-11.90222000
0.09505799	191.76300000	-11.90222000
0.10005799	193.13640000	-11.90222000
0.10505799	196.26450000	-11.90222000
0.11005799	200.18620000	-11.90222000
0.11505799	204.55030000	-11.90222000
0.12005799	208.47190000	-11.90222000
0.12505799	211.66110000	-11.90222000
0.13005799	213.27860000	-11.90222000
0.13505799	215.35390000	-11.90222000
0.14005799	217.20020000	-11.90222000
0.14505799	219.36700000	-11.90222000
0.15005799	221.45760000	-11.90222000
0.15505799	222.51040000	-11.90222000
0.16005799	222.28150000	-11.90222000
0.16505799	222.28150000	-11.96325000
0.17005799	222.51040000	-12.19214000
0.17505799	221.45760000	-11.07822000
0.18005799	219.36700000	-8.75881200
0.18505799	217.20020000	-7.64488600
0.19005799	215.35390000	-7.87377500
0.19505799	213.27860000	-7.99584900
0.20005799	211.66110000	-8.22473800
0.20505799	208.41090000	-7.11081200
0.21005799	204.26040000	-4.79140600
0.21505799	201.07120000	-3.67748000
0.22005799	199.69790000	-3.90636900
0.22505799	196.50870000	-3.96740600
0.23005799	192.35820000	-3.96740600
0.23505799	189.10790000	-3.96740600
0.24005799	187.50570000	-3.96740600
0.24505799	185.44570000	-3.96740600
0.25005799	183.58410000	-3.96740600
0.25505799	181.47830000	-3.96740600
0.26005799	179.61670000	-3.96740600
0.26505799	177.51090000	-3.96740600
0.27005799	175.64930000	-3.96740600
0.27505799	173.54350000	-3.96740600
0.28005799	171.68190000	-3.96740600
0.28505799	169.51500000	-3.96740600
0.29005799	167.42450000	-3.96740600
0.29505799	166.43270000	-3.96740600
0.30005799	166.89050000	-3.96740600
0.30505799	165.89860000	-3.90636900
0.31005799	163.80810000	-3.67748000
0.31505799	161.58020000	-4.79140600
0.32005799	159.48970000	-7.11081200
0.32505799	158.49790000	-8.22473800
0.33005799	158.95570000	-7.99584900
0.33505799	157.90280000	-7.93481200
0.34005799	155.58340000	-7.93481200
0.34505799	154.46940000	-7.93481200
0.35005799	154.69830000	-7.93481200
0.35505799	154.82040000	-7.93481200
0.36005799	155.04930000	-7.93481200
0.36505799	153.93530000	-7.93481200
0.37005799	151.61590000	-7.93481200
0.37505799	150.50200000	-7.93481200
0.38005799	150.73090000	-7.93481200
0.38505799	150.79190000	-7.93481200
0.39005799	150.79190000	-7.93481200
0.39505799	150.85300000	-7.93481200
0.40005799	151.08190000	-7.93481200
0.40505799	149.96790000	-7.93481200
0.41005799	147.64850000	-7.93481200
0.41505799	146.53460000	-7.93481200
0.42005799	146.76350000	-7.93481200
0.42505799	146.82450000	-7.93481200
0.43005799	146.82450000	-7.93481200
0.43505799	146.82450000	-7.99584900
0.44005799	146.82450000	-8.22473800
0.44505799	146.82450000	-7.11081200
0.45005799	146.82450000	-4.79140600
0.45505799	146.88560000	-3.67748000
0.46005799	147.11450000	-3.90636900
0.46505799	146.00050000	-3.96740600
0.47005799	143.68110000	-3.96740600
0.47505799	142.56720000	-3.96740600
0.48005799	142.79610000	-3.96740600
0.48505799	142.85710000	-3.96740600
0.49005799	142.85710000	-3.96740600
0.49505799	142.85710000	-3.96740600
0.50005799	142.85710000	-3.96740600
0.50505799	142.91820000	-3.96740600
0.51005799	143.14710000	-3.96740600
0.51505799	142.03310000	-3.96740600
0.52005799	139.69850000	-3.96740600
0.52505799	138.58450000	-3.96740600
0.53005799	138.81340000	-3.96740600
0.53505799	138.87450000	-3.96740600
0.54005799	138.87450000	-3.96740600
0.54505799	138.87450000	-3.96740600
0.55005799	138.87450000	-3.96740600
0.55505799	138.93550000	-3.96740600
0.56005799	139.16440000	-3.96740600
0.56505799	138.05050000	-4.02844300
0.57005799	135.73110000	-4.25733200
0.57505799	134.61710000	-3.14340600
0.58005799	134.84600000	-0.82399970
0.58505799	134.90710000	0.28992580
0.59005799	134.90710000	0.06103702
0.59505799	134.90710000	0.00000000
0.60005799	134.90710000	0.00000000
0.60505799	134.90710000	0.00000000
0.61005799	134.90710000	0.00000000
0.61505799	134.96810000	0.00000000
0.62005799	135.19700000	0.00000000
0.62505799	134.08310000	0.00000000
0.63005799	131.76370000	0.00000000
0.63505799	130.64970000	0.00000000
0.64005799	130.87860000	0.00000000
0.64505799	130.93970000	0.00000000
0.65005799	130.93970000	0.00000000
0.65505799	130.93970000	0.00000000
0.66005799	130.93970000	0.00000000
0.66505799	131.00070000	0.00000000
0.67005799	131.22960000	0.00000000
0.67505799	130.05460000	0.06103702
0.68005799	127.50630000	0.28992580
0.68505799	127.56740000	-0.88503670
0.69005799	130.34450000	-3.43333200
0.69505799	130.40560000	-3.37229500
0.70005799	127.85730000	-0.59511090
0.70505799	126.68230000	-0.59511090
0.71005799	126.91120000	-3.37229500
0.71505799	126.97230000	-3.37229500
0.72005799	126.97230000	-0.59511090
0.72505799	126.97230000	-0.53407390
0.73005799	126.97230000	-3.08236900
0.73505799	127.03330000	-4.25733200
0.74005799	127.26220000	-4.02844300
0.74505799	126.14820000	-3.96740600
0.75005799	123.82880000	-3.96740600
0.75505799	122.71490000	-4.02844300
0.76005798	122.94380000	-4.25733200
0.76505798	123.00480000	-3.14340600
0.77005798	123.00480000	-0.82399970
0.77505798	123.06590000	0.28992580
0.78005798	123.29480000	0.06103702
0.78505798	122.18080000	0.00000000
0.79005798	119.86140000	0.00000000
0.79505798	118.68650000	0.00000000
0.80005798	118.68650000	0.00000000
0.80505798	119.86140000	0.00000000
0.81005798	122.18080000	0.00000000
0.81505798	123.35580000	0.00000000
0.82005798	123.35580000	0.00000000
0.82505798	122.18080000	0.00000000
0.83005798	119.86140000	0.00000000
0.83505798	118.74750000	0.00000000
0.84005798	118.97640000	0.00000000
0.84505798	119.03740000	0.00000000
0.85005798	119.03740000	0.00000000
0.85505798	119.03740000	0.00000000
0.86005798	119.03740000	0.00000000
0.86505798	119.09850000	0.00000000
0.87005798	119.32740000	0.00000000
0.87505798	118.21340000	0.00000000
0.88005798	115.89400000	0.00000000
0.88505798	114.78010000	0.00000000
0.89005798	115.00900000	0.00000000
0.89505798	115.07000000	0.00000000
0.90005798	115.07000000	0.00000000
0.90505798	115.07000000	0.00000000
0.91005798	115.07000000	0.00000000
0.91505798	115.07000000	0.00000000
0.92005798	115.07000000	0.00000000
0.92505798	115.07000000	0.00000000
0.93005798	115.07000000	0.00000000
0.93505798	115.13110000	0.00000000
0.94005798	115.36000000	0.00000000
0.94505798	114.24600000	0.00000000
0.95005798	111.92660000	0.00000000
0.95505798	110.81270000	0.00000000
0.96005798	111.04160000	0.00000000
0.96505798	111.10260000	0.00000000
0.97005798	111.10260000	0.00000000
0.97505798	111.10260000	0.00000000
0.98005798	111.10260000	0.00000000
0.98505798	111.10260000	0.00000000
0.99005798	111.10260000	0.00000000
0.99505798	111.16370000	0.00000000
1.00005798	111.39250000	0.00000000
1.00505798	110.21760000	0.00000000
1.01005798	107.66930000	0.00000000
1.01505798	107.73030000	0.00000000
1.02005798	110.50750000	0.00000000
1.02505798	110.56860000	0.00000000
1.03005798	108.02030000	0.00000000
1.03505798	106.84530000	0.00000000
1.04005798	107.07420000	0.00000000
1.04505798	107.13520000	0.00000000
1.05005798	107.13520000	0.00000000
1.05505798	107.13520000	0.00000000
1.06005798	107.13520000	0.00000000
1.06505798	107.13520000	0.00000000
1.07005798	107.13520000	0.00000000
1.07505798	107.19630000	0.00000000
1.08005798	107.42510000	0.00000000
1.08505798	106.31120000	0.00000000
1.09005798	103.99180000	0.00000000
1.09505798	102.87790000	0.00000000
1.10005798	103.10680000	0.00000000
1.10505798	103.16780000	0.00000000
1.11005798	103.16780000	0.00000000
1.11505798	103.16780000	0.00000000
1.12005798	103.16780000	0.00000000
1.12505798	103.16780000	0.00000000
1.13005798	103.16780000	0.00000000
1.13505798	103.16780000	0.00000000
1.14005798	103.16780000	0.00000000
1.14505798	103.16780000	0.00000000
1.15005798	103.16780000	0.00000000
1.15505798	103.22890000	0.00000000
1.16005798	103.45770000	0.00000000
1.16505798	102.34380000	0.00000000
1.17005798	100.02440000	0.00000000
1.17505798	98.91048000	0.00000000
1.18005798	99.13937000	0.00000000
1.18505798	99.20041000	0.00000000
1.19005798	99.20041000	0.00000000
1.19505798	99.20041000	0.00000000
1.20005798	99.20041000	0.00000000
1.20505798	99.20041000	0.00000000
1.21005798	99.20041000	0.00000000
1.21505798	99.26145000	0.00000000
1.22005798	99.49034000	0.00000000
1.22505798	98.37641000	0.00000000
1.23005798	96.05700000	0.00000000
1.23505798	94.94308000	0.00000000
1.24005798	95.17197000	0.00000000
1.24505798	95.23300000	0.00000000
1.25005798	95.23300000	0.00000000
1.25505798	95.23300000	0.00000000
1.26005798	95.23300000	0.00000000
1.26505798	95.23300000	0.00000000
1.27005798	95.23300000	0.00000000
1.27505798	95.23300000	0.00000000
1.28005798	95.23300000	0.00000000
1.28505798	95.23300000	0.00000000
1.29005798	95.23300000	0.00000000
1.29505798	95.23300000	0.00000000
1.30005798	95.23300000	0.00000000
1.30505798	95.23300000	0.00000000
1.31005798	95.23300000	0.00000000
1.31505798	95.29404000	0.00000000
1.32005798	95.52293000	0.00000000
1.32505798	94.40900000	0.00000000
1.33005798	92.08959000	0.00000000
1.33505798	90.97568000	0.00000000
1.34005798	91.20457000	0.00000000
1.34505798	91.26560000	0.00000000
1.35005798	91.26560000	0.00000000
1.35505798	91.26560000	0.00000000
1.36005798	91.26560000	0.00000000
1.36505798	91.26560000	0.00000000
1.37005798	91.26560000	0.00000000
1.37505798	91.26560000	0.00000000
1.38005798	91.26560000	0.00000000
1.38505798	91.26560000	0.00000000
1.39005798	91.26560000	0.00000000
1.39505798	91.32664000	0.00000000
1.40005798	91.55552000	0.00000000
1.40505798	90.44160000	0.00000000
1.41005798	88.12219000	0.00000000
1.41505798	87.00826000	0.00000000
1.42005798	87.23715000	0.00000000
1.42505798	87.29819000	0.00000000
1.43005798	87.29819000	0.00000000
1.43505798	87.29819000	0.00000000
1.44005798	87.29819000	0.00000000
1.44505798	87.29819000	0.00000000
1.45005798	87.29819000	0.00000000
1.45505798	87.29819000	0.00000000
1.46005798	87.29819000	0.00000000
1.46505798	87.35923000	0.00000000
1.47005798	87.58812000	0.00000000
1.47505798	86.41315000	0.00000000
1.48005798	83.86486000	0.00000000
1.48505798	83.92590000	0.00000000
1.49005798	86.70308000	0.00000000
1.49505798	86.76411000	0.00000000
1.50005798	84.21582000	0.00000000
1.50505798	83.04086000	0.00000000
1.51005798	83.26974000	0.00000000
1.51505798	83.33078000	-0.06103702
1.52005798	83.33078000	-0.28992580
1.52505798	83.33078000	0.88503670
1.53005798	83.33078000	3.43333200
1.53505798	83.33078000	3.43333200
1.54005798	83.33078000	0.88503670
1.54505798	83.33078000	-0.28992580
1.55005798	83.33078000	-0.06103702
1.55505798	83.33078000	0.00000000
1.56005798	83.33078000	0.00000000
1.56505798	83.33078000	0.00000000
1.57005798	83.33078000	0.00000000
1.57505798	83.33078000	0.00000000
1.58005798	83.33078000	0.00000000
1.58505798	83.33078000	0.00000000
1.59005798	83.33078000	0.00000000
1.59505798	83.39182000	0.00000000
1.60005798	83.62070000	0.00000000
1.60505798	82.50678000	0.00000000
1.61005798	80.18738000	0.00000000
1.61505798	79.07346000	0.00000000
1.62005798	79.30235000	0.00000000
1.62505798	79.36338000	0.00000000
1.63005798	79.36338000	0.00000000
1.63505798	79.36338000	0.00000000
1.64005798	79.36338000	0.00000000
1.64505798	79.36338000	0.00000000
1.65005798	79.36338000	0.00000000
1.65505798	79.36338000	0.00000000
1.66005798	79.36338000	0.00000000
1.66505798	79.36338000	0.00000000
1.67005798	79.36338000	0.00000000
1.67505798	79.36338000	0.00000000
1.68005798	79.36338000	0.00000000
1.68505798	79.36338000	0.00000000
1.69005798	79.36338000	0.00000000
1.69505798	79.42442000	0.00000000
1.70005798	79.65331000	0.00000000
1.70505798	78.53938000	0.00000000
1.71005798	76.21997000	0.00000000
1.71505798	75.10605000	0.00000000
1.72005798	75.33494000	0.00000000
1.72505798	75.33494000	0.00000000
1.73005798	75.10605000	0.00000000
1.73505798	76.28101000	0.00000000
1.74005798	78.82931000	0.00000000
1.74505798	78.82931000	0.00000000
1.75005798	76.28101000	0.00000000
1.75505798	75.10605000	0.00000000
1.76005798	75.33494000	0.00000000
1.76505798	75.39597000	0.00000000
1.77005798	75.39597000	0.00000000
1.77505798	75.45701000	0.00000000
1.78005798	75.68590000	0.00000000
1.78505798	74.57197000	0.00000000
1.79005798	72.25256000	0.00000000
1.79505798	71.13864000	0.00000000
1.80005798	71.36753000	0.00000000
1.80505798	71.42857000	0.00000000
1.81005798	71.42857000	0.00000000
1.81505798	71.42857000	0.00000000
1.82005798	71.42857000	0.00000000
1.82505798	71.42857000	0.00000000
1.83005798	71.42857000	0.00000000
1.83505798	71.42857000	-0.06103702
1.84005798	71.42857000	-0.28992580
1.84505798	71.42857000	0.88503670
1.85005798	71.42857000	3.43333200
1.85505798	71.42857000	3.43333200
1.86005798	71.42857000	0.88503670
1.86505798	71.42857000	-0.35096280
1.87005798	71.42857000	-0.35096280
1.87505798	71.42857000	0.88503670
1.88005798	71.42857000	3.43333200
1.88505798	71.42857000	3.37229500
1.89005798	71.42857000	0.59511090
1.89505798	71.48961000	0.59511090
1.90005798	71.71850000	3.37229500
1.90505798	70.60457000	3.43333200
1.91005798	68.26991000	0.88503670
1.91505798	67.15598000	-0.28992580
1.92005798	67.38486000	-0.06103702
1.92505798	67.44590000	0.00000000
1.93005798	67.44590000	0.00000000
1.93505798	67.44590000	0.00000000
1.94005798	67.44590000	0.00000000
1.94505798	67.44590000	0.00000000
1.95005798	67.44590000	0.00000000
1.95505798	67.44590000	0.00000000
1.96005798	67.44590000	0.00000000
1.96505798	67.44590000	0.00000000
1.97005798	67.44590000	0.00000000
1.97505798	67.44590000	0.00000000
1.98005798	67.44590000	0.00000000
1.98505798	67.44590000	0.00000000
1.99005798	67.44590000	0.00000000
1.99505798	67.50694000	0.00000000
2.00005798	67.73582000	0.00000000
2.00505798	66.62190000	0.00000000
2.01005798	64.30249000	0.00000000
2.01505798	63.18857000	0.00000000
2.02005798	63.41746000	0.00000000
2.02505798	63.47850000	0.00000000
2.03005798	63.47850000	0.00000000
2.03505798	63.47850000	0.00000000
2.04005798	63.47850000	0.00000000
2.04505798	63.47850000	0.00000000
2.05005798	63.47850000	0.00000000
2.05505798	63.47850000	0.00000000
2.06005798	63.47850000	0.00000000
2.06505798	63.47850000	0.00000000
2.07005798	63.47850000	0.00000000
2.07505798	63.47850000	0.00000000
2.08005798	63.47850000	0.00000000
2.08505798	63.47850000	0.00000000
2.09005798	63.47850000	0.00000000
2.09505798	63.47850000	0.00000000
2.10005798	63.47850000	0.00000000
2.10505798	63.47850000	0.00000000
2.11005798	63.47850000	0.00000000
2.11505798	63.47850000	0.00000000
2.12005798	63.47850000	0.00000000
2.12505798	63.47850000	0.00000000
2.13005798	63.47850000	0.00000000
2.13505798	63.47850000	0.00000000
2.14005798	63.47850000	0.00000000
2.14505798	63.53953000	0.00000000
2.15005798	63.76842000	0.00000000
2.15505798	62.65450000	0.00000000
2.16005798	60.33509000	0.00000000
2.16505798	59.22116000	0.00000000
2.17005798	59.45005000	0.00000000
2.17505798	59.51109000	0.00000000
2.18005798	59.51109000	0.00000000
2.18505798	59.51109000	0.00000000
2.19005798	59.51109000	0.00000000
2.19505798	59.51109000	0.00000000
2.20005798	59.51109000	0.00000000
2.20505798	59.51109000	0.00000000
2.21005798	59.51109000	0.00000000
2.21505798	59.51109000	0.00000000
2.22005798	59.51109000	0.00000000
2.22505798	59.51109000	0.00000000
2.23005798	59.51109000	0.00000000
2.23505798	59.51109000	0.00000000
2.24005798	59.51109000	0.00000000
2.24505798	59.51109000	0.00000000
2.25005798	59.51109000	0.00000000
2.25505798	59.57213000	0.00000000
2.26005798	59.80102000	0.00000000
2.26505798	58.62605000	0.00000000
2.27005798	56.07775000	0.00000000
2.27505798	56.13879000	0.00000000
2.28005798	58.91598000	0.00000000
2.28505798	58.97702000	0.00000000
2.29005798	56.42872000	0.00000000
2.29505798	55.25376000	-0.06103702
2.30005798	55.48264000	-0.28992580
2.30505798	55.54368000	0.82399970
2.31005798	55.54368000	3.14340600
2.31505798	55.54368000	4.31836900
2.32005798	55.54368000	4.31836900
2.32505798	55.54368000	3.08236900
2.33005798	55.54368000	0.53407390
2.33505798	55.54368000	0.53407390
2.34005798	55.54368000	3.08236900
2.34505798	55.54368000	4.31836900
2.35005798	55.54368000	4.31836900
2.35505798	55.54368000	3.14340600
2.36005798	55.54368000	0.82399970
2.36505798	55.54368000	-0.28992580
2.37005798	55.54368000	-0.06103702
2.37505798	55.54368000	-0.06103702
2.38005798	55.54368000	-0.28992580
2.38505798	55.54368000	0.82399970
2.39005798	55.54368000	3.14340600
2.39505798	55.54368000	4.25733200
2.40005798	55.54368000	4.02844300
2.40505797	55.60472000	3.96740600
2.41005797	55.83361000	3.96740600
2.41505797	54.65865000	3.96740600
2.42005797	52.11035000	3.96740600
2.42505797	52.17139000	3.96740600
2.43005797	54.94857000	3.96740600
2.43505797	55.00961000	3.96740600
2.44005797	52.46132000	3.96740600
2.44505797	51.28635000	3.96740600
2.45005797	51.51524000	3.96740600
2.45505797	51.57627000	3.96740600
2.46005797	51.57627000	3.96740600
2.46505797	51.57627000	3.96740600
2.47005797	51.57627000	3.96740600
2.47505797	51.57627000	3.96740600
2.48005797	51.57627000	3.96740600
2.48505797	51.57627000	4.02844300
2.49005797	51.57627000	4.25733200
2.49505797	51.57627000	3.08236900
2.50005797	51.57627000	0.53407390
2.50505797	51.57627000	0.53407390
2.51005797	51.57627000	3.08236900
2.51505797	51.57627000	4.31836900
2.52005797	51.57627000	4.31836900
2.52505797	51.57627000	3.14340600
2.53005797	51.57627000	0.82399970
2.53505797	51.57627000	-0.35096280
2.54005797	51.57627000	-0.35096280
2.54505797	51.57627000	0.82399970
2.55005797	51.57627000	3.14340600
2.55505797	51.57627000	4.31836900
2.56005797	51.57627000	4.31836900
2.56505797	51.57627000	3.14340600
2.57005797	51.57627000	0.82399970
2.57505797	51.57627000	-0.35096280
2.58005797	51.57627000	-0.35096280
2.58505797	51.63731000	0.88503670
2.59005797	51.86620000	3.43333200
2.59505797	50.75228000	3.37229500
2.60005797	48.43287000	0.59511090
2.60505797	47.31895000	0.59511090
2.61005797	47.54784000	3.37229500
2.61505797	47.60887000	3.43333200
2.62005797	47.60887000	0.88503670
2.62505797	47.60887000	-0.28992580
2.63005797	47.60887000	-0.06103702
2.63505797	47.60887000	0.00000000
2.64005797	47.60887000	0.00000000
2.64505797	47.60887000	0.00000000
2.65005797	47.60887000	0.00000000
2.65505797	47.60887000	0.00000000
2.66005797	47.60887000	0.00000000
2.66505797	47.60887000	0.00000000
2.67005797	47.60887000	0.00000000
2.67505797	47.60887000	0.00000000
2.68005797	47.60887000	0.00000000
2.68505797	47.60887000	-0.06103702
2.69005797	47.60887000	-0.28992580
2.69505797	47.60887000	0.88503670
2.70005797	47.60887000	3.43333200
2.70505797	47.66991000	3.43333200
2.71005797	47.89880000	0.88503670
2.71505797	46.72383000	-0.28992580
2.72005797	44.17554000	-0.06103702
2.72505797	44.17554000	-0.06103702
2.73005797	46.72383000	-0.28992580
2.73505797	47.95984000	0.88503670
2.74005797	47.95984000	3.43333200
2.74505797	46.78487000	3.43333200
2.75005797	44.46547000	0.88503670
2.75505797	43.35154000	-0.28992580
2.76005797	43.58043000	-0.06103702
2.76505797	43.58043000	0.00000000
2.77005797	43.35154000	0.00000000
2.77505797	44.52650000	0.00000000
2.78005797	47.07480000	0.00000000
2.78505797	47.07480000	0.00000000
2.79005797	44.52650000	0.00000000
2.79505797	43.35154000	0.00000000
2.80005797	43.58043000	0.00000000
2.80505797	43.64147000	0.00000000
2.81005797	43.64147000	0.00000000
2.81505797	43.64147000	0.00000000
2.82005797	43.64147000	0.00000000
2.82505797	43.64147000	0.00000000
2.83005797	43.64147000	0.00000000
2.83505797	43.64147000	0.00000000
2.84005797	43.64147000	0.00000000
2.84505797	43.64147000	-0.06103702
2.85005797	43.64147000	-0.28992580
2.85505797	43.64147000	0.82399970
2.86005797	43.64147000	3.14340600
2.86505797	43.64147000	4.25733200
2.87005797	43.64147000	4.02844300
2.87505797	43.64147000	4.02844300
2.88005797	43.64147000	4.25733200
2.88505797	43.64147000	3.08236900
2.89005797	43.64147000	0.53407390
2.89505797	43.64147000	0.59511090
2.90005797	43.64147000	3.37229500
2.90505797	43.64147000	3.43333200
2.91005797	43.64147000	0.88503670
2.91505797	43.64147000	-0.28992580
2.92005797	43.64147000	-0.06103702
2.92505797	43.70250000	0.00000000
2.93005797	43.93139000	0.00000000
2.93505797	42.81747000	0.00000000
2.94005797	40.49806000	0.00000000
2.94505797	39.32310000	-0.06103702
2.95005797	39.32310000	-0.28992580
2.95505797	40.55910000	0.88503670
2.96005797	43.10739000	3.43333200
2.96505797	43.04636000	3.43333200
2.97005797	40.26917000	0.88503670
2.97505797	40.26917000	-0.28992580
2.98005797	43.04636000	-0.06103702
2.98505797	43.10739000	0.00000000
2.99005797	40.55910000	0.00000000
2.99505797	39.38414000	-0.06103702
3.00005797	39.61302000	-0.28992580
3.00505797	39.67406000	0.88503670
3.01005797	39.67406000	3.43333200
3.01505797	39.67406000	3.43333200
3.02005797	39.67406000	0.88503670
3.02505797	39.67406000	-0.28992580
3.03005797	39.67406000	-0.06103702
3.03505797	39.67406000	0.00000000
3.04005797	39.67406000	0.00000000
3.04505797	39.67406000	0.00000000
3.05005797	39.67406000	0.00000000
3.05505797	39.67406000	-0.06103702
3.06005797	39.67406000	-0.28992580
3.06505797	39.67406000	0.88503670
3.07005797	39.67406000	3.43333200
3.07505797	39.67406000	3.43333200
3.08005797	39.67406000	0.88503670
3.08505797	39.67406000	-0.28992580
3.09005797	39.67406000	-0.06103702
3.09505797	39.67406000	0.00000000
3.10005797	39.67406000	0.00000000
3.10505797	39.67406000	-0.06103702
3.11005797	39.67406000	-0.28992580
3.11505797	39.73510000	0.82399970
3.12005797	39.96399000	3.14340600
3.12505797	38.78902000	4.25733200
3.13005797	36.24073000	4.02844300
3.13505797	36.24073000	4.02844300
3.14005797	38.78902000	4.25733200
3.14505797	39.96399000	3.14340600
3.15005797	39.73510000	0.82399970
3.15505797	39.73510000	-0.28992580
3.16005797	39.96399000	-0.06103702
3.16505797	38.85006000	0.00000000
3.17005797	36.53065000	0.00000000
3.17505797	35.41673000	0.00000000
3.18005797	35.64562000	0.00000000
3.18505797	35.70665000	0.00000000
3.19005797	35.70665000	0.00000000
3.19505797	35.70665000	0.00000000
3.20005797	35.70665000	0.00000000
3.20505797	35.70665000	0.00000000
3.21005797	35.70665000	0.00000000
3.21505797	35.70665000	0.00000000
3.22005797	35.70665000	0.00000000
3.22505797	35.70665000	0.00000000
3.23005797	35.70665000	0.00000000
3.23505797	35.70665000	0.00000000
3.24005797	35.70665000	0.00000000
3.24505797	35.70665000	0.00000000
3.25005797	35.70665000	0.00000000
3.25505797	35.70665000	0.00000000
3.26005797	35.70665000	0.00000000
3.26505797	35.70665000	0.00000000
3.27005797	35.70665000	0.00000000
3.27505797	35.70665000	0.00000000
3.28005797	35.70665000	0.00000000
3.28505797	35.70665000	0.00000000
3.29005797	35.70665000	0.00000000
3.29505797	35.70665000	0.00000000
3.30005797	35.70665000	0.00000000
3.30505797	35.70665000	0.00000000
3.31005797	35.70665000	0.00000000
3.31505797	35.70665000	-0.06103702
3.32005797	35.70665000	-0.28992580
3.32505797	35.70665000	0.82399970
3.33005797	35.70665000	3.14340600
3.33505797	35.70665000	4.31836900
3.34005797	35.70665000	4.31836900
3.34505797	35.70665000	3.08236900
3.35005797	35.70665000	0.53407390
3.35505797	35.76769000	0.59511090
3.36005797	35.99658000	3.37229500
3.36505797	34.88266000	3.43333200
3.37005797	32.56325000	0.88503670
3.37505797	31.44932000	-0.35096280
3.38005797	31.67821000	-0.35096280
3.38505797	31.73925000	0.82399970
3.39005797	31.73925000	3.14340600
3.39505797	31.73925000	4.25733200
3.40005797	31.73925000	4.02844300
3.40505797	31.73925000	3.96740600
3.41005797	31.73925000	3.96740600
3.41505797	31.73925000	3.96740600
3.42005797	31.73925000	3.96740600
3.42505797	31.73925000	3.96740600
3.43005797	31.73925000	3.96740600
3.43505797	31.73925000	3.96740600
3.44005797	31.73925000	3.96740600
3.44505797	31.73925000	3.96740600
3.45005797	31.73925000	3.96740600
3.45505797	31.73925000	3.96740600
3.46005797	31.73925000	3.96740600
3.46505797	31.73925000	3.96740600
3.47005797	31.73925000	3.96740600
3.47505797	31.73925000	3.96740600
3.48005797	31.73925000	3.96740600
3.48505797	31.73925000	3.96740600
3.49005797	31.73925000	3.96740600
3.49505797	31.73925000	3.96740600
3.50005797	31.73925000	3.96740600
3.50505797	31.73925000	3.96740600
3.51005797	31.73925000	3.96740600
3.51505797	31.73925000	3.96740600
3.52005797	31.73925000	3.96740600
3.52505797	31.73925000	4.02844300
3.53005797	31.73925000	4.25733200
3.53505797	31.73925000	3.14340600
3.54005797	31.73925000	0.82399970
3.54505797	31.73925000	-0.28992580
3.55005797	31.73925000	-0.06103702
3.55505797	31.73925000	0.00000000
3.56005797	31.73925000	0.00000000
3.56505797	31.73925000	0.00000000
3.57005797	31.73925000	0.00000000
3.57505797	31.73925000	0.00000000
3.58005797	31.73925000	0.00000000
3.58505797	31.73925000	0.00000000
3.59005797	31.73925000	0.00000000
3.59505797	31.73925000	0.00000000
3.60005797	31.73925000	0.00000000
3.60505797	31.73925000	0.00000000
3.61005797	31.73925000	0.00000000
3.61505797	31.73925000	0.00000000
3.62005797	31.73925000	0.00000000
3.62505797	31.80028000	0.00000000
3.63005797	32.02917000	0.00000000
3.63505797	30.91525000	0.00000000
3.64005797	28.59584000	0.00000000
3.64505797	27.42088000	-0.06103702
3.65005797	27.42088000	-0.28992580
3.65505797	28.65688000	0.82399970
3.66005797	31.20517000	3.14340600
3.66505797	31.20517000	4.25733200
3.67005797	28.65688000	4.02844300
3.67505797	27.48192000	3.90636900
3.68005797	27.71080000	3.67748000
3.68505797	27.77184000	4.73036900
3.69005797	27.77184000	6.82088700
3.69505797	27.77184000	8.94192300
3.70005797	27.77184000	10.54414000
3.70505797	27.77184000	13.67229000
3.71005797	27.77184000	17.36503000
3.71505797	27.77184000	22.59896000
3.72005797	27.77184000	27.90917000
3.72505797	27.77184000	36.51539000
3.73005797	27.77184000	46.44917000
3.73505797	27.77184000	56.04724000
3.74005797	27.77184000	62.97494000
3.74505797	27.77184000	72.51197000
3.75005797	27.77184000	82.23212000
3.75505797	27.77184000	91.76915000
3.76005797	27.77184000	98.69685000
3.76505797	27.77184000	108.29490000
3.77005797	27.77184000	118.22870000
3.77505797	27.77184000	126.77390000
3.78005797	27.77184000	131.84000000
3.78505797	27.77184000	138.14200000
3.79005797	27.77184000	143.94060000
3.79505797	27.77184000	149.29650000
3.80005797	27.77184000	152.98930000
3.80505797	27.77184000	156.11740000
3.81005797	27.77184000	157.71970000
3.81505797	27.77184000	159.84070000
3.82005797	27.77184000	161.93120000
3.82505797	27.77184000	163.04510000
3.83005797	27.77184000	163.04510000
3.83505797	27.77184000	161.93120000
3.84005797	27.77184000	159.84070000
3.84505797	27.77184000	157.67390000
3.85005797	27.77184000	155.81220000
3.85505797	27.77184000	153.70650000
3.86005797	27.77184000	151.84480000
3.86505797	27.77184000	149.73910000
3.87005797	27.77184000	147.87740000
3.87505797	27.77184000	145.81740000
3.88005797	27.77184000	144.21520000
3.88505797	27.77184000	141.02600000
3.89005797	27.77184000	137.08910000
3.89505797	27.77184000	132.72500000
3.90005797	27.77184000	128.80340000
3.90505797	27.77184000	125.67520000
3.91005797	27.77184000	124.30190000
3.91505797	27.77184000	121.17370000
3.92005797	27.77184000	117.25210000
3.92505797	27.77184000	112.94900000
3.93005797	27.77184000	109.25630000
3.93505797	27.77184000	104.95310000
3.94005797	27.77184000	101.03150000
3.94505797	27.77184000	97.84234000
3.95005797	27.77184000	96.24011000
3.95505797	27.83288000	94.22589000
3.96005797	28.06177000	92.62366000
3.96505797	26.94784000	89.37345000
3.97005797	24.62844000	85.22293000
3.97505797	23.51451000	81.97271000
3.98005797	23.74340000	80.37049000
3.98505797	23.80444000	78.31049000
3.99005797	23.80444000	76.44886000
3.99505797	23.80444000	74.28204000
4.00005797	23.80444000	72.19153000
4.00505797	23.80444000	71.19968000
4.01005797	23.80444000	71.65746000
4.01505797	23.80444000	70.66560000
4.02005797	23.80444000	68.57509000
4.02505797	23.80444000	66.33198000
4.03005797	23.80444000	64.24146000
4.03505797	23.80444000	63.24961000
4.04005797	23.80444000	63.70739000
4.04505797	23.80444000	62.71553000
4.05005796	23.80444000	60.62502000
4.05505796	23.80444000	58.39716000
4.06005796	23.80444000	56.30664000
4.06505796	23.80444000	55.31479000
4.07005796	23.80444000	55.77257000
4.07505796	23.80444000	54.71968000
4.08005796	23.80444000	52.40028000
4.08505796	23.80444000	51.34739000
4.09005796	23.80444000	51.80516000
4.09505796	23.80444000	50.81331000
4.10005796	23.80444000	48.72280000
4.10505796	23.80444000	46.49495000
4.11005796	23.80444000	44.40443000
4.11505796	23.80444000	43.41258000
4.12005796	23.80444000	43.87035000
4.12505796	23.80444000	42.81747000
4.13005796	23.80444000	40.49806000
4.13505796	23.80444000	39.38414000
4.14005796	23.80444000	39.61302000
4.14505796	23.80444000	39.73510000
4.15005796	23.80444000	39.96399000
4.15505796	23.80444000	38.85006000
4.16005796	23.80444000	36.53065000
4.16505796	23.80444000	35.47777000
4.17005796	23.80444000	35.93554000
4.17505796	23.80444000	34.88266000
4.18005796	23.80444000	32.56325000
4.18505796	23.80444000	31.44932000
4.19005796	23.80444000	31.67821000
4.19505796	23.80444000	31.80028000
4.20005796	23.80444000	32.02917000
4.20505796	23.80444000	30.91525000
4.21005796	23.80444000	28.59584000
4.21505796	23.80444000	27.48192000
4.22005796	23.80444000	27.71080000
4.22505796	23.80444000	27.77184000
4.23005796	23.80444000	27.77184000
4.23505796	23.80444000	27.83288000
4.24005796	23.80444000	28.06177000
4.24505796	23.80444000	26.94784000
4.25005796	23.80444000	24.62844000
4.25505796	23.80444000	23.51451000
4.26005796	23.80444000	23.74340000
4.26505796	23.80444000	23.80444000
4.27005796	23.80444000	23.80444000
4.27505796	23.80444000	23.80444000
4.28005796	23.80444000	23.80444000
4.28505796	23.80444000	23.80444000
4.29005796	23.80444000	23.80444000
4.29505796	23.86547000	23.80444000
4.30005796	24.09436000	23.80444000
4.30505796	22.91940000	23.80444000
4.31005796	20.37111000	23.80444000
4.31505796	20.37111000	23.80444000
4.32005796	22.91940000	23.80444000
4.32505796	24.09436000	23.80444000
4.33005796	23.86547000	23.80444000
4.33505796	23.80444000	23.80444000
4.34005796	23.80444000	23.80444000
4.34505796	23.86547000	23.80444000
4.35005796	24.09436000	23.80444000
4.35505796	22.98043000	23.80444000
4.36005796	20.66103000	23.80444000
4.36505796	19.54710000	23.86547000
4.37005796	19.77599000	24.09436000
4.37505796	19.83703000	22.98043000
4.38005796	19.83703000	20.66103000
4.38505796	19.83703000	19.54710000
4.39005796	19.83703000	19.77599000
4.39505796	19.83703000	19.83703000
4.40005796	19.83703000	19.83703000
4.40505796	19.77599000	19.83703000
4.41005796	19.54710000	19.83703000
4.41505796	20.72207000	19.89807000
4.42005796	23.27036000	20.12696000
4.42505796	23.27036000	18.95199000
4.43005796	20.72207000	16.40370000
4.43505796	19.54710000	16.40370000
4.44005796	19.77599000	18.95199000
4.44505796	19.83703000	20.12696000
4.45005796	19.83703000	19.89807000
4.45505796	19.83703000	19.89807000
4.46005796	19.83703000	20.12696000
4.46505796	19.83703000	18.95199000
4.47005796	19.83703000	16.40370000
4.47505796	19.83703000	16.46474000
4.48005796	19.83703000	19.24192000
4.48505796	19.83703000	19.30296000
4.49005796	19.83703000	16.75466000
4.49505796	19.83703000	15.57970000
4.50005796	19.83703000	15.80859000
4.50505796	19.83703000	15.86962000
4.51005796	19.83703000	15.86962000
4.51505796	19.83703000	15.86962000
4.52005796	19.83703000	15.86962000
4.52505796	19.83703000	15.86962000
4.53005796	19.83703000	15.86962000
4.53505796	19.83703000	15.86962000
4.54005796	19.83703000	15.86962000
4.54505796	19.83703000	15.86962000
4.55005796	19.83703000	15.86962000
4.55505796	19.83703000	15.86962000
4.56005796	19.83703000	15.86962000
4.56505796	19.83703000	15.86962000
4.57005796	19.83703000	15.86962000
4.57505796	19.83703000	15.86962000
4.58005796	19.83703000	15.86962000
4.58505796	19.83703000	15.86962000
4.59005796	19.83703000	15.86962000
4.59505796	19.83703000	15.86962000
4.60005796	19.83703000	15.86962000
4.60505796	19.83703000	15.86962000
4.61005796	19.83703000	15.86962000
4.61505796	19.83703000	15.93066000
4.62005796	19.83703000	16.15955000
4.62505796	19.83703000	14.98459000
4.63005796	19.83703000	12.43629000
4.63505796	19.83703000	12.49733000
4.64005796	19.83703000	15.27451000
4.64505796	19.83703000	15.27451000
4.65005796	19.83703000	12.49733000
4.65505796	19.83703000	12.49733000
4.66005796	19.83703000	15.27451000
4.66505796	19.83703000	15.33555000
4.67005796	19.83703000	12.78725000
4.67505796	19.83703000	11.55125000
4.68005796	19.83703000	11.55125000
4.68505796	19.83703000	12.78725000
4.69005796	19.83703000	15.33555000
4.69505796	19.83703000	15.27451000
4.70005796	19.83703000	12.49733000
4.70505796	19.83703000	12.49733000
4.71005796	19.83703000	15.27451000
4.71505796	19.83703000	15.27451000
4.72005796	19.83703000	12.49733000
4.72505796	19.83703000	12.49733000
4.73005796	19.83703000	15.27451000
4.73505796	19.83703000	15.33555000
4.74005796	19.83703000	12.78725000
4.74505796	19.83703000	11.61229000
4.75005796	19.83703000	11.84118000
4.75505796	19.83703000	11.90222000
4.76005796	19.83703000	11.90222000
4.76505796	19.83703000	11.90222000
4.77005796	19.83703000	11.90222000
4.77505796	19.83703000	11.90222000
4.78005796	19.83703000	11.90222000
4.78505796	19.83703000	11.90222000
4.79005796	19.83703000	11.90222000
4.79505796	19.83703000	11.90222000
4.80005796	19.83703000	11.90222000
4.80505796	19.83703000	11.90222000
4.81005796	19.83703000	11.90222000
4.81505796	19.83703000	11.90222000
4.82005796	19.83703000	11.90222000
4.82505796	19.89807000	11.90222000
4.83005796	20.12696000	11.90222000
4.83505796	19.01303000	11.90222000
4.84005796	16.69362000	11.90222000
4.84505796	15.51866000	11.90222000
4.85005796	15.51866000	11.90222000
4.85505796	16.69362000	11.90222000
4.86005796	19.01303000	11.90222000
4.86505796	20.12696000	11.90222000
4.87005796	19.89807000	11.90222000
4.87505796	19.89807000	11.90222000
4.88005796	20.12696000	11.90222000
4.88505796	19.01303000	11.90222000
4.89005796	16.69362000	11.90222000
4.89505796	15.57970000	11.90222000
4.90005796	15.80859000	11.90222000
4.90505796	15.86962000	11.90222000
4.91005796	15.86962000	11.90222000
4.91505796	15.86962000	11.90222000
4.92005796	15.86962000	11.90222000
4.92505796	15.86962000	11.90222000
4.93005796	15.86962000	11.90222000
4.93505796	15.86962000	11.90222000
4.94005796	15.86962000	11.90222000
4.94505796	15.86962000	11.90222000
4.95005796	15.86962000	11.90222000
4.95505796	15.86962000	11.90222000
4.96005796	15.86962000	11.90222000
4.96505796	15.86962000	11.90222000
4.97005796	15.86962000	11.90222000
4.97505796	15.86962000	11.90222000
4.98005796	15.86962000	11.90222000
4.98505796	15.86962000	11.90222000
4.99005796	15.86962000	11.90222000
4.99505796	15.86962000	11.90222000
5.00005796	15.86962000	11.90222000
5.00505796	15.86962000	11.90222000
5.01005796	15.86962000	11.90222000
5.01505796	15.86962000	11.96325000
5.02005796	15.86962000	12.19214000
5.02505796	15.86962000	11.07822000
5.03005796	15.86962000	8.75881200
5.03505796	15.86962000	7.64488600
5.04005796	15.86962000	7.87377500
5.04505796	15.86962000	7.93481200
5.05005796	15.86962000	7.93481200
5.05505796	15.86962000	7.93481200
5.06005796	15.86962000	7.93481200
5.06505796	15.86962000	7.87377500
5.07005796	15.86962000	7.64488600
5.07505796	15.86962000	8.81984900
5.08005796	15.86962000	11.36814000
5.08505796	15.86962000	11.30711000
5.09005796	15.86962000	8.52992300
5.09505796	15.86962000	8.46888600
5.10005796	15.86962000	11.01718000
5.10505796	15.86962000	12.19214000
5.11005796	15.86962000	11.96325000
5.11505796	15.86962000	11.90222000
5.12005796	15.86962000	11.90222000
5.12505796	15.86962000	11.90222000
5.13005796	15.86962000	11.90222000
5.13505796	15.86962000	11.96325000
5.14005796	15.86962000	12.19214000
5.14505796	15.86962000	11.07822000
5.15005796	15.86962000	8.75881200
5.15505796	15.86962000	7.64488600
5.16005796	15.86962000	7.87377500
5.16505796	15.86962000	7.93481200
5.17005796	15.86962000	7.93481200
5.17505796	15.86962000	7.93481200
5.18005796	15.86962000	7.93481200
5.18505796	15.86962000	7.93481200
5.19005796	15.86962000	7.93481200
5.19505796	15.86962000	7.93481200
5.20005796	15.86962000	7.93481200
5.20505796	15.86962000	7.93481200
5.21005796	15.86962000	7.93481200
5.21505796	15.86962000	7.93481200
5.22005796	15.86962000	7.93481200
5.22505796	15.86962000	7.93481200
5.23005796	15.86962000	7.93481200
5.23505796	15.86962000	7.93481200
5.24005796	15.86962000	7.93481200
5.24505796	15.86962000	7.93481200
5.25005796	15.86962000	7.93481200
5.25505796	15.86962000	7.93481200
5.26005796	15.86962000	7.93481200
5.26505796	15.86962000	7.87377500
5.27005796	15.86962000	7.64488600
5.27505796	15.86962000	8.75881200
5.28005796	15.86962000	11.07822000
5.28505796	15.86962000	12.19214000
5.29005796	15.86962000	11.96325000
5.29505796	15.86962000	11.96325000
5.30005796	15.86962000	12.19214000
5.30505796	15.86962000	11.01718000
5.31005796	15.86962000	8.46888600
5.31505796	15.86962000	8.46888600
5.32005796	15.86962000	11.01718000
5.32505796	15.86962000	12.25318000
5.33005796	15.86962000	12.25318000
5.33505796	15.86962000	11.01718000
5.34005796	15.86962000	8.46888600
5.34505796	15.86962000	8.46888600
5.35005796	15.86962000	11.01718000
5.35505796	15.86962000	12.19214000
5.36005796	15.86962000	11.96325000
5.36505796	15.86962000	11.96325000
5.37005796	15.86962000	12.19214000
5.37505796	15.86962000	11.01718000
5.38005796	15.86962000	8.46888600
5.38505796	15.86962000	8.46888600
5.39005796	15.86962000	11.01718000
5.39505796	15.86962000	12.25318000
5.40005796	15.86962000	12.25318000
5.40505796	15.86962000	11.07822000
5.41005796	15.86962000	8.75881200
5.41505796	15.86962000	7.58384900
5.42005796	15.86962000	7.58384900
5.42505796	15.86962000	8.75881200
5.43005796	15.86962000	11.07822000
5.43505796	15.86962000	12.25318000
5.44005796	15.86962000	12.25318000
5.44505796	15.86962000	11.07822000
5.45005796	15.86962000	8.75881200
5.45505796	15.86962000	7.64488600
5.46005796	15.86962000	7.87377500
5.46505796	15.93066000	7.93481200
5.47005796	16.15955000	7.93481200
5.47505796	15.04562000	7.93481200
5.48005796	12.72622000	7.93481200
5.48505796	11.55125000	7.93481200
5.49005796	11.55125000	7.93481200
5.49505796	12.78725000	7.93481200
5.50005796	15.33555000	7.93481200
5.50505796	15.27451000	7.93481200
5.51005796	12.49733000	7.93481200
5.51505796	12.49733000	7.93481200
5.52005796	15.27451000	7.93481200
5.52505796	15.27451000	7.93481200
5.53005796	12.49733000	7.93481200
5.53505796	12.43629000	7.93481200
5.54005796	14.98459000	7.93481200
5.54505796	16.22059000	7.93481200
5.55005796	16.22059000	7.93481200
5.55505796	15.04562000	7.93481200
5.56005796	12.72622000	7.93481200
5.56505796	11.61229000	7.99584900
5.57005796	11.84118000	8.22473800
5.57505796	11.84118000	7.11081200
5.58005796	11.61229000	4.79140600
5.58505796	12.78725000	3.67748000
5.59005796	15.33555000	3.90636900
5.59505796	15.33555000	3.96740600
5.60005796	12.78725000	3.96740600
5.60505796	11.55125000	3.96740600
5.61005796	11.55125000	3.96740600
5.61505796	12.78725000	3.96740600
5.62005796	15.33555000	3.96740600
5.62505796	15.33555000	3.96740600
5.63005796	12.78725000	3.96740600
5.63505796	11.61229000	3.96740600
5.64005796	11.84118000	3.96740600
5.64505796	11.90222000	3.96740600
5.65005796	11.90222000	3.96740600
5.65505796	11.90222000	3.90636900
5.66005796	11.90222000	3.67748000
5.66505796	11.90222000	4.79140600
5.67005796	11.90222000	7.11081200
5.67505796	11.90222000	8.22473800
5.68005796	11.90222000	7.99584900
5.68505796	11.90222000	7.93481200
5.69005796	11.90222000	7.93481200
5.69505796	11.90222000	7.93481200
5.70005795	11.90222000	7.93481200
5.70505795	11.90222000	7.93481200
5.71005795	11.90222000	7.93481200
5.71505795	11.90222000	7.93481200
5.72005795	11.90222000	7.93481200
5.72505795	11.90222000	7.93481200
5.73005795	11.90222000	7.93481200
5.73505795	11.90222000	7.93481200
5.74005795	11.90222000	7.93481200
5.74505795	11.90222000	7.93481200
5.75005795	11.90222000	7.93481200
5.75505795	11.90222000	7.93481200
5.76005795	11.90222000	7.93481200
5.76505795	11.90222000	7.93481200
5.77005795	11.90222000	7.93481200
5.77505795	11.90222000	7.93481200
5.78005795	11.90222000	7.93481200
5.78505795	11.90222000	7.93481200
5.79005795	11.90222000	7.93481200
5.79505795	11.90222000	7.93481200
5.80005795	11.90222000	7.93481200
5.80505795	11.90222000	7.93481200
5.81005795	11.90222000	7.93481200
5.81505795	11.90222000	7.93481200
5.82005795	11.90222000	7.93481200
5.82505795	11.90222000	7.93481200
5.83005795	11.90222000	7.93481200
5.83505795	11.90222000	7.99584900
5.84005795	11.90222000	8.22473800
5.84505795	11.90222000	7.11081200
5.85005795	11.90222000	4.79140600
5.85505795	11.90222000	3.67748000
5.86005795	11.90222000	3.90636900
5.86505795	11.90222000	3.96740600
5.87005795	11.90222000	3.96740600
5.87505795	11.90222000	3.96740600
5.88005795	11.90222000	3.96740600
5.88505795	11.90222000	3.96740600
5.89005795	11.90222000	3.96740600
5.89505795	11.90222000	3.96740600
5.90005795	11.90222000	3.96740600
5.90505795	11.90222000	3.96740600
5.91005795	11.90222000	3.96740600
5.91505795	11.90222000	3.96740600
5.92005795	11.90222000	3.96740600
5.92505795	11.90222000	3.96740600
5.93005795	11.90222000	3.96740600
5.93505795	11.90222000	3.96740600
5.94005795	11.90222000	3.96740600
5.94505795	11.90222000	3.96740600
5.95005795	11.90222000	3.96740600
5.95505795	11.90222000	3.96740600
5.96005795	11.90222000	3.96740600
5.96505795	11.96325000	3.96740600
5.97005795	12.19214000	3.96740600
5.97505795	11.01718000	3.96740600
5.98005795	8.46888600	3.96740600
5.98505795	8.52992300	3.96740600
5.99005795	11.30711000	3.96740600
5.99505795	11.30711000	3.96740600
6.00005795	8.52992300	3.96740600
6.00505795	8.46888600	3.96740600
6.01005795	11.01718000	3.96740600
6.01505795	12.19214000	3.96740600
6.02005795	11.96325000	3.96740600
6.02505795	11.96325000	3.96740600
6.03005795	12.19214000	3.96740600
6.03505795	11.07822000	3.96740600
6.04005795	8.75881200	3.96740600
6.04505795	7.58384900	3.96740600
6.05005795	7.58384900	3.96740600
6.05505795	8.75881200	3.96740600
6.06005795	11.07822000	3.96740600
6.06505795	12.25318000	3.96740600
6.07005795	12.25318000	3.96740600
6.07505795	11.01718000	3.96740600
6.08005795	8.46888600	3.96740600
6.08505795	8.52992300	3.96740600
6.09005795	11.30711000	3.96740600
6.09505795	11.36814000	3.96740600
6.10005795	8.81984900	3.96740600
6.10505795	7.64488600	3.96740600
6.11005795	7.87377500	3.96740600
6.11505795	7.87377500	3.90636900
6.12005795	7.64488600	3.67748000
6.12505795	8.75881200	4.85244300
6.13005795	11.07822000	7.40073800
6.13505795	12.19214000	7.33970100
6.14005795	11.96325000	4.56251700
6.14505795	11.96325000	4.56251700
6.15005795	12.19214000	7.33970100
6.15505795	11.07822000	7.40073800
6.16005795	8.75881200	4.85244300
6.16505795	7.64488600	3.61644300
6.17005795	7.87377500	3.61644300
6.17505795	7.87377500	4.85244300
6.18005795	7.64488600	7.40073800
6.18505795	8.75881200	7.40073800
6.19005795	11.07822000	4.85244300
6.19505795	12.25318000	3.67748000
6.20005795	12.25318000	3.90636900
6.20505795	11.01718000	3.96740600
6.21005795	8.46888600	3.96740600
6.21505795	8.46888600	3.96740600
6.22005795	11.01718000	3.96740600
6.22505795	12.25318000	3.96740600
6.23005795	12.25318000	3.96740600
6.23505795	11.07822000	3.96740600
6.24005795	8.75881200	3.96740600
6.24505795	7.64488600	3.96740600
6.25005795	7.87377500	3.96740600
6.25505795	7.93481200	3.96740600
6.26005795	7.93481200	3.96740600
6.26505795	7.87377500	3.96740600
6.27005795	7.64488600	3.96740600
6.27505795	8.81984900	3.96740600
6.28005795	11.36814000	3.96740600
6.28505795	11.36814000	3.90636900
6.29005795	8.81984900	3.67748000
6.29505795	7.64488600	4.85244300
6.30005795	7.87377500	7.40073800
6.30505795	7.93481200	7.33970100
6.31005795	7.93481200	4.56251700
6.31505795	7.93481200	4.50148000
6.32005795	7.93481200	7.04977500
6.32505795	7.93481200	8.22473800
6.33005795	7.93481200	7.99584900
6.33505795	7.93481200	7.93481200
6.34005795	7.93481200	7.93481200
6.34505795	7.93481200	7.93481200
6.35005795	7.93481200	7.93481200
6.35505795	7.93481200	7.93481200
6.36005795	7.93481200	7.93481200
6.36505795	7.93481200	7.99584900
6.37005795	7.93481200	8.22473800
6.37505795	7.93481200	7.11081200
6.38005795	7.93481200	4.79140600
6.38505795	7.93481200	3.61644300
6.39005795	7.93481200	3.61644300
6.39505795	7.93481200	4.85244300
6.40005795	7.93481200	7.40073800
6.40505795	7.93481200	7.40073800
6.41005795	7.93481200	4.85244300
6.41505795	7.93481200	3.67748000
6.42005795	7.93481200	3.90636900
6.42505795	7.93481200	3.96740600
6.43005795	7.93481200	3.96740600
6.43505795	7.93481200	3.96740600
6.44005795	7.93481200	3.96740600
6.44505795	7.93481200	3.96740600
6.45005795	7.93481200	3.96740600
6.45505795	7.93481200	3.96740600
6.46005795	7.93481200	3.96740600
6.46505795	7.93481200	3.96740600
6.47005795	7.93481200	3.96740600
6.47505795	7.93481200	3.96740600
6.48005795	7.93481200	3.96740600
6.48505795	7.93481200	3.96740600
6.49005795	7.93481200	3.96740600
6.49505795	7.93481200	3.96740600
6.50005795	7.93481200	3.96740600
6.50505795	7.93481200	3.96740600
6.51005795	7.93481200	3.96740600
6.51505795	7.93481200	3.96740600
6.52005795	7.93481200	3.96740600
6.52505795	7.93481200	3.96740600
6.53005795	7.93481200	3.96740600
6.53505795	7.93481200	3.96740600
6.54005795	7.93481200	3.96740600
6.54505795	7.93481200	3.96740600
6.55005795	7.93481200	3.96740600
6.55505795	7.93481200	3.96740600
6.56005795	7.93481200	3.96740600
6.56505795	7.93481200	3.96740600
6.57005795	7.93481200	3.96740600
6.57505795	7.93481200	3.96740600
6.58005795	7.93481200	3.96740600
6.58505795	7.93481200	3.96740600
6.59005795	7.93481200	3.96740600
6.59505795	7.93481200	3.96740600
6.60005795	7.93481200	3.96740600
6.60505795	7.93481200	3.90636900
6.61005795	7.93481200	3.67748000
6.61505795	7.93481200	4.79140600
6.62005795	7.93481200	7.11081200
6.62505795	7.93481200	8.28577500
6.63005795	7.93481200	8.28577500
6.63505795	7.93481200	7.11081200
6.64005795	7.93481200	4.79140600
6.64505795	7.93481200	3.67748000
6.65005795	7.93481200	3.90636900
6.65505795	7.93481200	3.96740600
6.66005795	7.93481200	3.96740600
6.66505795	7.93481200	3.96740600
6.67005795	7.93481200	3.96740600
6.67505795	7.93481200	3.96740600
6.68005795	7.93481200	3.96740600
6.68505795	7.93481200	3.96740600
6.69005795	7.93481200	3.96740600
6.69505795	7.93481200	3.96740600
6.70005795	7.93481200	3.96740600
6.70505795	7.93481200	3.96740600
6.71005795	7.93481200	3.96740600
6.71505795	7.93481200	3.96740600
6.72005795	7.93481200	3.96740600
6.72505795	7.93481200	3.96740600
6.73005795	7.93481200	3.96740600
6.73505795	7.93481200	3.96740600
6.74005795	7.93481200	3.96740600
6.74505795	7.93481200	3.96740600
6.75005795	7.93481200	3.96740600
6.75505795	7.93481200	3.96740600
6.76005795	7.93481200	3.96740600
6.76505795	7.93481200	3.96740600
6.77005795	7.93481200	3.96740600
6.77505795	7.93481200	3.96740600
6.78005795	7.93481200	3.96740600
6.78505795	7.93481200	3.96740600
6.79005795	7.93481200	3.96740600
6.79505795	7.93481200	3.96740600
6.80005795	7.93481200	3.96740600
6.80505795	7.93481200	3.96740600
6.81005795	7.93481200	3.96740600
6.81505795	7.93481200	3.96740600
6.82005795	7.93481200	3.96740600
6.82505795	7.93481200	3.96740600
6.83005795	7.93481200	3.96740600
6.83505795	7.93481200	3.96740600
6.84005795	7.93481200	3.96740600
6.84505795	7.93481200	3.96740600
6.85005795	7.93481200	3.96740600
6.85505795	7.93481200	3.96740600
6.86005795	7.93481200	3.96740600
6.86505795	7.93481200	3.96740600
6.87005795	7.93481200	3.96740600
6.87505795	7.93481200	3.96740600
6.88005795	7.93481200	3.96740600
6.88505795	7.93481200	3.96740600
6.89005795	7.93481200	3.96740600
6.89505795	7.93481200	3.96740600
6.90005795	7.93481200	3.96740600
6.90505795	7.93481200	3.90636900
6.91005795	7.93481200	3.67748000
6.91505795	7.93481200	4.85244300
6.92005795	7.93481200	7.40073800
6.92505795	7.93481200	7.40073800
6.93005795	7.93481200	4.85244300
6.93505795	7.93481200	3.67748000
6.94005795	7.93481200	3.90636900
6.94505795	7.93481200	3.96740600
6.95005795	7.93481200	3.96740600
6.95505795	7.93481200	3.96740600
6.96005795	7.93481200	3.96740600
6.96505795	7.93481200	3.96740600
6.97005795	7.93481200	3.96740600
6.97505795	7.93481200	3.96740600
6.98005795	7.93481200	3.96740600
6.98505795	7.93481200	3.96740600
6.99005795	7.93481200	3.96740600
6.99505795	7.93481200	3.96740600
7.00005795	7.93481200	3.96740600
7.00505795	7.93481200	3.96740600
7.01005795	7.93481200	3.96740600
7.01505795	7.93481200	3.96740600
7.02005795	7.93481200	3.96740600
7.02505795	7.93481200	3.96740600
7.03005795	7.93481200	3.96740600
7.03505795	7.93481200	3.96740600
7.04005795	7.93481200	3.96740600
7.04505795	7.93481200	3.96740600
7.05005795	7.93481200	3.96740600
7.05505795	7.93481200	3.96740600
7.06005795	7.93481200	3.96740600
7.06505795	7.93481200	3.96740600
7.07005795	7.93481200	3.96740600
7.07505795	7.93481200	3.96740600
7.08005795	7.93481200	3.96740600
7.08505795	7.93481200	3.96740600
7.09005795	7.93481200	3.96740600
7.09505795	7.93481200	3.96740600
7.10005795	7.93481200	3.96740600
7.10505795	7.93481200	3.96740600
7.11005795	7.93481200	3.96740600
7.11505795	7.93481200	3.96740600
7.12005795	7.93481200	3.96740600
7.12505795	7.93481200	3.96740600
7.13005795	7.93481200	3.96740600
7.13505795	7.93481200	3.96740600
7.14005795	7.93481200	3.96740600
7.14505795	7.93481200	3.96740600
7.15005795	7.93481200	3.96740600
7.15505795	7.93481200	3.96740600
7.16005795	7.93481200	3.96740600
7.16505795	7.93481200	3.96740600
7.17005795	7.93481200	3.96740600
7.17505795	7.93481200	3.96740600
7.18005795	7.93481200	3.96740600
7.18505795	7.93481200	3.96740600
7.19005795	7.93481200	3.96740600
7.19505795	7.93481200	3.96740600
7.20005795	7.93481200	3.96740600
7.20505795	7.93481200	3.96740600
7.21005795	7.93481200	3.96740600
7.21505795	7.93481200	3.96740600
7.22005795	7.93481200	3.96740600
7.22505795	7.93481200	3.96740600
7.23005795	7.93481200	3.96740600
7.23505795	7.93481200	3.96740600
7.24005795	7.93481200	3.96740600
7.24505795	7.93481200	3.96740600
7.25005795	7.93481200	3.96740600
7.25505795	7.93481200	4.02844300
7.26005795	7.93481200	4.25733200
7.26505795	7.93481200	3.08236900
7.27005795	7.93481200	0.53407390
7.27505795	7.93481200	0.53407390
7.28005795	7.93481200	3.08236900
7.28505795	7.93481200	4.25733200
7.29005795	7.93481200	4.02844300
7.29505795	7.93481200	3.96740600
7.30005795	7.93481200	3.96740600
7.30505795	7.93481200	3.96740600
7.31005795	7.93481200	3.96740600
7.31505795	7.93481200	3.96740600
7.32005795	7.93481200	3.96740600
7.32505795	7.93481200	3.96740600
7.33005795	7.93481200	3.96740600
7.33505795	7.93481200	3.96740600
7.34005795	7.93481200	3.96740600
7.34505794	7.93481200	3.96740600
7.35005794	7.93481200	3.96740600
7.35505794	7.93481200	3.96740600
7.36005794	7.93481200	3.96740600
7.36505794	7.93481200	3.96740600
7.37005794	7.93481200	3.96740600
7.37505794	7.93481200	3.96740600
7.38005794	7.93481200	3.96740600
7.38505794	7.93481200	3.96740600
7.39005794	7.93481200	3.96740600
7.39505794	7.93481200	3.96740600
7.40005794	7.93481200	3.96740600
7.40505794	7.93481200	3.96740600
7.41005794	7.93481200	3.96740600
7.41505794	7.93481200	3.96740600
7.42005794	7.93481200	3.96740600
7.42505794	7.93481200	3.96740600
7.43005794	7.93481200	3.96740600
7.43505794	7.93481200	3.96740600
7.44005794	7.93481200	3.96740600
7.44505794	7.99584900	3.96740600
7.45005794	8.22473800	3.96740600
7.45505794	7.04977500	3.96740600
7.46005794	4.50148000	3.96740600
7.46505794	4.56251700	3.96740600
7.47005794	7.33970100	3.96740600
7.47505794	7.33970100	3.96740600
7.48005794	4.56251700	3.96740600
7.48505794	4.50148000	3.96740600
7.49005794	7.04977500	3.96740600
7.49505794	8.22473800	3.96740600
7.50005794	7.99584900	3.96740600
7.50505794	7.93481200	3.96740600
7.51005794	7.93481200	3.96740600
7.51505794	7.93481200	3.96740600
7.52005794	7.93481200	3.96740600
7.52505794	7.93481200	3.96740600
7.53005794	7.93481200	3.96740600
7.53505794	7.93481200	3.96740600
7.54005794	7.93481200	3.96740600
7.54505794	7.93481200	3.96740600
7.55005794	7.93481200	3.96740600
7.55505794	7.93481200	3.96740600
7.56005794	7.93481200	3.96740600
7.56505794	7.93481200	3.96740600
7.57005794	7.93481200	3.96740600
7.57505794	7.93481200	3.96740600
7.58005794	7.93481200	3.96740600
7.58505794	7.93481200	3.96740600
7.59005794	7.93481200	3.96740600
7.59505794	7.99584900	3.96740600
7.60005794	8.22473800	3.96740600
7.60505794	7.04977500	3.96740600
7.61005794	4.50148000	3.96740600
7.61505794	4.50148000	3.96740600
7.62005794	7.04977500	3.96740600
7.62505794	8.22473800	3.96740600
7.63005794	7.99584900	3.96740600
7.63505794	7.99584900	3.96740600
7.64005794	8.22473800	3.96740600
7.64505794	7.04977500	3.96740600
7.65005794	4.50148000	3.96740600
7.65505794	4.50148000	3.96740600
7.66005794	7.04977500	3.96740600
7.66505794	8.28577500	3.96740600
7.67005794	8.28577500	3.96740600
7.67505794	7.04977500	4.02844300
7.68005794	4.50148000	4.25733200
7.68505794	4.50148000	3.08236900
7.69005794	7.04977500	0.53407390
7.69505794	8.22473800	0.53407390
7.70005794	7.99584900	3.08236900
7.70505794	7.99584900	4.25733200
7.71005794	8.22473800	4.02844300
7.71505794	7.11081200	3.96740600
7.72005794	4.79140600	3.96740600
7.72505794	3.61644300	3.96740600
7.73005794	3.61644300	3.96740600
7.73505794	4.85244300	3.96740600
7.74005794	7.40073800	3.96740600
7.74505794	7.40073800	3.96740600
7.75005794	4.85244300	3.96740600
7.75505794	3.61644300	3.96740600
7.76005794	3.61644300	3.96740600
7.76505794	4.79140600	3.96740600
7.77005794	7.11081200	3.96740600
7.77505794	8.28577500	3.96740600
7.78005794	8.28577500	3.96740600
7.78505794	7.11081200	3.96740600
7.79005794	4.79140600	3.96740600
7.79505794	3.67748000	3.96740600
7.80005794	3.90636900	3.96740600
7.80505794	3.96740600	3.96740600
7.81005794	3.96740600	3.96740600
7.81505794	3.96740600	3.96740600
7.82005794	3.96740600	3.96740600
7.82505794	3.96740600	3.96740600
7.83005794	3.96740600	3.96740600
7.83505794	3.96740600	3.96740600
7.84005794	3.96740600	3.96740600
7.84505794	3.90636900	3.96740600
7.85005794	3.67748000	3.96740600
7.85505794	4.85244300	3.96740600
7.86005794	7.40073800	3.96740600
7.86505794	7.40073800	3.96740600
7.87005794	4.85244300	3.96740600
7.87505794	3.67748000	3.96740600
7.88005794	3.90636900	3.96740600
7.88505794	3.96740600	4.02844300
7.89005794	3.96740600	4.25733200
7.89505794	3.90636900	3.08236900
7.90005794	3.67748000	0.53407390
7.90505794	4.85244300	0.59511090
7.91005794	7.40073800	3.37229500
7.91505794	7.40073800	3.37229500
7.92005794	4.85244300	0.59511090
7.92505794	3.67748000	0.53407390
7.93005794	3.90636900	3.08236900
7.93505794	3.90636900	4.31836900
7.94005794	3.67748000	4.31836900
7.94505794	4.85244300	3.08236900
7.95005794	7.40073800	0.53407390
7.95505794	7.40073800	0.59511090
7.96005794	4.85244300	3.37229500
7.96505794	3.67748000	3.37229500
7.97005794	3.90636900	0.59511090
7.97505794	3.96740600	0.53407390
7.98005794	3.96740600	3.08236900
7.98505794	3.96740600	4.25733200
7.99005794	3.96740600	4.02844300
7.99505794	3.96740600	3.96740600
8.00005794	3.96740600	3.96740600
8.00505794	3.90636900	4.02844300
8.01005794	3.67748000	4.25733200
8.01505794	4.85244300	3.08236900
8.02005794	7.40073800	0.53407390
8.02505794	7.40073800	0.59511090
8.03005794	4.85244300	3.37229500
8.03505794	3.67748000	3.43333200
8.04005794	3.90636900	0.88503670
8.04505794	3.96740600	-0.35096280
8.05005794	3.96740600	-0.35096280
8.05505794	3.90636900	0.88503670
8.06005794	3.67748000	3.43333200
8.06505794	4.85244300	3.37229500
8.07005794	7.40073800	0.59511090
8.07505794	7.40073800	0.59511090
8.08005794	4.85244300	3.37229500
8.08505794	3.67748000	3.43333200
8.09005794	3.90636900	0.88503670
8.09505794	3.96740600	-0.28992580
8.10005794	3.96740600	-0.06103702
8.10505794	3.96740600	0.00000000
8.11005794	3.96740600	0.00000000
8.11505794	3.96740600	0.00000000
8.12005794	3.96740600	0.00000000
8.12505794	3.96740600	0.00000000
8.13005794	3.96740600	0.00000000
8.13505794	3.96740600	0.00000000
8.14005794	3.96740600	0.00000000
8.14505794	3.96740600	0.00000000
8.15005794	3.96740600	0.00000000
8.15505794	3.96740600	-0.06103702
8.16005794	3.96740600	-0.28992580
8.16505794	3.96740600	0.88503670
8.17005794	3.96740600	3.43333200
8.17505794	3.96740600	3.37229500
8.18005794	3.96740600	0.59511090
8.18505794	3.96740600	0.53407390
8.19005794	3.96740600	3.08236900
8.19505794	3.96740600	4.31836900
8.20005794	3.96740600	4.31836900
8.20505794	3.96740600	3.14340600
8.21005794	3.96740600	0.82399970
8.21505794	3.96740600	-0.28992580
8.22005794	3.96740600	-0.06103702
8.22505794	3.96740600	-0.06103702
8.23005794	3.96740600	-0.28992580
8.23505794	3.96740600	0.82399970
8.24005794	3.96740600	3.14340600
8.24505794	3.96740600	4.25733200
8.25005794	3.96740600	4.02844300
8.25505794	3.96740600	3.96740600
8.26005794	3.96740600	3.96740600
8.26505794	3.96740600	3.96740600
8.27005794	3.96740600	3.96740600
8.27505794	3.96740600	3.96740600
8.28005794	3.96740600	3.96740600
8.28505794	3.96740600	3.96740600
8.29005794	3.96740600	3.96740600
8.29505794	3.96740600	4.02844300
8.30005794	3.96740600	4.25733200
8.30505794	3.96740600	3.08236900
8.31005794	3.96740600	0.53407390
8.31505794	3.96740600	0.53407390
8.32005794	3.96740600	3.08236900
8.32505794	3.96740600	4.25733200
8.33005794	3.96740600	4.02844300
8.33505794	3.96740600	3.96740600
8.34005794	3.96740600	3.96740600
8.34505794	3.96740600	3.96740600
8.35005794	3.96740600	3.96740600
8.35505794	3.96740600	3.96740600
8.36005794	3.96740600	3.96740600
8.36505794	3.90636900	3.96740600
8.37005794	3.67748000	3.96740600
8.37505794	4.85244300	3.96740600
8.38005794	7.40073800	3.96740600
8.38505794	7.40073800	3.96740600
8.39005794	4.85244300	3.96740600
8.39505794	3.67748000	3.96740600
8.40005794	3.90636900	3.96740600
8.40505794	3.96740600	3.96740600
8.41005794	3.96740600	3.96740600
8.41505794	3.96740600	3.96740600
8.42005794	3.96740600	3.96740600
8.42505794	3.96740600	3.96740600
8.43005794	3.96740600	3.96740600
8.43505794	3.96740600	3.96740600
8.44005794	3.96740600	3.96740600
8.44505794	3.96740600	3.96740600
8.45005794	3.96740600	3.96740600
8.45505794	3.96740600	3.96740600
8.46005794	3.96740600	3.96740600
8.46505794	3.96740600	3.96740600
8.47005794	3.96740600	3.96740600
8.47505794	3.96740600	3.96740600
8.48005794	3.96740600	3.96740600
8.48505794	3.96740600	3.96740600
8.49005794	3.96740600	3.96740600
8.49505794	3.96740600	3.96740600
8.50005794	3.96740600	3.96740600
8.50505794	3.96740600	4.02844300
8.51005794	3.96740600	4.25733200
8.51505794	3.96740600	3.08236900
8.52005794	3.96740600	0.53407390
8.52505794	3.96740600	0.53407390
8.53005794	3.96740600	3.08236900
8.53505794	3.96740600	4.25733200
8.54005794	3.96740600	4.02844300
8.54505794	3.96740600	3.96740600
8.55005794	3.96740600	3.96740600
8.55505794	3.96740600	3.96740600
8.56005794	3.96740600	3.96740600
8.56505794	3.96740600	3.96740600
8.57005794	3.96740600	3.96740600
8.57505794	3.96740600	3.96740600
8.58005794	3.96740600	3.96740600
8.58505794	3.96740600	3.96740600
8.59005794	3.96740600	3.96740600
8.59505794	3.96740600	3.96740600
8.60005794	3.96740600	3.96740600
8.60505794	3.96740600	3.96740600
8.61005794	3.96740600	3.96740600
8.61505794	3.96740600	3.96740600
8.62005794	3.96740600	3.96740600
8.62505794	3.96740600	3.96740600
8.63005794	3.96740600	3.96740600
8.63505794	3.96740600	3.96740600
8.64005794	3.96740600	3.96740600
8.64505794	3.96740600	3.96740600
8.65005794	3.96740600	3.96740600
8.65505794	3.96740600	3.96740600
8.66005794	3.96740600	3.96740600
8.66505794	3.96740600	3.96740600
8.67005794	3.96740600	3.96740600
8.67505794	3.96740600	3.96740600
8.68005794	3.96740600	3.96740600
8.68505794	3.96740600	3.96740600
8.69005794	3.96740600	3.96740600
8.69505794	3.96740600	3.96740600
8.70005794	3.96740600	3.96740600
8.70505794	3.96740600	3.96740600
8.71005794	3.96740600	3.96740600
8.71505794	3.96740600	3.96740600
8.72005794	3.96740600	3.96740600
8.72505794	3.96740600	3.96740600
8.73005794	3.96740600	3.96740600
8.73505794	3.96740600	3.96740600
8.74005794	3.96740600	3.96740600
8.74505794	3.96740600	3.96740600
8.75005794	3.96740600	3.96740600
8.75505794	3.96740600	3.96740600
8.76005794	3.96740600	3.96740600
8.76505794	3.96740600	3.96740600
8.77005794	3.96740600	3.96740600
8.77505794	3.96740600	3.96740600
8.78005794	3.96740600	3.96740600
8.78505794	3.96740600	3.96740600
8.79005794	3.96740600	3.96740600
8.79505794	3.96740600	3.96740600
8.80005794	3.96740600	3.96740600
8.80505794	3.96740600	3.96740600
8.81005794	3.96740600	3.96740600
8.81505794	3.96740600	3.96740600
8.82005794	3.96740600	3.96740600
8.82505794	3.96740600	3.96740600
8.83005794	3.96740600	3.96740600
8.83505794	3.96740600	3.96740600
8.84005794	3.96740600	3.96740600
8.84505794	3.96740600	3.96740600
8.85005794	3.96740600	3.96740600
8.85505794	3.96740600	3.96740600
8.86005794	3.96740600	3.96740600
8.86505794	3.96740600	3.96740600
8.87005794	3.96740600	3.96740600
8.87505794	3.96740600	3.96740600
8.88005794	3.96740600	3.96740600
8.88505794	3.96740600	3.96740600
8.89005794	3.96740600	3.96740600
8.89505794	3.96740600	4.02844300
8.90005794	3.96740600	4.25733200
8.90505794	3.96740600	3.08236900
8.91005794	3.96740600	0.53407390
8.91505794	3.96740600	0.59511090
8.92005794	3.96740600	3.37229500
8.92505794	3.96740600	3.37229500
8.93005794	3.96740600	0.59511090
8.93505794	3.96740600	0.53407390
8.94005794	3.96740600	3.08236900
8.94505794	3.96740600	4.25733200
8.95005794	3.96740600	4.02844300
8.95505794	3.96740600	3.96740600
8.96005794	3.96740600	3.96740600
8.96505794	3.96740600	4.02844300
8.97005794	3.96740600	4.25733200
8.97505794	3.96740600	3.08236900
8.98005794	3.96740600	0.53407390
8.98505794	3.96740600	0.53407390
8.99005793	3.96740600	3.08236900
8.99505793	3.96740600	4.25733200
9.00005793	3.96740600	4.02844300
9.00505793	3.96740600	3.96740600
9.01005793	3.96740600	3.96740600
9.01505793	3.96740600	4.02844300
9.02005793	3.96740600	4.25733200
9.02505793	3.96740600	3.14340600
9.03005793	3.96740600	0.82399970
