Time	Channel A	Channel B
(us)	(mV)	(mV)

-1.00373499	-3.08236900	0.00000000
-0.99873499	-0.53407390	0.00000000
-0.99373499	-0.53407390	0.00000000
-0.98873499	-3.08236900	0.00000000
-0.98373499	-4.25733200	0.00000000
-0.97873499	-4.02844300	0.00000000
-0.97373499	-3.96740600	0.00000000
-0.96873499	-3.96740600	0.00000000
-0.96373499	-4.02844300	0.00000000
-0.95873499	-4.25733200	0.00000000
-0.95373499	-3.08236900	0.00000000
-0.94873499	-0.53407390	0.00000000
-0.94373499	-0.59511090	0.00000000
-0.93873499	-3.37229500	0.00000000
-0.93373499	-3.37229500	0.06103702
-0.92873499	-0.59511090	0.28992580
-0.92373499	-0.53407390	-0.88503670
-0.91873499	-3.08236900	-3.43333200
-0.91373499	-4.31836900	-3.37229500
-0.90873499	-4.31836900	-0.59511090
-0.90373499	-3.08236900	-0.59511090
-0.89873499	-0.53407390	-3.37229500
-0.89373499	-0.59511090	-3.37229500
-0.88873499	-3.37229500	-0.59511090
-0.88373499	-3.37229500	-0.59511090
-0.87873499	-0.59511090	-3.37229500
-0.87373499	-0.53407390	-3.43333200
-0.86873499	-3.08236900	-0.88503670
-0.86373499	-4.25733200	0.35096280
-0.85873499	-4.02844300	0.35096280
-0.85373499	-3.96740600	-0.88503670
-0.84873499	-3.96740600	-3.43333200
-0.84373499	-3.96740600	-3.37229500
-0.83873499	-3.96740600	-0.59511090
-0.83373499	-3.96740600	-0.59511090
-0.82873499	-3.96740600	-3.37229500
-0.82373499	-3.96740600	-3.43333200
-0.81873499	-3.96740600	-0.88503670
-0.81373499	-4.02844300	0.35096280
-0.80873499	-4.25733200	0.35096280
-0.80373499	-3.08236900	-0.88503670
-0.79873499	-0.53407390	-3.43333200
-0.79373499	-0.59511090	-3.37229500
-0.78873499	-3.37229500	-0.59511090
-0.78373499	-3.37229500	-0.59511090
-0.77873499	-0.59511090	-3.37229500
-0.77373499	-0.53407390	-3.43333200
-0.76873499	-3.08236900	-0.88503670
-0.76373499	-4.31836900	0.35096280
-0.75873499	-4.31836900	0.35096280
-0.75373499	-3.08236900	-0.88503670
-0.74873499	-0.53407390	-3.43333200
-0.74373499	-0.59511090	-3.37229500
-0.73873499	-3.37229500	-0.59511090
-0.73373499	-3.37229500	-0.59511090
-0.72873499	-0.59511090	-3.37229500
-0.72373499	-0.53407390	-3.43333200
-0.71873499	-3.08236900	-0.88503670
-0.71373499	-4.25733200	0.35096280
-0.70873499	-4.02844300	0.35096280
-0.70373499	-3.96740600	-0.88503670
-0.69873499	-3.96740600	-3.43333200
-0.69373499	-3.96740600	-3.43333200
-0.68873499	-3.96740600	-0.88503670
-0.68373499	-3.96740600	0.28992580
-0.67873499	-3.96740600	0.06103702
-0.67373499	-3.96740600	0.00000000
-0.66873499	-3.96740600	0.00000000
-0.66373499	-3.96740600	0.00000000
-0.65873499	-3.96740600	0.00000000
-0.65373499	-3.96740600	0.00000000
-0.64873499	-3.96740600	0.00000000
-0.64373499	-3.96740600	0.00000000
-0.63873499	-3.96740600	0.00000000
-0.63373499	-4.02844300	0.00000000
-0.62873499	-4.25733200	0.00000000
-0.62373499	-3.08236900	0.00000000
-0.61873499	-0.53407390	0.00000000
-0.61373499	-0.53407390	0.00000000
-0.60873499	-3.08236900	0.00000000
-0.60373499	-4.25733200	0.00000000
-0.59873499	-4.02844300	0.00000000
-0.59373499	-3.96740600	0.00000000
-0.58873499	-3.96740600	0.00000000
-0.58373499	-3.96740600	0.00000000
-0.57873499	-3.96740600	0.00000000
-0.57373499	-3.96740600	0.00000000
-0.56873499	-3.96740600	0.00000000
-0.56373499	-4.02844300	0.00000000
-0.55873499	-4.25733200	0.00000000
-0.55373499	-3.08236900	0.00000000
-0.54873499	-0.53407390	0.00000000
-0.54373499	-0.53407390	0.00000000
-0.53873499	-3.08236900	0.00000000
-0.53373499	-4.25733200	0.00000000
-0.52873499	-4.02844300	0.00000000
-0.52373499	-3.96740600	0.00000000
-0.51873499	-3.96740600	0.00000000
-0.51373499	-4.02844300	0.00000000
-0.50873499	-4.25733200	0.00000000
-0.50373499	-3.08236900	0.00000000
-0.49873499	-0.53407390	0.00000000
-0.49373499	-0.53407390	0.00000000
-0.48873499	-3.08236900	0.00000000
-0.48373499	-4.25733200	0.00000000
-0.47873499	-4.02844300	0.00000000
-0.47373499	-3.96740600	0.00000000
-0.46873499	-3.96740600	0.00000000
-0.46373499	-3.96740600	0.00000000
-0.45873499	-3.96740600	0.00000000
-0.45373499	-3.96740600	0.00000000
-0.44873499	-3.96740600	0.00000000
-0.44373499	-3.96740600	0.00000000
-0.43873499	-3.96740600	0.00000000
-0.43373499	-3.96740600	0.00000000
-0.42873499	-3.96740600	0.00000000
-0.42373499	-3.96740600	0.00000000
-0.41873499	-3.96740600	0.00000000
-0.41373499	-3.96740600	0.00000000
-0.40873499	-3.96740600	0.00000000
-0.40373499	-3.96740600	0.00000000
-0.39873499	-3.96740600	0.00000000
-0.39373499	-3.96740600	0.00000000
-0.38873499	-3.96740600	0.00000000
-0.38373499	-3.96740600	0.00000000
-0.37873499	-3.96740600	0.00000000
-0.37373499	-3.96740600	0.00000000
-0.36873499	-3.96740600	0.00000000
-0.36373500	-3.96740600	0.06103702
-0.35873500	-3.96740600	0.28992580
-0.35373500	-4.02844300	-0.88503670
-0.34873500	-4.25733200	-3.43333200
-0.34373500	-3.08236900	-3.43333200
-0.33873500	-0.53407390	-0.88503670
-0.33373500	-0.53407390	0.28992580
-0.32873500	-3.08236900	0.06103702
-0.32373500	-4.25733200	0.00000000
-0.31873500	-4.02844300	0.00000000
-0.31373500	-3.96740600	0.00000000
-0.30873500	-3.96740600	0.00000000
-0.30373500	-3.96740600	0.00000000
-0.29873500	-3.96740600	0.00000000
-0.29373500	-3.96740600	0.00000000
-0.28873500	-3.96740600	0.00000000
-0.28373500	-3.96740600	0.00000000
-0.27873500	-3.96740600	0.00000000
-0.27373500	-3.96740600	0.00000000
-0.26873500	-3.96740600	0.00000000
-0.26373500	-3.96740600	0.00000000
-0.25873500	-3.96740600	0.00000000
-0.25373500	-3.96740600	0.00000000
-0.24873500	-3.96740600	0.00000000
-0.24373500	-3.96740600	0.00000000
-0.23873500	-3.96740600	0.00000000
-0.23373500	-3.96740600	0.00000000
-0.22873500	-3.96740600	0.00000000
-0.22373500	-3.96740600	0.00000000
-0.21873500	-3.96740600	0.00000000
-0.21373500	-3.96740600	0.00000000
-0.20873500	-3.96740600	0.00000000
-0.20373500	-3.96740600	0.00000000
-0.19873500	-3.96740600	0.00000000
-0.19373500	-4.02844300	0.00000000
-0.18873500	-4.25733200	0.00000000
-0.18373500	-3.08236900	0.00000000
-0.17873500	-0.53407390	0.00000000
-0.17373500	-0.53407390	0.00000000
-0.16873500	-3.08236900	0.00000000
-0.16373500	-4.25733200	0.00000000
-0.15873500	-4.02844300	0.00000000
-0.15373500	-3.96740600	0.00000000
-0.14873500	-3.96740600	0.00000000
-0.14373500	-3.96740600	0.00000000
-0.13873500	-3.96740600	0.00000000
-0.13373500	-3.96740600	0.00000000
-0.12873500	-3.96740600	0.00000000
-0.12373500	-3.96740600	0.06103702
-0.11873500	-3.96740600	0.28992580
-0.11373500	-4.02844300	-0.82399970
-0.10873500	-4.25733200	-3.14340600
-0.10373500	-3.14340600	-4.25733200
-0.09873500	-0.82399970	-4.02844300
-0.09373500	0.16785180	-3.90636900
-0.08873500	-0.51881460	-3.67748000
-0.08373500	1.54118500	-4.79140600
-0.07873500	5.69170200	-7.11081200
-0.07373500	9.93377500	-8.16370100
-0.06873500	13.16874000	-7.70592300
-0.06373500	19.57762000	-8.75881200
-0.05873500	27.68029000	-11.07822000
-0.05373500	35.20310000	-12.13111000
-0.04873500	40.52858000	-11.67333000
-0.04373500	46.75435000	-12.72622000
-0.03873500	52.06457000	-15.04562000
-0.03373500	59.61790000	-16.15955000
-0.02873500	67.72057000	-15.93066000
-0.02373500	74.02264000	-15.86962000
-0.01873500	76.78456000	-15.86962000
-0.01373500	83.07137000	-15.86962000
-0.00873500	91.17404000	-15.86962000
-0.00373500	98.69685000	-15.86962000
0.00126500	104.02230000	-15.86962000
0.00626500	110.37020000	-15.86962000
0.01126500	116.15340000	-15.86962000
0.01626500	121.38740000	-15.86962000
0.02126500	124.62230000	-15.86962000
0.02626500	129.85620000	-15.86962000
0.03126500	135.63950000	-15.86962000
0.03626500	142.10940000	-15.93066000
0.04126500	147.90790000	-16.15955000
0.04626500	153.14190000	-15.04562000
0.05126500	156.37680000	-12.72622000
0.05626500	161.67180000	-11.61229000
0.06126500	167.68390000	-11.84118000
0.06626500	172.97890000	-11.90222000
0.07126500	176.21390000	-11.90222000
0.07626500	181.50880000	-11.84118000
0.08126500	187.52100000	-11.61229000
0.08626500	192.87700000	-12.78725000
0.09126500	196.34080000	-15.33555000
0.09626500	200.58290000	-15.27451000
0.10126500	204.50450000	-12.49733000
0.10626500	207.63270000	-12.43629000
0.11126500	209.00600000	-14.98459000
0.11626500	212.13410000	-16.15955000
0.12126500	216.07100000	-15.93066000
0.12626500	220.43520000	-15.86962000
0.13126500	224.35680000	-15.86962000
0.13626500	227.48500000	-15.86962000
0.14126500	228.85830000	-15.86962000
0.14626500	232.09320000	-15.86962000
0.15126500	236.50320000	-15.86962000
0.15626500	238.60900000	-15.86962000
0.16126500	237.92230000	-15.86962000
0.16626500	238.85310000	-15.86962000
0.17126500	240.94360000	-15.86962000
0.17626500	243.17150000	-15.86962000
0.18126500	245.26200000	-15.86962000
0.18626500	246.37590000	-15.93066000
0.19126500	246.37590000	-16.15955000
0.19626500	245.26200000	-15.04562000
0.20126500	243.17150000	-12.72622000
0.20626500	241.00470000	-11.67333000
0.21126500	239.14300000	-12.13111000
0.21626500	237.08300000	-11.07822000
0.22126500	235.48080000	-8.75881200
0.22626500	232.23060000	-7.64488600
0.23126500	228.08010000	-7.87377500
0.23626500	224.82980000	-7.93481200
0.24126500	223.22760000	-7.93481200
0.24626500	221.21340000	-7.93481200
0.25126500	219.61120000	-7.93481200
0.25626500	216.36100000	-7.93481200
0.26126500	212.19520000	-7.93481200
0.26626500	208.94500000	-7.93481200
0.27126500	207.34270000	-7.93481200
0.27626500	205.28270000	-7.93481200
0.28126500	203.42110000	-7.93481200
0.28626500	201.36110000	-7.93481200
0.29126500	199.75890000	-7.93481200
0.29626500	196.46290000	-7.93481200
0.30126500	192.05300000	-7.93481200
0.30626500	189.94720000	-7.93481200
0.31126500	190.63390000	-7.93481200
0.31626500	189.70300000	-7.87377500
0.32126500	187.61250000	-7.64488600
0.32626500	185.38470000	-8.75881200
0.33126500	183.29410000	-11.07822000
0.33626500	182.30230000	-12.19214000
0.34126500	182.76010000	-11.96325000
0.34626500	181.76820000	-11.90222000
0.35126500	179.67770000	-11.90222000
0.35626500	177.44990000	-11.90222000
0.36126500	175.35930000	-11.90222000
0.36626500	174.36750000	-11.90222000
0.37126500	174.82530000	-11.90222000
0.37626500	173.77240000	-11.90222000
0.38126500	171.45300000	-11.90222000
0.38626500	170.33910000	-11.90222000
0.39126500	170.56790000	-11.90222000
0.39626500	170.62900000	-11.90222000
0.40126500	170.62900000	-11.90222000
0.40626500	170.69000000	-11.90222000
0.41126500	170.91890000	-11.90222000
0.41626500	169.80500000	-11.96325000
0.42126500	167.48560000	-12.19214000
0.42626500	166.37160000	-11.07822000
0.43126500	166.60050000	-8.75881200
0.43626500	166.66160000	-7.64488600
0.44126500	166.66160000	-7.87377500
0.44626500	166.72260000	-7.93481200
0.45126500	166.95150000	-7.93481200
0.45626500	165.83760000	-7.93481200
0.46126500	163.51820000	-7.93481200
0.46626500	162.40430000	-7.99584900
0.47126500	162.63310000	-8.22473800
0.47626500	162.69420000	-7.04977500
0.48126500	162.69420000	-4.50148000
0.48626500	162.69420000	-4.50148000
0.49126500	162.69420000	-7.04977500
0.49626500	162.75520000	-8.22473800
0.50126500	162.98410000	-7.99584900
0.50626500	161.87020000	-7.93481200
0.51126500	159.55080000	-7.93481200
0.51626500	158.43680000	-7.93481200
0.52126500	158.66570000	-7.93481200
0.52626500	158.72680000	-7.93481200
0.53126500	158.72680000	-7.93481200
0.53626500	158.72680000	-7.93481200
0.54126500	158.72680000	-7.93481200
0.54626500	158.78780000	-7.93481200
0.55126500	159.01670000	-7.93481200
0.55626500	157.90280000	-7.93481200
0.56126500	155.58340000	-7.93481200
0.56626500	154.46940000	-7.93481200
0.57126500	154.69830000	-7.93481200
0.57626500	154.75940000	-7.93481200
0.58126500	154.75940000	-7.93481200
0.58626500	154.75940000	-7.99584900
0.59126500	154.75940000	-8.22473800
0.59626500	154.82040000	-7.11081200
0.60126500	155.04930000	-4.79140600
0.60626500	153.93530000	-3.67748000
0.61126500	151.61590000	-3.90636900
0.61626500	150.50200000	-3.96740600
0.62126500	150.73090000	-3.96740600
0.62626500	150.79190000	-3.96740600
0.63126500	150.79190000	-3.96740600
0.63626500	150.79190000	-4.02844300
0.64126500	150.79190000	-4.25733200
0.64626500	150.79190000	-3.08236900
0.65126500	150.79190000	-0.53407390
0.65626500	150.85300000	-0.53407390
0.66126500	151.08190000	-3.08236900
0.66626500	149.96790000	-4.25733200
0.67126500	147.64850000	-4.02844300
0.67626500	146.53460000	-3.96740600
0.68126500	146.76350000	-3.96740600
0.68626500	146.88560000	-3.96740600
0.69126500	147.11450000	-3.96740600
0.69626500	146.00050000	-3.96740600
0.70126500	143.68110000	-3.96740600
0.70626500	142.56720000	-3.96740600
0.71126500	142.79610000	-3.96740600
0.71626500	142.85710000	-3.96740600
0.72126500	142.85710000	-3.96740600
0.72626500	142.85710000	-3.96740600
0.73126500	142.85710000	-3.96740600
0.73626500	142.85710000	-3.96740600
0.74126500	142.85710000	-3.96740600
0.74626500	142.85710000	-3.96740600
0.75126500	142.85710000	-3.96740600
0.75626500	142.85710000	-3.96740600
0.76126500	142.85710000	-3.96740600
0.76626500	142.91820000	-3.96740600
0.77126500	143.14710000	-3.96740600
0.77626500	142.03310000	-3.96740600
0.78126500	139.69850000	-3.96740600
0.78626500	138.58450000	-3.96740600
0.79126500	138.81340000	-3.96740600
0.79626500	138.87450000	-3.96740600
0.80126500	138.87450000	-3.96740600
0.80626500	138.93550000	-3.96740600
0.81126500	139.16440000	-3.96740600
0.81626500	137.98940000	-3.96740600
0.82126500	135.44110000	-3.96740600
0.82626500	135.50220000	-3.96740600
0.83126500	138.27940000	-3.96740600
0.83626500	138.34040000	-3.96740600
0.84126500	135.79210000	-3.96740600
0.84626500	134.61710000	-3.96740600
0.85126500	134.84600000	-3.96740600
0.85626500	134.96810000	-3.96740600
0.86126500	135.19700000	-3.96740600
0.86626500	134.08310000	-3.96740600
0.87126500	131.76370000	-3.96740600
0.87626500	130.64970000	-3.96740600
0.88126500	130.87860000	-3.96740600
0.88626500	130.93970000	-3.96740600
0.89126500	130.93970000	-3.96740600
0.89626500	130.93970000	-3.96740600
0.90126500	130.93970000	-3.96740600
0.90626500	131.00070000	-3.96740600
0.91126500	131.22960000	-3.96740600
0.91626500	130.11560000	-3.96740600
0.92126500	127.79630000	-3.96740600
0.92626500	126.68230000	-3.96740600
0.93126500	126.91120000	-3.96740600
0.93626500	126.97230000	-3.96740600
0.94126500	126.97230000	-3.96740600
0.94626500	126.97230000	-3.96740600
0.95126500	126.97230000	-3.96740600
0.95626500	126.97230000	-3.96740600
0.96126500	126.97230000	-3.96740600
0.96626500	126.97230000	-3.96740600
0.97126500	126.97230000	-3.96740600
0.97626500	127.03330000	-4.02844300
0.98126500	127.26220000	-4.25733200
0.98626500	126.14820000	-3.14340600
0.99126500	123.82880000	-0.82399970
0.99626500	122.71490000	0.28992580
1.00126500	122.94380000	0.06103702
1.00626500	123.00480000	0.00000000
1.01126500	123.00480000	0.00000000
1.01626500	123.00480000	0.00000000
1.02126500	123.00480000	0.00000000
1.02626500	123.00480000	0.00000000
1.03126500	123.00480000	0.00000000
1.03626500	123.00480000	0.00000000
1.04126500	123.00480000	0.00000000
1.04626500	123.06590000	0.00000000
1.05126500	123.29480000	0.00000000
1.05626500	122.18080000	0.00000000
1.06126500	119.86140000	0.00000000
1.06626500	118.74750000	0.00000000
1.07126500	118.97640000	0.00000000
1.07626500	119.03740000	0.06103702
1.08126500	119.03740000	0.28992580
1.08626500	119.03740000	-0.88503670
1.09126500	119.03740000	-3.43333200
1.09626500	119.03740000	-3.37229500
1.10126500	119.03740000	-0.59511090
1.10626500	119.09850000	-0.53407390
1.11126500	119.32740000	-3.08236900
1.11626500	118.21340000	-4.25733200
1.12126500	115.89400000	-4.02844300
1.12626500	114.78010000	-3.96740600
1.13126500	115.00900000	-3.96740600
1.13626500	115.07000000	-3.96740600
1.14126500	115.07000000	-3.96740600
1.14626500	115.07000000	-3.96740600
1.15126500	115.07000000	-3.96740600
1.15626500	115.13110000	-3.96740600
1.16126500	115.36000000	-3.96740600
1.16626500	114.24600000	-3.96740600
1.17126500	111.92660000	-3.96740600
1.17626500	110.81270000	-3.96740600
1.18126500	111.04160000	-3.96740600
1.18626500	111.10260000	-3.96740600
1.19126500	111.10260000	-3.96740600
1.19626500	111.10260000	-3.96740600
1.20126500	111.10260000	-3.96740600
1.20626500	111.10260000	-3.96740600
1.21126500	111.10260000	-3.96740600
1.21626500	111.10260000	-3.96740600
1.22126500	111.10260000	-3.96740600
1.22626500	111.10260000	-3.96740600
1.23126500	111.10260000	-3.96740600
1.23626500	111.16370000	-3.96740600
1.24126500	111.39250000	-3.96740600
1.24626500	110.27860000	-3.96740600
1.25126500	107.95920000	-3.96740600
1.25626500	106.84530000	-3.96740600
1.26126500	107.07420000	-3.96740600
1.26626500	107.13520000	-3.96740600
1.27126500	107.13520000	-3.96740600
1.27626500	107.13520000	-3.96740600
1.28126499	107.13520000	-3.96740600
1.28626499	107.13520000	-3.96740600
1.29126499	107.13520000	-3.96740600
1.29626499	107.13520000	-3.96740600
1.30126499	107.13520000	-3.96740600
1.30626499	107.13520000	-3.96740600
1.31126499	107.13520000	-3.96740600
1.31626499	107.19630000	-3.96740600
1.32126499	107.42510000	-3.96740600
1.32626499	106.31120000	-3.96740600
1.33126499	103.99180000	-3.96740600
1.33626499	102.87790000	-3.96740600
1.34126499	103.10680000	-3.96740600
1.34626499	103.16780000	-3.96740600
1.35126499	103.16780000	-3.96740600
1.35626499	103.16780000	-3.96740600
1.36126499	103.16780000	-3.96740600
1.36626499	103.16780000	-4.02844300
1.37126499	103.16780000	-4.25733200
1.37626499	103.22890000	-3.08236900
1.38126499	103.45770000	-0.53407390
1.38626499	102.34380000	-0.59511090
1.39126499	100.02440000	-3.37229500
1.39626499	98.91048000	-3.43333200
1.40126499	99.13937000	-0.88503670
1.40626499	99.20041000	0.28992580
1.41126499	99.20041000	0.06103702
1.41626499	99.20041000	0.00000000
1.42126499	99.20041000	0.00000000
1.42626499	99.20041000	0.06103702
1.43126499	99.20041000	0.28992580
1.43626499	99.20041000	-0.82399970
1.44126499	99.20041000	-3.14340600
1.44626499	99.20041000	-4.31836900
1.45126499	99.20041000	-4.31836900
1.45626499	99.20041000	-3.08236900
1.46126499	99.20041000	-0.53407390
1.46626499	99.26145000	-0.59511090
1.47126499	99.49034000	-3.37229500
1.47626499	98.37641000	-3.43333200
1.48126499	96.05700000	-0.88503670
1.48626499	94.94308000	0.28992580
1.49126499	95.17197000	0.06103702
1.49626499	95.23300000	0.00000000
1.50126499	95.23300000	0.00000000
1.50626499	95.23300000	0.00000000
1.51126499	95.23300000	0.00000000
1.51626499	95.23300000	0.06103702
1.52126499	95.23300000	0.28992580
1.52626499	95.29404000	-0.82399970
1.53126499	95.52293000	-3.14340600
1.53626499	94.34796000	-4.31836900
1.54126499	91.79967000	-4.31836900
1.54626499	91.79967000	-3.14340600
1.55126499	94.34796000	-0.82399970
1.55626499	95.58397000	0.35096280
1.56126499	95.58397000	0.35096280
1.56626499	94.40900000	-0.82399970
1.57126499	92.08959000	-3.14340600
1.57626499	90.97568000	-4.25733200
1.58126499	91.20457000	-4.02844300
1.58626499	91.26560000	-3.96740600
1.59126499	91.26560000	-3.96740600
1.59626499	91.26560000	-3.96740600
1.60126499	91.26560000	-3.96740600
1.60626499	91.26560000	-3.96740600
1.61126499	91.26560000	-3.96740600
1.61626499	91.32664000	-3.96740600
1.62126499	91.55552000	-3.96740600
1.62626499	90.38056000	-3.96740600
1.63126499	87.83227000	-3.96740600
1.63626499	87.89330000	-4.02844300
1.64126499	90.67049000	-4.25733200
1.64626499	90.73153000	-3.14340600
1.65126499	88.18323000	-0.82399970
1.65626499	87.00826000	0.28992580
1.66126499	87.23715000	0.06103702
1.66626499	87.29819000	0.00000000
1.67126499	87.29819000	0.00000000
1.67626499	87.29819000	0.00000000
1.68126499	87.29819000	0.00000000
1.68626499	87.29819000	0.06103702
1.69126499	87.29819000	0.28992580
1.69626499	87.35923000	-0.88503670
1.70126499	87.58812000	-3.43333200
1.70626499	86.47419000	-3.37229500
1.71126499	84.15479000	-0.59511090
1.71626499	83.04086000	-0.53407390
1.72126499	83.26974000	-3.08236900
1.72626499	83.33078000	-4.25733200
1.73126499	83.33078000	-4.02844300
1.73626499	83.33078000	-3.96740600
1.74126499	83.33078000	-3.96740600
1.74626499	83.33078000	-3.96740600
1.75126499	83.33078000	-3.96740600
1.75626499	83.33078000	-3.96740600
1.76126499	83.33078000	-3.96740600
1.76626499	83.33078000	-3.96740600
1.77126499	83.33078000	-3.96740600
1.77626499	83.33078000	-3.96740600
1.78126499	83.33078000	-3.96740600
1.78626499	83.39182000	-4.02844300
1.79126499	83.62070000	-4.25733200
1.79626499	82.50678000	-3.08236900
1.80126499	80.18738000	-0.53407390
1.80626499	79.01242000	-0.59511090
1.81126499	79.01242000	-3.37229500
1.81626499	80.24842000	-3.37229500
1.82126499	82.79671000	-0.59511090
1.82626499	82.79671000	-0.53407390
1.83126499	80.24842000	-3.08236900
1.83626499	79.07346000	-4.25733200
1.84126499	79.30235000	-4.02844300
1.84626499	79.36338000	-3.96740600
1.85126499	79.36338000	-3.96740600
1.85626499	79.36338000	-3.96740600
1.86126499	79.36338000	-3.96740600
1.86626499	79.36338000	-3.96740600
1.87126499	79.36338000	-3.96740600
1.87626499	79.42442000	-3.96740600
1.88126499	79.65331000	-3.96740600
1.88626499	78.47834000	-3.96740600
1.89126499	75.93005000	-3.96740600
1.89626499	75.93005000	-3.96740600
1.90126499	78.47834000	-3.96740600
1.90626499	79.71434000	-3.96740600
1.91126499	79.71434000	-3.96740600
1.91626499	78.53938000	-3.96740600
1.92126499	76.21997000	-3.96740600
1.92626499	75.10605000	-3.96740600
1.93126499	75.33494000	-3.96740600
1.93626499	75.39597000	-3.96740600
1.94126499	75.39597000	-3.96740600
1.94626499	75.39597000	-3.96740600
1.95126499	75.39597000	-3.96740600
1.95626499	75.39597000	-3.96740600
1.96126499	75.39597000	-3.96740600
1.96626499	75.45701000	-3.96740600
1.97126499	75.68590000	-3.96740600
1.97626499	74.57197000	-3.96740600
1.98126499	72.25256000	-3.96740600
1.98626499	71.13864000	-3.96740600
1.99126499	71.36753000	-3.96740600
1.99626499	71.36753000	-3.96740600
2.00126499	71.13864000	-3.96740600
2.00626499	72.25256000	-3.96740600
2.01126499	74.57197000	-3.96740600
2.01626499	75.74693000	-3.96740600
2.02126499	75.74693000	-3.96740600
2.02626499	74.57197000	-3.96740600
2.03126499	72.25256000	-3.96740600
2.03626499	71.13864000	-3.96740600
2.04126499	71.36753000	-3.96740600
2.04626499	71.42857000	-3.96740600
2.05126499	71.42857000	-3.96740600
2.05626499	71.42857000	-3.96740600
2.06126499	71.42857000	-3.96740600
2.06626499	71.42857000	-3.96740600
2.07126499	71.42857000	-3.96740600
2.07626499	71.42857000	-3.96740600
2.08126499	71.42857000	-3.96740600
2.08626499	71.42857000	-3.96740600
2.09126499	71.42857000	-3.96740600
2.09626499	71.42857000	-3.96740600
2.10126499	71.42857000	-3.96740600
2.10626499	71.48961000	-3.96740600
2.11126499	71.71850000	-3.96740600
2.11626499	70.60457000	-3.96740600
2.12126499	68.26991000	-3.96740600
2.12626499	67.15598000	-3.96740600
2.13126499	67.38486000	-3.96740600
2.13626499	67.44590000	-3.96740600
2.14126499	67.44590000	-3.96740600
2.14626499	67.44590000	-3.96740600
2.15126499	67.44590000	-3.96740600
2.15626499	67.44590000	-3.96740600
2.16126499	67.44590000	-3.96740600
2.16626499	67.44590000	-3.96740600
2.17126499	67.44590000	-3.96740600
2.17626499	67.44590000	-3.96740600
2.18126499	67.44590000	-3.96740600
2.18626499	67.50694000	-3.96740600
2.19126499	67.73582000	-3.96740600
2.19626499	66.62190000	-3.96740600
2.20126499	64.30249000	-3.96740600
2.20626499	63.12754000	-3.96740600
2.21126499	63.12754000	-3.96740600
2.21626499	64.36353000	-3.96740600
2.22126499	66.91183000	-3.96740600
2.22626499	66.91183000	-3.96740600
2.23126499	64.36353000	-3.96740600
2.23626499	63.18857000	-3.96740600
2.24126499	63.41746000	-3.96740600
2.24626499	63.47850000	-3.96740600
2.25126499	63.47850000	-3.96740600
2.25626499	63.47850000	-3.96740600
2.26126499	63.47850000	-3.96740600
2.26626499	63.47850000	-3.96740600
2.27126499	63.47850000	-3.96740600
2.27626499	63.47850000	-3.96740600
2.28126499	63.47850000	-3.96740600
2.28626499	63.47850000	-3.96740600
2.29126499	63.47850000	-3.96740600
2.29626499	63.53953000	-3.96740600
2.30126499	63.76842000	-3.96740600
2.30626499	62.59346000	-3.96740600
2.31126499	60.04517000	-3.96740600
2.31626499	60.04517000	-3.96740600
2.32126499	62.59346000	-3.96740600
2.32626499	63.82946000	-3.96740600
2.33126499	63.82946000	-3.96740600
2.33626499	62.65450000	-3.96740600
2.34126499	60.33509000	-3.96740600
2.34626499	59.22116000	-3.96740600
2.35126499	59.45005000	-3.96740600
2.35626499	59.51109000	-3.96740600
2.36126499	59.51109000	-3.96740600
2.36626499	59.51109000	-3.96740600
2.37126499	59.51109000	-3.96740600
2.37626499	59.51109000	-3.96740600
2.38126499	59.51109000	-3.96740600
2.38626499	59.51109000	-3.96740600
2.39126499	59.51109000	-3.96740600
2.39626499	59.51109000	-3.96740600
2.40126499	59.51109000	-3.96740600
2.40626499	59.51109000	-3.96740600
2.41126499	59.51109000	-3.96740600
2.41626499	59.57213000	-3.96740600
2.42126499	59.80102000	-3.96740600
2.42626499	58.68709000	-4.02844300
2.43126499	56.36768000	-4.25733200
2.43626499	55.19272000	-3.14340600
2.44126499	55.19272000	-0.82399970
2.44626499	56.42872000	0.35096280
2.45126499	58.97702000	0.35096280
2.45626499	58.97702000	-0.82399970
2.46126499	56.42872000	-3.14340600
2.46626499	55.25376000	-4.25733200
2.47126499	55.48264000	-4.02844300
2.47626499	55.54368000	-3.96740600
2.48126499	55.54368000	-3.96740600
2.48626499	55.54368000	-3.96740600
2.49126499	55.54368000	-3.96740600
2.49626499	55.54368000	-3.96740600
2.50126499	55.54368000	-3.96740600
2.50626499	55.54368000	-3.96740600
2.51126499	55.54368000	-3.96740600
2.51626499	55.54368000	-3.96740600
2.52126499	55.54368000	-3.96740600
2.52626499	55.54368000	-3.96740600
2.53126499	55.54368000	-3.96740600
2.53626499	55.54368000	-3.96740600
2.54126499	55.54368000	-3.96740600
2.54626499	55.54368000	-3.96740600
2.55126499	55.54368000	-3.96740600
2.55626499	55.54368000	-3.96740600
2.56126499	55.54368000	-3.96740600
2.56626499	55.54368000	-3.96740600
2.57126499	55.54368000	-3.96740600
2.57626499	55.60472000	-3.96740600
2.58126499	55.83361000	-3.96740600
2.58626499	54.65865000	-3.96740600
2.59126499	52.11035000	-3.96740600
2.59626499	52.17139000	-3.96740600
2.60126499	54.94857000	-3.96740600
2.60626499	55.00961000	-3.96740600
2.61126499	52.46132000	-3.96740600
2.61626499	51.28635000	-3.96740600
2.62126499	51.51524000	-3.96740600
2.62626499	51.57627000	-3.96740600
2.63126499	51.57627000	-3.96740600
2.63626499	51.57627000	-3.96740600
2.64126499	51.57627000	-3.96740600
2.64626499	51.57627000	-3.96740600
2.65126499	51.57627000	-3.96740600
2.65626499	51.57627000	-3.96740600
2.66126499	51.57627000	-3.96740600
2.66626499	51.57627000	-3.96740600
2.67126499	51.57627000	-3.96740600
2.67626499	51.57627000	-3.96740600
2.68126499	51.57627000	-3.96740600
2.68626499	51.63731000	-3.96740600
2.69126499	51.86620000	-3.96740600
2.69626499	50.69124000	-3.96740600
2.70126499	48.14294000	-3.96740600
2.70626499	48.20398000	-3.96740600
2.71126499	50.98117000	-3.96740600
2.71626499	50.98117000	-3.96740600
2.72126499	48.20398000	-3.96740600
2.72626499	48.14294000	-3.96740600
2.73126499	50.69124000	-3.96740600
2.73626499	51.92724000	-3.96740600
2.74126499	51.92724000	-3.96740600
2.74626499	50.75228000	-3.96740600
2.75126499	48.43287000	-3.96740600
2.75626499	47.31895000	-3.96740600
2.76126499	47.54784000	-3.96740600
2.76626499	47.60887000	-3.96740600
2.77126499	47.60887000	-3.96740600
2.77626499	47.60887000	-3.96740600
2.78126499	47.60887000	-3.96740600
2.78626499	47.60887000	-3.96740600
2.79126499	47.60887000	-3.96740600
2.79626499	47.60887000	-3.96740600
2.80126499	47.60887000	-3.96740600
2.80626499	47.60887000	-3.96740600
2.81126499	47.60887000	-3.96740600
2.81626499	47.60887000	-3.96740600
2.82126499	47.60887000	-3.96740600
2.82626499	47.60887000	-3.96740600
2.83126499	47.60887000	-3.96740600
2.83626499	47.60887000	-3.96740600
2.84126499	47.60887000	-3.96740600
2.84626499	47.60887000	-3.96740600
2.85126499	47.60887000	-3.96740600
2.85626499	47.60887000	-3.96740600
2.86126499	47.60887000	-3.96740600
2.86626499	47.60887000	-4.02844300
2.87126499	47.60887000	-4.25733200
2.87626499	47.60887000	-3.14340600
2.88126499	47.60887000	-0.82399970
2.88626499	47.66991000	0.28992580
2.89126499	47.89880000	0.06103702
2.89626499	46.72383000	0.00000000
2.90126499	44.17554000	0.00000000
2.90626499	44.23658000	0.06103702
2.91126499	47.01376000	0.28992580
2.91626499	47.07480000	-0.82399970
2.92126499	44.52650000	-3.14340600
2.92626498	43.35154000	-4.25733200
2.93126498	43.58043000	-4.02844300
2.93626498	43.64147000	-3.96740600
2.94126498	43.64147000	-3.96740600
2.94626498	43.64147000	-3.96740600
2.95126498	43.64147000	-3.96740600
2.95626498	43.64147000	-3.96740600
2.96126498	43.64147000	-3.96740600
2.96626498	43.64147000	-3.96740600
2.97126498	43.64147000	-3.96740600
2.97626498	43.64147000	-3.96740600
2.98126498	43.64147000	-3.96740600
2.98626498	43.64147000	-3.96740600
2.99126498	43.64147000	-3.96740600
2.99626498	43.64147000	-3.96740600
3.00126498	43.64147000	-3.96740600
3.00626498	43.64147000	-3.96740600
3.01126498	43.64147000	-3.96740600
3.01626498	43.64147000	-4.02844300
3.02126498	43.64147000	-4.25733200
3.02626498	43.64147000	-3.08236900
3.03126498	43.64147000	-0.53407390
3.03626498	43.70250000	-0.53407390
3.04126498	43.93139000	-3.08236900
3.04626498	42.75643000	-4.25733200
3.05126498	40.20813000	-4.02844300
3.05626498	40.26917000	-3.96740600
3.06126498	43.04636000	-3.96740600
3.06626498	43.10739000	-3.96740600
3.07126498	40.55910000	-3.96740600
3.07626498	39.38414000	-3.96740600
3.08126498	39.61302000	-3.96740600
3.08626498	39.67406000	-3.96740600
3.09126498	39.67406000	-3.96740600
3.09626498	39.67406000	-3.96740600
3.10126498	39.67406000	-3.96740600
3.10626498	39.67406000	-3.96740600
3.11126498	39.67406000	-3.96740600
3.11626498	39.67406000	-3.96740600
3.12126498	39.67406000	-3.96740600
3.12626498	39.67406000	-3.96740600
3.13126498	39.67406000	-3.96740600
3.13626498	39.67406000	-3.96740600
3.14126498	39.67406000	-3.96740600
3.14626498	39.67406000	-3.96740600
3.15126498	39.67406000	-3.96740600
3.15626498	39.67406000	-3.96740600
3.16126498	39.67406000	-3.96740600
3.16626498	39.67406000	-3.96740600
3.17126498	39.67406000	-3.96740600
3.17626498	39.67406000	-3.96740600
3.18126498	39.67406000	-3.96740600
3.18626498	39.67406000	-3.96740600
3.19126498	39.67406000	-3.96740600
3.19626498	39.73510000	-3.96740600
3.20126498	39.96399000	-3.96740600
3.20626498	38.78902000	-3.96740600
3.21126498	36.24073000	-3.96740600
3.21626498	36.24073000	-3.96740600
3.22126498	38.78902000	-3.96740600
3.22626498	39.96399000	-3.96740600
3.23126498	39.73510000	-3.96740600
3.23626498	39.73510000	-3.96740600
3.24126498	39.96399000	-3.96740600
3.24626498	38.85006000	-3.96740600
3.25126498	36.53065000	-3.96740600
3.25626498	35.35569000	-3.96740600
3.26126498	35.35569000	-3.96740600
3.26626498	36.53065000	-3.96740600
3.27126498	38.85006000	-3.96740600
3.27626498	40.02502000	-3.96740600
3.28126498	40.02502000	-3.96740600
3.28626498	38.85006000	-3.96740600
3.29126498	36.53065000	-3.96740600
3.29626498	35.41673000	-3.96740600
3.30126498	35.64562000	-3.96740600
3.30626498	35.70665000	-3.96740600
3.31126498	35.70665000	-3.96740600
3.31626498	35.70665000	-3.96740600
3.32126498	35.70665000	-3.96740600
3.32626498	35.70665000	-3.96740600
3.33126498	35.70665000	-3.96740600
3.33626498	35.70665000	-3.96740600
3.34126498	35.70665000	-3.96740600
3.34626498	35.70665000	-3.96740600
3.35126498	35.70665000	-3.96740600
3.35626498	35.70665000	-3.96740600
3.36126498	35.70665000	-3.96740600
3.36626498	35.70665000	-3.96740600
3.37126498	35.70665000	-3.96740600
3.37626498	35.70665000	-3.96740600
3.38126498	35.70665000	-3.96740600
3.38626498	35.70665000	-3.96740600
3.39126498	35.70665000	-3.96740600
3.39626498	35.76769000	-3.96740600
3.40126498	35.99658000	-3.96740600
3.40626498	34.82162000	-3.96740600
3.41126498	32.27332000	-3.96740600
3.41626498	32.33436000	-3.96740600
3.42126498	35.11155000	-3.96740600
3.42626498	35.11155000	-3.96740600
3.43126498	32.33436000	-3.96740600
3.43626498	32.27332000	-4.02844300
3.44126498	34.82162000	-4.25733200
3.44626498	36.05762000	-3.08236900
3.45126498	36.05762000	-0.53407390
3.45626498	34.88266000	-0.53407390
3.46126498	32.56325000	-3.08236900
3.46626498	31.44932000	-4.25733200
3.47126498	31.67821000	-4.02844300
3.47626498	31.73925000	-3.96740600
3.48126498	31.73925000	-3.96740600
3.48626498	31.73925000	-3.96740600
3.49126498	31.73925000	-3.96740600
3.49626498	31.73925000	-3.96740600
3.50126498	31.73925000	-3.96740600
3.50626498	31.73925000	-3.96740600
3.51126498	31.73925000	-3.96740600
3.51626498	31.73925000	-3.96740600
3.52126498	31.73925000	-3.96740600
3.52626498	31.73925000	-3.96740600
3.53126498	31.73925000	-3.96740600
3.53626498	31.73925000	-3.96740600
3.54126498	31.73925000	-3.96740600
3.54626498	31.73925000	-3.96740600
3.55126498	31.73925000	-3.96740600
3.55626498	31.73925000	-3.96740600
3.56126498	31.73925000	-3.96740600
3.56626498	31.73925000	-3.96740600
3.57126498	31.73925000	-3.96740600
3.57626498	31.73925000	-3.96740600
3.58126498	31.73925000	-3.96740600
3.58626498	31.73925000	-3.96740600
3.59126498	31.73925000	-3.96740600
3.59626498	31.73925000	-3.96740600
3.60126498	31.73925000	-3.96740600
3.60626498	31.73925000	-3.96740600
3.61126498	31.73925000	-3.96740600
3.61626498	31.73925000	-3.96740600
3.62126498	31.73925000	-3.96740600
3.62626498	31.73925000	-3.96740600
3.63126498	31.73925000	-3.96740600
3.63626498	31.73925000	-3.96740600
3.64126498	31.73925000	-3.96740600
3.64626498	31.73925000	-3.96740600
3.65126498	31.73925000	-3.96740600
3.65626498	31.73925000	-3.96740600
3.66126498	31.73925000	-3.96740600
3.66626498	31.73925000	-3.96740600
3.67126498	31.73925000	-3.96740600
3.67626498	31.73925000	-3.96740600
3.68126498	31.73925000	-3.96740600
3.68626498	31.80028000	-4.02844300
3.69126498	32.02917000	-4.25733200
3.69626498	30.85421000	-3.20444300
3.70126498	28.30592000	-1.11392600
3.70626498	28.36695000	1.00711100
3.71126498	31.14414000	2.60933200
3.71626498	31.14414000	5.67644300
3.72126498	28.36695000	9.14029300
3.72626498	28.30592000	15.54918000
3.73126498	30.85421000	23.42295000
3.73626498	32.09021000	32.01391000
3.74126498	32.09021000	39.39939000
3.74626498	30.91525000	47.82250000
3.75126498	28.59584000	54.97909000
3.75626498	27.48192000	64.51612000
3.76126498	27.71080000	74.00738000
3.76626498	27.77184000	84.78041000
3.77126498	27.77184000	94.48530000
3.77626498	27.77184000	102.90840000
3.78126498	27.77184000	107.74560000
3.78626498	27.77184000	115.10050000
3.79126498	27.77184000	122.97430000
3.79626498	27.77184000	130.49710000
3.80126498	27.77184000	136.05150000
3.80626498	27.77184000	141.34650000
3.81126498	27.77184000	145.05450000
3.81626498	27.77184000	148.24370000
3.82126498	27.77184000	150.09000000
3.82626498	27.77184000	151.02080000
3.83126498	27.77184000	150.56300000
3.83626498	27.77184000	151.67700000
3.84126498	27.77184000	154.22530000
3.84626498	27.77184000	154.28630000
3.85126498	27.77184000	151.96690000
3.85626498	27.77184000	149.73910000
3.86126498	27.77184000	147.87740000
3.86626498	27.77184000	145.81740000
3.87126498	27.77184000	144.21520000
3.87626498	27.77184000	140.96500000
3.88126498	27.77184000	136.79920000
3.88626498	27.77184000	133.61000000
3.89126498	27.77184000	132.23670000
3.89626498	27.77184000	129.04750000
3.90126498	27.77184000	124.89700000
3.90626498	27.83288000	121.70780000
3.91126498	28.06177000	120.33450000
3.91626498	26.88680000	117.20630000
3.92126498	24.33851000	113.28470000
3.92626498	24.33851000	108.98160000
3.93126498	26.88680000	105.28880000
3.93626498	28.12280000	100.98570000
3.94126498	28.12280000	97.06412000
3.94626498	26.88680000	93.93597000
3.95126498	24.33851000	92.56263000
3.95626498	24.33851000	89.43449000
3.96126498	26.88680000	85.51286000
3.96626498	28.12280000	81.14871000
3.97126498	28.12280000	77.22708000
3.97626498	26.94784000	74.03790000
3.98126498	24.62844000	72.43568000
3.98626498	23.51451000	70.36042000
3.99126498	23.74340000	68.51405000
3.99626498	23.80444000	66.37775000
4.00126498	23.80444000	64.53138000
4.00626498	23.80444000	62.42561000
4.01126498	23.80444000	60.56398000
4.01626498	23.80444000	58.45820000
4.02126498	23.80444000	56.59657000
4.02626498	23.80444000	54.49080000
4.03126498	23.80444000	52.62917000
4.03626498	23.80444000	50.46235000
4.04126498	23.80444000	48.37183000
4.04626498	23.80444000	47.37998000
4.05126498	23.80444000	47.83776000
4.05626498	23.80444000	46.78487000
4.06126498	23.80444000	44.46547000
4.06626498	23.80444000	43.41258000
4.07126498	23.80444000	43.87035000
4.07626498	23.80444000	42.81747000
4.08126498	23.80444000	40.49806000
4.08626498	23.80444000	39.44517000
4.09126498	23.80444000	39.90295000
4.09626498	23.80444000	38.91110000
4.10126498	23.80444000	36.82058000
4.10626498	23.80444000	34.59273000
4.11126498	23.80444000	32.50221000
4.11626498	23.80444000	31.51036000
4.12126498	23.80444000	31.96814000
4.12626498	23.80444000	30.91525000
4.13126498	23.80444000	28.59584000
4.13626498	23.80444000	27.54295000
4.14126498	23.80444000	28.00073000
4.14626498	23.80444000	26.94784000
4.15126498	23.80444000	24.62844000
4.15626498	23.80444000	23.51451000
4.16126498	23.80444000	23.74340000
4.16626498	23.80444000	23.80444000
4.17126498	23.80444000	23.80444000
4.17626498	23.80444000	23.86547000
4.18126498	23.80444000	24.09436000
4.18626498	23.80444000	22.98043000
4.19126498	23.80444000	20.66103000
4.19626498	23.80444000	19.54710000
4.20126498	23.80444000	19.77599000
4.20626498	23.86547000	19.83703000
4.21126498	24.09436000	19.83703000
4.21626498	22.91940000	19.83703000
4.22126498	20.37111000	19.83703000
4.22626498	20.43214000	19.89807000
4.23126498	23.20932000	20.12696000
4.23626498	23.20932000	19.01303000
4.24126498	20.43214000	16.69362000
4.24626498	20.43214000	15.57970000
4.25126498	23.20932000	15.80859000
4.25626498	23.27036000	15.86962000
4.26126498	20.72207000	15.86962000
4.26626498	19.54710000	15.86962000
4.27126498	19.77599000	15.86962000
4.27626498	19.83703000	15.86962000
4.28126498	19.83703000	15.86962000
4.28626498	19.83703000	15.86962000
4.29126498	19.83703000	15.86962000
4.29626498	19.77599000	15.86962000
4.30126498	19.54710000	15.86962000
4.30626498	20.66103000	15.86962000
4.31126498	22.98043000	15.86962000
4.31626498	24.15540000	15.93066000
4.32126498	24.15540000	16.15955000
4.32626498	22.91940000	15.04562000
4.33126498	20.37111000	12.72622000
4.33626498	20.43214000	11.61229000
4.34126498	23.20932000	11.84118000
4.34626498	23.27036000	11.90222000
4.35126498	20.72207000	11.90222000
4.35626498	19.54710000	11.90222000
4.36126498	19.77599000	11.90222000
4.36626498	19.83703000	11.90222000
4.37126498	19.83703000	11.90222000
4.37626498	19.83703000	11.90222000
4.38126498	19.83703000	11.90222000
4.38626498	19.83703000	11.96325000
4.39126498	19.83703000	12.19214000
4.39626498	19.83703000	11.07822000
4.40126498	19.83703000	8.75881200
4.40626498	19.83703000	7.64488600
4.41126498	19.83703000	7.87377500
4.41626498	19.83703000	7.93481200
4.42126498	19.83703000	7.93481200
4.42626498	19.83703000	7.93481200
4.43126498	19.83703000	7.93481200
4.43626498	19.83703000	7.93481200
4.44126498	19.83703000	7.93481200
4.44626498	19.83703000	7.93481200
4.45126498	19.83703000	7.93481200
4.45626498	19.83703000	7.93481200
4.46126498	19.83703000	7.93481200
4.46626498	19.83703000	7.99584900
4.47126498	19.83703000	8.22473800
4.47626498	19.83703000	7.04977500
4.48126498	19.83703000	4.50148000
4.48626498	19.83703000	4.50148000
4.49126498	19.83703000	7.04977500
4.49626498	19.83703000	8.22473800
4.50126498	19.83703000	7.99584900
4.50626498	19.83703000	7.99584900
4.51126498	19.83703000	8.22473800
4.51626498	19.83703000	7.11081200
4.52126498	19.83703000	4.79140600
4.52626498	19.83703000	3.67748000
4.53126498	19.83703000	3.90636900
4.53626498	19.89807000	3.96740600
4.54126498	20.12696000	3.96740600
4.54626498	19.01303000	3.96740600
4.55126498	16.69362000	3.96740600
4.55626498	15.51866000	3.96740600
4.56126498	15.51866000	3.96740600
4.56626498	16.69362000	3.96740600
4.57126497	19.01303000	3.96740600
4.57626497	20.18799000	3.96740600
4.58126497	20.18799000	3.96740600
4.58626497	19.01303000	3.96740600
4.59126497	16.69362000	3.96740600
4.59626497	15.51866000	3.90636900
4.60126497	15.51866000	3.67748000
4.60626497	16.75466000	4.85244300
4.61126497	19.30296000	7.40073800
4.61626497	19.30296000	7.40073800
4.62126497	16.75466000	4.85244300
4.62626497	15.57970000	3.67748000
4.63126497	15.80859000	3.90636900
4.63626497	15.86962000	3.96740600
4.64126497	15.86962000	3.96740600
4.64626497	15.86962000	3.96740600
4.65126497	15.86962000	3.96740600
4.65626497	15.86962000	3.96740600
4.66126497	15.86962000	3.96740600
4.66626497	15.86962000	3.96740600
4.67126497	15.86962000	3.96740600
4.67626497	15.86962000	3.96740600
4.68126497	15.86962000	3.96740600
4.68626497	15.86962000	3.96740600
4.69126497	15.86962000	3.96740600
4.69626497	15.86962000	3.96740600
4.70126497	15.86962000	3.96740600
4.70626497	15.86962000	3.96740600
4.71126497	15.86962000	3.96740600
4.71626497	15.86962000	3.90636900
4.72126497	15.86962000	3.67748000
4.72626497	15.86962000	4.85244300
4.73126497	15.86962000	7.40073800
4.73626497	15.86962000	7.33970100
4.74126497	15.86962000	4.56251700
4.74626497	15.86962000	4.56251700
4.75126497	15.86962000	7.33970100
4.75626497	15.86962000	7.40073800
4.76126497	15.86962000	4.85244300
4.76626497	15.86962000	3.67748000
4.77126497	15.86962000	3.90636900
4.77626497	15.86962000	3.96740600
4.78126497	15.86962000	3.96740600
4.78626497	15.86962000	3.96740600
4.79126497	15.86962000	3.96740600
4.79626497	15.86962000	3.96740600
4.80126497	15.86962000	3.96740600
4.80626497	15.86962000	3.96740600
4.81126497	15.86962000	3.96740600
4.81626497	15.86962000	3.96740600
4.82126497	15.86962000	3.96740600
4.82626497	15.86962000	3.96740600
4.83126497	15.86962000	3.96740600
4.83626497	15.86962000	3.96740600
4.84126497	15.86962000	3.96740600
4.84626497	15.86962000	3.96740600
4.85126497	15.86962000	3.96740600
4.85626497	15.86962000	3.90636900
4.86126497	15.86962000	3.67748000
4.86626497	15.86962000	4.79140600
4.87126497	15.86962000	7.11081200
4.87626497	15.86962000	8.22473800
4.88126497	15.86962000	7.99584900
4.88626497	15.86962000	7.93481200
4.89126497	15.86962000	7.93481200
4.89626497	15.86962000	7.93481200
4.90126497	15.86962000	7.93481200
4.90626497	15.86962000	7.99584900
4.91126497	15.86962000	8.22473800
4.91626497	15.86962000	7.04977500
4.92126497	15.86962000	4.50148000
4.92626497	15.86962000	4.56251700
4.93126497	15.86962000	7.33970100
4.93626497	15.86962000	7.40073800
4.94126497	15.86962000	4.85244300
4.94626497	15.86962000	3.61644300
4.95126497	15.86962000	3.61644300
4.95626497	15.86962000	4.85244300
4.96126497	15.86962000	7.40073800
4.96626497	15.86962000	7.40073800
4.97126497	15.86962000	4.85244300
4.97626497	15.86962000	3.67748000
4.98126497	15.86962000	3.90636900
4.98626497	15.86962000	3.96740600
4.99126497	15.86962000	3.96740600
4.99626497	15.86962000	3.96740600
5.00126497	15.86962000	3.96740600
5.00626497	15.86962000	3.96740600
5.01126497	15.86962000	3.96740600
5.01626497	15.86962000	3.96740600
5.02126497	15.86962000	3.96740600
5.02626497	15.86962000	3.96740600
5.03126497	15.86962000	3.96740600
5.03626497	15.86962000	3.96740600
5.04126497	15.86962000	3.96740600
5.04626497	15.93066000	3.96740600
5.05126497	16.15955000	3.96740600
5.05626497	14.98459000	3.96740600
5.06126497	12.43629000	3.96740600
5.06626497	12.43629000	4.02844300
5.07126497	14.98459000	4.25733200
5.07626497	16.15955000	3.14340600
5.08126497	15.93066000	0.82399970
5.08626497	15.93066000	-0.28992580
5.09126497	16.15955000	-0.06103702
5.09626497	15.04562000	0.00000000
5.10126497	12.72622000	0.00000000
5.10626497	11.61229000	0.00000000
5.11126497	11.84118000	0.00000000
5.11626497	11.84118000	0.00000000
5.12126497	11.61229000	0.00000000
5.12626497	12.72622000	0.00000000
5.13126497	15.04562000	0.00000000
5.13626497	16.15955000	0.00000000
5.14126497	15.93066000	0.00000000
5.14626497	15.93066000	0.00000000
5.15126497	16.15955000	0.00000000
5.15626497	15.04562000	0.00000000
5.16126497	12.72622000	0.00000000
5.16626497	11.61229000	-0.06103702
5.17126497	11.84118000	-0.28992580
5.17626497	11.90222000	0.82399970
5.18126497	11.90222000	3.14340600
5.18626497	11.90222000	4.31836900
5.19126497	11.90222000	4.31836900
5.19626497	11.90222000	3.08236900
5.20126497	11.90222000	0.53407390
5.20626497	11.90222000	0.53407390
5.21126497	11.90222000	3.08236900
5.21626497	11.90222000	4.31836900
5.22126497	11.90222000	4.31836900
5.22626497	11.90222000	3.14340600
5.23126497	11.90222000	0.82399970
5.23626497	11.90222000	-0.28992580
5.24126497	11.90222000	-0.06103702
5.24626497	11.90222000	-0.06103702
5.25126497	11.90222000	-0.28992580
5.25626497	11.90222000	0.88503670
5.26126497	11.90222000	3.43333200
5.26626497	11.90222000	3.37229500
5.27126497	11.90222000	0.59511090
5.27626497	11.90222000	0.53407390
5.28126497	11.90222000	3.08236900
5.28626497	11.90222000	4.31836900
5.29126497	11.90222000	4.31836900
5.29626497	11.90222000	3.08236900
5.30126497	11.90222000	0.53407390
5.30626497	11.90222000	0.59511090
5.31126497	11.90222000	3.37229500
5.31626497	11.90222000	3.43333200
5.32126497	11.90222000	0.88503670
5.32626497	11.90222000	-0.28992580
5.33126497	11.90222000	-0.06103702
5.33626497	11.90222000	0.00000000
5.34126497	11.90222000	0.00000000
5.34626497	11.90222000	0.00000000
5.35126497	11.90222000	0.00000000
5.35626497	11.90222000	0.00000000
5.36126497	11.90222000	0.00000000
5.36626497	11.90222000	0.00000000
5.37126497	11.90222000	0.00000000
5.37626497	11.90222000	0.00000000
5.38126497	11.90222000	0.00000000
5.38626497	11.90222000	0.00000000
5.39126497	11.90222000	0.00000000
5.39626497	11.90222000	0.00000000
5.40126497	11.90222000	0.00000000
5.40626497	11.90222000	0.00000000
5.41126497	11.90222000	0.00000000
5.41626497	11.90222000	0.00000000
5.42126497	11.90222000	0.00000000
5.42626497	11.90222000	0.00000000
5.43126497	11.90222000	0.00000000
5.43626497	11.90222000	0.00000000
5.44126497	11.90222000	0.00000000
5.44626497	11.90222000	0.00000000
5.45126497	11.90222000	0.00000000
5.45626497	11.90222000	0.00000000
5.46126497	11.90222000	0.00000000
5.46626497	11.90222000	0.00000000
5.47126497	11.90222000	0.00000000
5.47626497	11.90222000	0.00000000
5.48126497	11.90222000	0.00000000
5.48626497	11.96325000	0.00000000
5.49126497	12.19214000	0.00000000
5.49626497	11.01718000	0.00000000
5.50126497	8.46888600	0.00000000
5.50626497	8.52992300	0.00000000
5.51126497	11.30711000	0.00000000
5.51626497	11.36814000	0.00000000
5.52126497	8.81984900	0.00000000
5.52626497	7.58384900	-0.06103702
5.53126497	7.58384900	-0.28992580
5.53626497	8.75881200	0.88503670
5.54126497	11.07822000	3.43333200
5.54626497	12.19214000	3.43333200
5.55126497	11.96325000	0.88503670
5.55626497	11.90222000	-0.28992580
5.56126497	11.90222000	-0.06103702
5.56626497	11.90222000	0.00000000
5.57126497	11.90222000	0.00000000
5.57626497	11.96325000	0.00000000
5.58126497	12.19214000	0.00000000
5.58626497	11.07822000	0.00000000
5.59126497	8.75881200	0.00000000
5.59626497	7.64488600	0.00000000
5.60126497	7.87377500	0.00000000
5.60626497	7.87377500	0.00000000
5.61126497	7.64488600	0.00000000
5.61626497	8.75881200	0.00000000
5.62126497	11.07822000	0.00000000
5.62626497	12.19214000	0.00000000
5.63126497	11.96325000	0.00000000
5.63626497	11.96325000	0.00000000
5.64126497	12.19214000	0.00000000
5.64626497	11.01718000	0.00000000
5.65126497	8.46888600	0.00000000
5.65626497	8.46888600	0.00000000
5.66126497	11.01718000	0.00000000
5.66626497	12.25318000	0.00000000
5.67126497	12.25318000	0.00000000
5.67626497	11.01718000	0.00000000
5.68126497	8.46888600	0.00000000
5.68626497	8.46888600	0.00000000
5.69126497	11.01718000	0.00000000
5.69626497	12.25318000	0.00000000
5.70126497	12.25318000	0.00000000
5.70626497	11.07822000	0.00000000
5.71126497	8.75881200	0.00000000
5.71626497	7.64488600	0.00000000
5.72126497	7.87377500	0.00000000
5.72626497	7.93481200	0.00000000
5.73126497	7.93481200	0.00000000
5.73626497	7.93481200	0.00000000
5.74126497	7.93481200	0.00000000
5.74626497	7.93481200	0.00000000
5.75126497	7.93481200	0.00000000
5.75626497	7.93481200	0.00000000
5.76126497	7.93481200	0.00000000
5.76626497	7.93481200	0.00000000
5.77126497	7.93481200	0.00000000
5.77626497	7.93481200	0.00000000
5.78126497	7.93481200	0.00000000
5.78626497	7.93481200	0.00000000
5.79126497	7.93481200	0.00000000
5.79626497	7.93481200	0.00000000
5.80126497	7.93481200	0.00000000
5.80626497	7.93481200	0.00000000
5.81126497	7.93481200	0.00000000
5.81626497	7.87377500	0.00000000
5.82126497	7.64488600	0.00000000
5.82626497	8.81984900	0.00000000
5.83126497	11.36814000	0.00000000
5.83626497	11.36814000	0.00000000
5.84126497	8.81984900	0.00000000
5.84626497	7.64488600	0.00000000
5.85126497	7.87377500	0.00000000
5.85626497	7.93481200	0.00000000
5.86126497	7.93481200	0.00000000
5.86626497	7.93481200	0.00000000
5.87126497	7.93481200	0.00000000
5.87626497	7.93481200	0.00000000
5.88126497	7.93481200	0.00000000
5.88626497	7.93481200	0.00000000
5.89126497	7.93481200	0.00000000
5.89626497	7.93481200	0.00000000
5.90126497	7.93481200	0.00000000
5.90626497	7.93481200	0.00000000
5.91126497	7.93481200	0.00000000
5.91626497	7.93481200	0.00000000
5.92126497	7.93481200	0.00000000
5.92626497	7.93481200	0.00000000
5.93126497	7.93481200	0.00000000
5.93626497	7.93481200	0.00000000
5.94126497	7.93481200	0.00000000
5.94626497	7.93481200	0.00000000
5.95126497	7.93481200	0.00000000
5.95626497	7.93481200	0.00000000
5.96126497	7.93481200	0.00000000
5.96626497	7.93481200	0.00000000
5.97126497	7.93481200	0.00000000
5.97626497	7.93481200	0.00000000
5.98126497	7.93481200	0.00000000
5.98626497	7.93481200	0.00000000
5.99126497	7.93481200	0.00000000
5.99626497	7.93481200	0.00000000
6.00126497	7.93481200	0.00000000
6.00626497	7.93481200	0.00000000
6.01126497	7.93481200	0.00000000
6.01626497	7.93481200	0.00000000
6.02126497	7.93481200	0.00000000
6.02626497	7.93481200	0.00000000
6.03126497	7.93481200	0.00000000
6.03626497	7.93481200	0.00000000
6.04126497	7.93481200	0.00000000
6.04626497	7.93481200	0.00000000
6.05126497	7.93481200	0.00000000
6.05626497	7.93481200	0.00000000
6.06126497	7.93481200	0.00000000
6.06626497	7.93481200	0.00000000
6.07126497	7.93481200	0.00000000
6.07626497	7.93481200	0.00000000
6.08126497	7.93481200	0.00000000
6.08626497	7.93481200	0.00000000
6.09126497	7.93481200	0.00000000
6.09626497	7.93481200	0.00000000
6.10126497	7.93481200	0.00000000
6.10626497	7.93481200	0.00000000
6.11126497	7.93481200	0.00000000
6.11626497	7.93481200	0.00000000
6.12126497	7.93481200	0.00000000
6.12626497	7.93481200	0.00000000
6.13126497	7.93481200	0.00000000
6.13626497	7.93481200	0.00000000
6.14126497	7.93481200	0.00000000
6.14626497	7.93481200	0.00000000
6.15126497	7.93481200	0.00000000
6.15626497	7.93481200	0.00000000
6.16126497	7.93481200	0.00000000
6.16626497	7.93481200	0.00000000
6.17126497	7.93481200	0.00000000
6.17626497	7.93481200	0.00000000
6.18126497	7.93481200	0.00000000
6.18626497	7.93481200	0.00000000
6.19126497	7.93481200	0.00000000
6.19626497	7.93481200	0.00000000
6.20126497	7.93481200	0.00000000
6.20626497	7.93481200	0.00000000
6.21126497	7.93481200	0.00000000
6.21626496	7.93481200	0.06103702
6.22126496	7.93481200	0.28992580
6.22626496	7.93481200	-0.88503670
6.23126496	7.93481200	-3.43333200
6.23626496	7.93481200	-3.43333200
6.24126496	7.93481200	-0.88503670
6.24626496	7.93481200	0.28992580
6.25126496	7.93481200	0.06103702
6.25626496	7.93481200	0.00000000
6.26126496	7.93481200	0.00000000
6.26626496	7.93481200	0.00000000
6.27126496	7.93481200	0.00000000
6.27626496	7.93481200	0.00000000
6.28126496	7.93481200	0.00000000
6.28626496	7.93481200	0.00000000
6.29126496	7.93481200	0.00000000
6.29626496	7.93481200	0.00000000
6.30126496	7.93481200	0.00000000
6.30626496	7.93481200	0.00000000
6.31126496	7.93481200	0.00000000
6.31626496	7.93481200	0.00000000
6.32126496	7.93481200	0.00000000
6.32626496	7.93481200	0.00000000
6.33126496	7.93481200	0.00000000
6.33626496	7.93481200	0.00000000
6.34126496	7.93481200	0.00000000
6.34626496	7.93481200	0.00000000
6.35126496	7.93481200	0.00000000
6.35626496	7.93481200	0.00000000
6.36126496	7.93481200	0.00000000
6.36626496	7.93481200	0.00000000
6.37126496	7.93481200	0.00000000
6.37626496	7.93481200	0.00000000
6.38126496	7.93481200	0.00000000
6.38626496	7.93481200	0.00000000
6.39126496	7.93481200	0.00000000
6.39626496	7.93481200	0.00000000
6.40126496	7.93481200	0.00000000
6.40626496	7.93481200	0.00000000
6.41126496	7.93481200	0.00000000
6.41626496	7.93481200	0.00000000
6.42126496	7.93481200	0.00000000
6.42626496	7.93481200	0.00000000
6.43126496	7.93481200	0.00000000
6.43626496	7.93481200	0.00000000
6.44126496	7.93481200	0.00000000
6.44626496	7.93481200	0.00000000
6.45126496	7.93481200	0.00000000
6.45626496	7.93481200	0.00000000
6.46126496	7.93481200	0.00000000
6.46626496	7.93481200	0.00000000
6.47126496	7.93481200	0.00000000
6.47626496	7.93481200	0.00000000
6.48126496	7.93481200	0.00000000
6.48626496	7.93481200	0.00000000
6.49126496	7.93481200	0.00000000
6.49626496	7.93481200	0.00000000
6.50126496	7.93481200	0.00000000
6.50626496	7.99584900	0.00000000
6.51126496	8.22473800	0.00000000
6.51626496	7.04977500	0.00000000
6.52126496	4.50148000	0.00000000
6.52626496	4.50148000	0.06103702
6.53126496	7.04977500	0.28992580
6.53626496	8.22473800	-0.88503670
6.54126496	7.99584900	-3.43333200
6.54626496	7.93481200	-3.43333200
6.55126496	7.93481200	-0.88503670
6.55626496	7.93481200	0.28992580
6.56126496	7.93481200	0.06103702
6.56626496	7.93481200	0.00000000
6.57126496	7.93481200	0.00000000
6.57626496	7.93481200	0.00000000
6.58126496	7.93481200	0.00000000
6.58626496	7.93481200	0.00000000
6.59126496	7.93481200	0.00000000
6.59626496	7.93481200	0.00000000
6.60126496	7.93481200	0.00000000
6.60626496	7.93481200	0.00000000
6.61126496	7.93481200	0.00000000
6.61626496	7.93481200	0.00000000
6.62126496	7.93481200	0.00000000
6.62626496	7.93481200	0.06103702
6.63126496	7.93481200	0.28992580
6.63626496	7.93481200	-0.88503670
6.64126496	7.93481200	-3.43333200
6.64626496	7.93481200	-3.43333200
6.65126496	7.93481200	-0.88503670
6.65626496	7.99584900	0.28992580
6.66126496	8.22473800	0.06103702
6.66626496	7.04977500	0.00000000
6.67126496	4.50148000	0.00000000
6.67626496	4.50148000	0.00000000
6.68126496	7.04977500	0.00000000
6.68626496	8.22473800	0.00000000
6.69126496	7.99584900	0.00000000
6.69626496	7.93481200	0.00000000
6.70126496	7.93481200	0.00000000
6.70626496	7.93481200	0.00000000
6.71126496	7.93481200	0.00000000
6.71626496	7.93481200	0.00000000
6.72126496	7.93481200	0.00000000
6.72626496	7.99584900	0.00000000
6.73126496	8.22473800	0.00000000
6.73626496	7.11081200	0.00000000
6.74126496	4.79140600	0.00000000
6.74626496	3.61644300	0.00000000
6.75126496	3.61644300	0.00000000
6.75626496	4.85244300	0.06103702
6.76126496	7.40073800	0.28992580
6.76626496	7.40073800	-0.82399970
6.77126496	4.85244300	-3.14340600
6.77626496	3.67748000	-4.25733200
6.78126496	3.90636900	-4.02844300
6.78626496	3.96740600	-3.96740600
6.79126496	3.96740600	-3.96740600
6.79626496	3.96740600	-3.96740600
6.80126496	3.96740600	-3.96740600
6.80626496	3.96740600	-3.96740600
6.81126496	3.96740600	-3.96740600
6.81626496	3.96740600	-3.96740600
6.82126496	3.96740600	-3.96740600
6.82626496	3.96740600	-3.96740600
6.83126496	3.96740600	-3.96740600
6.83626496	3.96740600	-3.96740600
6.84126496	3.96740600	-3.96740600
6.84626496	3.96740600	-3.96740600
6.85126496	3.96740600	-3.96740600
6.85626496	3.96740600	-3.96740600
6.86126496	3.96740600	-3.96740600
6.86626496	3.96740600	-3.96740600
6.87126496	3.96740600	-3.96740600
6.87626496	3.96740600	-3.96740600
6.88126496	3.96740600	-3.96740600
6.88626496	3.96740600	-4.02844300
6.89126496	3.96740600	-4.25733200
6.89626496	3.96740600	-3.08236900
6.90126496	3.96740600	-0.53407390
6.90626496	3.90636900	-0.53407390
6.91126496	3.67748000	-3.08236900
6.91626496	4.85244300	-4.31836900
6.92126496	7.40073800	-4.31836900
6.92626496	7.40073800	-3.08236900
6.93126496	4.85244300	-0.53407390
6.93626496	3.67748000	-0.53407390
6.94126496	3.90636900	-3.08236900
6.94626496	3.96740600	-4.31836900
6.95126496	3.96740600	-4.31836900
6.95626496	3.96740600	-3.14340600
6.96126496	3.96740600	-0.82399970
6.96626496	3.96740600	0.28992580
6.97126496	3.96740600	0.06103702
6.97626496	3.96740600	0.00000000
6.98126496	3.96740600	0.00000000
6.98626496	3.96740600	0.00000000
6.99126496	3.96740600	0.00000000
6.99626496	3.96740600	0.00000000
7.00126496	3.96740600	0.00000000
7.00626496	3.96740600	0.00000000
7.01126496	3.96740600	0.00000000
7.01626496	3.96740600	0.00000000
7.02126496	3.96740600	0.00000000
7.02626496	3.96740600	0.00000000
7.03126496	3.96740600	0.00000000
7.03626496	3.96740600	0.00000000
7.04126496	3.96740600	0.00000000
7.04626496	3.96740600	0.06103702
7.05126496	3.96740600	0.28992580
7.05626496	3.96740600	-0.88503670
7.06126496	3.96740600	-3.43333200
7.06626496	3.96740600	-3.37229500
7.07126496	3.96740600	-0.59511090
7.07626496	3.96740600	-0.53407390
7.08126496	3.96740600	-3.08236900
7.08626496	3.96740600	-4.25733200
7.09126496	3.96740600	-4.02844300
7.09626496	3.96740600	-3.96740600
7.10126496	3.96740600	-3.96740600
7.10626496	3.96740600	-4.02844300
7.11126496	3.96740600	-4.25733200
7.11626496	3.96740600	-3.14340600
7.12126496	3.96740600	-0.82399970
7.12626496	3.96740600	0.35096280
7.13126496	3.96740600	0.35096280
7.13626496	3.96740600	-0.88503670
7.14126496	3.96740600	-3.43333200
7.14626496	3.96740600	-3.43333200
7.15126496	3.96740600	-0.88503670
7.15626496	3.96740600	0.28992580
7.16126496	3.96740600	0.06103702
7.16626496	3.96740600	0.06103702
7.17126496	3.96740600	0.28992580
7.17626496	3.96740600	-0.82399970
7.18126496	3.96740600	-3.14340600
7.18626496	3.96740600	-4.25733200
7.19126496	3.96740600	-4.02844300
7.19626496	3.96740600	-4.02844300
7.20126496	3.96740600	-4.25733200
7.20626496	3.96740600	-3.14340600
7.21126496	3.96740600	-0.82399970
7.21626496	3.96740600	0.28992580
7.22126496	3.96740600	0.06103702
7.22626496	3.96740600	0.00000000
7.23126496	3.96740600	0.00000000
7.23626496	3.96740600	0.00000000
7.24126496	3.96740600	0.00000000
7.24626496	3.96740600	0.00000000
7.25126496	3.96740600	0.00000000
7.25626496	3.96740600	0.00000000
7.26126496	3.96740600	0.00000000
7.26626496	3.96740600	0.00000000
7.27126496	3.96740600	0.00000000
7.27626496	3.96740600	0.00000000
7.28126496	3.96740600	0.00000000
7.28626496	3.96740600	0.00000000
7.29126496	3.96740600	0.00000000
7.29626496	3.96740600	0.00000000
7.30126496	3.96740600	0.00000000
7.30626496	3.96740600	0.00000000
7.31126496	3.96740600	0.00000000
7.31626496	3.96740600	0.06103702
7.32126496	3.96740600	0.28992580
7.32626496	3.96740600	-0.88503670
7.33126496	3.96740600	-3.43333200
7.33626496	3.96740600	-3.43333200
7.34126496	3.96740600	-0.88503670
7.34626496	3.96740600	0.35096280
7.35126496	3.96740600	0.35096280
7.35626496	3.96740600	-0.82399970
7.36126496	3.96740600	-3.14340600
7.36626496	3.96740600	-4.25733200
7.37126496	3.96740600	-4.02844300
7.37626496	3.96740600	-3.96740600
7.38126496	3.96740600	-3.96740600
7.38626496	3.96740600	-3.96740600
7.39126496	3.96740600	-3.96740600
7.39626496	3.96740600	-4.02844300
7.40126496	3.96740600	-4.25733200
7.40626496	3.96740600	-3.08236900
7.41126496	3.96740600	-0.53407390
7.41626496	3.96740600	-0.59511090
7.42126496	3.96740600	-3.37229500
7.42626496	3.96740600	-3.43333200
7.43126496	3.96740600	-0.88503670
7.43626496	3.96740600	0.35096280
7.44126496	3.96740600	0.35096280
7.44626496	3.96740600	-0.88503670
7.45126496	3.96740600	-3.43333200
7.45626496	3.96740600	-3.37229500
7.46126496	3.96740600	-0.59511090
7.46626496	3.96740600	-0.53407390
7.47126496	3.96740600	-3.08236900
7.47626496	3.96740600	-4.25733200
7.48126496	3.96740600	-4.02844300
7.48626496	3.96740600	-3.96740600
7.49126496	3.96740600	-3.96740600
7.49626496	3.96740600	-3.96740600
7.50126496	3.96740600	-3.96740600
7.50626496	3.96740600	-3.96740600
7.51126496	3.96740600	-3.96740600
7.51626496	3.96740600	-3.96740600
7.52126496	3.96740600	-3.96740600
7.52626496	3.96740600	-4.02844300
7.53126496	3.96740600	-4.25733200
7.53626496	3.96740600	-3.14340600
7.54126496	3.96740600	-0.82399970
7.54626496	3.96740600	0.28992580
7.55126496	3.96740600	0.06103702
7.55626496	3.96740600	0.06103702
7.56126496	3.96740600	0.28992580
7.56626496	3.96740600	-0.82399970
7.57126496	3.96740600	-3.14340600
7.57626496	3.96740600	-4.25733200
7.58126496	3.96740600	-4.02844300
7.58626496	3.96740600	-3.96740600
7.59126496	3.96740600	-3.96740600
7.59626496	3.96740600	-3.96740600
7.60126496	3.96740600	-3.96740600
7.60626496	3.96740600	-3.96740600
7.61126496	3.96740600	-3.96740600
7.61626496	4.02844300	-3.96740600
7.62126496	4.25733200	-3.96740600
7.62626496	3.08236900	-3.96740600
7.63126496	0.53407390	-3.96740600
7.63626496	0.53407390	-3.96740600
7.64126496	3.08236900	-3.96740600
7.64626496	4.25733200	-3.96740600
7.65126496	4.02844300	-3.96740600
7.65626496	3.96740600	-3.96740600
7.66126496	3.96740600	-3.96740600
7.66626496	3.96740600	-3.96740600
7.67126496	3.96740600	-3.96740600
7.67626496	3.96740600	-3.96740600
7.68126496	3.96740600	-3.96740600
7.68626496	4.02844300	-3.96740600
7.69126496	4.25733200	-3.96740600
7.69626496	3.08236900	-3.96740600
7.70126496	0.53407390	-3.96740600
7.70626496	0.59511090	-3.96740600
7.71126496	3.37229500	-3.96740600
7.71626496	3.37229500	-3.96740600
7.72126496	0.59511090	-3.96740600
7.72626496	0.53407390	-3.96740600
7.73126496	3.08236900	-3.96740600
7.73626496	4.31836900	-3.96740600
7.74126496	4.31836900	-3.96740600
7.74626496	3.08236900	-3.96740600
7.75126496	0.53407390	-3.96740600
7.75626496	0.53407390	-4.02844300
7.76126496	3.08236900	-4.25733200
7.76626496	4.25733200	-3.14340600
7.77126496	4.02844300	-0.82399970
7.77626496	3.96740600	0.28992580
7.78126496	3.96740600	0.06103702
7.78626496	3.96740600	0.00000000
7.79126496	3.96740600	0.00000000
7.79626496	3.96740600	0.06103702
7.80126496	3.96740600	0.28992580
7.80626496	3.96740600	-0.82399970
7.81126496	3.96740600	-3.14340600
7.81626496	3.96740600	-4.31836900
7.82126496	3.96740600	-4.31836900
7.82626496	3.96740600	-3.14340600
7.83126496	3.96740600	-0.82399970
7.83626496	4.02844300	0.35096280
7.84126496	4.25733200	0.35096280
7.84626496	3.08236900	-0.82399970
7.85126496	0.53407390	-3.14340600
7.85626496	0.59511090	-4.31836900
7.86126496	3.37229500	-4.31836900
7.86626495	3.43333200	-3.14340600
7.87126495	0.88503670	-0.82399970
7.87626495	-0.35096280	0.35096280
7.88126495	-0.35096280	0.35096280
7.88626495	0.82399970	-0.82399970
7.89126495	3.14340600	-3.14340600
7.89626495	4.31836900	-4.31836900
7.90126495	4.31836900	-4.31836900
7.90626495	3.08236900	-3.08236900
7.91126495	0.53407390	-0.53407390
7.91626495	0.59511090	-0.53407390
7.92126495	3.37229500	-3.08236900
7.92626495	3.37229500	-4.25733200
7.93126495	0.59511090	-4.02844300
7.93626495	0.59511090	-3.96740600
7.94126495	3.37229500	-3.96740600
7.94626495	3.37229500	-3.96740600
7.95126495	0.59511090	-3.96740600
7.95626495	0.59511090	-3.96740600
7.96126495	3.37229500	-3.96740600
7.96626495	3.37229500	-3.96740600
7.97126495	0.59511090	-3.96740600
7.97626495	0.53407390	-3.96740600
7.98126495	3.08236900	-3.96740600
7.98626495	4.25733200	-3.96740600
7.99126495	4.02844300	-3.96740600
7.99626495	4.02844300	-3.96740600
8.00126495	4.25733200	-3.96740600
8.00626495	3.14340600	-3.96740600
8.01126495	0.82399970	-3.96740600
8.01626495	-0.35096280	-3.96740600
8.02126495	-0.35096280	-3.96740600
8.02626495	0.82399970	-3.96740600
8.03126495	3.14340600	-3.96740600
8.03626495	4.31836900	-3.96740600
8.04126495	4.31836900	-3.96740600
8.04626495	3.08236900	-3.96740600
8.05126495	0.53407390	-3.96740600
8.05626495	0.59511090	-4.02844300
8.06126495	3.37229500	-4.25733200
8.06626495	3.43333200	-3.08236900
8.07126495	0.88503670	-0.53407390
8.07626495	-0.35096280	-0.53407390
8.08126495	-0.35096280	-3.08236900
8.08626495	0.88503670	-4.25733200
8.09126495	3.43333200	-4.02844300
8.09626495	3.43333200	-3.96740600
8.10126495	0.88503670	-3.96740600
8.10626495	-0.28992580	-3.96740600
8.11126495	-0.06103702	-3.96740600
8.11626495	0.00000000	-3.96740600
8.12126495	0.00000000	-3.96740600
8.12626495	0.00000000	-3.96740600
8.13126495	0.00000000	-3.96740600
8.13626495	0.00000000	-3.96740600
8.14126495	0.00000000	-3.96740600
8.14626495	-0.06103702	-3.96740600
8.15126495	-0.28992580	-3.96740600
8.15626495	0.88503670	-3.96740600
8.16126495	3.43333200	-3.96740600
8.16626495	3.37229500	-3.96740600
8.17126495	0.59511090	-3.96740600
8.17626495	0.59511090	-3.96740600
8.18126495	3.37229500	-3.96740600
8.18626495	3.37229500	-3.96740600
8.19126495	0.59511090	-3.96740600
8.19626495	0.59511090	-3.96740600
8.20126495	3.37229500	-3.96740600
8.20626495	3.37229500	-3.96740600
8.21126495	0.59511090	-3.96740600
8.21626495	0.59511090	-3.96740600
8.22126495	3.37229500	-3.96740600
8.22626495	3.37229500	-3.96740600
8.23126495	0.59511090	-3.96740600
8.23626495	0.53407390	-3.96740600
8.24126495	3.08236900	-3.96740600
8.24626495	4.25733200	-3.96740600
8.25126495	4.02844300	-3.96740600
8.25626495	3.96740600	-3.96740600
8.26126495	3.96740600	-3.96740600
8.26626495	4.02844300	-3.96740600
8.27126495	4.25733200	-3.96740600
8.27626495	3.14340600	-3.96740600
8.28126495	0.82399970	-3.96740600
8.28626495	-0.28992580	-3.96740600
8.29126495	-0.06103702	-3.96740600
8.29626495	-0.06103702	-3.96740600
8.30126495	-0.28992580	-3.96740600
8.30626495	0.88503670	-3.96740600
8.31126495	3.43333200	-3.96740600
8.31626495	3.43333200	-3.96740600
8.32126495	0.88503670	-3.96740600
8.32626495	-0.28992580	-4.02844300
8.33126495	-0.06103702	-4.25733200
8.33626495	0.00000000	-3.14340600
8.34126495	0.00000000	-0.82399970
8.34626495	0.00000000	0.28992580
8.35126495	0.00000000	0.06103702
8.35626495	-0.06103702	0.00000000
8.36126495	-0.28992580	0.00000000
8.36626495	0.88503670	0.00000000
8.37126495	3.43333200	0.00000000
8.37626495	3.43333200	0.00000000
8.38126495	0.88503670	0.00000000
8.38626495	-0.28992580	0.00000000
8.39126495	-0.06103702	0.00000000
8.39626495	0.00000000	0.00000000
8.40126495	0.00000000	0.00000000
8.40626495	0.00000000	0.00000000
8.41126495	0.00000000	0.00000000
8.41626495	0.00000000	0.00000000
8.42126495	0.00000000	0.00000000
8.42626495	-0.06103702	0.00000000
8.43126495	-0.28992580	0.00000000
8.43626495	0.88503670	0.00000000
8.44126495	3.43333200	0.00000000
8.44626495	3.43333200	0.06103702
8.45126495	0.88503670	0.28992580
8.45626495	-0.28992580	-0.82399970
8.46126495	-0.06103702	-3.14340600
8.46626495	0.00000000	-4.25733200
8.47126495	0.00000000	-4.02844300
8.47626495	0.00000000	-3.96740600
8.48126495	0.00000000	-3.96740600
8.48626495	0.00000000	-3.96740600
8.49126495	0.00000000	-3.96740600
8.49626495	0.00000000	-3.96740600
8.50126495	0.00000000	-3.96740600
8.50626495	0.00000000	-3.96740600
8.51126495	0.00000000	-3.96740600
8.51626495	-0.06103702	-3.96740600
8.52126495	-0.28992580	-3.96740600
8.52626495	0.88503670	-3.96740600
8.53126495	3.43333200	-3.96740600
8.53626495	3.43333200	-3.96740600
8.54126495	0.88503670	-3.96740600
8.54626495	-0.28992580	-3.96740600
8.55126495	-0.06103702	-3.96740600
8.55626495	0.00000000	-3.96740600
8.56126495	0.00000000	-3.96740600
8.56626495	0.00000000	-3.96740600
8.57126495	0.00000000	-3.96740600
8.57626495	0.00000000	-3.96740600
8.58126495	0.00000000	-3.96740600
8.58626495	0.00000000	-3.96740600
8.59126495	0.00000000	-3.96740600
8.59626495	0.00000000	-4.02844300
8.60126495	0.00000000	-4.25733200
8.60626495	0.00000000	-3.08236900
8.61126495	0.00000000	-0.53407390
8.61626495	0.00000000	-0.53407390
8.62126495	0.00000000	-3.08236900
8.62626495	0.00000000	-4.25733200
8.63126495	0.00000000	-4.02844300
8.63626495	0.00000000	-3.96740600
8.64126495	0.00000000	-3.96740600
8.64626495	-0.06103702	-3.96740600
8.65126495	-0.28992580	-3.96740600
8.65626495	0.88503670	-3.96740600
8.66126495	3.43333200	-3.96740600
8.66626495	3.43333200	-4.02844300
8.67126495	0.88503670	-4.25733200
8.67626495	-0.28992580	-3.08236900
8.68126495	-0.06103702	-0.53407390
8.68626495	0.00000000	-0.53407390
8.69126495	0.00000000	-3.08236900
8.69626495	0.00000000	-4.31836900
8.70126495	0.00000000	-4.31836900
8.70626495	0.00000000	-3.08236900
8.71126495	0.00000000	-0.53407390
8.71626495	0.00000000	-0.53407390
8.72126495	0.00000000	-3.08236900
8.72626495	0.00000000	-4.25733200
8.73126495	0.00000000	-4.02844300
8.73626495	0.00000000	-3.96740600
8.74126495	0.00000000	-3.96740600
8.74626495	0.00000000	-4.02844300
8.75126495	0.00000000	-4.25733200
8.75626495	0.00000000	-3.08236900
8.76126495	0.00000000	-0.53407390
8.76626495	0.00000000	-0.53407390
8.77126495	0.00000000	-3.08236900
8.77626495	0.00000000	-4.25733200
8.78126495	0.00000000	-4.02844300
8.78626495	0.00000000	-4.02844300
8.79126495	0.00000000	-4.25733200
8.79626495	0.00000000	-3.14340600
8.80126495	0.00000000	-0.82399970
8.80626495	0.00000000	0.35096280
8.81126495	0.00000000	0.35096280
8.81626495	0.00000000	-0.82399970
8.82126495	0.00000000	-3.14340600
8.82626495	0.00000000	-4.25733200
8.83126495	0.00000000	-4.02844300
8.83626495	0.00000000	-3.96740600
8.84126495	0.00000000	-3.96740600
8.84626495	0.00000000	-3.96740600
8.85126495	0.00000000	-3.96740600
8.85626495	0.00000000	-3.96740600
8.86126495	0.00000000	-3.96740600
8.86626495	0.00000000	-3.96740600
8.87126495	0.00000000	-3.96740600
8.87626495	0.00000000	-3.96740600
8.88126495	0.00000000	-3.96740600
8.88626495	0.00000000	-3.96740600
8.89126495	0.00000000	-3.96740600
8.89626495	0.00000000	-3.96740600
8.90126495	0.00000000	-3.96740600
8.90626495	0.00000000	-3.96740600
8.91126495	0.00000000	-3.96740600
8.91626495	0.00000000	-3.96740600
8.92126495	0.00000000	-3.96740600
8.92626495	0.00000000	-3.96740600
8.93126495	0.00000000	-3.96740600
8.93626495	0.00000000	-3.96740600
8.94126495	0.00000000	-3.96740600
8.94626495	0.00000000	-3.96740600
8.95126495	0.00000000	-3.96740600
8.95626495	0.00000000	-4.02844300
8.96126495	0.00000000	-4.25733200
8.96626495	0.00000000	-3.08236900
8.97126495	0.00000000	-0.53407390
8.97626495	0.00000000	-0.53407390
8.98126495	0.00000000	-3.08236900
8.98626495	0.00000000	-4.25733200
8.99126495	0.00000000	-4.02844300
8.99626495	0.00000000	-3.96740600
9.00126495	0.00000000	-3.96740600
9.00626495	0.00000000	-3.96740600
9.01126495	0.00000000	-3.96740600
9.01626495	0.00000000	-3.96740600
9.02126495	0.00000000	-3.96740600
9.02626495	0.00000000	-3.96740600
9.03126495	0.00000000	-3.96740600
