Time	Channel A	Channel B
(us)	(V)	(mV)

-1.00388597	-0.00793481	-4.87685800
-0.99888597	-0.00793481	-4.78530200
-0.99388597	-0.00793481	-4.78530200
-0.98888597	-0.00793481	-4.87685800
-0.98388597	-0.00793481	-4.43128700
-0.97888597	-0.00793481	-3.50352500
-0.97388597	-0.00793481	-3.05795500
-0.96888597	-0.00793481	-3.14951000
-0.96388597	-0.00793481	-3.17392500
-0.95888597	-0.00793481	-3.17392500
-0.95388597	-0.00793481	-3.19834000
-0.94888597	-0.00793481	-3.28989500
-0.94388597	-0.00793481	-2.81991000
-0.93888597	-0.00793481	-1.80059200
-0.93388597	-0.00793481	-1.80059200
-0.92888597	-0.00793481	-2.81991000
-0.92388597	-0.00793481	-3.28989500
-0.91888597	-0.00793481	-3.19834000
-0.91388597	-0.00793481	-3.17392500
-0.90888597	-0.00793481	-3.17392500
-0.90388597	-0.00793481	-3.17392500
-0.89888597	-0.00793481	-3.17392500
-0.89388597	-0.00793481	-3.19834000
-0.88888597	-0.00793481	-3.28989500
-0.88388597	-0.00793481	-2.81991000
-0.87888597	-0.00793481	-1.80059200
-0.87388597	-0.00793481	-1.80059200
-0.86888597	-0.00793481	-2.81991000
-0.86388597	-0.00793481	-3.28989500
-0.85888597	-0.00793481	-3.19834000
-0.85388597	-0.00793481	-3.17392500
-0.84888597	-0.00793481	-3.17392500
-0.84388597	-0.00793481	-3.19834000
-0.83888597	-0.00793481	-3.28989500
-0.83388597	-0.00793481	-2.81991000
-0.82888597	-0.00793481	-1.80059200
-0.82388597	-0.00793481	-1.82500700
-0.81888597	-0.00793481	-2.93588100
-0.81388597	-0.00793481	-2.93588100
-0.80888597	-0.00793481	-1.82500700
-0.80388597	-0.00793481	-1.80059200
-0.79888597	-0.00793481	-2.81991000
-0.79388597	-0.00793481	-3.26548100
-0.78888597	-0.00793481	-3.08237000
-0.78388597	-0.00793481	-3.50352500
-0.77888597	-0.00793481	-4.43128700
-0.77388597	-0.00793481	-4.87685800
-0.76888597	-0.00793481	-4.78530200
-0.76388597	-0.00793481	-4.76088700
-0.75888597	-0.00793481	-4.76088700
-0.75388597	-0.00793481	-4.76088700
-0.74888597	-0.00793481	-4.76088700
-0.74388597	-0.00793481	-4.76088700
-0.73888597	-0.00793481	-4.76088700
-0.73388597	-0.00793481	-4.73647300
-0.72888597	-0.00793481	-4.64491700
-0.72388597	-0.00793481	-5.11490200
-0.71888597	-0.00793481	-6.13422100
-0.71388597	-0.00793481	-6.13422100
-0.70888597	-0.00793481	-5.11490200
-0.70388597	-0.00793481	-4.64491700
-0.69888597	-0.00793481	-4.73647300
-0.69388597	-0.00793481	-4.78530200
-0.68888597	-0.00793481	-4.87685800
-0.68388597	-0.00793481	-4.43128700
-0.67888597	-0.00793481	-3.50352500
-0.67388597	-0.00793481	-3.05795500
-0.66888597	-0.00793481	-3.14951000
-0.66388597	-0.00793481	-3.17392500
-0.65888597	-0.00793481	-3.17392500
-0.65388597	-0.00793481	-3.17392500
-0.64888597	-0.00793481	-3.17392500
-0.64388597	-0.00793481	-3.17392500
-0.63888597	-0.00793481	-3.17392500
-0.63388597	-0.00793481	-3.14951000
-0.62888597	-0.00793481	-3.05795500
-0.62388597	-0.00793481	-3.52794000
-0.61888597	-0.00793481	-4.54725700
-0.61388597	-0.00793481	-4.52284300
-0.60888597	-0.00793481	-3.41196900
-0.60388597	-0.00793481	-3.38755500
-0.59888597	-0.00793481	-4.40687300
-0.59388597	-0.00793481	-4.87685800
-0.58888597	-0.00793481	-4.78530200
-0.58388597	-0.00793481	-4.76088700
-0.57888597	-0.00793481	-4.76088700
-0.57388597	-0.00793481	-4.76088700
-0.56888597	-0.00793481	-4.76088700
-0.56388597	-0.00793481	-4.76088700
-0.55888597	-0.00793481	-4.76088700
-0.55388597	-0.00793481	-4.76088700
-0.54888597	-0.00793481	-4.76088700
-0.54388597	-0.00793481	-4.76088700
-0.53888597	-0.00793481	-4.76088700
-0.53388597	-0.00793481	-4.76088700
-0.52888597	-0.00793481	-4.76088700
-0.52388597	-0.00793481	-4.76088700
-0.51888597	-0.00793481	-4.76088700
-0.51388597	-0.00793481	-4.78530200
-0.50888597	-0.00793481	-4.87685800
-0.50388597	-0.00793481	-4.43128700
-0.49888597	-0.00793481	-3.50352500
-0.49388597	-0.00793481	-3.03354000
-0.48888597	-0.00793481	-3.03354000
-0.48388597	-0.00793481	-3.50352500
-0.47888597	-0.00793481	-4.43128700
-0.47388597	-0.00793481	-4.87685800
-0.46888597	-0.00793481	-4.78530200
-0.46388597	-0.00793481	-4.76088700
-0.45888597	-0.00793481	-4.76088700
-0.45388597	-0.00793481	-4.73647300
-0.44888597	-0.00793481	-4.64491700
-0.44388597	-0.00793481	-5.11490200
-0.43888597	-0.00793481	-6.13422100
-0.43388597	-0.00793481	-6.15863500
-0.42888597	-0.00793481	-5.23087300
-0.42388597	-0.00793481	-4.29090200
-0.41888597	-0.00793481	-3.36314000
-0.41388597	-0.00793481	-3.38755500
-0.40888597	-0.00793481	-4.40687300
-0.40388597	-0.00793481	-4.87685800
-0.39888597	-0.00793481	-4.78530200
-0.39388597	-0.00793481	-4.76088700
-0.38888597	-0.00793481	-4.76088700
-0.38388597	-0.00793481	-4.78530200
-0.37888597	-0.00793481	-4.87685800
-0.37388597	-0.00793481	-4.40687300
-0.36888597	-0.00793481	-3.38755500
-0.36388597	-0.00793481	-3.38755500
-0.35888597	-0.00793481	-4.40687300
-0.35388597	-0.00793481	-4.90127200
-0.34888597	-0.00793481	-4.90127200
-0.34388597	-0.00793481	-4.38245800
-0.33888597	-0.00793481	-3.27158400
-0.33388597	-0.00793481	-3.74156900
-0.32888597	-0.00793481	-5.78020600
-0.32388597	-0.00793481	-6.27460500
-0.31888597	-0.00793481	-5.25528700
-0.31388597	-0.00793481	-4.31531700
-0.30888597	-0.00793481	-3.47911000
-0.30388597	-0.00793481	-3.05795500
-0.29888597	-0.00793481	-3.14951000
-0.29388597	-0.00793481	-3.17392500
-0.28888597	-0.00793481	-3.17392500
-0.28388597	-0.00793481	-3.17392500
-0.27888597	-0.00793481	-3.17392500
-0.27388597	-0.00793481	-3.17392500
-0.26888597	-0.00793481	-3.17392500
-0.26388597	-0.00793481	-3.17392500
-0.25888597	-0.00793481	-3.17392500
-0.25388597	-0.00793481	-3.17392500
-0.24888597	-0.00793481	-3.17392500
-0.24388597	-0.00793481	-3.19834000
-0.23888597	-0.00793481	-3.28989500
-0.23388597	-0.00793481	-2.81991000
-0.22888597	-0.00793481	-1.80059200
-0.22388597	-0.00793481	-1.80059200
-0.21888597	-0.00793481	-2.81991000
-0.21388597	-0.00793481	-3.28989500
-0.20888597	-0.00793481	-3.19834000
-0.20388597	-0.00793481	-3.17392500
-0.19888597	-0.00793481	-3.17392500
-0.19388597	-0.00793481	-3.17392500
-0.18888597	-0.00793481	-3.17392500
-0.18388597	-0.00793481	-3.17392500
-0.17888597	-0.00793481	-3.17392500
-0.17388597	-0.00793481	-3.14951000
-0.16888597	-0.00793481	-3.05795500
-0.16388597	-0.00793481	-3.50352500
-0.15888597	-0.00793481	-4.43128700
-0.15388597	-0.00793481	-4.87685800
-0.14888597	-0.00793481	-4.78530200
-0.14388597	-0.00793481	-4.78530200
-0.13888597	-0.00793481	-4.87685800
-0.13388597	-0.00793481	-4.40687300
-0.12888597	-0.00793481	-3.38755500
-0.12388597	-0.00793481	-3.41196900
-0.11888597	-0.00793481	-4.52284300
-0.11388597	-0.00793481	-4.54725700
-0.10888597	-0.00793481	-3.52794000
-0.10388597	-0.00805689	-3.03354000
-0.09888597	-0.00851466	-3.03354000
-0.09388597	-0.00628681	-3.45469500
-0.08888597	-0.00164800	-4.19934700
-0.08388597	0.00033570	-5.53605700
-0.07888597	-0.00103763	-7.30002700
-0.07388597	0.00308237	-8.12402700
-0.06888597	0.01138340	-7.74559700
-0.06388597	0.02023377	-8.56959700
-0.05888597	0.02807703	-10.33357000
-0.05388597	0.03433332	-11.65197000
-0.04888597	0.03707999	-12.29286000
-0.04388597	0.04333628	-13.14127000
-0.03888597	0.05117954	-13.97748000
-0.03388597	0.05990783	-14.34980000
-0.02888597	0.06775109	-14.07514000
-0.02388597	0.07400738	-14.94186000
-0.01888597	0.07675405	-16.79739000
-0.01388597	0.08313242	-17.68853000
-0.00888597	0.09143345	-17.50542000
-0.00388597	0.09781183	-17.45659000
0.00111403	0.10055850	-17.45659000
0.00611403	0.10693690	-17.45659000
0.01111403	0.11523790	-17.45659000
0.01611403	0.12173830	-17.48100000
0.02111403	0.12494280	-17.57256000
0.02611403	0.12897120	-17.12699000
0.03111403	0.13217570	-16.19922000
0.03611403	0.13867610	-15.75365000
0.04111403	0.14700770	-15.84521000
0.04611403	0.15350810	-15.89404000
0.05111403	0.15671250	-15.98559000
0.05611403	0.16083250	-15.54002000
0.06111403	0.16455580	-14.61226000
0.06611403	0.16876740	-14.19111000
0.07111403	0.17249060	-14.37422000
0.07611403	0.17670220	-13.95306000
0.08111403	0.18042540	-13.02530000
0.08611403	0.18454540	-12.57973000
0.09111403	0.18774990	-12.67128000
0.09611403	0.19434190	-12.67128000
0.10111403	0.20316170	-12.57973000
0.10611403	0.20737330	-13.02530000
0.11111403	0.20599990	-13.95306000
0.11611403	0.20786160	-14.39863000
0.12111403	0.21204260	-14.30708000
0.12611403	0.21637620	-14.28266000
0.13111403	0.22009950	-14.28266000
0.13611403	0.22443310	-14.28266000
0.14111403	0.22861420	-14.28266000
0.14611403	0.23059790	-14.25825000
0.15111403	0.22968230	-14.16669000
0.15611403	0.23166600	-14.63668000
0.16111403	0.23584700	-15.65600000
0.16611403	0.24030270	-15.63158000
0.17111403	0.24448380	-14.52071000
0.17611403	0.24646750	-14.52071000
0.18111403	0.24555190	-15.63158000
0.18611403	0.24765770	-15.63158000
0.19111403	0.25229650	-14.52071000
0.19611403	0.25452440	-14.52071000
0.20111403	0.25406660	-15.63158000
0.20611403	0.25382240	-15.63158000
0.21111403	0.25336470	-14.52071000
0.21611403	0.25559250	-14.52071000
0.22111403	0.26023130	-15.63158000
0.22611403	0.26245920	-15.63158000
0.23111403	0.26200140	-14.52071000
0.23611403	0.26175730	-14.52071000
0.24111403	0.26129950	-15.63158000
0.24611403	0.26352730	-15.63158000
0.25111403	0.26816620	-14.52071000
0.25611403	0.27039400	-14.52071000
0.26111403	0.26993620	-15.63158000
0.26611403	0.26981410	-15.63158000
0.27111403	0.26981410	-14.52071000
0.27611402	0.26981410	-14.52071000
0.28111402	0.26981410	-15.63158000
0.28611402	0.26981410	-15.60717000
0.29111402	0.26981410	-14.40474000
0.29611402	0.26981410	-14.87472000
0.30111402	0.26981410	-17.00491000
0.30611402	0.26981410	-17.00491000
0.31111402	0.26981410	-14.87472000
0.31611402	0.26981410	-14.35591000
0.32111402	0.26981410	-15.37523000
0.32611402	0.26969210	-16.31520000
0.33111402	0.26923430	-17.15140000
0.33611402	0.27158420	-17.57256000
0.34111402	0.27668080	-17.48100000
0.34611402	0.27668080	-17.45659000
0.35111402	0.27158420	-17.45659000
0.35611402	0.26923430	-17.45659000
0.36111402	0.26969210	-17.45659000
0.36611402	0.26981410	-17.48100000
0.37111402	0.26981410	-17.57256000
0.37611402	0.26981410	-17.12699000
0.38111402	0.26981410	-16.19922000
0.38611402	0.26981410	-15.75365000
0.39111402	0.26981410	-15.84521000
0.39611402	0.26981410	-15.89404000
0.40111402	0.26981410	-15.98559000
0.40611402	0.26981410	-15.54002000
0.41111402	0.26981410	-14.61226000
0.41611402	0.26981410	-14.19111000
0.42111402	0.26981410	-14.37422000
0.42611402	0.26993620	-13.95306000
0.43111402	0.27039400	-13.02530000
0.43611402	0.26816620	-12.55531000
0.44111402	0.26352730	-12.55531000
0.44611402	0.26129950	-13.07413000
0.45111402	0.26175730	-14.18500000
0.45611402	0.26187930	-13.71502000
0.46111402	0.26187930	-11.67638000
0.46611402	0.26200140	-11.25523000
0.47111402	0.26245920	-12.54921000
0.47611402	0.26023130	-12.15247000
0.48111402	0.25559250	-10.20539000
0.48611402	0.25348680	-9.28983400
0.49111402	0.25440230	-9.47294500
0.49611402	0.25229650	-9.52177400
0.50111402	0.24765770	-9.52177400
0.50611402	0.24542990	-9.52177400
0.51111402	0.24588760	-9.52177400
0.51611402	0.24600970	-9.52177400
0.52111402	0.24600970	-9.52177400
0.52611402	0.24613180	-9.52177400
0.53111402	0.24658960	-9.52177400
0.53611402	0.24436170	-9.52177400
0.54111402	0.23972290	-9.52177400
0.54611402	0.23761710	-9.49735900
0.55111402	0.23853270	-9.40580500
0.55611402	0.23642690	-9.85137500
0.56111402	0.23178810	-10.77914000
0.56611402	0.22956020	-11.22471000
0.57111402	0.23001800	-11.13315000
0.57611402	0.23014010	-11.10874000
0.58111402	0.23014010	-11.10874000
0.58611402	0.23026220	-11.08432000
0.59111402	0.23071990	-10.99277000
0.59611402	0.22849210	-11.46275000
0.60111402	0.22385330	-12.48207000
0.60611402	0.22162540	-12.48207000
0.61111402	0.22208320	-11.46275000
0.61611402	0.22220530	-11.01718000
0.62111402	0.22220530	-11.20029000
0.62611402	0.22232730	-10.75472000
0.63111402	0.22278510	-9.73540400
0.63611402	0.22055730	-9.75981900
0.64111402	0.21591850	-10.87069000
0.64611402	0.21369060	-10.89511000
0.65111402	0.21414840	-9.87579000
0.65611402	0.21427050	-9.40580500
0.66111402	0.21427050	-9.49735900
0.66611402	0.21427050	-9.52177400
0.67111402	0.21427050	-9.52177400
0.67611402	0.21427050	-9.52177400
0.68111402	0.21427050	-9.52177400
0.68611402	0.21439250	-9.54619000
0.69111402	0.21485030	-9.63774600
0.69611402	0.21262240	-9.19217500
0.70111402	0.20798360	-8.26441300
0.70611402	0.20575580	-7.79442700
0.71111402	0.20621360	-7.79442700
0.71611402	0.20633560	-8.28882700
0.72111402	0.20633560	-9.30814500
0.72611402	0.20633560	-9.30814500
0.73111402	0.20633560	-8.28882700
0.73611402	0.20633560	-7.84325600
0.74111402	0.20633560	-8.02636700
0.74611402	0.20633560	-7.60521200
0.75111402	0.20633560	-6.67745000
0.75611402	0.20633560	-6.23187900
0.76111402	0.20633560	-6.32343500
0.76611402	0.20645770	-6.37226500
0.77111402	0.20691550	-6.46382000
0.77611402	0.20468760	-6.01825000
0.78111402	0.20004880	-5.09048700
0.78611402	0.19782100	-4.64491700
0.79111402	0.19827880	-4.73647300
0.79611402	0.19840080	-4.73647300
0.80111402	0.19840080	-4.64491700
0.80611402	0.19840080	-5.11490200
0.81111402	0.19840080	-6.13422100
0.81611402	0.19840080	-6.13422100
0.82111402	0.19840080	-5.11490200
0.82611402	0.19852290	-4.62050200
0.83111402	0.19898070	-4.62050200
0.83611402	0.19675280	-5.11490200
0.84111402	0.19211400	-6.13422100
0.84611402	0.18988620	-6.10980600
0.85111402	0.19034390	-4.99893200
0.85611402	0.19046600	-4.99893200
0.86111402	0.19046600	-6.10980600
0.86611402	0.19046600	-6.13422100
0.87111402	0.19046600	-5.11490200
0.87611402	0.19046600	-4.64491700
0.88111402	0.19046600	-4.73647300
0.88611402	0.19046600	-4.76088700
0.89111402	0.19046600	-4.76088700
0.89611402	0.19058810	-4.76088700
0.90111402	0.19104590	-4.76088700
0.90611402	0.18881800	-4.73647300
0.91111402	0.18417920	-4.64491700
0.91611402	0.18195140	-5.11490200
0.92111402	0.18240910	-6.13422100
0.92611402	0.18253120	-6.10980600
0.93111402	0.18253120	-4.99893200
0.93611402	0.18253120	-4.99893200
0.94111402	0.18253120	-6.10980600
0.94611402	0.18253120	-6.13422100
0.95111402	0.18253120	-5.11490200
0.95611402	0.18253120	-4.62050200
0.96111402	0.18253120	-4.62050200
0.96611402	0.18253120	-5.11490200
0.97111402	0.18253120	-6.13422100
0.97611402	0.18253120	-6.10980600
0.98111402	0.18253120	-4.99893200
0.98611402	0.18265330	-4.97451700
0.99111402	0.18311110	-5.99383500
0.99611402	0.18088320	-6.46382000
1.00111402	0.17624440	-6.37226500
1.00611402	0.17401650	-6.34785000
1.01111402	0.17447430	-6.34785000
1.01611402	0.17459640	-6.34785000
1.02111402	0.17459640	-6.34785000
1.02611402	0.17459640	-6.34785000
1.03111402	0.17459640	-6.34785000
1.03611402	0.17459640	-6.37226500
1.04111402	0.17459640	-6.46382000
1.04611402	0.17459640	-6.01825000
1.05111402	0.17459640	-5.09048700
1.05611402	0.17471850	-4.64491700
1.06111402	0.17517620	-4.73647300
1.06611402	0.17294840	-4.76088700
1.07111402	0.16830960	-4.76088700
1.07611402	0.16608170	-4.76088700
1.08111402	0.16653950	-4.76088700
1.08611402	0.16666160	-4.78530200
1.09111402	0.16666160	-4.87685800
1.09611402	0.16666160	-4.43128700
1.10111402	0.16666160	-3.50352500
1.10611402	0.16666160	-3.05795500
1.11111402	0.16666160	-3.14951000
1.11611402	0.16666160	-3.17392500
1.12111402	0.16666160	-3.17392500
1.12611402	0.16666160	-3.17392500
1.13111402	0.16666160	-3.17392500
1.13611402	0.16666160	-3.17392500
1.14111402	0.16666160	-3.17392500
1.14611402	0.16678370	-3.14951000
1.15111402	0.16724140	-3.05795500
1.15611402	0.16501360	-3.50352500
1.16111402	0.16037480	-4.43128700
1.16611402	0.15814690	-4.90127200
1.17111402	0.15860470	-4.90127200
1.17611402	0.15872680	-4.40687300
1.18111402	0.15872680	-3.38755500
1.18611402	0.15872680	-3.38755500
1.19111402	0.15872680	-4.40687300
1.19611402	0.15872680	-4.87685800
1.20111402	0.15872680	-4.78530200
1.20611402	0.15872680	-4.76088700
1.21111402	0.15872680	-4.76088700
1.21611402	0.15872680	-4.76088700
1.22111402	0.15872680	-4.76088700
1.22611402	0.15872680	-4.73647300
1.23111402	0.15872680	-4.64491700
1.23611402	0.15872680	-5.11490200
1.24111402	0.15872680	-6.13422100
1.24611402	0.15884880	-6.10980600
1.25111402	0.15930660	-4.99893200
1.25611402	0.15707880	-4.99893200
1.26111402	0.15244000	-6.10980600
1.26611402	0.15021210	-6.13422100
1.27111402	0.15066990	-5.11490200
1.27611402	0.15079200	-4.64491700
1.28111402	0.15079200	-4.73647300
1.28611402	0.15079200	-4.76088700
1.29111402	0.15079200	-4.76088700
1.29611402	0.15079200	-4.78530200
1.30111402	0.15079200	-4.87685800
1.30611402	0.15079200	-4.40687300
1.31111402	0.15079200	-3.38755500
1.31611402	0.15091400	-3.36314000
1.32111402	0.15137180	-4.29090200
1.32611402	0.14902190	-5.23087300
1.33111402	0.14392530	-6.15863500
1.33611402	0.14404740	-6.15863500
1.34111402	0.14960170	-5.23087300
1.34611402	0.14972380	-4.29090200
1.35111402	0.14462720	-3.36314000
1.35611402	0.14227730	-3.38755500
1.36111402	0.14273510	-4.40687300
1.36611402	0.14285710	-4.87685800
1.37111402	0.14285710	-4.78530200
1.37611402	0.14285710	-4.76088700
1.38111402	0.14285710	-4.76088700
1.38611402	0.14285710	-4.78530200
1.39111402	0.14285710	-4.87685800
1.39611402	0.14285710	-4.40687300
1.40111402	0.14285710	-3.38755500
1.40611402	0.14285710	-3.41196900
1.41111402	0.14285710	-4.52284300
1.41611402	0.14297920	-4.54725700
1.42111402	0.14343700	-3.52794000
1.42611402	0.14108710	-3.08237000
1.43111402	0.13596000	-3.26548100
1.43611402	0.13608200	-2.81991000
1.44111402	0.14166690	-1.80059200
1.44611402	0.14178900	-1.80059200
1.45111402	0.13666190	-2.81991000
1.45611402	0.13431200	-3.28989500
1.46111402	0.13476970	-3.19834000
1.46611402	0.13489180	-3.14951000
1.47111402	0.13489180	-3.05795500
1.47611402	0.13489180	-3.50352500
1.48111402	0.13489180	-4.43128700
1.48611402	0.13489180	-4.87685800
1.49111402	0.13489180	-4.78530200
1.49611402	0.13489180	-4.76088700
1.50111402	0.13489180	-4.76088700
1.50611402	0.13489180	-4.76088700
1.51111402	0.13489180	-4.76088700
1.51611402	0.13489180	-4.76088700
1.52111402	0.13489180	-4.76088700
1.52611402	0.13489180	-4.76088700
1.53111402	0.13489180	-4.76088700
1.53611402	0.13501390	-4.76088700
1.54111402	0.13547170	-4.76088700
1.54611402	0.13324380	-4.76088700
1.55111402	0.12860500	-4.76088700
1.55611402	0.12637720	-4.78530200
1.56111402	0.12683490	-4.87685800
1.56611402	0.12695700	-4.43128700
1.57111402	0.12695700	-3.50352500
1.57611402	0.12695700	-3.05795500
1.58111402	0.12695700	-3.14951000
1.58611402	0.12695700	-3.17392500
1.59111402	0.12695700	-3.17392500
1.59611402	0.12695700	-3.17392500
1.60111402	0.12695700	-3.17392500
1.60611402	0.12695700	-3.14951000
1.61111402	0.12695700	-3.05795500
1.61611402	0.12695700	-3.50352500
1.62111402	0.12695700	-4.43128700
1.62611402	0.12695700	-4.87685800
1.63111402	0.12695700	-4.78530200
1.63611402	0.12707910	-4.76088700
1.64111402	0.12753680	-4.76088700
1.64611402	0.12530900	-4.76088700
1.65111402	0.12067020	-4.76088700
1.65611402	0.11844230	-4.76088700
1.66111402	0.11890010	-4.76088700
1.66611402	0.11902220	-4.76088700
1.67111402	0.11902220	-4.76088700
1.67611402	0.11902220	-4.76088700
1.68111402	0.11902220	-4.76088700
1.68611402	0.11902220	-4.78530200
1.69111402	0.11902220	-4.87685800
1.69611402	0.11902220	-4.40687300
1.70111402	0.11902220	-3.38755500
1.70611402	0.11902220	-3.41196900
1.71111402	0.11902220	-4.52284300
1.71611402	0.11902220	-4.52284300
1.72111402	0.11902220	-3.41196900
1.72611402	0.11902220	-3.38755500
1.73111402	0.11902220	-4.40687300
1.73611402	0.11902220	-4.87685800
1.74111402	0.11902220	-4.78530200
1.74611402	0.11902220	-4.76088700
1.75111402	0.11902220	-4.76088700
1.75611402	0.11914430	-4.76088700
1.76111402	0.11960200	-4.76088700
1.76611402	0.11737420	-4.76088700
1.77111402	0.11273540	-4.76088700
1.77611402	0.11050750	-4.78530200
1.78111402	0.11096530	-4.87685800
1.78611402	0.11108740	-4.40687300
1.79111402	0.11108740	-3.38755500
1.79611402	0.11108740	-3.38755500
1.80111402	0.11108740	-4.40687300
1.80611402	0.11108740	-4.90127200
1.81111402	0.11108740	-4.90127200
1.81611402	0.11108740	-4.43128700
1.82111402	0.11108740	-3.50352500
1.82611402	0.11108740	-3.05795500
1.83111402	0.11108740	-3.14951000
1.83611402	0.11108740	-3.17392500
1.84111402	0.11108740	-3.17392500
1.84611402	0.11108740	-3.17392500
1.85111402	0.11108740	-3.17392500
1.85611402	0.11108740	-3.14951000
1.86111402	0.11108740	-3.05795500
1.86611402	0.11108740	-3.50352500
1.87111402	0.11108740	-4.43128700
1.87611402	0.11120950	-4.90127200
1.88111402	0.11166720	-4.90127200
1.88611402	0.10943940	-4.43128700
1.89111402	0.10480060	-3.50352500
1.89611402	0.10257270	-3.05795500
1.90111402	0.10303050	-3.14951000
1.90611402	0.10315260	-3.17392500
1.91111402	0.10315260	-3.17392500
1.91611402	0.10315260	-3.17392500
1.92111401	0.10315260	-3.17392500
1.92611401	0.10315260	-3.17392500
1.93111401	0.10315260	-3.17392500
1.93611401	0.10315260	-3.14951000
1.94111401	0.10315260	-3.05795500
1.94611401	0.10315260	-3.52794000
1.95111401	0.10315260	-4.54725700
1.95611401	0.10315260	-4.52284300
1.96111401	0.10315260	-3.41196900
1.96611401	0.10315260	-3.41196900
1.97111401	0.10315260	-4.52284300
1.97611401	0.10315260	-4.54725700
1.98111401	0.10315260	-3.52794000
1.98611401	0.10315260	-3.08237000
1.99111401	0.10315260	-3.26548100
1.99611401	0.10315260	-2.84432500
2.00111401	0.10315260	-1.91656200
2.00611401	0.10315260	-1.42216300
2.01111401	0.10315260	-1.33060700
2.01611401	0.10327460	-2.24616200
2.02111401	0.10373240	-4.10168800
2.02611401	0.10150460	-4.99282800
2.03111401	0.09686575	-4.80971700
2.03611401	0.09463790	-4.73647300
2.04111401	0.09509568	-4.64491700
2.04611401	0.09521775	-5.09048700
2.05111401	0.09521775	-6.01825000
2.05611401	0.09521775	-6.48823500
2.06111401	0.09521775	-6.48823500
2.06611401	0.09521775	-6.01825000
2.07111401	0.09521775	-5.09048700
2.07611401	0.09521775	-4.64491700
2.08111401	0.09521775	-4.73647300
2.08611401	0.09521775	-4.76088700
2.09111401	0.09521775	-4.76088700
2.09611401	0.09521775	-4.76088700
2.10111401	0.09521775	-4.76088700
2.10611401	0.09521775	-4.76088700
2.11111401	0.09521775	-4.76088700
2.11611401	0.09521775	-4.76088700
2.12111401	0.09521775	-4.76088700
2.12611401	0.09521775	-4.78530200
2.13111401	0.09521775	-4.87685800
2.13611401	0.09521775	-4.43128700
2.14111401	0.09521775	-3.50352500
2.14611401	0.09533982	-3.05795500
2.15111401	0.09579760	-3.14951000
2.15611401	0.09344768	-3.17392500
2.16111401	0.08835109	-3.17392500
2.16611401	0.08835109	-3.17392500
2.17111401	0.09344768	-3.17392500
2.17611401	0.09591968	-3.17392500
2.18111401	0.09591968	-3.17392500
2.18611401	0.09356975	-3.17392500
2.19111401	0.08893093	-3.17392500
2.19611401	0.08670308	-3.17392500
2.20111401	0.08716086	-3.17392500
2.20611401	0.08728294	-3.14951000
2.21111401	0.08728294	-3.05795500
2.21611401	0.08728294	-3.52794000
2.22111401	0.08728294	-4.54725700
2.22611401	0.08728294	-4.54725700
2.23111401	0.08728294	-3.52794000
2.23611401	0.08728294	-3.05795500
2.24111401	0.08728294	-3.14951000
2.24611401	0.08728294	-3.17392500
2.25111401	0.08728294	-3.17392500
2.25611401	0.08728294	-3.14951000
2.26111401	0.08728294	-3.05795500
2.26611401	0.08728294	-3.52794000
2.27111401	0.08728294	-4.54725700
2.27611401	0.08728294	-4.52284300
2.28111401	0.08728294	-3.41196900
2.28611401	0.08728294	-3.41196900
2.29111401	0.08728294	-4.52284300
2.29611401	0.08728294	-4.54725700
2.30111401	0.08728294	-3.52794000
2.30611401	0.08740501	-3.05795500
2.31111401	0.08786279	-3.14951000
2.31611401	0.08563494	-3.17392500
2.32111401	0.08099613	-3.17392500
2.32611401	0.07876828	-3.17392500
2.33111401	0.07922605	-3.17392500
2.33611401	0.07934812	-3.17392500
2.34111401	0.07934812	-3.17392500
2.34611401	0.07934812	-3.17392500
2.35111401	0.07934812	-3.17392500
2.35611401	0.07934812	-3.17392500
2.36111401	0.07934812	-3.17392500
2.36611401	0.07934812	-3.17392500
2.37111401	0.07934812	-3.17392500
2.37611401	0.07934812	-3.19834000
2.38111401	0.07934812	-3.28989500
2.38611401	0.07934812	-2.84432500
2.39111401	0.07934812	-1.91656200
2.39611401	0.07934812	-1.47099200
2.40111401	0.07934812	-1.56254800
2.40611401	0.07934812	-1.58696200
2.41111401	0.07934812	-1.58696200
2.41611401	0.07934812	-1.58696200
2.42111401	0.07934812	-1.58696200
2.42611401	0.07934812	-1.58696200
2.43111401	0.07934812	-1.58696200
2.43611401	0.07934812	-1.58696200
2.44111401	0.07934812	-1.58696200
2.44611401	0.07934812	-1.58696200
2.45111401	0.07934812	-1.58696200
2.45611401	0.07934812	-1.58696200
2.46111401	0.07934812	-1.58696200
2.46611401	0.07934812	-1.58696200
2.47111401	0.07934812	-1.58696200
2.47611401	0.07947020	-1.61137700
2.48111401	0.07992797	-1.70293300
2.48611401	0.07770012	-1.23294800
2.49111401	0.07306131	-0.21362960
2.49611401	0.07083346	-0.23804440
2.50111401	0.07129124	-1.34891800
2.50611401	0.07129124	-1.37333300
2.51111401	0.07083346	-0.35401470
2.51611401	0.07318339	0.11597030
2.52111401	0.07827998	0.02441481
2.52611401	0.07827998	0.00000000
2.53111401	0.07318339	0.00000000
2.53611401	0.07083346	0.00000000
2.54111401	0.07129124	0.00000000
2.54611401	0.07141331	0.00000000
2.55111401	0.07141331	0.00000000
2.55611401	0.07141331	0.02441481
2.56111401	0.07141331	0.11597030
2.56611401	0.07141331	-0.35401470
2.57111401	0.07141331	-1.37333300
2.57611401	0.07141331	-1.34891800
2.58111401	0.07141331	-0.23804440
2.58611401	0.07141331	-0.21362960
2.59111401	0.07141331	-1.23294800
2.59611401	0.07141331	-1.70293300
2.60111401	0.07141331	-1.61137700
2.60611401	0.07141331	-1.58696200
2.61111401	0.07141331	-1.58696200
2.61611401	0.07141331	-1.58696200
2.62111401	0.07141331	-1.58696200
2.62611401	0.07141331	-1.58696200
2.63111401	0.07141331	-1.58696200
2.63611401	0.07141331	-1.56254800
2.64111401	0.07141331	-1.47099200
2.64611401	0.07141331	-1.91656200
2.65111401	0.07141331	-2.84432500
2.65611401	0.07141331	-3.28989500
2.66111401	0.07141331	-3.19834000
2.66611401	0.07141331	-3.17392500
2.67111401	0.07141331	-3.17392500
2.67611401	0.07141331	-3.17392500
2.68111401	0.07141331	-3.17392500
2.68611401	0.07141331	-3.17392500
2.69111401	0.07141331	-3.17392500
2.69611401	0.07141331	-3.17392500
2.70111401	0.07141331	-3.17392500
2.70611401	0.07153539	-3.17392500
2.71111401	0.07199316	-3.17392500
2.71611401	0.06964324	-3.19834000
2.72111401	0.06454664	-3.28989500
2.72611401	0.06466872	-2.84432500
2.73111401	0.07022309	-1.91656200
2.73611401	0.07034516	-1.47099200
2.74111401	0.06524857	-1.56254800
2.74611401	0.06289865	-1.58696200
2.75111401	0.06335643	-1.58696200
2.75611401	0.06347850	-1.61137700
2.76111401	0.06347850	-1.70293300
2.76611401	0.06347850	-1.25736300
2.77111401	0.06347850	-0.32959990
2.77611401	0.06347850	0.11597030
2.78111401	0.06347850	0.02441481
2.78611401	0.06347850	0.02441481
2.79111401	0.06347850	0.11597030
2.79611401	0.06347850	-0.35401470
2.80111401	0.06347850	-1.37333300
2.80611401	0.06347850	-1.37333300
2.81111401	0.06347850	-0.35401470
2.81611401	0.06347850	0.11597030
2.82111401	0.06347850	0.02441481
2.82611401	0.06347850	0.02441481
2.83111401	0.06347850	0.11597030
2.83611401	0.06347850	-0.32959990
2.84111401	0.06347850	-1.25736300
2.84611401	0.06347850	-1.70293300
2.85111401	0.06347850	-1.61137700
2.85611401	0.06347850	-1.58696200
2.86111401	0.06347850	-1.58696200
2.86611401	0.06347850	-1.58696200
2.87111401	0.06347850	-1.58696200
2.87611401	0.06347850	-1.58696200
2.88111401	0.06347850	-1.58696200
2.88611401	0.06360057	-1.58696200
2.89111401	0.06405835	-1.58696200
2.89611401	0.06183050	-1.58696200
2.90111401	0.05719168	-1.58696200
2.90611401	0.05484176	-1.58696200
2.91111401	0.05484176	-1.58696200
2.91611401	0.05731376	-1.58696200
2.92111401	0.06241035	-1.58696200
2.92611401	0.06241035	-1.56254800
2.93111401	0.05731376	-1.47099200
2.93611401	0.05496383	-1.94097700
2.94111401	0.05542161	-2.96029500
2.94611401	0.05554369	-2.93588100
2.95111401	0.05554369	-1.82500700
2.95611401	0.05554369	-1.82500700
2.96111401	0.05554369	-2.93588100
2.96611401	0.05554369	-2.93588100
2.97111401	0.05554369	-1.82500700
2.97611401	0.05554369	-1.80059200
2.98111401	0.05554369	-2.81991000
2.98611401	0.05554369	-3.28989500
2.99111401	0.05554369	-3.19834000
2.99611401	0.05554369	-3.17392500
3.00111401	0.05554369	-3.17392500
3.00611401	0.05554369	-3.17392500
3.01111401	0.05554369	-3.17392500
3.01611401	0.05554369	-3.17392500
3.02111401	0.05554369	-3.17392500
3.02611401	0.05554369	-3.17392500
3.03111401	0.05554369	-3.17392500
3.03611401	0.05554369	-3.17392500
3.04111401	0.05554369	-3.17392500
3.04611401	0.05554369	-3.17392500
3.05111401	0.05554369	-3.17392500
3.05611401	0.05554369	-3.17392500
3.06111401	0.05554369	-3.17392500
3.06611401	0.05554369	-3.17392500
3.07111401	0.05554369	-3.17392500
3.07611401	0.05554369	-3.17392500
3.08111401	0.05554369	-3.17392500
3.08611401	0.05554369	-3.17392500
3.09111401	0.05554369	-3.17392500
3.09611401	0.05554369	-3.17392500
3.10111401	0.05554369	-3.17392500
3.10611401	0.05554369	-3.17392500
3.11111401	0.05554369	-3.17392500
3.11611401	0.05554369	-3.17392500
3.12111401	0.05554369	-3.17392500
3.12611401	0.05554369	-3.19834000
3.13111401	0.05554369	-3.28989500
3.13611401	0.05554369	-2.81991000
3.14111401	0.05554369	-1.80059200
3.14611401	0.05554369	-1.80059200
3.15111401	0.05554369	-2.81991000
3.15611401	0.05566576	-3.31431000
3.16111401	0.05612354	-3.31431000
3.16611401	0.05389569	-2.84432500
3.17111401	0.04925688	-1.91656200
3.17611401	0.04702902	-1.47099200
3.18111401	0.04748680	-1.56254800
3.18611401	0.04760887	-1.58696200
3.19111401	0.04760887	-1.58696200
3.19611401	0.04760887	-1.58696200
3.20111401	0.04760887	-1.58696200
3.20611401	0.04760887	-1.56254800
3.21111401	0.04760887	-1.47099200
3.21611401	0.04760887	-1.91656200
3.22111401	0.04760887	-2.84432500
3.22611401	0.04760887	-3.26548100
3.23111401	0.04760887	-3.08237000
3.23611401	0.04760887	-3.50352500
3.24111401	0.04760887	-4.43128700
3.24611401	0.04760887	-4.87685800
3.25111401	0.04760887	-4.78530200
3.25611401	0.04760887	-4.78530200
3.26111401	0.04760887	-4.87685800
3.26611401	0.04760887	-4.45570200
3.27111401	0.04760887	-3.61949500
3.27611401	0.04760887	-2.72835500
3.28111401	0.04760887	-1.89214800
3.28611401	0.04760887	-1.51982200
3.29111401	0.04760887	-1.79448800
3.29611401	0.04760887	-1.01931800
3.30111401	0.04760887	0.45777760
3.30611401	0.04760887	2.95419200
3.31111401	0.04760887	5.72527200
3.31611401	0.04760887	10.80966000
3.32111401	0.04760887	16.91336000
3.32611401	0.04760887	24.56740000
3.33111401	0.04760887	31.86743000
3.33611401	0.04760887	41.59673000
3.34111401	0.04760887	51.21006000
3.34611401	0.04760887	63.59447000
3.35111401	0.04760887	75.80187000
3.35611401	0.04760887	89.01028000
3.36111401	0.04760887	100.00920000
3.36611401	0.04760887	112.77200000
3.37111401	0.04760887	124.14930000
3.37611401	0.04760887	135.61820000
3.38111401	0.04760887	144.30370000
3.38611401	0.04760887	154.07570000
3.39111401	0.04760887	162.49270000
3.39611401	0.04760887	170.12240000
3.40111401	0.04760887	175.01750000
3.40611401	0.04760887	180.50480000
3.41111401	0.04760887	185.13140000
3.41611401	0.04760887	188.98890000
3.42111401	0.04760887	191.21070000
3.42611401	0.04760887	192.41310000
3.43111401	0.04760887	192.13230000
3.43611401	0.04760887	192.13230000
3.44111401	0.04760887	192.41310000
3.44611401	0.04760887	191.13740000
3.45111401	0.04760887	188.64100000
3.45611401	0.04760887	186.05300000
3.46111401	0.04760887	183.92290000
3.46611401	0.04773095	180.98090000
3.47111401	0.04818873	178.02670000
3.47611401	0.04596087	174.18740000
3.48111401	0.04132206	170.39090000
3.48611401	0.03909421	166.15500000
3.49111401	0.03955199	162.54770000
3.49611401	0.03967406	157.86610000
3.50111401	0.03967406	153.23950000
3.50611401	0.03967406	148.58240000
3.51111401	0.03967406	145.07280000
3.51611401	0.03967406	140.40950000
3.52111401	0.03967406	135.77680000
3.52611401	0.03967406	131.09530000
3.53111401	0.03967406	127.48800000
3.53611401	0.03967406	123.27650000
3.54111401	0.03967406	119.57760000
3.54611401	0.03967406	115.34170000
3.55111401	0.03967406	111.63670000
3.55611401	0.03967406	107.37630000
3.56111401	0.03967406	103.58590000
3.56611400	0.03967406	99.77110000
3.57111400	0.03967406	96.90848000
3.57611400	0.03967406	93.51482000
3.58111400	0.03967406	90.46906000
3.58611400	0.03967406	87.49657000
3.59111400	0.03967406	85.37248000
3.59611400	0.03967406	82.85165000
3.60111400	0.03967406	80.62991000
3.60611400	0.03967406	78.11517000
3.61111400	0.03967406	75.98498000
3.61611400	0.03967406	72.97586000
3.62111400	0.03967406	69.73479000
3.62611400	0.03967406	67.17124000
3.63111400	0.03967406	65.87726000
3.63611400	0.03967406	64.22926000
3.64111400	0.03967406	62.75216000
3.64611400	0.03967406	61.05533000
3.65111400	0.03967406	59.57823000
3.65611400	0.03967406	57.85699000
3.66111400	0.03967406	56.28223000
3.66611400	0.03967406	55.05539000
3.67111400	0.03967406	54.59761000
3.67611400	0.03967406	52.90078000
3.68111400	0.03967406	50.40437000
3.68611400	0.03967406	48.18872000
3.69111400	0.03967406	46.62008000
3.69611400	0.03967406	45.86322000
3.70111400	0.03967406	46.33320000
3.70611400	0.03967406	45.05753000
3.71111400	0.03967406	42.37800000
3.71611400	0.03967406	40.63234000
3.72111400	0.03967406	40.17456000
3.72611400	0.03967406	38.90499000
3.73111400	0.03967406	37.14103000
3.73611400	0.03967406	36.29872000
3.74111400	0.03967406	36.57338000
3.74611400	0.03967406	36.17664000
3.75111400	0.03967406	35.24888000
3.75611400	0.03967406	34.85214000
3.76111400	0.03967406	35.12680000
3.76611400	0.03979614	34.28449000
3.77111400	0.04025391	32.52052000
3.77611400	0.03790399	31.18381000
3.78111400	0.03280740	30.43916000
3.78611400	0.03280740	30.06684000
3.79111400	0.03790399	30.24995000
3.79611400	0.04037599	29.82879000
3.80111400	0.04037599	28.90103000
3.80611400	0.03802606	28.47987000
3.81111400	0.03338725	28.66298000
3.81611400	0.03115940	28.26624000
3.82111400	0.03161718	27.43003000
3.82611400	0.03173925	26.53279000
3.83111400	0.03173925	25.69658000
3.83611400	0.03173925	25.27543000
3.84111400	0.03173925	25.36699000
3.84611400	0.03173925	25.41581000
3.85111400	0.03173925	25.50737000
3.85611400	0.03173925	25.08622000
3.86111400	0.03173925	24.25001000
3.86611400	0.03173925	23.33445000
3.87111400	0.03173925	22.40669000
3.87611400	0.03173925	22.43110000
3.88111400	0.03173925	23.45042000
3.88611400	0.03173925	23.96924000
3.89111400	0.03173925	24.06079000
3.89611400	0.03173925	23.14524000
3.90111400	0.03173925	21.28971000
3.90611400	0.03173925	20.37416000
3.91111400	0.03173925	20.46571000
3.91611400	0.03173925	20.98453000
3.92111400	0.03173925	22.00385000
3.92611400	0.03173925	22.02826000
3.93111400	0.03173925	21.10050000
3.93611400	0.03173925	20.18494000
3.94111400	0.03173925	19.34873000
3.94611400	0.03173925	18.92758000
3.95111400	0.03173925	19.01913000
3.95611400	0.03173925	19.01913000
3.96111400	0.03173925	18.92758000
3.96611400	0.03173925	19.42198000
3.97111400	0.03173925	20.53285000
3.97611400	0.03173925	20.06287000
3.98111400	0.03173925	18.02423000
3.98611400	0.03173925	17.55425000
3.99111400	0.03173925	18.66512000
3.99611400	0.03173925	19.18394000
4.00111400	0.03173925	19.18394000
4.00611400	0.03173925	18.71395000
4.01111400	0.03173925	17.78619000
4.01611400	0.03173925	17.34062000
4.02111400	0.03173925	17.43217000
4.02611400	0.03173925	17.48100000
4.03111400	0.03173925	17.57256000
4.03611400	0.03173925	17.12699000
4.04111400	0.03173925	16.19922000
4.04611400	0.03173925	15.77807000
4.05111400	0.03173925	15.96118000
4.05611400	0.03173925	15.54002000
4.06111400	0.03173925	14.61226000
4.06611400	0.03173925	14.19111000
4.07111400	0.03173925	14.37422000
4.07611400	0.03173925	13.95306000
4.08111400	0.03173925	13.02530000
4.08611400	0.03173925	12.57973000
4.09111400	0.03173925	12.67128000
4.09611400	0.03173925	12.69570000
4.10111400	0.03173925	12.69570000
4.10611400	0.03173925	12.72011000
4.11111400	0.03173925	12.81167000
4.11611400	0.03173925	12.36610000
4.12111400	0.03173925	11.43834000
4.12611400	0.03173925	10.99277000
4.13111400	0.03173925	11.08432000
4.13611400	0.03173925	11.10874000
4.14111400	0.03173925	11.10874000
4.14611400	0.03173925	11.10874000
4.15111400	0.03173925	11.10874000
4.15611400	0.03173925	11.10874000
4.16111400	0.03173925	11.10874000
4.16611400	0.03173925	11.10874000
4.17111400	0.03173925	11.10874000
4.17611400	0.03173925	11.10874000
4.18111400	0.03173925	11.10874000
4.18611400	0.03173925	11.10874000
4.19111400	0.03173925	11.10874000
4.19611400	0.03186132	11.10874000
4.20111400	0.03231910	11.10874000
4.20611400	0.02996918	11.10874000
4.21111400	0.02487259	11.10874000
4.21611400	0.02499466	11.08432000
4.22111400	0.03054903	10.99277000
4.22611400	0.03054903	11.46275000
4.23111400	0.02499466	12.48207000
4.23611400	0.02499466	12.45765000
4.24111400	0.03054903	11.34678000
4.24611400	0.03067110	11.34678000
4.25111400	0.02557451	12.45765000
4.25611400	0.02322458	12.48207000
4.26111400	0.02368236	11.46275000
4.26611400	0.02380444	10.99277000
4.27111400	0.02380444	11.08432000
4.27611400	0.02380444	11.13315000
4.28111400	0.02380444	11.22471000
4.28611400	0.02380444	10.77914000
4.29111400	0.02380444	9.85137500
4.29611400	0.02380444	9.43021900
4.30111400	0.02380444	9.61333000
4.30611400	0.02380444	9.16776000
4.31111400	0.02380444	8.14844100
4.31611400	0.02380444	8.17285700
4.32111400	0.02380444	9.28373100
4.32611400	0.02380444	9.28373100
4.33111400	0.02380444	8.17285700
4.33611400	0.02380444	8.14844100
4.34111400	0.02380444	9.16776000
4.34611400	0.02380444	9.63774600
4.35111400	0.02380444	9.54619000
4.35611400	0.02380444	9.52177400
4.36111400	0.02380444	9.52177400
4.36611400	0.02380444	9.52177400
4.37111400	0.02380444	9.52177400
4.37611400	0.02380444	9.54619000
4.38111400	0.02380444	9.63774600
4.38611400	0.02380444	9.16776000
4.39111400	0.02380444	8.14844100
4.39611400	0.02380444	8.17285700
4.40111400	0.02380444	9.28373100
4.40611400	0.02380444	9.28373100
4.41111400	0.02380444	8.17285700
4.41611400	0.02380444	8.14844100
4.42111400	0.02380444	9.16776000
4.42611400	0.02380444	9.66216000
4.43111400	0.02380444	9.66216000
4.43611400	0.02380444	9.19217500
4.44111400	0.02380444	8.26441300
4.44611400	0.02380444	7.81884200
4.45111400	0.02380444	7.91039800
4.45611400	0.02380444	7.95922800
4.46111400	0.02380444	8.05078300
4.46611400	0.02380444	7.58079800
4.47111400	0.02380444	6.56148000
4.47611400	0.02380444	6.56148000
4.48111400	0.02380444	7.58079800
4.48611400	0.02380444	8.05078300
4.49111400	0.02380444	7.95922800
4.49611400	0.02380444	7.93481200
4.50111400	0.02380444	7.93481200
4.50611400	0.02380444	7.93481200
4.51111400	0.02380444	7.93481200
4.51611400	0.02380444	7.93481200
4.52111400	0.02380444	7.93481200
4.52611400	0.02380444	7.91039800
4.53111400	0.02380444	7.81884200
4.53611400	0.02380444	8.26441300
4.54111400	0.02380444	9.19217500
4.54611400	0.02380444	9.66216000
4.55111400	0.02380444	9.66216000
4.55611400	0.02380444	9.16776000
4.56111400	0.02380444	8.14844100
4.56611400	0.02380444	8.17285700
4.57111400	0.02380444	9.28373100
4.57611400	0.02380444	9.28373100
4.58111400	0.02380444	8.17285700
4.58611400	0.02380444	8.17285700
4.59111400	0.02380444	9.28373100
4.59611400	0.02380444	9.30814500
4.60111400	0.02380444	8.28882700
4.60611400	0.02380444	7.81884200
4.61111400	0.02380444	7.91039800
4.61611400	0.02380444	7.93481200
4.62111400	0.02380444	7.93481200
4.62611400	0.02380444	7.93481200
4.63111400	0.02380444	7.93481200
4.63611400	0.02380444	7.93481200
4.64111400	0.02380444	7.93481200
4.64611400	0.02380444	7.93481200
4.65111400	0.02380444	7.93481200
4.65611400	0.02380444	7.93481200
4.66111400	0.02380444	7.93481200
4.66611400	0.02380444	7.93481200
4.67111400	0.02380444	7.93481200
4.67611400	0.02380444	7.93481200
4.68111400	0.02380444	7.93481200
4.68611400	0.02380444	7.93481200
4.69111400	0.02380444	7.93481200
4.69611400	0.02380444	7.93481200
4.70111400	0.02380444	7.93481200
4.70611400	0.02380444	7.93481200
4.71111400	0.02380444	7.93481200
4.71611400	0.02380444	7.93481200
4.72111400	0.02380444	7.93481200
4.72611400	0.02380444	7.93481200
4.73111400	0.02380444	7.93481200
4.73611400	0.02380444	7.93481200
4.74111400	0.02380444	7.93481200
4.74611400	0.02380444	7.93481200
4.75111400	0.02380444	7.93481200
4.75611400	0.02380444	7.91039800
4.76111400	0.02380444	7.81884200
4.76611400	0.02380444	8.26441300
4.77111400	0.02380444	9.19217500
4.77611400	0.02380444	9.63774600
4.78111400	0.02380444	9.54619000
4.78611400	0.02380444	9.52177400
4.79111400	0.02380444	9.52177400
4.79611400	0.02392651	9.54619000
4.80111400	0.02438429	9.63774600
4.80611400	0.02203436	9.19217500
4.81111400	0.01693777	8.26441300
4.81611400	0.01693777	7.81884200
4.82111400	0.02203436	7.91039800
4.82611400	0.02438429	7.93481200
4.83111400	0.02392651	7.93481200
4.83611400	0.02392651	7.93481200
4.84111400	0.02438429	7.93481200
4.84611400	0.02215644	7.93481200
4.85111400	0.01751762	7.93481200
4.85611400	0.01528977	7.95922800
4.86111400	0.01574755	8.05078300
4.86611400	0.01586962	7.60521200
4.87111400	0.01586962	6.67745000
4.87611400	0.01586962	6.23187900
4.88111400	0.01586962	6.32343500
4.88611400	0.01586962	6.34785000
4.89111400	0.01586962	6.34785000
4.89611400	0.01586962	6.34785000
4.90111400	0.01586962	6.34785000
4.90611400	0.01586962	6.34785000
4.91111400	0.01586962	6.34785000
4.91611400	0.01586962	6.37226500
4.92111400	0.01586962	6.46382000
4.92611400	0.01586962	6.01825000
4.93111400	0.01586962	5.09048700
4.93611400	0.01586962	4.62050200
4.94111400	0.01586962	4.62050200
4.94611400	0.01586962	5.11490200
4.95111400	0.01586962	6.13422100
4.95611400	0.01586962	6.13422100
4.96111400	0.01586962	5.11490200
4.96611400	0.01586962	4.64491700
4.97111400	0.01586962	4.73647300
4.97611400	0.01586962	4.76088700
4.98111400	0.01586962	4.76088700
4.98611400	0.01586962	4.76088700
4.99111400	0.01586962	4.76088700
4.99611400	0.01586962	4.76088700
5.00111400	0.01586962	4.76088700
5.00611400	0.01586962	4.76088700
5.01111400	0.01586962	4.76088700
5.01611400	0.01586962	4.76088700
5.02111400	0.01586962	4.76088700
5.02611400	0.01586962	4.73647300
5.03111400	0.01586962	4.64491700
5.03611400	0.01586962	5.09048700
5.04111400	0.01586962	6.01825000
5.04611400	0.01586962	6.46382000
5.05111400	0.01586962	6.37226500
5.05611400	0.01586962	6.34785000
5.06111400	0.01586962	6.34785000
5.06611400	0.01586962	6.34785000
5.07111400	0.01586962	6.34785000
5.07611400	0.01586962	6.34785000
5.08111400	0.01586962	6.34785000
5.08611400	0.01586962	6.34785000
5.09111400	0.01586962	6.34785000
5.09611400	0.01586962	6.34785000
5.10111400	0.01586962	6.34785000
5.10611400	0.01586962	6.37226500
5.11111400	0.01586962	6.46382000
5.11611400	0.01586962	6.01825000
5.12111400	0.01586962	5.09048700
5.12611400	0.01586962	4.64491700
5.13111400	0.01586962	4.73647300
5.13611400	0.01586962	4.76088700
5.14111400	0.01586962	4.76088700
5.14611400	0.01586962	4.73647300
5.15111400	0.01586962	4.64491700
5.15611400	0.01586962	5.11490200
5.16111400	0.01586962	6.13422100
5.16611400	0.01586962	6.10980600
5.17111400	0.01586962	4.99893200
5.17611400	0.01586962	4.99893200
5.18111400	0.01586962	6.10980600
5.18611400	0.01586962	6.10980600
5.19111400	0.01586962	4.99893200
5.19611400	0.01586962	4.97451700
5.20111400	0.01586962	5.99383500
5.20611400	0.01586962	6.46382000
5.21111399	0.01586962	6.37226500
5.21611399	0.01586962	6.34785000
5.22111399	0.01586962	6.34785000
5.22611399	0.01586962	6.37226500
5.23111399	0.01586962	6.46382000
5.23611399	0.01586962	6.01825000
5.24111399	0.01586962	5.09048700
5.24611399	0.01586962	4.66933200
5.25111399	0.01586962	4.85244300
5.25611399	0.01586962	4.38245800
5.26111399	0.01586962	3.27158400
5.26611399	0.01586962	3.71715500
5.27111399	0.01586962	5.66423500
5.27611399	0.01586962	6.60420600
5.28111399	0.01586962	6.51265000
5.28611399	0.01586962	6.01825000
5.29111399	0.01586962	5.09048700
5.29611399	0.01586962	4.62050200
5.30111399	0.01586962	4.62050200
5.30611399	0.01586962	5.11490200
5.31111399	0.01586962	6.13422100
5.31611399	0.01586962	6.13422100
5.32111399	0.01586962	5.11490200
5.32611399	0.01586962	4.64491700
5.33111399	0.01586962	4.73647300
5.33611399	0.01586962	4.76088700
5.34111399	0.01586962	4.76088700
5.34611399	0.01586962	4.76088700
5.35111399	0.01586962	4.76088700
5.35611399	0.01586962	4.78530200
5.36111399	0.01586962	4.87685800
5.36611399	0.01586962	4.43128700
5.37111399	0.01586962	3.50352500
5.37611399	0.01586962	3.03354000
5.38111399	0.01586962	3.03354000
5.38611399	0.01586962	3.50352500
5.39111399	0.01586962	4.43128700
5.39611399	0.01586962	4.87685800
5.40111399	0.01586962	4.78530200
5.40611399	0.01586962	4.76088700
5.41111399	0.01586962	4.76088700
5.41611399	0.01586962	4.76088700
5.42111399	0.01586962	4.76088700
5.42611399	0.01586962	4.76088700
5.43111399	0.01586962	4.76088700
5.43611399	0.01586962	4.76088700
5.44111399	0.01586962	4.76088700
5.44611399	0.01586962	4.76088700
5.45111399	0.01586962	4.76088700
5.45611399	0.01586962	4.71205800
5.46111399	0.01586962	4.52894700
5.46611399	0.01586962	5.44450200
5.47111399	0.01586962	7.39158200
5.47611399	0.01586962	7.86156800
5.48111399	0.01586962	6.84224900
5.48611399	0.01586962	5.90228000
5.49111399	0.01586962	5.06607200
5.49611399	0.01586962	4.64491700
5.50111399	0.01586962	4.73647300
5.50611399	0.01586962	4.78530200
5.51111399	0.01586962	4.87685800
5.51611399	0.01586962	4.40687300
5.52111399	0.01586962	3.38755500
5.52611399	0.01586962	3.38755500
5.53111399	0.01586962	4.40687300
5.53611399	0.01586962	4.87685800
5.54111399	0.01586962	4.78530200
5.54611399	0.01586962	4.78530200
5.55111399	0.01586962	4.87685800
5.55611399	0.01586962	4.38245800
5.56111399	0.01586962	3.27158400
5.56611399	0.01586962	3.74156900
5.57111399	0.01586962	5.78020600
5.57611399	0.01586962	6.22577600
5.58111399	0.01586962	5.02334600
5.58611399	0.01586962	4.99893200
5.59111399	0.01586962	6.10980600
5.59611399	0.01586962	6.13422100
5.60111399	0.01586962	5.11490200
5.60611399	0.01586962	4.64491700
5.61111399	0.01586962	4.73647300
5.61611399	0.01586962	4.76088700
5.62111399	0.01586962	4.76088700
5.62611399	0.01599170	4.76088700
5.63111399	0.01644948	4.76088700
5.63611399	0.01409955	4.76088700
5.64111399	0.00900296	4.76088700
5.64611399	0.00900296	4.73647300
5.65111399	0.01409955	4.64491700
5.65611399	0.01644948	5.11490200
5.66111399	0.01599170	6.13422100
5.66611399	0.01586962	6.13422100
5.67111399	0.01586962	5.11490200
5.67611399	0.01599170	4.64491700
5.68111399	0.01644948	4.73647300
5.68611399	0.01409955	4.76088700
5.69111399	0.00900296	4.76088700
5.69611399	0.00900296	4.76088700
5.70111399	0.01409955	4.76088700
5.70611399	0.01657155	4.78530200
5.71111399	0.01657155	4.87685800
5.71611399	0.01409955	4.40687300
5.72111399	0.00900296	3.38755500
5.72611399	0.00912503	3.38755500
5.73111399	0.01467940	4.40687300
5.73611399	0.01467940	4.87685800
5.74111399	0.00912503	4.78530200
5.74611399	0.00912503	4.78530200
5.75111399	0.01467940	4.87685800
5.75611399	0.01480148	4.40687300
5.76111399	0.00970489	3.38755500
5.76611399	0.00723289	3.38755500
5.77111399	0.00723289	4.40687300
5.77611399	0.00970489	4.87685800
5.78111399	0.01480148	4.78530200
5.78611399	0.01467940	4.76088700
5.79111399	0.00912503	4.76088700
5.79611399	0.00912503	4.76088700
5.80111399	0.01467940	4.76088700
5.80611399	0.01480148	4.78530200
5.81111399	0.00970489	4.87685800
5.81611399	0.00735496	4.38245800
5.82111399	0.00781274	3.27158400
5.82611399	0.00793481	3.71715500
5.83111399	0.00793481	5.66423500
5.83611399	0.00793481	6.60420600
5.84111399	0.00793481	6.51265000
5.84611399	0.00793481	6.01825000
5.85111399	0.00793481	5.09048700
5.85611399	0.00793481	4.64491700
5.86111399	0.00793481	4.73647300
5.86611399	0.00793481	4.78530200
5.87111399	0.00793481	4.87685800
5.87611399	0.00793481	4.40687300
5.88111399	0.00793481	3.38755500
5.88611399	0.00793481	3.38755500
5.89111399	0.00793481	4.40687300
5.89611399	0.00793481	4.90127200
5.90111399	0.00793481	4.90127200
5.90611399	0.00793481	4.40687300
5.91111399	0.00793481	3.38755500
5.91611399	0.00793481	3.41196900
5.92111399	0.00793481	4.52284300
5.92611399	0.00793481	4.54725700
5.93111399	0.00793481	3.52794000
5.93611399	0.00793481	3.03354000
5.94111399	0.00793481	3.03354000
5.94611399	0.00793481	3.52794000
5.95111399	0.00793481	4.54725700
5.95611399	0.00793481	4.54725700
5.96111399	0.00793481	3.52794000
5.96611399	0.00793481	3.05795500
5.97111399	0.00793481	3.14951000
5.97611399	0.00793481	3.14951000
5.98111399	0.00793481	3.05795500
5.98611399	0.00793481	3.50352500
5.99111399	0.00793481	4.43128700
5.99611399	0.00793481	4.87685800
6.00111399	0.00793481	4.78530200
6.00611399	0.00793481	4.76088700
6.01111399	0.00793481	4.76088700
6.01611399	0.00793481	4.76088700
6.02111399	0.00793481	4.76088700
6.02611399	0.00793481	4.76088700
6.03111399	0.00793481	4.76088700
6.03611399	0.00793481	4.78530200
6.04111399	0.00793481	4.87685800
6.04611399	0.00793481	4.43128700
6.05111399	0.00793481	3.50352500
6.05611399	0.00793481	3.05795500
6.06111399	0.00793481	3.14951000
6.06611399	0.00793481	3.17392500
6.07111399	0.00793481	3.17392500
6.07611399	0.00793481	3.17392500
6.08111399	0.00793481	3.17392500
6.08611399	0.00793481	3.17392500
6.09111399	0.00793481	3.17392500
6.09611399	0.00793481	3.19834000
6.10111399	0.00793481	3.28989500
6.10611399	0.00793481	2.81991000
6.11111399	0.00793481	1.80059200
6.11611399	0.00793481	1.80059200
6.12111399	0.00793481	2.81991000
6.12611399	0.00793481	3.26548100
6.13111399	0.00793481	3.08237000
6.13611399	0.00793481	3.52794000
6.14111399	0.00793481	4.54725700
6.14611399	0.00793481	4.54725700
6.15111399	0.00793481	3.52794000
6.15611399	0.00793481	3.05795500
6.16111399	0.00793481	3.14951000
6.16611399	0.00793481	3.17392500
6.17111399	0.00793481	3.17392500
6.17611399	0.00793481	3.19834000
6.18111399	0.00793481	3.28989500
6.18611399	0.00793481	2.84432500
6.19111399	0.00793481	1.91656200
6.19611399	0.00793481	1.44657700
6.20111399	0.00793481	1.44657700
6.20611399	0.00793481	1.94097700
6.21111399	0.00793481	2.96029500
6.21611399	0.00793481	2.93588100
6.22111399	0.00793481	1.82500700
6.22611399	0.00793481	1.82500700
6.23111399	0.00793481	2.93588100
6.23611399	0.00793481	2.93588100
6.24111399	0.00793481	1.82500700
6.24611399	0.00793481	1.80059200
6.25111399	0.00793481	2.81991000
6.25611399	0.00793481	3.28989500
6.26111399	0.00793481	3.19834000
6.26611399	0.00793481	3.19834000
6.27111399	0.00793481	3.28989500
6.27611399	0.00793481	2.84432500
6.28111399	0.00793481	1.91656200
6.28611399	0.00793481	1.44657700
6.29111399	0.00793481	1.44657700
6.29611399	0.00793481	1.94097700
6.30111399	0.00793481	2.96029500
6.30611399	0.00793481	2.98471000
6.31111399	0.00793481	2.05694700
6.31611399	0.00793481	1.11697700
6.32111399	0.00793481	0.18921480
6.32611399	0.00793481	0.21362960
6.33111399	0.00793481	1.23294800
6.33611399	0.00793481	1.70293300
6.34111399	0.00793481	1.61137700
6.34611399	0.00793481	1.58696200
6.35111399	0.00793481	1.58696200
6.35611399	0.00793481	1.58696200
6.36111399	0.00793481	1.58696200
6.36611399	0.00793481	1.58696200
6.37111399	0.00793481	1.58696200
6.37611399	0.00793481	1.58696200
6.38111399	0.00793481	1.58696200
6.38611399	0.00793481	1.58696200
6.39111399	0.00793481	1.58696200
6.39611399	0.00793481	1.58696200
6.40111399	0.00793481	1.58696200
6.40611399	0.00793481	1.58696200
6.41111399	0.00793481	1.58696200
6.41611399	0.00793481	1.58696200
6.42111399	0.00793481	1.58696200
6.42611399	0.00793481	1.61137700
6.43111399	0.00793481	1.70293300
6.43611399	0.00793481	1.23294800
6.44111399	0.00793481	0.21362960
6.44611399	0.00793481	0.23804440
6.45111399	0.00793481	1.34891800
6.45611399	0.00793481	1.34891800
6.46111399	0.00793481	0.23804440
6.46611399	0.00793481	0.21362960
6.47111399	0.00793481	1.23294800
6.47611399	0.00793481	1.70293300
6.48111399	0.00793481	1.61137700
6.48611399	0.00793481	1.56254800
6.49111399	0.00793481	1.47099200
6.49611399	0.00793481	1.91656200
6.50111399	0.00793481	2.84432500
6.50611399	0.00793481	3.31431000
6.51111399	0.00793481	3.31431000
6.51611399	0.00793481	2.84432500
6.52111399	0.00793481	1.91656200
6.52611399	0.00793481	1.44657700
6.53111399	0.00793481	1.44657700
6.53611399	0.00793481	1.94097700
6.54111399	0.00793481	2.96029500
6.54611399	0.00793481	2.98471000
6.55111399	0.00793481	2.05694700
6.55611399	0.00793481	1.11697700
6.56111399	0.00793481	0.18921480
6.56611399	0.00793481	0.21362960
6.57111399	0.00793481	1.23294800
6.57611399	0.00793481	1.70293300
6.58111399	0.00793481	1.61137700
6.58611399	0.00793481	1.56254800
6.59111399	0.00793481	1.47099200
6.59611399	0.00793481	1.94097700
6.60111399	0.00793481	2.96029500
6.60611399	0.00793481	2.96029500
6.61111399	0.00793481	1.94097700
6.61611399	0.00793481	1.47099200
6.62111399	0.00793481	1.56254800
6.62611399	0.00793481	1.58696200
6.63111399	0.00793481	1.58696200
6.63611399	0.00793481	1.58696200
6.64111399	0.00793481	1.58696200
6.64611399	0.00793481	1.56254800
6.65111399	0.00793481	1.47099200
6.65611399	0.00793481	1.94097700
6.66111399	0.00793481	2.96029500
6.66611399	0.00793481	2.96029500
6.67111399	0.00793481	1.94097700
6.67611399	0.00793481	1.47099200
6.68111399	0.00793481	1.56254800
6.68611399	0.00793481	1.61137700
6.69111399	0.00793481	1.70293300
6.69611399	0.00793481	1.23294800
6.70111399	0.00793481	0.21362960
6.70611399	0.00793481	0.23804440
6.71111399	0.00793481	1.34891800
6.71611399	0.00793481	1.34891800
6.72111399	0.00793481	0.23804440
6.72611399	0.00793481	0.21362960
6.73111399	0.00793481	1.23294800
6.73611399	0.00793481	1.70293300
6.74111399	0.00793481	1.61137700
6.74611399	0.00793481	1.58696200
6.75111399	0.00793481	1.58696200
6.75611399	0.00793481	1.58696200
6.76111399	0.00793481	1.58696200
6.76611399	0.00793481	1.58696200
6.77111399	0.00793481	1.58696200
6.77611399	0.00793481	1.58696200
6.78111399	0.00793481	1.58696200
6.78611399	0.00793481	1.56254800
6.79111399	0.00793481	1.47099200
6.79611399	0.00793481	1.91656200
6.80111399	0.00793481	2.84432500
6.80611399	0.00793481	3.28989500
6.81111399	0.00793481	3.19834000
6.81611399	0.00793481	3.19834000
6.82111399	0.00793481	3.28989500
6.82611399	0.00793481	2.84432500
6.83111399	0.00793481	1.91656200
6.83611399	0.00793481	1.47099200
6.84111399	0.00793481	1.56254800
6.84611399	0.00793481	1.58696200
6.85111399	0.00793481	1.58696200
6.85611398	0.00793481	1.58696200
6.86111398	0.00793481	1.58696200
6.86611398	0.00793481	1.58696200
6.87111398	0.00793481	1.58696200
6.87611398	0.00793481	1.56254800
6.88111398	0.00793481	1.47099200
6.88611398	0.00793481	1.91656200
6.89111398	0.00793481	2.84432500
6.89611398	0.00793481	3.28989500
6.90111398	0.00793481	3.19834000
6.90611398	0.00793481	3.19834000
6.91111398	0.00793481	3.28989500
6.91611398	0.00793481	2.81991000
6.92111398	0.00793481	1.80059200
6.92611398	0.00793481	1.80059200
6.93111398	0.00793481	2.81991000
6.93611398	0.00793481	3.28989500
6.94111398	0.00793481	3.19834000
6.94611398	0.00793481	3.19834000
6.95111398	0.00793481	3.28989500
6.95611398	0.00793481	2.84432500
6.96111398	0.00793481	1.91656200
6.96611398	0.00793481	1.49540700
6.97111398	0.00793481	1.67851800
6.97611398	0.00793481	1.23294800
6.98111398	0.00793481	0.21362960
6.98611398	0.00793481	0.21362960
6.99111398	0.00793481	1.23294800
6.99611398	0.00793481	1.70293300
7.00111398	0.00793481	1.61137700
7.00611398	0.00793481	1.58696200
7.01111398	0.00793481	1.58696200
7.01611398	0.00793481	1.56254800
7.02111398	0.00793481	1.47099200
7.02611398	0.00793481	1.89214800
7.03111398	0.00793481	2.72835500
7.03611398	0.00793481	3.64391000
7.04111398	0.00793481	4.57167300
7.04611398	0.00793481	4.52284300
7.05111398	0.00793481	3.41196900
7.05611398	0.00793481	3.38755500
7.06111398	0.00793481	4.40687300
7.06611398	0.00793481	4.87685800
7.07111398	0.00793481	4.78530200
7.07611398	0.00793481	4.76088700
7.08111398	0.00793481	4.76088700
7.08611398	0.00805689	4.76088700
7.09111398	0.00851466	4.76088700
7.09611398	0.00616474	4.78530200
7.10111398	0.00106815	4.87685800
7.10611398	0.00119022	4.43128700
7.11111398	0.00674459	3.50352500
7.11611398	0.00674459	3.05795500
7.12111398	0.00119022	3.14951000
7.12611398	0.00106815	3.19834000
7.13111398	0.00616474	3.28989500
7.13611398	0.00863674	2.81991000
7.14111398	0.00863674	1.80059200
7.14611398	0.00616474	1.82500700
7.15111398	0.00106815	2.93588100
7.15611398	0.00106815	2.93588100
7.16111398	0.00616474	1.82500700
7.16611398	0.00851466	1.80059200
7.17111398	0.00805689	2.81991000
7.17611398	0.00793481	3.26548100
7.18111398	0.00793481	3.08237000
7.18611398	0.00793481	3.52794000
7.19111398	0.00793481	4.54725700
7.19611398	0.00805689	4.54725700
7.20111398	0.00851466	3.52794000
7.20611398	0.00616474	3.08237000
7.21111398	0.00106815	3.26548100
7.21611398	0.00106815	2.81991000
7.22111398	0.00616474	1.80059200
7.22611398	0.00851466	1.80059200
7.23111398	0.00805689	2.81991000
7.23611398	0.00793481	3.31431000
7.24111398	0.00793481	3.31431000
7.24611398	0.00793481	2.84432500
7.25111398	0.00793481	1.91656200
7.25611398	0.00793481	1.47099200
7.26111398	0.00793481	1.56254800
7.26611398	0.00793481	1.56254800
7.27111398	0.00793481	1.47099200
7.27611398	0.00793481	1.94097700
7.28111398	0.00793481	2.96029500
7.28611398	0.00805689	2.96029500
7.29111398	0.00851466	1.94097700
7.29611398	0.00628681	1.47099200
7.30111398	0.00164800	1.56254800
7.30611398	-0.00070193	1.58696200
7.31111398	-0.00070193	1.58696200
7.31611398	0.00164800	1.61137700
7.32111398	0.00628681	1.70293300
7.32611398	0.00863674	1.25736300
7.33111398	0.00863674	0.32959990
7.33611398	0.00628681	-0.14038510
7.34111398	0.00164800	-0.14038510
7.34611398	-0.00070193	0.35401470
7.35111398	-0.00070193	1.37333300
7.35611398	0.00164800	1.34891800
7.36111398	0.00628681	0.23804440
7.36611398	0.00863674	0.18921480
7.37111398	0.00863674	1.11697700
7.37611398	0.00616474	2.03253300
7.38111398	0.00106815	2.86874000
7.38611398	0.00119022	3.31431000
7.39111398	0.00674459	3.31431000
7.39611398	0.00686667	2.84432500
7.40111398	0.00177007	1.91656200
7.40611398	-0.00070193	1.44657700
7.41111398	-0.00070193	1.44657700
7.41611398	0.00164800	1.94097700
7.42111398	0.00628681	2.96029500
7.42611398	0.00851466	2.96029500
7.43111398	0.00805689	1.94097700
7.43611398	0.00805689	1.47099200
7.44111398	0.00851466	1.56254800
7.44611398	0.00628681	1.56254800
7.45111398	0.00164800	1.47099200
7.45611398	-0.00057985	1.94097700
7.46111398	-0.00012207	2.96029500
7.46611398	-0.00012207	2.93588100
7.47111398	-0.00057985	1.82500700
7.47611398	0.00164800	1.82500700
7.48111398	0.00628681	2.93588100
7.48611398	0.00863674	2.96029500
7.49111398	0.00863674	1.94097700
7.49611398	0.00628681	1.44657700
7.50111398	0.00164800	1.44657700
7.50611398	-0.00070193	1.94097700
7.51111398	-0.00070193	2.96029500
7.51611398	0.00177007	2.96029500
7.52111398	0.00686667	1.94097700
7.52611398	0.00686667	1.47099200
7.53111398	0.00177007	1.56254800
7.53611398	-0.00057985	1.58696200
7.54111398	-0.00012207	1.58696200
7.54611398	0.00000000	1.58696200
7.55111398	0.00000000	1.58696200
7.55611398	0.00000000	1.58696200
7.56111398	0.00000000	1.58696200
7.56611398	0.00000000	1.58696200
7.57111398	0.00000000	1.58696200
7.57611398	-0.00012207	1.61137700
7.58111398	-0.00057985	1.70293300
7.58611398	0.00177007	1.23294800
7.59111398	0.00686667	0.21362960
7.59611398	0.00686667	0.23804440
7.60111398	0.00177007	1.34891800
7.60611398	-0.00057985	1.37333300
7.61111398	-0.00012207	0.35401470
7.61611398	0.00000000	-0.14038510
7.62111398	0.00000000	-0.14038510
7.62611398	0.00000000	0.32959990
7.63111398	0.00000000	1.25736300
7.63611398	0.00000000	1.70293300
7.64111398	0.00000000	1.61137700
7.64611398	0.00000000	1.56254800
7.65111398	0.00000000	1.47099200
7.65611398	0.00000000	1.91656200
7.66111398	0.00000000	2.84432500
7.66611398	-0.00012207	3.26548100
7.67111398	-0.00057985	3.08237000
7.67611398	0.00177007	3.52794000
7.68111398	0.00686667	4.54725700
7.68611398	0.00686667	4.57167300
7.69111398	0.00177007	3.64391000
7.69611398	-0.00057985	2.70394000
7.70111398	-0.00012207	1.77617700
7.70611398	0.00000000	1.80059200
7.71111398	0.00000000	2.81991000
7.71611398	0.00000000	3.28989500
7.72111398	0.00000000	3.19834000
7.72611398	0.00000000	3.17392500
7.73111398	0.00000000	3.17392500
7.73611398	0.00000000	3.17392500
7.74111398	0.00000000	3.17392500
7.74611398	0.00000000	3.19834000
7.75111398	0.00000000	3.28989500
7.75611398	-0.00012207	2.84432500
7.76111398	-0.00057985	1.91656200
7.76611398	0.00177007	1.44657700
7.77111398	0.00686667	1.44657700
7.77611398	0.00686667	1.94097700
7.78111398	0.00177007	2.96029500
7.78611398	-0.00057985	2.96029500
7.79111398	-0.00012207	1.94097700
7.79611398	0.00000000	1.47099200
7.80111398	0.00000000	1.56254800
7.80611398	0.00000000	1.56254800
7.81111398	0.00000000	1.47099200
7.81611398	0.00000000	1.94097700
7.82111398	0.00000000	2.96029500
7.82611398	0.00000000	2.96029500
7.83111398	0.00000000	1.94097700
7.83611398	0.00000000	1.47099200
7.84111398	0.00000000	1.56254800
7.84611398	0.00000000	1.56254800
7.85111398	0.00000000	1.47099200
7.85611398	0.00000000	1.91656200
7.86111398	0.00000000	2.84432500
7.86611398	0.00000000	3.28989500
7.87111398	0.00000000	3.19834000
7.87611398	0.00000000	3.19834000
7.88111398	0.00000000	3.28989500
7.88611398	0.00000000	2.81991000
7.89111398	0.00000000	1.80059200
7.89611398	0.00000000	1.82500700
7.90111398	0.00000000	2.93588100
7.90611398	0.00000000	2.96029500
7.91111398	0.00000000	1.94097700
7.91611398	0.00000000	1.44657700
7.92111398	0.00000000	1.44657700
7.92611398	0.00000000	1.91656200
7.93111398	0.00000000	2.84432500
7.93611398	0.00000000	3.28989500
7.94111398	0.00000000	3.19834000
7.94611398	0.00000000	3.14951000
7.95111398	0.00000000	3.05795500
7.95611398	0.00000000	3.52794000
7.96111398	0.00000000	4.54725700
7.96611398	0.00000000	4.54725700
7.97111398	0.00000000	3.52794000
7.97611398	0.00000000	3.03354000
7.98111398	0.00000000	3.03354000
7.98611398	0.00000000	3.50352500
7.99111398	0.00000000	4.43128700
7.99611398	0.00000000	4.90127200
8.00111398	0.00000000	4.90127200
8.00611398	0.00000000	4.40687300
8.01111398	0.00000000	3.38755500
8.01611398	0.00000000	3.41196900
8.02111398	0.00000000	4.52284300
8.02611398	0.00000000	4.54725700
8.03111398	0.00000000	3.52794000
8.03611398	0.00000000	3.05795500
8.04111398	0.00000000	3.14951000
8.04611398	0.00000000	3.17392500
8.05111398	0.00000000	3.17392500
8.05611398	0.00000000	3.17392500
8.06111398	0.00000000	3.17392500
8.06611398	0.00000000	3.17392500
8.07111398	0.00000000	3.17392500
8.07611398	0.00000000	3.19834000
8.08111398	0.00000000	3.28989500
8.08611398	0.00000000	2.79549500
8.09111398	0.00000000	1.68462200
8.09611398	0.00000000	2.15460700
8.10111398	0.00000000	4.19324400
8.10611398	0.00000000	4.66322800
8.11111398	0.00000000	3.55235400
8.11611398	0.00000000	3.05795500
8.12111398	0.00000000	3.14951000
8.12611398	0.00000000	3.17392500
8.13111398	0.00000000	3.17392500
8.13611398	0.00000000	3.19834000
8.14111398	0.00000000	3.28989500
8.14611398	0.00000000	2.84432500
8.15111398	0.00000000	1.91656200
8.15611398	0.00000000	1.49540700
8.16111398	0.00000000	1.67851800
8.16611398	0.00000000	1.23294800
8.17111398	0.00000000	0.21362960
8.17611398	0.00000000	0.21362960
8.18111398	0.00000000	1.23294800
8.18611398	0.00000000	1.70293300
8.19111398	0.00000000	1.61137700
8.19611398	0.00000000	1.58696200
8.20111398	0.00000000	1.58696200
8.20611398	0.00000000	1.58696200
8.21111398	0.00000000	1.58696200
8.21611398	0.00000000	1.58696200
8.22111398	0.00000000	1.58696200
8.22611398	0.00000000	1.58696200
8.23111398	0.00000000	1.58696200
8.23611398	0.00000000	1.56254800
8.24111398	0.00000000	1.47099200
8.24611398	0.00000000	1.94097700
8.25111398	0.00000000	2.96029500
8.25611398	0.00000000	2.93588100
8.26111398	0.00000000	1.82500700
8.26611398	0.00000000	1.80059200
8.27111398	0.00000000	2.81991000
8.27611398	0.00000000	3.28989500
8.28111398	0.00000000	3.19834000
8.28611398	0.00000000	3.17392500
8.29111398	0.00000000	3.17392500
8.29611398	0.00000000	3.19834000
8.30111398	0.00000000	3.28989500
8.30611398	0.00000000	2.81991000
8.31111398	0.00000000	1.80059200
8.31611398	0.00000000	1.80059200
8.32111398	0.00000000	2.81991000
8.32611398	0.00000000	3.31431000
8.33111398	0.00000000	3.31431000
8.33611398	0.00000000	2.84432500
8.34111398	0.00000000	1.91656200
8.34611398	0.00000000	1.47099200
8.35111398	0.00000000	1.56254800
8.35611398	0.00000000	1.58696200
8.36111398	0.00000000	1.58696200
8.36611398	0.00000000	1.58696200
8.37111398	0.00000000	1.58696200
8.37611398	0.00000000	1.58696200
8.38111398	0.00000000	1.58696200
8.38611398	0.00000000	1.61137700
8.39111398	0.00000000	1.70293300
8.39611398	0.00000000	1.23294800
8.40111398	0.00000000	0.21362960
8.40611398	0.00000000	0.21362960
8.41111398	0.00000000	1.23294800
8.41611398	0.00000000	1.72734800
8.42111398	0.00000000	1.72734800
8.42611398	0.00000000	1.23294800
8.43111398	0.00000000	0.21362960
8.43611398	0.00000000	0.21362960
8.44111398	0.00000000	1.23294800
8.44611398	0.00000000	1.70293300
8.45111398	0.00000000	1.61137700
8.45611398	0.00000000	1.58696200
8.46111398	0.00000000	1.58696200
8.46611398	0.00000000	1.56254800
8.47111398	0.00000000	1.47099200
8.47611398	0.00000000	1.91656200
8.48111398	0.00000000	2.84432500
8.48611398	0.00000000	3.28989500
8.49111398	0.00000000	3.19834000
8.49611398	0.00000000	3.17392500
8.50111397	0.00000000	3.17392500
8.50611397	0.00000000	3.17392500
8.51111397	0.00000000	3.17392500
8.51611397	0.00000000	3.17392500
8.52111397	0.00000000	3.17392500
8.52611397	0.00000000	3.14951000
8.53111397	0.00000000	3.05795500
8.53611397	0.00000000	3.50352500
8.54111397	0.00000000	4.43128700
8.54611397	0.00000000	4.90127200
8.55111397	0.00000000	4.90127200
8.55611397	0.00000000	4.40687300
8.56111397	0.00000000	3.38755500
8.56611397	0.00000000	3.41196900
8.57111397	0.00000000	4.52284300
8.57611397	0.00000000	4.54725700
8.58111397	0.00000000	3.52794000
8.58611397	0.00000000	3.03354000
8.59111397	0.00000000	3.03354000
8.59611397	0.00000000	3.52794000
8.60111397	0.00000000	4.54725700
8.60611397	0.00000000	4.57167300
8.61111397	0.00000000	3.64391000
8.61611397	0.00000000	2.67952500
8.62111397	0.00000000	1.66020700
8.62611397	0.00000000	2.15460700
8.63111397	0.00000000	4.19324400
8.63611397	0.00000000	4.66322800
8.64111397	0.00000000	3.55235400
8.64611397	0.00000000	3.05795500
8.65111397	0.00000000	3.14951000
8.65611397	0.00000000	3.17392500
8.66111397	0.00000000	3.17392500
8.66611397	0.00000000	3.17392500
8.67111397	0.00000000	3.17392500
8.67611397	0.00000000	3.14951000
8.68111397	0.00000000	3.05795500
8.68611397	0.00000000	3.52794000
8.69111397	0.00000000	4.54725700
8.69611397	0.00000000	4.54725700
8.70111397	0.00000000	3.52794000
8.70611397	0.00000000	3.08237000
8.71111397	0.00000000	3.26548100
8.71611397	0.00000000	2.81991000
8.72111397	0.00000000	1.80059200
8.72611397	0.00000000	1.82500700
8.73111397	0.00000000	2.93588100
8.73611397	0.00000000	2.96029500
8.74111397	0.00000000	1.94097700
8.74611397	0.00000000	1.47099200
8.75111397	0.00000000	1.56254800
8.75611397	0.00000000	1.58696200
8.76111397	0.00000000	1.58696200
8.76611397	0.00000000	1.61137700
8.77111397	0.00000000	1.70293300
8.77611397	0.00000000	1.23294800
8.78111397	0.00000000	0.21362960
8.78611397	0.00000000	0.21362960
8.79111397	0.00000000	1.23294800
8.79611397	0.00000000	1.67851800
8.80111397	0.00000000	1.49540700
8.80611397	0.00000000	1.94097700
8.81111397	0.00000000	2.96029500
8.81611397	0.00000000	2.93588100
8.82111397	0.00000000	1.82500700
8.82611397	0.00000000	1.80059200
8.83111397	0.00000000	2.81991000
8.83611397	0.00000000	3.28989500
8.84111397	0.00000000	3.19834000
8.84611397	0.00000000	3.17392500
8.85111397	0.00000000	3.17392500
8.85611397	0.00000000	3.17392500
8.86111397	0.00000000	3.17392500
8.86611397	0.00000000	3.17392500
8.87111397	0.00000000	3.17392500
8.87611397	0.00000000	3.17392500
8.88111397	0.00000000	3.17392500
8.88611397	0.00000000	3.14951000
8.89111397	0.00000000	3.05795500
8.89611397	0.00000000	3.50352500
8.90111397	0.00000000	4.43128700
8.90611397	0.00000000	4.87685800
8.91111397	0.00000000	4.78530200
8.91611397	0.00000000	4.78530200
8.92111397	0.00000000	4.87685800
8.92611397	0.00000000	4.40687300
8.93111397	0.00000000	3.38755500
8.93611397	0.00000000	3.43638400
8.94111397	0.00000000	4.63881300
8.94611397	0.00000000	4.21765800
8.95111397	0.00000000	2.27057700
8.95611397	0.00000000	1.35502200
8.96111397	0.00000000	1.53813300
8.96611397	0.00000000	1.58696200
8.97111397	0.00000000	1.58696200
8.97611397	0.00000000	1.58696200
8.98111397	0.00000000	1.58696200
8.98611397	0.00000000	1.58696200
8.99111397	0.00000000	1.58696200
8.99611397	0.00000000	1.58696200
9.00111397	0.00000000	1.58696200
9.00611397	0.00000000	1.56254800
9.01111397	0.00000000	1.47099200
9.01611397	0.00000000	1.89214800
9.02111397	0.00000000	2.72835500
9.02611397	0.00000000	3.64391000
9.03111397	0.00000000	4.57167300
