Time	Channel A	Channel B
(us)	(V)	(mV)

-1.01256596	0.00000000	4.78530200
-1.00756596	0.00000000	4.87685800
-1.00256596	0.00000000	4.40687300
-0.99756596	0.00000000	3.38755500
-0.99256596	0.00000000	3.41196900
-0.98756596	0.00000000	4.52284300
-0.98256596	0.00000000	4.52284300
-0.97756596	0.00000000	3.41196900
-0.97256596	0.00000000	3.41196900
-0.96756596	0.00000000	4.52284300
-0.96256596	0.00000000	4.54725700
-0.95756596	0.00000000	3.52794000
-0.95256596	0.00000000	3.05795500
-0.94756596	0.00000000	3.14951000
-0.94256596	0.00000000	3.17392500
-0.93756596	0.00000000	3.17392500
-0.93256596	0.00000000	3.17392500
-0.92756596	0.00000000	3.17392500
-0.92256596	0.00000000	3.17392500
-0.91756596	0.00000000	3.17392500
-0.91256596	0.00000000	3.14951000
-0.90756596	0.00000000	3.05795500
-0.90256596	0.00000000	3.47911000
-0.89756596	0.00000000	4.31531700
-0.89256596	0.00000000	5.23087300
-0.88756596	0.00000000	6.15863500
-0.88256596	0.00000000	6.10980600
-0.87756596	0.00000000	4.99893200
-0.87256596	0.00000000	4.99893200
-0.86756596	0.00000000	6.10980600
-0.86256596	0.00000000	6.13422100
-0.85756596	0.00000000	5.11490200
-0.85256596	0.00000000	4.66933200
-0.84756596	0.00000000	4.85244300
-0.84256596	0.00000000	4.38245800
-0.83756596	0.00000000	3.27158400
-0.83256596	0.00000000	3.74156900
-0.82756596	0.00000000	5.78020600
-0.82256596	0.00000000	6.25019100
-0.81756596	0.00000000	5.13931700
-0.81256596	0.00000000	4.64491700
-0.80756596	0.00000000	4.73647300
-0.80256596	0.00000000	4.76088700
-0.79756596	0.00000000	4.76088700
-0.79256596	0.00000000	4.78530200
-0.78756596	0.00000000	4.87685800
-0.78256596	0.00000000	4.40687300
-0.77756596	0.00000000	3.38755500
-0.77256596	0.00000000	3.38755500
-0.76756596	0.00000000	4.40687300
-0.76256596	0.00000000	4.87685800
-0.75756596	0.00000000	4.78530200
-0.75256596	0.00000000	4.78530200
-0.74756596	0.00000000	4.87685800
-0.74256596	0.00000000	4.40687300
-0.73756596	0.00000000	3.38755500
-0.73256596	0.00000000	3.41196900
-0.72756596	0.00000000	4.52284300
-0.72256596	0.00000000	4.54725700
-0.71756596	0.00000000	3.52794000
-0.71256596	0.00000000	3.05795500
-0.70756596	0.00000000	3.14951000
-0.70256596	0.00000000	3.19834000
-0.69756596	0.00000000	3.28989500
-0.69256596	0.00000000	2.84432500
-0.68756596	0.00000000	1.91656200
-0.68256596	0.00000000	1.44657700
-0.67756596	0.00000000	1.44657700
-0.67256596	0.00000000	1.91656200
-0.66756596	0.00000000	2.84432500
-0.66256596	0.00000000	3.28989500
-0.65756596	0.00000000	3.19834000
-0.65256596	0.00000000	3.17392500
-0.64756596	0.00000000	3.17392500
-0.64256596	0.00000000	3.14951000
-0.63756596	0.00000000	3.05795500
-0.63256596	0.00000000	3.50352500
-0.62756596	0.00000000	4.43128700
-0.62256596	0.00000000	4.87685800
-0.61756596	0.00000000	4.78530200
-0.61256596	0.00000000	4.76088700
-0.60756596	0.00000000	4.76088700
-0.60256596	0.00000000	4.76088700
-0.59756596	0.00000000	4.76088700
-0.59256596	0.00000000	4.76088700
-0.58756596	0.00000000	4.76088700
-0.58256596	0.00000000	4.76088700
-0.57756596	0.00000000	4.76088700
-0.57256596	0.00000000	4.76088700
-0.56756596	0.00000000	4.76088700
-0.56256596	0.00000000	4.76088700
-0.55756596	0.00000000	4.76088700
-0.55256596	0.00000000	4.78530200
-0.54756596	0.00000000	4.87685800
-0.54256596	0.00000000	4.43128700
-0.53756596	0.00000000	3.50352500
-0.53256596	0.00000000	3.05795500
-0.52756596	0.00000000	3.14951000
-0.52256596	0.00000000	3.17392500
-0.51756596	0.00000000	3.17392500
-0.51256596	0.00000000	3.19834000
-0.50756596	0.00000000	3.28989500
-0.50256596	0.00000000	2.81991000
-0.49756596	0.00000000	1.80059200
-0.49256596	0.00000000	1.80059200
-0.48756596	0.00000000	2.81991000
-0.48256596	0.00000000	3.28989500
-0.47756596	0.00000000	3.19834000
-0.47256596	0.00000000	3.17392500
-0.46756596	0.00000000	3.17392500
-0.46256596	0.00000000	3.17392500
-0.45756596	0.00000000	3.17392500
-0.45256596	0.00000000	3.17392500
-0.44756596	0.00000000	3.17392500
-0.44256596	0.00000000	3.17392500
-0.43756596	0.00000000	3.17392500
-0.43256596	0.00000000	3.17392500
-0.42756596	0.00000000	3.17392500
-0.42256596	0.00000000	3.17392500
-0.41756596	0.00000000	3.17392500
-0.41256596	0.00000000	3.17392500
-0.40756596	0.00000000	3.17392500
-0.40256596	0.00000000	3.17392500
-0.39756596	0.00000000	3.17392500
-0.39256596	0.00000000	3.17392500
-0.38756596	0.00000000	3.17392500
-0.38256596	0.00000000	3.14951000
-0.37756596	0.00000000	3.05795500
-0.37256596	0.00000000	3.50352500
-0.36756596	0.00000000	4.43128700
-0.36256596	0.00000000	4.90127200
-0.35756596	0.00000000	4.90127200
-0.35256596	0.00000000	4.40687300
-0.34756596	0.00000000	3.38755500
-0.34256596	0.00000000	3.36314000
-0.33756596	0.00000000	4.29090200
-0.33256596	0.00000000	5.20645800
-0.32756596	0.00000000	6.04266500
-0.32256596	0.00000000	6.46382000
-0.31756596	0.00000000	6.37226500
-0.31256596	0.00000000	6.34785000
-0.30756596	0.00000000	6.34785000
-0.30256596	0.00000000	6.34785000
-0.29756596	0.00000000	6.34785000
-0.29256596	0.00000000	6.34785000
-0.28756596	0.00000000	6.34785000
-0.28256596	0.00000000	6.34785000
-0.27756596	0.00000000	6.34785000
-0.27256596	0.00000000	6.34785000
-0.26756596	0.00000000	6.34785000
-0.26256596	0.00000000	6.32343500
-0.25756596	0.00000000	6.23187900
-0.25256596	0.00000000	6.67745000
-0.24756596	0.00000000	7.60521200
-0.24256596	0.00000000	8.05078300
-0.23756596	0.00000000	7.95922800
-0.23256596	0.00000000	7.95922800
-0.22756596	0.00000000	8.05078300
-0.22256596	0.00000000	7.60521200
-0.21756596	0.00000000	6.67745000
-0.21256596	0.00000000	6.23187900
-0.20756596	0.00000000	6.32343500
-0.20256596	0.00000000	6.32343500
-0.19756596	0.00000000	6.23187900
-0.19256596	0.00000000	6.70186400
-0.18756596	0.00000000	7.72118300
-0.18256596	0.00000000	7.69676800
-0.17756596	0.00000000	6.58589400
-0.17256596	0.00000000	6.58589400
-0.16756596	0.00000000	7.69676800
-0.16256596	0.00000000	7.72118300
-0.15756596	0.00000000	6.70186400
-0.15256596	0.00000000	6.25629500
-0.14756596	0.00000000	6.43940500
-0.14256596	0.00000000	6.01825000
-0.13756596	0.00000000	5.09048700
-0.13256596	0.00000000	4.64491700
-0.12756596	0.00000000	4.73647300
-0.12256596	-0.00012207	4.76088700
-0.11756596	-0.00057985	4.76088700
-0.11256596	0.00164800	4.80971700
-0.10756596	0.00628681	4.99282800
-0.10256596	0.00839259	4.12610200
-0.09756596	0.00747704	2.36213300
-0.09256596	0.00946074	1.06814800
-0.08756596	0.01364177	0.51881460
-0.08256596	0.01788385	-0.75685910
-0.07756596	0.02108829	-2.41706600
-0.07256596	0.02758873	-3.73546600
-0.06756596	0.03588977	-4.48011700
-0.06256596	0.04239021	-4.82802800
-0.05756596	0.04559465	-4.55336100
-0.05256596	0.04971465	-5.42008700
-0.04756596	0.05343791	-7.27561200
-0.04256596	0.05764946	-8.16675300
-0.03756596	0.06137272	-7.98364200
-0.03256596	0.06549272	-7.93481200
-0.02756596	0.06869716	-7.93481200
-0.02256596	0.07519761	-7.93481200
-0.01756596	0.08349864	-7.93481200
-0.01256596	0.08999909	-7.95922800
-0.00756596	0.09320353	-8.05078300
-0.00256596	0.09732353	-7.60521200
0.00243404	0.10104680	-6.67745000
0.00743404	0.10516680	-6.25629500
0.01243404	0.10837120	-6.43940500
0.01743404	0.11487170	-6.04266500
0.02243404	0.12317270	-5.20645800
0.02743404	0.12967320	-4.29090200
0.03243404	0.13287760	-3.36314000
0.03743404	0.13702810	-3.41196900
0.04243404	0.14072080	-4.52284300
0.04743404	0.14499340	-4.54725700
0.05243404	0.14868620	-3.52794000
0.05743404	0.15289770	-3.05795500
0.06243404	0.15662100	-3.14951000
0.06743404	0.16083250	-3.17392500
0.07243404	0.16455580	-3.17392500
0.07743404	0.16876740	-3.14951000
0.08243404	0.17249060	-3.05795500
0.08743404	0.17670220	-3.47911000
0.09243404	0.18042540	-4.31531700
0.09743404	0.18463700	-5.20645800
0.10243404	0.18836020	-6.04266500
0.10743404	0.19257180	-6.46382000
0.11243404	0.19629510	-6.37226500
0.11743404	0.20062870	-6.34785000
0.12243404	0.20480970	-6.34785000
0.12743404	0.20679340	-6.37226500
0.13243404	0.20587790	-6.46382000
0.13743404	0.20786160	-5.96942000
0.14243404	0.21204260	-4.85854700
0.14743404	0.21649830	-5.30411700
0.15243404	0.22067930	-7.25119700
0.15743404	0.22278510	-8.19116800
0.16243404	0.22232730	-8.09961200
0.16743404	0.22208320	-7.60521200
0.17243404	0.22162540	-6.67745000
0.17743404	0.22373120	-6.23187900
0.18243404	0.22791220	-6.32343500
0.18743404	0.23236790	-6.34785000
0.19243404	0.23654900	-6.34785000
0.19743404	0.23865470	-6.34785000
0.20243404	0.23819700	-6.34785000
0.20743404	0.23795280	-6.34785000
0.21243404	0.23749500	-6.34785000
0.21743404	0.23972290	-6.34785000
0.22243404	0.24436170	-6.34785000
0.22743404	0.24658960	-6.34785000
0.23243404	0.24613180	-6.34785000
0.23743404	0.24588760	-6.34785000
0.24243404	0.24542990	-6.34785000
0.24743404	0.24765770	-6.34785000
0.25243404	0.25229650	-6.34785000
0.25743403	0.25452440	-6.37226500
0.26243403	0.25406660	-6.46382000
0.26743403	0.25394450	-5.96942000
0.27243403	0.25394450	-4.85854700
0.27743403	0.25382240	-5.32853200
0.28243403	0.25336470	-7.36716800
0.28743403	0.25559250	-7.83715300
0.29243403	0.26023130	-6.72627900
0.29743403	0.26245920	-6.20746500
0.30243403	0.26200140	-6.20746500
0.30743403	0.26187930	-6.67745000
0.31243403	0.26187930	-7.60521200
0.31743403	0.26187930	-8.05078300
0.32243403	0.26187930	-7.95922800
0.32743403	0.26187930	-7.93481200
0.33243403	0.26187930	-7.93481200
0.33743403	0.26187930	-7.93481200
0.34243403	0.26187930	-7.93481200
0.34743403	0.26187930	-7.93481200
0.35243403	0.26187930	-7.93481200
0.35743403	0.26187930	-7.95922800
0.36243403	0.26187930	-8.05078300
0.36743403	0.26187930	-7.60521200
0.37243403	0.26187930	-6.67745000
0.37743403	0.26200140	-6.23187900
0.38243403	0.26245920	-6.32343500
0.38743403	0.26023130	-6.37226500
0.39243403	0.25559250	-6.46382000
0.39743403	0.25336470	-6.01825000
0.40243403	0.25382240	-5.09048700
0.40743403	0.25394450	-4.66933200
0.41243403	0.25394450	-4.85244300
0.41743403	0.25406660	-4.43128700
0.42243403	0.25452440	-3.50352500
0.42743403	0.25229650	-3.08237000
0.43243403	0.24765770	-3.26548100
0.43743403	0.24542990	-2.84432500
0.44243403	0.24588760	-1.91656200
0.44743403	0.24613180	-1.44657700
0.45243403	0.24658960	-1.44657700
0.45743403	0.24436170	-1.94097700
0.46243403	0.23972290	-2.96029500
0.46743403	0.23761710	-2.96029500
0.47243403	0.23853270	-1.94097700
0.47743403	0.23642690	-1.47099200
0.48243403	0.23178810	-1.56254800
0.48743403	0.22956020	-1.58696200
0.49243403	0.23001800	-1.58696200
0.49743403	0.23026220	-1.58696200
0.50243403	0.23071990	-1.58696200
0.50743403	0.22849210	-1.56254800
0.51243403	0.22385330	-1.47099200
0.51743403	0.22162540	-1.91656200
0.52243403	0.22208320	-2.84432500
0.52743403	0.22232730	-3.26548100
0.53243403	0.22278510	-3.08237000
0.53743403	0.22055730	-3.52794000
0.54243403	0.21591850	-4.54725700
0.54743403	0.21369060	-4.54725700
0.55243403	0.21414840	-3.52794000
0.55743403	0.21427050	-3.05795500
0.56243403	0.21427050	-3.14951000
0.56743403	0.21427050	-3.17392500
0.57243403	0.21427050	-3.17392500
0.57743403	0.21439250	-3.19834000
0.58243403	0.21485030	-3.28989500
0.58743403	0.21262240	-2.84432500
0.59243403	0.20798360	-1.91656200
0.59743403	0.20575580	-1.49540700
0.60243403	0.20621360	-1.67851800
0.60743403	0.20633560	-1.25736300
0.61243403	0.20633560	-0.32959990
0.61743403	0.20633560	0.11597030
0.62243403	0.20633560	0.02441481
0.62743403	0.20633560	0.00000000
0.63243403	0.20633560	0.00000000
0.63743403	0.20645770	0.00000000
0.64243403	0.20691550	0.00000000
0.64743403	0.20468760	0.00000000
0.65243403	0.20004880	0.00000000
0.65743403	0.19782100	-0.02441481
0.66243403	0.19827880	-0.11597030
0.66743403	0.19840080	0.35401470
0.67243403	0.19840080	1.37333300
0.67743403	0.19840080	1.37333300
0.68243403	0.19840080	0.35401470
0.68743403	0.19840080	-0.11597030
0.69243403	0.19840080	-0.02441481
0.69743403	0.19852290	0.00000000
0.70243403	0.19898070	0.00000000
0.70743403	0.19675280	0.00000000
0.71243403	0.19211400	0.00000000
0.71743403	0.18988620	-0.02441481
0.72243403	0.19034390	-0.11597030
0.72743403	0.19046600	0.32959990
0.73243403	0.19046600	1.25736300
0.73743403	0.19046600	1.67851800
0.74243403	0.19046600	1.49540700
0.74743403	0.19046600	1.94097700
0.75243403	0.19046600	2.96029500
0.75743403	0.19046600	2.93588100
0.76243403	0.19046600	1.82500700
0.76743403	0.19046600	1.82500700
0.77243403	0.19046600	2.93588100
0.77743403	0.19046600	2.93588100
0.78243403	0.19046600	1.82500700
0.78743403	0.19058810	1.80059200
0.79243403	0.19104590	2.81991000
0.79743403	0.18881800	3.26548100
0.80243403	0.18417920	3.08237000
0.80743403	0.18195140	3.52794000
0.81243403	0.18240910	4.54725700
0.81743403	0.18253120	4.54725700
0.82243403	0.18253120	3.52794000
0.82743403	0.18253120	3.05795500
0.83243403	0.18253120	3.14951000
0.83743403	0.18253120	3.17392500
0.84243403	0.18253120	3.17392500
0.84743403	0.18253120	3.14951000
0.85243403	0.18253120	3.05795500
0.85743403	0.18253120	3.50352500
0.86243403	0.18253120	4.43128700
0.86743403	0.18265330	4.87685800
0.87243403	0.18311110	4.78530200
0.87743403	0.18088320	4.76088700
0.88243403	0.17624440	4.76088700
0.88743403	0.17401650	4.76088700
0.89243403	0.17447430	4.76088700
0.89743403	0.17459640	4.78530200
0.90243403	0.17459640	4.87685800
0.90743403	0.17459640	4.40687300
0.91243403	0.17459640	3.38755500
0.91743403	0.17459640	3.41196900
0.92243403	0.17459640	4.52284300
0.92743403	0.17459640	4.54725700
0.93243403	0.17459640	3.52794000
0.93743403	0.17459640	3.05795500
0.94243403	0.17459640	3.14951000
0.94743403	0.17471850	3.17392500
0.95243403	0.17517620	3.17392500
0.95743403	0.17294840	3.17392500
0.96243403	0.16830960	3.17392500
0.96743403	0.16608170	3.17392500
0.97243403	0.16653950	3.17392500
0.97743403	0.16666160	3.14951000
0.98243403	0.16666160	3.05795500
0.98743403	0.16666160	3.50352500
0.99243403	0.16666160	4.43128700
0.99743403	0.16666160	4.87685800
1.00243403	0.16666160	4.78530200
1.00743403	0.16666160	4.76088700
1.01243403	0.16666160	4.76088700
1.01743403	0.16666160	4.76088700
1.02243403	0.16666160	4.76088700
1.02743403	0.16666160	4.73647300
1.03243403	0.16666160	4.64491700
1.03743403	0.16678370	5.11490200
1.04243403	0.16724140	6.13422100
1.04743403	0.16501360	6.13422100
1.05243403	0.16037480	5.11490200
1.05743403	0.15814690	4.64491700
1.06243403	0.15860470	4.73647300
1.06743403	0.15872680	4.76088700
1.07243403	0.15872680	4.76088700
1.07743403	0.15872680	4.76088700
1.08243403	0.15872680	4.76088700
1.08743403	0.15872680	4.76088700
1.09243403	0.15872680	4.76088700
1.09743403	0.15872680	4.76088700
1.10243403	0.15872680	4.76088700
1.10743403	0.15872680	4.78530200
1.11243403	0.15872680	4.87685800
1.11743403	0.15872680	4.40687300
1.12243403	0.15872680	3.38755500
1.12743403	0.15872680	3.38755500
1.13243403	0.15872680	4.40687300
1.13743403	0.15884880	4.87685800
1.14243403	0.15930660	4.78530200
1.14743403	0.15695670	4.73647300
1.15243403	0.15186010	4.64491700
1.15743403	0.15198220	5.09048700
1.16243403	0.15753660	6.01825000
1.16743403	0.15765860	6.46382000
1.17243403	0.15256200	6.37226500
1.17743403	0.15021210	6.37226500
1.18243403	0.15066990	6.46382000
1.18743403	0.15079200	5.99383500
1.19243403	0.15079200	4.97451700
1.19743403	0.15079200	4.99893200
1.20243403	0.15079200	6.10980600
1.20743403	0.15079200	6.10980600
1.21243403	0.15079200	4.99893200
1.21743403	0.15079200	4.99893200
1.22243403	0.15079200	6.10980600
1.22743403	0.15079200	6.13422100
1.23243403	0.15079200	5.11490200
1.23743403	0.15079200	4.64491700
1.24243403	0.15079200	4.73647300
1.24743403	0.15091400	4.76088700
1.25243403	0.15137180	4.76088700
1.25743403	0.14914390	4.76088700
1.26243403	0.14450510	4.76088700
1.26743403	0.14227730	4.76088700
1.27243403	0.14273510	4.76088700
1.27743403	0.14285710	4.73647300
1.28243403	0.14285710	4.64491700
1.28743403	0.14285710	5.09048700
1.29243403	0.14285710	6.01825000
1.29743403	0.14285710	6.48823500
1.30243403	0.14285710	6.48823500
1.30743403	0.14285710	5.99383500
1.31243403	0.14285710	4.97451700
1.31743403	0.14285710	4.97451700
1.32243403	0.14285710	5.99383500
1.32743403	0.14285710	6.48823500
1.33243403	0.14285710	6.48823500
1.33743403	0.14297920	6.01825000
1.34243403	0.14343700	5.09048700
1.34743403	0.14120910	4.64491700
1.35243403	0.13653980	4.73647300
1.35743403	0.13431200	4.73647300
1.36243403	0.13476970	4.64491700
1.36743403	0.13489180	5.11490200
1.37243403	0.13489180	6.13422100
1.37743403	0.13489180	6.13422100
1.38243403	0.13489180	5.11490200
1.38743403	0.13489180	4.64491700
1.39243403	0.13489180	4.73647300
1.39743403	0.13489180	4.76088700
1.40243403	0.13489180	4.76088700
1.40743403	0.13489180	4.76088700
1.41243403	0.13489180	4.76088700
1.41743403	0.13489180	4.73647300
1.42243403	0.13489180	4.64491700
1.42743403	0.13489180	5.11490200
1.43243403	0.13489180	6.13422100
1.43743403	0.13489180	6.10980600
1.44243403	0.13489180	4.99893200
1.44743403	0.13489180	4.97451700
1.45243403	0.13489180	5.99383500
1.45743403	0.13501390	6.48823500
1.46243403	0.13547170	6.48823500
1.46743403	0.13324380	5.99383500
1.47243403	0.12860500	4.97451700
1.47743403	0.12637720	4.97451700
1.48243403	0.12683490	5.99383500
1.48743403	0.12695700	6.48823500
1.49243403	0.12695700	6.48823500
1.49743403	0.12695700	5.99383500
1.50243403	0.12695700	4.97451700
1.50743403	0.12695700	4.97451700
1.51243403	0.12695700	5.99383500
1.51743403	0.12695700	6.46382000
1.52243403	0.12695700	6.37226500
1.52743403	0.12695700	6.37226500
1.53243403	0.12695700	6.46382000
1.53743403	0.12695700	6.01825000
1.54243403	0.12695700	5.09048700
1.54743403	0.12695700	4.64491700
1.55243403	0.12695700	4.73647300
1.55743403	0.12707910	4.73647300
1.56243403	0.12753680	4.64491700
1.56743403	0.12530900	5.11490200
1.57243403	0.12067020	6.13422100
1.57743403	0.11844230	6.13422100
1.58243403	0.11890010	5.11490200
1.58743403	0.11902220	4.62050200
1.59243403	0.11902220	4.62050200
1.59743403	0.11902220	5.09048700
1.60243403	0.11902220	6.01825000
1.60743403	0.11902220	6.46382000
1.61243403	0.11902220	6.37226500
1.61743403	0.11902220	6.37226500
1.62243403	0.11902220	6.46382000
1.62743403	0.11902220	5.99383500
1.63243403	0.11902220	4.97451700
1.63743403	0.11902220	4.97451700
1.64243403	0.11902220	5.99383500
1.64743403	0.11902220	6.46382000
1.65243403	0.11902220	6.37226500
1.65743403	0.11902220	6.34785000
1.66243403	0.11902220	6.34785000
1.66743403	0.11902220	6.34785000
1.67243403	0.11902220	6.34785000
1.67743403	0.11902220	6.34785000
1.68243403	0.11902220	6.34785000
1.68743403	0.11902220	6.34785000
1.69243403	0.11902220	6.34785000
1.69743403	0.11914430	6.34785000
1.70243403	0.11960200	6.34785000
1.70743403	0.11737420	6.34785000
1.71243403	0.11273540	6.34785000
1.71743403	0.11050750	6.34785000
1.72243403	0.11096530	6.34785000
1.72743403	0.11108740	6.32343500
1.73243403	0.11108740	6.23187900
1.73743403	0.11108740	6.67745000
1.74243403	0.11108740	7.60521200
1.74743403	0.11108740	8.05078300
1.75243403	0.11108740	7.95922800
1.75743403	0.11108740	7.95922800
1.76243403	0.11108740	8.05078300
1.76743403	0.11108740	7.60521200
1.77243403	0.11108740	6.67745000
1.77743403	0.11108740	6.20746500
1.78243403	0.11108740	6.20746500
1.78743403	0.11108740	6.67745000
1.79243403	0.11108740	7.60521200
1.79743403	0.11108740	8.05078300
1.80243403	0.11108740	7.95922800
1.80743403	0.11108740	7.93481200
1.81243403	0.11108740	7.93481200
1.81743403	0.11108740	7.93481200
1.82243403	0.11108740	7.93481200
1.82743403	0.11120950	7.93481200
1.83243403	0.11166720	7.93481200
1.83743403	0.10943940	7.95922800
1.84243403	0.10480060	8.05078300
1.84743403	0.10257270	7.60521200
1.85243403	0.10303050	6.67745000
1.85743403	0.10315260	6.23187900
1.86243403	0.10315260	6.32343500
1.86743403	0.10315260	6.34785000
1.87243403	0.10315260	6.34785000
1.87743403	0.10315260	6.34785000
1.88243403	0.10315260	6.34785000
1.88743403	0.10315260	6.34785000
1.89243403	0.10315260	6.34785000
1.89743403	0.10315260	6.34785000
1.90243402	0.10315260	6.34785000
1.90743402	0.10315260	6.34785000
1.91243402	0.10315260	6.34785000
1.91743402	0.10315260	6.34785000
1.92243402	0.10315260	6.34785000
1.92743402	0.10315260	6.37226500
1.93243402	0.10315260	6.46382000
1.93743402	0.10315260	6.01825000
1.94243402	0.10315260	5.09048700
1.94743402	0.10315260	4.62050200
1.95243402	0.10315260	4.62050200
1.95743402	0.10315260	5.11490200
1.96243402	0.10315260	6.13422100
1.96743402	0.10315260	6.13422100
1.97243402	0.10315260	5.11490200
1.97743402	0.10327460	4.64491700
1.98243402	0.10373240	4.73647300
1.98743402	0.10138250	4.76088700
1.99243402	0.09628589	4.76088700
1.99743402	0.09640797	4.76088700
2.00243402	0.10196230	4.76088700
2.00743402	0.10208440	4.76088700
2.01243402	0.09698782	4.76088700
2.01743402	0.09463790	4.73647300
2.02243402	0.09509568	4.64491700
2.02743402	0.09521775	5.09048700
2.03243402	0.09521775	6.01825000
2.03743402	0.09521775	6.48823500
2.04243402	0.09521775	6.48823500
2.04743402	0.09521775	5.99383500
2.05243402	0.09521775	4.97451700
2.05743402	0.09521775	4.95010200
2.06243402	0.09521775	5.87786500
2.06743402	0.09521775	6.81783500
2.07243402	0.09521775	7.74559700
2.07743402	0.09521775	7.72118300
2.08243402	0.09521775	6.70186400
2.08743402	0.09521775	6.20746500
2.09243402	0.09521775	6.20746500
2.09743402	0.09521775	6.67745000
2.10243402	0.09521775	7.60521200
2.10743402	0.09521775	8.05078300
2.11243402	0.09521775	7.95922800
2.11743402	0.09521775	7.95922800
2.12243402	0.09521775	8.05078300
2.12743402	0.09521775	7.60521200
2.13243402	0.09521775	6.67745000
2.13743402	0.09533982	6.23187900
2.14243402	0.09579760	6.32343500
2.14743402	0.09356975	6.34785000
2.15243402	0.08893093	6.34785000
2.15743402	0.08670308	6.34785000
2.16243402	0.08716086	6.34785000
2.16743402	0.08728294	6.37226500
2.17243402	0.08728294	6.46382000
2.17743402	0.08728294	5.99383500
2.18243402	0.08728294	4.97451700
2.18743402	0.08728294	4.97451700
2.19243402	0.08728294	5.99383500
2.19743402	0.08728294	6.43940500
2.20243402	0.08728294	6.25629500
2.20743402	0.08728294	6.65303500
2.21243402	0.08728294	7.48924200
2.21743402	0.08728294	8.40479800
2.22243402	0.08728294	9.33256100
2.22743402	0.08728294	9.30814500
2.23243402	0.08728294	8.28882700
2.23743402	0.08728294	7.81884200
2.24243402	0.08728294	7.91039800
2.24743402	0.08728294	7.93481200
2.25243402	0.08728294	7.93481200
2.25743402	0.08728294	7.93481200
2.26243402	0.08728294	7.93481200
2.26743402	0.08728294	7.93481200
2.27243402	0.08728294	7.93481200
2.27743402	0.08728294	7.95922800
2.28243402	0.08728294	8.05078300
2.28743402	0.08728294	7.60521200
2.29243402	0.08728294	6.67745000
2.29743402	0.08728294	6.20746500
2.30243402	0.08728294	6.20746500
2.30743402	0.08740501	6.70186400
2.31243402	0.08786279	7.72118300
2.31743402	0.08551286	7.69676800
2.32243402	0.08041627	6.58589400
2.32743402	0.08053835	6.56148000
2.33243402	0.08609272	7.58079800
2.33743402	0.08621479	8.05078300
2.34243402	0.08111820	7.95922800
2.34743402	0.07876828	7.95922800
2.35243402	0.07922605	8.05078300
2.35743402	0.07934812	7.58079800
2.36243402	0.07934812	6.56148000
2.36743402	0.07934812	6.58589400
2.37243402	0.07934812	7.69676800
2.37743402	0.07934812	7.72118300
2.38243402	0.07934812	6.70186400
2.38743402	0.07934812	6.23187900
2.39243402	0.07934812	6.32343500
2.39743402	0.07934812	6.34785000
2.40243402	0.07934812	6.34785000
2.40743402	0.07934812	6.34785000
2.41243402	0.07934812	6.34785000
2.41743402	0.07934812	6.34785000
2.42243402	0.07934812	6.34785000
2.42743402	0.07934812	6.37226500
2.43243402	0.07934812	6.46382000
2.43743402	0.07934812	5.99383500
2.44243402	0.07934812	4.97451700
2.44743402	0.07934812	4.97451700
2.45243402	0.07934812	5.99383500
2.45743402	0.07934812	6.46382000
2.46243402	0.07934812	6.37226500
2.46743402	0.07934812	6.34785000
2.47243402	0.07934812	6.34785000
2.47743402	0.07934812	6.37226500
2.48243402	0.07934812	6.46382000
2.48743402	0.07934812	5.99383500
2.49243402	0.07934812	4.97451700
2.49743402	0.07934812	4.97451700
2.50243402	0.07934812	5.99383500
2.50743402	0.07934812	6.46382000
2.51243402	0.07934812	6.37226500
2.51743402	0.07947020	6.34785000
2.52243402	0.07992797	6.34785000
2.52743402	0.07770012	6.37226500
2.53243402	0.07306131	6.46382000
2.53743402	0.07083346	5.99383500
2.54243402	0.07129124	4.97451700
2.54743402	0.07141331	4.97451700
2.55243402	0.07141331	5.99383500
2.55743402	0.07141331	6.46382000
2.56243402	0.07141331	6.37226500
2.56743402	0.07141331	6.37226500
2.57243402	0.07141331	6.46382000
2.57743402	0.07141331	5.99383500
2.58243402	0.07141331	4.97451700
2.58743402	0.07141331	4.97451700
2.59243402	0.07141331	5.99383500
2.59743402	0.07141331	6.46382000
2.60243402	0.07141331	6.37226500
2.60743402	0.07141331	6.34785000
2.61243402	0.07141331	6.34785000
2.61743402	0.07141331	6.32343500
2.62243402	0.07141331	6.23187900
2.62743402	0.07141331	6.70186400
2.63243402	0.07141331	7.72118300
2.63743402	0.07141331	7.69676800
2.64243402	0.07141331	6.58589400
2.64743402	0.07141331	6.56148000
2.65243402	0.07141331	7.58079800
2.65743402	0.07141331	8.05078300
2.66243402	0.07141331	7.95922800
2.66743402	0.07141331	7.95922800
2.67243402	0.07141331	8.05078300
2.67743402	0.07141331	7.58079800
2.68243402	0.07141331	6.56148000
2.68743402	0.07153539	6.56148000
2.69243402	0.07199316	7.58079800
2.69743402	0.06964324	8.07519700
2.70243402	0.06454664	8.07519700
2.70743402	0.06454664	7.60521200
2.71243402	0.06964324	6.67745000
2.71743402	0.07211524	6.23187900
2.72243402	0.07211524	6.32343500
2.72743402	0.06964324	6.34785000
2.73243402	0.06454664	6.34785000
2.73743402	0.06466872	6.32343500
2.74243402	0.07022309	6.23187900
2.74743402	0.07034516	6.70186400
2.75243402	0.06524857	7.72118300
2.75743402	0.06289865	7.72118300
2.76243402	0.06335643	6.70186400
2.76743402	0.06347850	6.25629500
2.77243402	0.06347850	6.43940500
2.77743402	0.06347850	5.99383500
2.78243402	0.06347850	4.97451700
2.78743402	0.06347850	4.97451700
2.79243402	0.06347850	5.99383500
2.79743402	0.06347850	6.43940500
2.80243402	0.06347850	6.25629500
2.80743402	0.06347850	6.72627900
2.81243402	0.06347850	7.83715300
2.81743402	0.06347850	7.36716800
2.82243402	0.06347850	5.32853200
2.82743402	0.06347850	4.85854700
2.83243402	0.06347850	5.96942000
2.83743402	0.06347850	6.43940500
2.84243402	0.06347850	6.25629500
2.84743402	0.06347850	6.70186400
2.85243402	0.06347850	7.72118300
2.85743402	0.06347850	7.69676800
2.86243402	0.06347850	6.58589400
2.86743402	0.06347850	6.56148000
2.87243402	0.06347850	7.58079800
2.87743402	0.06347850	8.05078300
2.88243402	0.06347850	7.95922800
2.88743402	0.06347850	7.95922800
2.89243402	0.06347850	8.05078300
2.89743402	0.06347850	7.60521200
2.90243402	0.06347850	6.67745000
2.90743402	0.06347850	6.20746500
2.91243402	0.06347850	6.20746500
2.91743402	0.06347850	6.70186400
2.92243402	0.06347850	7.72118300
2.92743402	0.06347850	7.69676800
2.93243402	0.06347850	6.58589400
2.93743402	0.06347850	6.58589400
2.94243402	0.06347850	7.69676800
2.94743402	0.06360057	7.72118300
2.95243402	0.06405835	6.70186400
2.95743402	0.06183050	6.23187900
2.96243402	0.05719168	6.32343500
2.96743402	0.05496383	6.34785000
2.97243402	0.05542161	6.34785000
2.97743402	0.05554369	6.34785000
2.98243402	0.05554369	6.34785000
2.98743402	0.05554369	6.34785000
2.99243402	0.05554369	6.34785000
2.99743402	0.05554369	6.34785000
3.00243402	0.05554369	6.34785000
3.00743402	0.05554369	6.34785000
3.01243402	0.05554369	6.34785000
3.01743402	0.05554369	6.34785000
3.02243402	0.05554369	6.34785000
3.02743402	0.05554369	6.34785000
3.03243402	0.05554369	6.34785000
3.03743402	0.05554369	6.34785000
3.04243402	0.05554369	6.34785000
3.04743402	0.05554369	6.34785000
3.05243402	0.05554369	6.34785000
3.05743402	0.05554369	6.37226500
3.06243402	0.05554369	6.46382000
3.06743402	0.05554369	5.99383500
3.07243402	0.05554369	4.97451700
3.07743402	0.05554369	4.97451700
3.08243402	0.05554369	5.99383500
3.08743402	0.05554369	6.46382000
3.09243402	0.05554369	6.37226500
3.09743402	0.05554369	6.34785000
3.10243402	0.05554369	6.34785000
3.10743402	0.05554369	6.34785000
3.11243402	0.05554369	6.34785000
3.11743402	0.05554369	6.32343500
3.12243402	0.05554369	6.23187900
3.12743402	0.05554369	6.67745000
3.13243402	0.05554369	7.60521200
3.13743402	0.05554369	8.05078300
3.14243402	0.05554369	7.95922800
3.14743402	0.05554369	7.93481200
3.15243402	0.05554369	7.93481200
3.15743402	0.05554369	7.93481200
3.16243402	0.05554369	7.93481200
3.16743402	0.05554369	7.95922800
3.17243402	0.05554369	8.05078300
3.17743402	0.05554369	7.60521200
3.18243402	0.05554369	6.67745000
3.18743402	0.05554369	6.23187900
3.19243402	0.05554369	6.32343500
3.19743402	0.05554369	6.34785000
3.20243402	0.05554369	6.34785000
3.20743402	0.05554369	6.34785000
3.21243402	0.05554369	6.34785000
3.21743402	0.05554369	6.32343500
3.22243402	0.05554369	6.23187900
3.22743402	0.05554369	6.65303500
3.23243402	0.05554369	7.48924200
3.23743402	0.05554369	8.33765600
3.24243402	0.05554369	8.97854500
3.24743402	0.05566576	10.20539000
3.25243402	0.05612354	11.59093000
3.25743402	0.05389569	14.11176000
3.26243402	0.04925688	17.06595000
3.26743402	0.04702902	21.23478000
3.27243402	0.04748680	25.39750000
3.27743402	0.04760887	32.59987000
3.28243402	0.04760887	41.01077000
3.28743402	0.04760887	51.25889000
3.29243402	0.04760887	60.87222000
3.29743402	0.04760887	72.74392000
3.30243402	0.04760887	83.83434000
3.30743402	0.04760887	97.49443000
3.31243402	0.04760887	110.44040000
3.31743402	0.04760887	124.10050000
3.32243402	0.04760887	135.19090000
3.32743402	0.04760887	147.03210000
3.33243402	0.04760887	156.55380000
3.33743402	0.04760887	167.22310000
3.34243402	0.04760887	176.47020000
3.34743402	0.04760887	184.55150000
3.35243402	0.04760887	189.44670000
3.35743402	0.04760887	194.53110000
3.36243402	0.04760887	Infinity
3.36743402	0.04760887	Infinity
3.37243402	0.04760887	Infinity
3.37743402	0.04760887	Infinity
3.38243402	0.04760887	Infinity
3.38743402	0.04760887	Infinity
3.39243402	0.04760887	Infinity
3.39743402	0.04760887	Infinity
3.40243402	0.04760887	Infinity
3.40743402	0.04760887	Infinity
3.41243402	0.04760887	Infinity
3.41743402	0.04760887	197.08850000
3.42243402	0.04760887	193.94510000
3.42743402	0.04760887	190.05710000
3.43243402	0.04760887	186.26670000
3.43743402	0.04760887	182.00630000
3.44243402	0.04760887	178.30740000
3.44743402	0.04760887	174.11420000
3.45243402	0.04760887	170.60460000
3.45743402	0.04760887	165.47130000
3.46243402	0.04760887	159.91700000
3.46743402	0.04760887	154.78990000
3.47243402	0.04760887	151.27420000
3.47743402	0.04760887	147.11140000
3.48243402	0.04760887	143.50410000
3.48743402	0.04760887	138.81650000
3.49243402	0.04760887	134.18990000
3.49743402	0.04760887	129.48390000
3.50243402	0.04760887	125.78510000
3.50743402	0.04760887	121.99470000
3.51243402	0.04760887	119.13200000
3.51743402	0.04760887	115.73840000
3.52243402	0.04760887	112.68650000
3.52743402	0.04760887	109.71400000
3.53243402	0.04760887	107.59000000
3.53743402	0.04760887	105.09960000
3.54243402	0.04760887	102.96940000
3.54743401	0.04760887	99.98473000
3.55243401	0.04760887	96.83523000
3.55743401	0.04760887	93.85052000
3.56243401	0.04760887	91.72033000
3.56743401	0.04760887	89.20560000
3.57243401	0.04760887	86.98386000
3.57743401	0.04760887	84.42030000
3.58243401	0.04760887	82.10089000
3.58743401	0.04760887	79.98291000
3.59243401	0.04760887	78.59737000
3.59743401	0.04760887	76.92495000
3.60243401	0.04760887	75.44786000
3.60743401	0.04760887	73.77544000
3.61243401	0.04760887	72.38990000
3.61743401	0.04773095	70.22309000
3.62243401	0.04818873	67.72668000
3.62743401	0.04583880	66.02985000
3.63243401	0.04074221	65.57207000
3.63743401	0.04074221	64.34522000
3.64243401	0.04583880	62.77658000
3.64743401	0.04831080	61.05533000
3.65243401	0.04831080	59.57823000
3.65743401	0.04596087	57.83257000
3.66243401	0.04132206	56.16626000
3.66743401	0.03909421	55.36057000
3.67243401	0.03955199	55.73901000
3.67743401	0.03967406	54.93332000
3.68243401	0.03967406	53.27311000
3.68743401	0.03967406	51.47862000
3.69243401	0.03967406	49.81841000
3.69743401	0.03967406	48.99442000
3.70243401	0.03967406	49.26908000
3.70743401	0.03967406	48.89676000
3.71243401	0.03967406	48.06055000
3.71743401	0.03967406	47.19382000
3.72243401	0.03967406	46.44917000
3.72743401	0.03967406	45.60686000
3.73243401	0.03967406	44.86221000
3.73743401	0.03967406	43.99548000
3.74243401	0.03967406	43.15928000
3.74743401	0.03967406	42.76254000
3.75243401	0.03967406	42.94565000
3.75743401	0.03967406	42.54890000
3.76243401	0.03967406	41.71270000
3.76743401	0.03967406	40.84597000
3.77243401	0.03967406	40.10132000
3.77743401	0.03967406	39.23460000
3.78243401	0.03967406	38.39839000
3.78743401	0.03967406	37.97723000
3.79243401	0.03967406	38.06879000
3.79743401	0.03967406	38.11762000
3.80243401	0.03967406	38.20917000
3.80743401	0.03967406	37.78802000
3.81243401	0.03967406	36.95181000
3.81743401	0.03967406	36.08509000
3.82243401	0.03967406	35.34044000
3.82743401	0.03967406	34.47371000
3.83243401	0.03967406	33.63750000
3.83743401	0.03967406	33.19193000
3.84243401	0.03967406	33.19193000
3.84743401	0.03967406	33.68633000
3.85243401	0.03967406	34.70565000
3.85743401	0.03967406	34.70565000
3.86243401	0.03967406	33.68633000
3.86743401	0.03967406	33.24076000
3.87243401	0.03967406	33.42387000
3.87743401	0.03967406	33.00272000
3.88243401	0.03967406	32.07495000
3.88743401	0.03967406	31.65380000
3.89243401	0.03967406	31.83691000
3.89743401	0.03967406	31.41575000
3.90243401	0.03967406	30.48799000
3.90743401	0.03967406	30.06684000
3.91243401	0.03967406	30.24995000
3.91743401	0.03967406	29.80437000
3.92243401	0.03967406	28.78506000
3.92743401	0.03967406	28.83389000
3.93243401	0.03967406	30.03632000
3.93743401	0.03967406	29.61516000
3.94243401	0.03967406	27.66198000
3.94743401	0.03967406	26.76473000
3.95243401	0.03967406	27.04550000
3.95743401	0.03967406	26.67318000
3.96243401	0.03967406	25.83697000
3.96743401	0.03967406	24.94583000
3.97243401	0.03967406	24.10962000
3.97743401	0.03967406	23.66405000
3.98243401	0.03967406	23.66405000
3.98743401	0.03967406	24.15845000
3.99243401	0.03967406	25.17777000
3.99743401	0.03967406	25.17777000
4.00243401	0.03967406	24.15845000
4.00743401	0.03967406	23.71288000
4.01243401	0.03967406	23.89599000
4.01743401	0.03967406	23.45042000
4.02243401	0.03967406	22.43110000
4.02743401	0.03979614	22.43110000
4.03243401	0.04025391	23.45042000
4.03743401	0.03790399	23.92041000
4.04243401	0.03280740	23.82885000
4.04743401	0.03292947	23.82885000
4.05243401	0.03848384	23.92041000
4.05743401	0.03860591	23.45042000
4.06243401	0.03350932	22.43110000
4.06743401	0.03115940	22.43110000
4.07243401	0.03161718	23.45042000
4.07743401	0.03161718	23.94482000
4.08243401	0.03115940	23.94482000
4.08743401	0.03350932	23.45042000
4.09243401	0.03860591	22.43110000
4.09743401	0.03860591	22.45552000
4.10243401	0.03350932	23.56639000
4.10743401	0.03115940	23.59081000
4.11243401	0.03161718	22.57149000
4.11743401	0.03173925	22.10150000
4.12243401	0.03173925	22.19306000
4.12743401	0.03173925	22.19306000
4.13243401	0.03173925	22.10150000
4.13743401	0.03173925	22.57149000
4.14243401	0.03173925	23.59081000
4.14743401	0.03173925	23.59081000
4.15243401	0.03173925	22.57149000
4.15743401	0.03173925	22.10150000
4.16243401	0.03173925	22.19306000
4.16743401	0.03173925	22.21748000
4.17243401	0.03173925	22.21748000
4.17743401	0.03173925	22.21748000
4.18243401	0.03173925	22.21748000
4.18743401	0.03173925	22.24189000
4.19243401	0.03173925	22.33344000
4.19743401	0.03173925	21.88787000
4.20243401	0.03173925	20.96011000
4.20743401	0.03173925	20.51454000
4.21243401	0.03173925	20.60610000
4.21743401	0.03173925	20.63051000
4.22243401	0.03173925	20.63051000
4.22743401	0.03173925	20.65493000
4.23243401	0.03173925	20.74648000
4.23743401	0.03173925	20.27650000
4.24243401	0.03173925	19.25718000
4.24743401	0.03173925	19.25718000
4.25243401	0.03173925	20.27650000
4.25743401	0.03173925	20.74648000
4.26243401	0.03173925	20.65493000
4.26743401	0.03173925	20.63051000
4.27243401	0.03173925	20.63051000
4.27743401	0.03173925	20.65493000
4.28243401	0.03173925	20.74648000
4.28743401	0.03173925	20.27650000
4.29243401	0.03173925	19.25718000
4.29743401	0.03173925	19.25718000
4.30243401	0.03173925	20.27650000
4.30743401	0.03173925	20.74648000
4.31243401	0.03173925	20.65493000
4.31743401	0.03173925	20.65493000
4.32243401	0.03173925	20.74648000
4.32743401	0.03173925	20.30091000
4.33243401	0.03173925	19.37315000
4.33743401	0.03173925	18.90317000
4.34243401	0.03173925	18.90317000
4.34743401	0.03173925	19.39757000
4.35243401	0.03173925	20.41688000
4.35743401	0.03173925	20.41688000
4.36243401	0.03173925	19.39757000
4.36743401	0.03173925	18.95199000
4.37243401	0.03173925	19.13511000
4.37743401	0.03173925	18.71395000
4.38243401	0.03173925	17.78619000
4.38743401	0.03173925	17.34062000
4.39243401	0.03173925	17.43217000
4.39743401	0.03173925	17.45659000
4.40243401	0.03173925	17.45659000
4.40743401	0.03173925	17.45659000
4.41243401	0.03173925	17.45659000
4.41743401	0.03173925	17.45659000
4.42243401	0.03173925	17.45659000
4.42743401	0.03173925	17.45659000
4.43243401	0.03173925	17.45659000
4.43743401	0.03173925	17.45659000
4.44243401	0.03173925	17.45659000
4.44743401	0.03173925	17.45659000
4.45243401	0.03173925	17.45659000
4.45743401	0.03173925	17.45659000
4.46243401	0.03173925	17.45659000
4.46743401	0.03173925	17.43217000
4.47243401	0.03173925	17.34062000
4.47743401	0.03173925	17.78619000
4.48243401	0.03173925	18.71395000
4.48743401	0.03173925	19.18394000
4.49243401	0.03173925	19.18394000
4.49743401	0.03173925	18.71395000
4.50243401	0.03173925	17.78619000
4.50743401	0.03173925	17.36503000
4.51243401	0.03173925	17.54814000
4.51743401	0.03173925	17.10257000
4.52243401	0.03173925	16.08325000
4.52743401	0.03173925	16.10767000
4.53243401	0.03173925	17.21854000
4.53743401	0.03173925	17.24296000
4.54243401	0.03173925	16.22364000
4.54743401	0.03173925	15.75365000
4.55243401	0.03173925	15.84521000
4.55743401	0.03173925	15.86962000
4.56243401	0.03173925	15.86962000
4.56743401	0.03173925	15.86962000
4.57243401	0.03173925	15.86962000
4.57743401	0.03173925	15.86962000
4.58243401	0.03173925	15.86962000
4.58743401	0.03173925	15.86962000
4.59243401	0.03173925	15.86962000
4.59743401	0.03186132	15.86962000
4.60243401	0.03231910	15.86962000
4.60743401	0.02996918	15.86962000
4.61243401	0.02487259	15.86962000
4.61743401	0.02499466	15.86962000
4.62243401	0.03054903	15.86962000
4.62743401	0.03054903	15.86962000
4.63243401	0.02499466	15.86962000
4.63743401	0.02487259	15.86962000
4.64243401	0.02996918	15.86962000
4.64743401	0.03244118	15.86962000
4.65243401	0.03244118	15.86962000
4.65743401	0.03009125	15.89404000
4.66243401	0.02545244	15.98559000
4.66743401	0.02322458	15.54002000
4.67243401	0.02368236	14.61226000
4.67743401	0.02380444	14.16669000
4.68243401	0.02380444	14.25825000
4.68743401	0.02380444	14.28266000
4.69243401	0.02380444	14.28266000
4.69743401	0.02380444	14.28266000
4.70243401	0.02380444	14.28266000
4.70743401	0.02380444	14.25825000
4.71243401	0.02380444	14.16669000
4.71743401	0.02380444	14.63668000
4.72243401	0.02380444	15.65600000
4.72743401	0.02380444	15.65600000
4.73243401	0.02380444	14.63668000
4.73743401	0.02380444	14.14228000
4.74243401	0.02380444	14.14228000
4.74743401	0.02380444	14.61226000
4.75243401	0.02380444	15.54002000
4.75743401	0.02380444	15.98559000
4.76243401	0.02380444	15.89404000
4.76743401	0.02380444	15.89404000
4.77243401	0.02380444	15.98559000
4.77743401	0.02380444	15.54002000
4.78243401	0.02380444	14.61226000
4.78743401	0.02380444	14.16669000
4.79243401	0.02380444	14.25825000
4.79743401	0.02380444	14.28266000
4.80243401	0.02380444	14.28266000
4.80743401	0.02380444	14.28266000
4.81243401	0.02380444	14.28266000
4.81743401	0.02380444	14.30708000
4.82243401	0.02380444	14.39863000
4.82743401	0.02380444	13.95306000
4.83243401	0.02380444	13.02530000
4.83743401	0.02380444	12.57973000
4.84243401	0.02380444	12.67128000
4.84743401	0.02380444	12.69570000
4.85243401	0.02380444	12.69570000
4.85743401	0.02380444	12.67128000
4.86243401	0.02380444	12.57973000
4.86743401	0.02380444	13.00089000
4.87243401	0.02380444	13.83709000
4.87743401	0.02380444	14.75265000
4.88243401	0.02380444	15.68041000
4.88743401	0.02380444	15.65600000
4.89243401	0.02380444	14.63668000
4.89743401	0.02380444	14.16669000
4.90243401	0.02380444	14.25825000
4.90743401	0.02380444	14.30708000
4.91243401	0.02380444	14.39863000
4.91743401	0.02380444	13.92865000
4.92243401	0.02380444	12.90933000
4.92743401	0.02380444	12.90933000
4.93243401	0.02380444	13.92865000
4.93743401	0.02380444	14.39863000
4.94243401	0.02380444	14.30708000
4.94743401	0.02380444	14.28266000
4.95243401	0.02380444	14.28266000
4.95743401	0.02380444	14.28266000
4.96243401	0.02380444	14.28266000
4.96743401	0.02380444	14.30708000
4.97243401	0.02380444	14.39863000
4.97743401	0.02380444	13.95306000
4.98243401	0.02380444	13.02530000
4.98743401	0.02380444	12.57973000
4.99243401	0.02380444	12.67128000
4.99743401	0.02380444	12.69570000
5.00243401	0.02380444	12.69570000
5.00743401	0.02380444	12.69570000
5.01243401	0.02380444	12.69570000
5.01743401	0.02380444	12.69570000
5.02243401	0.02380444	12.69570000
5.02743401	0.02380444	12.67128000
5.03243401	0.02380444	12.57973000
5.03743401	0.02380444	13.04971000
5.04243401	0.02380444	14.06903000
5.04743401	0.02380444	14.06903000
5.05243401	0.02380444	13.04971000
5.05743401	0.02380444	12.57973000
5.06243401	0.02380444	12.67128000
5.06743401	0.02380444	12.69570000
5.07243401	0.02380444	12.69570000
5.07743401	0.02380444	12.69570000
5.08243401	0.02380444	12.69570000
5.08743401	0.02380444	12.67128000
5.09243401	0.02380444	12.57973000
5.09743401	0.02380444	13.02530000
5.10243401	0.02380444	13.95306000
5.10743401	0.02380444	14.42305000
5.11243401	0.02380444	14.42305000
5.11743401	0.02380444	13.92865000
5.12243401	0.02380444	12.90933000
5.12743401	0.02380444	12.90933000
5.13243401	0.02380444	13.92865000
5.13743401	0.02380444	14.42305000
5.14243401	0.02380444	14.42305000
5.14743401	0.02380444	13.92865000
5.15243401	0.02380444	12.90933000
5.15743401	0.02380444	12.93374000
5.16243401	0.02380444	14.04462000
5.16743401	0.02380444	14.06903000
5.17243401	0.02380444	13.04971000
5.17743401	0.02380444	12.60414000
5.18243401	0.02380444	12.78726000
5.18743401	0.02380444	12.36610000
5.19243400	0.02380444	11.43834000
5.19743400	0.02380444	10.99277000
5.20243400	0.02380444	11.08432000
5.20743400	0.02380444	11.08432000
5.21243400	0.02380444	10.99277000
5.21743400	0.02380444	11.46275000
5.22243400	0.02380444	12.48207000
5.22743400	0.02380444	12.48207000
5.23243400	0.02380444	11.46275000
5.23743400	0.02380444	10.99277000
5.24243400	0.02380444	11.08432000
5.24743400	0.02380444	11.13315000
5.25243400	0.02380444	11.22471000
5.25743400	0.02380444	10.75472000
5.26243400	0.02380444	9.73540400
5.26743400	0.02380444	9.73540400
5.27243400	0.02380444	10.75472000
5.27743400	0.02380444	11.22471000
5.28243400	0.02380444	11.13315000
5.28743400	0.02380444	11.10874000
5.29243400	0.02380444	11.10874000
5.29743400	0.02380444	11.10874000
5.30243400	0.02380444	11.10874000
5.30743400	0.02380444	11.10874000
5.31243400	0.02380444	11.10874000
5.31743400	0.02380444	11.10874000
5.32243400	0.02380444	11.10874000
5.32743400	0.02380444	11.10874000
5.33243400	0.02380444	11.10874000
5.33743400	0.02392651	11.10874000
5.34243400	0.02438429	11.10874000
5.34743400	0.02203436	11.10874000
5.35243400	0.01693777	11.10874000
5.35743400	0.01705985	11.10874000
5.36243400	0.02261421	11.10874000
5.36743400	0.02261421	11.10874000
5.37243400	0.01705985	11.10874000
5.37743400	0.01693777	11.10874000
5.38243400	0.02203436	11.10874000
5.38743400	0.02438429	11.10874000
5.39243400	0.02392651	11.10874000
5.39743400	0.02380444	11.13315000
5.40243400	0.02380444	11.22471000
5.40743400	0.02380444	10.75472000
5.41243400	0.02380444	9.73540400
5.41743400	0.02392651	9.73540400
5.42243400	0.02438429	10.75472000
5.42743400	0.02203436	11.22471000
5.43243400	0.01693777	11.13315000
5.43743400	0.01705985	11.13315000
5.44243400	0.02261421	11.22471000
5.44743400	0.02261421	10.75472000
5.45243400	0.01705985	9.73540400
5.45743400	0.01693777	9.73540400
5.46243400	0.02203436	10.75472000
5.46743400	0.02450636	11.22471000
5.47243400	0.02450636	11.13315000
5.47743400	0.02215644	11.10874000
5.48243400	0.01751762	11.10874000
5.48743400	0.01528977	11.08432000
5.49243400	0.01574755	10.99277000
5.49743400	0.01586962	11.43834000
5.50243400	0.01586962	12.36610000
5.50743400	0.01574755	12.78726000
5.51243400	0.01528977	12.60414000
5.51743400	0.01763970	13.04971000
5.52243400	0.02273629	14.06903000
5.52743400	0.02273629	14.04462000
5.53243400	0.01763970	12.93374000
5.53743400	0.01528977	12.93374000
5.54243400	0.01574755	14.04462000
5.54743400	0.01586962	14.06903000
5.55243400	0.01586962	13.04971000
5.55743400	0.01586962	12.57973000
5.56243400	0.01586962	12.67128000
5.56743400	0.01586962	12.72011000
5.57243400	0.01586962	12.81167000
5.57743400	0.01586962	12.36610000
5.58243400	0.01586962	11.43834000
5.58743400	0.01586962	10.99277000
5.59243400	0.01586962	11.08432000
5.59743400	0.01586962	11.10874000
5.60243400	0.01586962	11.10874000
5.60743400	0.01586962	11.10874000
5.61243400	0.01586962	11.10874000
5.61743400	0.01586962	11.13315000
5.62243400	0.01586962	11.22471000
5.62743400	0.01586962	10.75472000
5.63243400	0.01586962	9.73540400
5.63743400	0.01586962	9.73540400
5.64243400	0.01586962	10.75472000
5.64743400	0.01586962	11.22471000
5.65243400	0.01586962	11.13315000
5.65743400	0.01586962	11.13315000
5.66243400	0.01586962	11.22471000
5.66743400	0.01586962	10.75472000
5.67243400	0.01586962	9.73540400
5.67743400	0.01586962	9.73540400
5.68243400	0.01586962	10.75472000
5.68743400	0.01586962	11.22471000
5.69243400	0.01586962	11.13315000
5.69743400	0.01586962	11.10874000
5.70243400	0.01586962	11.10874000
5.70743400	0.01586962	11.10874000
5.71243400	0.01586962	11.10874000
5.71743400	0.01586962	11.10874000
5.72243400	0.01586962	11.10874000
5.72743400	0.01586962	11.10874000
5.73243400	0.01586962	11.10874000
5.73743400	0.01586962	11.10874000
5.74243400	0.01586962	11.10874000
5.74743400	0.01586962	11.10874000
5.75243400	0.01586962	11.10874000
5.75743400	0.01586962	11.08432000
5.76243400	0.01586962	10.99277000
5.76743400	0.01586962	11.46275000
5.77243400	0.01586962	12.48207000
5.77743400	0.01586962	12.48207000
5.78243400	0.01586962	11.46275000
5.78743400	0.01586962	10.99277000
5.79243400	0.01586962	11.08432000
5.79743400	0.01586962	11.10874000
5.80243400	0.01586962	11.10874000
5.80743400	0.01586962	11.10874000
5.81243400	0.01586962	11.10874000
5.81743400	0.01586962	11.10874000
5.82243400	0.01586962	11.10874000
5.82743400	0.01586962	11.13315000
5.83243400	0.01586962	11.22471000
5.83743400	0.01586962	10.77914000
5.84243400	0.01586962	9.85137500
5.84743400	0.01586962	9.40580500
5.85243400	0.01586962	9.49735900
5.85743400	0.01586962	9.54619000
5.86243400	0.01586962	9.63774600
5.86743400	0.01586962	9.19217500
5.87243400	0.01586962	8.26441300
5.87743400	0.01586962	7.79442700
5.88243400	0.01586962	7.79442700
5.88743400	0.01586962	8.26441300
5.89243400	0.01586962	9.19217500
5.89743400	0.01586962	9.63774600
5.90243400	0.01586962	9.54619000
5.90743400	0.01586962	9.54619000
5.91243400	0.01586962	9.63774600
5.91743400	0.01586962	9.16776000
5.92243400	0.01586962	8.14844100
5.92743400	0.01586962	8.14844100
5.93243400	0.01586962	9.16776000
5.93743400	0.01586962	9.61333000
5.94243400	0.01586962	9.43021900
5.94743400	0.01586962	9.85137500
5.95243400	0.01586962	10.77914000
5.95743400	0.01586962	11.22471000
5.96243400	0.01586962	11.13315000
5.96743400	0.01586962	11.10874000
5.97243400	0.01586962	11.10874000
5.97743400	0.01586962	11.10874000
5.98243400	0.01586962	11.10874000
5.98743400	0.01586962	11.10874000
5.99243400	0.01586962	11.10874000
5.99743400	0.01586962	11.10874000
6.00243400	0.01586962	11.10874000
6.00743400	0.01586962	11.10874000
6.01243400	0.01586962	11.10874000
6.01743400	0.01586962	11.13315000
6.02243400	0.01586962	11.22471000
6.02743400	0.01586962	10.77914000
6.03243400	0.01586962	9.85137500
6.03743400	0.01586962	9.40580500
6.04243400	0.01586962	9.49735900
6.04743400	0.01586962	9.52177400
6.05243400	0.01586962	9.52177400
6.05743400	0.01586962	9.52177400
6.06243400	0.01586962	9.52177400
6.06743400	0.01586962	9.54619000
6.07243400	0.01586962	9.63774600
6.07743400	0.01586962	9.16776000
6.08243400	0.01586962	8.14844100
6.08743400	0.01586962	8.17285700
6.09243400	0.01586962	9.28373100
6.09743400	0.01586962	9.28373100
6.10243400	0.01586962	8.17285700
6.10743400	0.01586962	8.17285700
6.11243400	0.01586962	9.28373100
6.11743400	0.01586962	9.30814500
6.12243400	0.01586962	8.28882700
6.12743400	0.01586962	7.81884200
6.13243400	0.01586962	7.91039800
6.13743400	0.01586962	7.91039800
6.14243400	0.01586962	7.81884200
6.14743400	0.01586962	8.28882700
6.15243400	0.01586962	9.30814500
6.15743400	0.01586962	9.28373100
6.16243400	0.01586962	8.17285700
6.16743400	0.01586962	8.17285700
6.17243400	0.01586962	9.28373100
6.17743400	0.01586962	9.30814500
6.18243400	0.01586962	8.28882700
6.18743400	0.01586962	7.81884200
6.19243400	0.01586962	7.91039800
6.19743400	0.01586962	7.93481200
6.20243400	0.01586962	7.93481200
6.20743400	0.01586962	7.91039800
6.21243400	0.01586962	7.81884200
6.21743400	0.01586962	8.26441300
6.22243400	0.01586962	9.19217500
6.22743400	0.01586962	9.63774600
6.23243400	0.01586962	9.54619000
6.23743400	0.01586962	9.54619000
6.24243400	0.01586962	9.63774600
6.24743400	0.01586962	9.16776000
6.25243400	0.01586962	8.14844100
6.25743400	0.01586962	8.17285700
6.26243400	0.01586962	9.28373100
6.26743400	0.01586962	9.30814500
6.27243400	0.01586962	8.28882700
6.27743400	0.01586962	7.81884200
6.28243400	0.01586962	7.91039800
6.28743400	0.01586962	7.91039800
6.29243400	0.01586962	7.81884200
6.29743400	0.01586962	8.26441300
6.30243400	0.01586962	9.19217500
6.30743400	0.01586962	9.63774600
6.31243400	0.01586962	9.54619000
6.31743400	0.01586962	9.52177400
6.32243400	0.01586962	9.52177400
6.32743400	0.01586962	9.52177400
6.33243400	0.01586962	9.52177400
6.33743400	0.01586962	9.52177400
6.34243400	0.01586962	9.52177400
6.34743400	0.01586962	9.52177400
6.35243400	0.01586962	9.52177400
6.35743400	0.01586962	9.52177400
6.36243400	0.01586962	9.52177400
6.36743400	0.01586962	9.54619000
6.37243400	0.01586962	9.63774600
6.37743400	0.01586962	9.19217500
6.38243400	0.01586962	8.26441300
6.38743400	0.01586962	7.79442700
6.39243400	0.01586962	7.79442700
6.39743400	0.01586962	8.28882700
6.40243400	0.01586962	9.30814500
6.40743400	0.01586962	9.30814500
6.41243400	0.01586962	8.28882700
6.41743400	0.01586962	7.81884200
6.42243400	0.01586962	7.91039800
6.42743400	0.01586962	7.93481200
6.43243400	0.01586962	7.93481200
6.43743400	0.01586962	7.93481200
6.44243400	0.01586962	7.93481200
6.44743400	0.01586962	7.93481200
6.45243400	0.01586962	7.93481200
6.45743400	0.01586962	7.93481200
6.46243400	0.01586962	7.93481200
6.46743400	0.01586962	7.93481200
6.47243400	0.01586962	7.93481200
6.47743400	0.01586962	7.93481200
6.48243400	0.01586962	7.93481200
6.48743400	0.01586962	7.93481200
6.49243400	0.01586962	7.93481200
6.49743400	0.01586962	7.91039800
6.50243400	0.01586962	7.81884200
6.50743400	0.01586962	8.28882700
6.51243400	0.01586962	9.30814500
6.51743400	0.01586962	9.30814500
6.52243400	0.01586962	8.28882700
6.52743400	0.01586962	7.79442700
6.53243400	0.01586962	7.79442700
6.53743400	0.01586962	8.26441300
6.54243400	0.01586962	9.19217500
6.54743400	0.01586962	9.63774600
6.55243400	0.01586962	9.54619000
6.55743400	0.01586962	9.49735900
6.56243400	0.01586962	9.40580500
6.56743400	0.01586962	9.85137500
6.57243400	0.01586962	10.77914000
6.57743400	0.01586962	11.22471000
6.58243400	0.01586962	11.13315000
6.58743400	0.01586962	11.10874000
6.59243400	0.01586962	11.10874000
6.59743400	0.01586962	11.13315000
6.60243400	0.01586962	11.22471000
6.60743400	0.01599170	10.77914000
6.61243400	0.01644948	9.85137500
6.61743400	0.01409955	9.40580500
6.62243400	0.00900296	9.49735900
6.62743400	0.00900296	9.52177400
6.63243400	0.01409955	9.52177400
6.63743400	0.01644948	9.49735900
6.64243400	0.01599170	9.40580500
6.64743400	0.01586962	9.87579000
6.65243400	0.01586962	10.89511000
6.65743400	0.01586962	10.89511000
6.66243400	0.01586962	9.87579000
6.66743400	0.01586962	9.43021900
6.67243400	0.01586962	9.61333000
6.67743400	0.01586962	9.16776000
6.68243400	0.01586962	8.14844100
6.68743400	0.01586962	8.14844100
6.69243400	0.01586962	9.16776000
6.69743400	0.01586962	9.63774600
6.70243400	0.01586962	9.54619000
6.70743400	0.01586962	9.52177400
6.71243400	0.01586962	9.52177400
6.71743400	0.01586962	9.49735900
6.72243400	0.01586962	9.40580500
6.72743400	0.01599170	9.87579000
6.73243400	0.01644948	10.89511000
6.73743400	0.01422163	10.91952000
6.74243400	0.00958281	9.99175900
6.74743400	0.00723289	9.05179000
6.75243400	0.00723289	8.12402700
6.75743400	0.00970489	8.17285700
6.76243400	0.01480148	9.28373100
6.76743400	0.01480148	9.30814500
6.77243400	0.00970489	8.28882700
6.77743400	0.00723289	7.84325600
6.78243400	0.00723289	8.02636700
6.78743400	0.00958281	7.60521200
6.79243400	0.01422163	6.67745000
6.79743400	0.01657155	6.23187900
6.80243400	0.01657155	6.32343500
6.80743400	0.01409955	6.32343500
6.81243400	0.00900296	6.23187900
6.81743400	0.00900296	6.70186400
6.82243400	0.01409955	7.72118300
6.82743400	0.01657155	7.69676800
6.83243400	0.01657155	6.58589400
6.83743399	0.01409955	6.56148000
6.84243399	0.00900296	7.58079800
6.84743399	0.00900296	8.05078300
6.85243399	0.01409955	7.95922800
6.85743399	0.01657155	7.93481200
6.86243399	0.01657155	7.93481200
6.86743399	0.01422163	7.93481200
6.87243399	0.00958281	7.93481200
6.87743399	0.00735496	7.93481200
6.88243399	0.00781274	7.93481200
6.88743399	0.00793481	7.93481200
6.89243399	0.00793481	7.93481200
6.89743399	0.00793481	7.93481200
6.90243399	0.00793481	7.93481200
6.90743399	0.00793481	7.93481200
6.91243399	0.00793481	7.93481200
6.91743399	0.00793481	7.93481200
6.92243399	0.00793481	7.93481200
6.92743399	0.00793481	7.93481200
6.93243399	0.00793481	7.93481200
6.93743399	0.00781274	7.93481200
6.94243399	0.00735496	7.93481200
6.94743399	0.00970489	7.93481200
6.95243399	0.01480148	7.93481200
6.95743399	0.01480148	7.91039800
6.96243399	0.00970489	7.81884200
6.96743399	0.00735496	8.28882700
6.97243399	0.00781274	9.30814500
6.97743399	0.00793481	9.30814500
6.98243399	0.00793481	8.28882700
6.98743399	0.00793481	7.79442700
6.99243399	0.00793481	7.79442700
6.99743399	0.00793481	8.28882700
7.00243399	0.00793481	9.30814500
7.00743399	0.00793481	9.30814500
7.01243399	0.00793481	8.28882700
7.01743399	0.00793481	7.84325600
7.02243399	0.00793481	8.02636700
7.02743399	0.00793481	7.60521200
7.03243399	0.00793481	6.67745000
7.03743399	0.00793481	6.23187900
7.04243399	0.00793481	6.32343500
7.04743399	0.00793481	6.37226500
7.05243399	0.00793481	6.46382000
7.05743399	0.00793481	6.01825000
7.06243399	0.00793481	5.09048700
7.06743399	0.00793481	4.64491700
7.07243399	0.00793481	4.73647300
7.07743399	0.00793481	4.73647300
7.08243399	0.00793481	4.64491700
7.08743399	0.00793481	5.09048700
7.09243399	0.00793481	6.01825000
7.09743399	0.00793481	6.48823500
7.10243399	0.00793481	6.48823500
7.10743399	0.00793481	5.99383500
7.11243399	0.00793481	4.97451700
7.11743399	0.00793481	4.97451700
7.12243399	0.00793481	5.99383500
7.12743399	0.00793481	6.43940500
7.13243399	0.00793481	6.25629500
7.13743399	0.00793481	6.65303500
7.14243399	0.00793481	7.48924200
7.14743399	0.00793481	8.40479800
7.15243399	0.00793481	9.33256100
7.15743399	0.00793481	9.28373100
7.16243399	0.00793481	8.17285700
7.16743399	0.00793481	8.17285700
7.17243399	0.00793481	9.28373100
7.17743399	0.00793481	9.30814500
7.18243399	0.00793481	8.28882700
7.18743399	0.00793481	7.81884200
7.19243399	0.00793481	7.91039800
7.19743399	0.00793481	7.93481200
7.20243399	0.00793481	7.93481200
7.20743399	0.00793481	7.95922800
7.21243399	0.00793481	8.05078300
7.21743399	0.00793481	7.58079800
7.22243399	0.00793481	6.56148000
7.22743399	0.00793481	6.56148000
7.23243399	0.00793481	7.58079800
7.23743399	0.00793481	8.05078300
7.24243399	0.00793481	7.95922800
7.24743399	0.00793481	7.93481200
7.25243399	0.00793481	7.93481200
7.25743399	0.00793481	7.95922800
7.26243399	0.00793481	8.05078300
7.26743399	0.00793481	7.58079800
7.27243399	0.00793481	6.56148000
7.27743399	0.00793481	6.56148000
7.28243399	0.00793481	7.58079800
7.28743399	0.00793481	8.07519700
7.29243399	0.00793481	8.07519700
7.29743399	0.00793481	7.60521200
7.30243399	0.00793481	6.67745000
7.30743399	0.00793481	6.23187900
7.31243399	0.00793481	6.32343500
7.31743399	0.00793481	6.34785000
7.32243399	0.00793481	6.34785000
7.32743399	0.00793481	6.34785000
7.33243399	0.00793481	6.34785000
7.33743399	0.00793481	6.34785000
7.34243399	0.00793481	6.34785000
7.34743399	0.00793481	6.34785000
7.35243399	0.00793481	6.34785000
7.35743399	0.00793481	6.34785000
7.36243399	0.00793481	6.34785000
7.36743399	0.00793481	6.34785000
7.37243399	0.00793481	6.34785000
7.37743399	0.00793481	6.34785000
7.38243399	0.00793481	6.34785000
7.38743399	0.00793481	6.32343500
7.39243399	0.00793481	6.23187900
7.39743399	0.00793481	6.70186400
7.40243399	0.00793481	7.72118300
7.40743399	0.00793481	7.69676800
7.41243399	0.00793481	6.58589400
7.41743399	0.00793481	6.56148000
7.42243399	0.00793481	7.58079800
7.42743399	0.00793481	8.07519700
7.43243399	0.00793481	8.07519700
7.43743399	0.00793481	7.58079800
7.44243399	0.00793481	6.56148000
7.44743399	0.00793481	6.56148000
7.45243399	0.00793481	7.58079800
7.45743399	0.00793481	8.05078300
7.46243399	0.00793481	7.95922800
7.46743399	0.00793481	7.93481200
7.47243399	0.00793481	7.93481200
7.47743399	0.00793481	7.93481200
7.48243399	0.00793481	7.93481200
7.48743399	0.00793481	7.95922800
7.49243399	0.00793481	8.05078300
7.49743399	0.00793481	7.60521200
7.50243399	0.00793481	6.67745000
7.50743399	0.00793481	6.23187900
7.51243399	0.00793481	6.32343500
7.51743399	0.00793481	6.32343500
7.52243399	0.00793481	6.23187900
7.52743399	0.00793481	6.70186400
7.53243399	0.00793481	7.72118300
7.53743399	0.00793481	7.72118300
7.54243399	0.00793481	6.70186400
7.54743399	0.00793481	6.20746500
7.55243399	0.00793481	6.20746500
7.55743399	0.00793481	6.70186400
7.56243399	0.00793481	7.72118300
7.56743399	0.00793481	7.72118300
7.57243399	0.00793481	6.70186400
7.57743399	0.00793481	6.23187900
7.58243399	0.00793481	6.32343500
7.58743399	0.00793481	6.32343500
7.59243399	0.00793481	6.23187900
7.59743399	0.00793481	6.67745000
7.60243399	0.00793481	7.60521200
7.60743399	0.00793481	8.05078300
7.61243399	0.00793481	7.95922800
7.61743399	0.00793481	7.93481200
7.62243399	0.00793481	7.93481200
7.62743399	0.00793481	7.93481200
7.63243399	0.00793481	7.93481200
7.63743399	0.00793481	7.95922800
7.64243399	0.00793481	8.05078300
7.64743399	0.00793481	7.58079800
7.65243399	0.00793481	6.56148000
7.65743399	0.00793481	6.58589400
7.66243399	0.00793481	7.69676800
7.66743399	0.00793481	7.72118300
7.67243399	0.00793481	6.70186400
7.67743399	0.00793481	6.23187900
7.68243399	0.00793481	6.32343500
7.68743399	0.00793481	6.34785000
7.69243399	0.00793481	6.34785000
7.69743399	0.00793481	6.34785000
7.70243399	0.00793481	6.34785000
7.70743399	0.00793481	6.34785000
7.71243399	0.00793481	6.34785000
7.71743399	0.00793481	6.34785000
7.72243399	0.00793481	6.34785000
7.72743399	0.00793481	6.32343500
7.73243399	0.00793481	6.23187900
7.73743399	0.00793481	6.70186400
7.74243399	0.00793481	7.72118300
7.74743399	0.00793481	7.69676800
7.75243399	0.00793481	6.58589400
7.75743399	0.00793481	6.56148000
7.76243399	0.00793481	7.58079800
7.76743399	0.00793481	8.05078300
7.77243399	0.00793481	7.95922800
7.77743399	0.00793481	7.93481200
7.78243399	0.00793481	7.93481200
7.78743399	0.00793481	7.95922800
7.79243399	0.00793481	8.05078300
7.79743399	0.00793481	7.58079800
7.80243399	0.00793481	6.56148000
7.80743399	0.00793481	6.58589400
7.81243399	0.00793481	7.69676800
7.81743399	0.00793481	7.72118300
7.82243399	0.00793481	6.70186400
7.82743399	0.00793481	6.25629500
7.83243399	0.00793481	6.43940500
7.83743399	0.00793481	5.99383500
7.84243399	0.00793481	4.97451700
7.84743399	0.00793481	4.97451700
7.85243399	0.00793481	5.99383500
7.85743399	0.00793481	6.46382000
7.86243399	0.00793481	6.37226500
7.86743399	0.00793481	6.34785000
7.87243399	0.00793481	6.34785000
7.87743399	0.00793481	6.37226500
7.88243399	0.00793481	6.46382000
7.88743399	0.00793481	5.96942000
7.89243399	0.00793481	4.85854700
7.89743399	0.00793481	5.32853200
7.90243399	0.00793481	7.36716800
7.90743399	0.00793481	7.81273800
7.91243399	0.00793481	6.61030900
7.91743399	0.00793481	6.56148000
7.92243399	0.00793481	7.58079800
7.92743399	0.00793481	8.05078300
7.93243399	0.00793481	7.95922800
7.93743399	0.00793481	7.93481200
7.94243399	0.00793481	7.93481200
7.94743399	0.00793481	7.93481200
7.95243399	0.00793481	7.93481200
7.95743399	0.00793481	7.95922800
7.96243399	0.00793481	8.05078300
7.96743399	0.00793481	7.58079800
7.97243399	0.00793481	6.56148000
7.97743399	0.00793481	6.56148000
7.98243399	0.00793481	7.58079800
7.98743399	0.00793481	8.05078300
7.99243399	0.00793481	7.95922800
7.99743399	0.00793481	7.93481200
8.00243399	0.00793481	7.93481200
8.00743399	0.00793481	7.93481200
8.01243399	0.00793481	7.93481200
8.01743399	0.00793481	7.93481200
8.02243399	0.00793481	7.93481200
8.02743399	0.00793481	7.93481200
8.03243399	0.00793481	7.93481200
8.03743399	0.00793481	7.93481200
8.04243399	0.00793481	7.93481200
8.04743399	0.00793481	7.95922800
8.05243399	0.00793481	8.05078300
8.05743399	0.00793481	7.60521200
8.06243399	0.00793481	6.67745000
8.06743399	0.00793481	6.20746500
8.07243399	0.00793481	6.20746500
8.07743399	0.00793481	6.70186400
8.08243399	0.00793481	7.72118300
8.08743399	0.00793481	7.72118300
8.09243399	0.00793481	6.70186400
8.09743399	0.00793481	6.23187900
8.10243399	0.00793481	6.32343500
8.10743399	0.00793481	6.37226500
8.11243399	0.00793481	6.46382000
8.11743399	0.00793481	6.01825000
8.12243399	0.00793481	5.09048700
8.12743399	0.00793481	4.64491700
8.13243399	0.00793481	4.73647300
8.13743399	0.00793481	4.76088700
8.14243399	0.00793481	4.76088700
8.14743399	0.00793481	4.76088700
8.15243399	0.00793481	4.76088700
8.15743399	0.00793481	4.76088700
8.16243399	0.00793481	4.76088700
8.16743399	0.00793481	4.76088700
8.17243399	0.00793481	4.76088700
8.17743399	0.00793481	4.76088700
8.18243399	0.00793481	4.76088700
8.18743399	0.00793481	4.76088700
8.19243399	0.00793481	4.76088700
8.19743399	0.00793481	4.73647300
8.20243399	0.00793481	4.64491700
8.20743399	0.00793481	5.11490200
8.21243399	0.00793481	6.13422100
8.21743399	0.00793481	6.13422100
8.22243399	0.00793481	5.11490200
8.22743399	0.00793481	4.64491700
8.23243399	0.00793481	4.73647300
8.23743399	0.00793481	4.76088700
8.24243399	0.00793481	4.76088700
8.24743399	0.00793481	4.78530200
8.25243399	0.00793481	4.87685800
8.25743399	0.00793481	4.40687300
8.26243399	0.00793481	3.38755500
8.26743399	0.00793481	3.38755500
8.27243399	0.00793481	4.40687300
8.27743399	0.00793481	4.85244300
8.28243399	0.00793481	4.66933200
8.28743399	0.00793481	5.11490200
8.29243399	0.00793481	6.13422100
8.29743399	0.00793481	6.13422100
8.30243399	0.00793481	5.11490200
8.30743399	0.00793481	4.62050200
8.31243399	0.00793481	4.62050200
8.31743399	0.00793481	5.09048700
8.32243399	0.00793481	6.01825000
8.32743399	0.00793481	6.46382000
8.33243399	0.00793481	6.37226500
8.33743399	0.00793481	6.34785000
8.34243399	0.00793481	6.34785000
8.34743399	0.00793481	6.34785000
8.35243399	0.00793481	6.34785000
8.35743399	0.00793481	6.37226500
8.36243399	0.00793481	6.46382000
8.36743399	0.00793481	5.99383500
8.37243399	0.00793481	4.97451700
8.37743399	0.00793481	4.97451700
8.38243399	0.00793481	5.99383500
8.38743399	0.00793481	6.46382000
8.39243399	0.00793481	6.37226500
8.39743399	0.00793481	6.37226500
8.40243399	0.00793481	6.46382000
8.40743399	0.00793481	6.01825000
8.41243399	0.00793481	5.09048700
8.41743399	0.00793481	4.62050200
8.42243399	0.00793481	4.62050200
8.42743399	0.00793481	5.11490200
8.43243399	0.00793481	6.13422100
8.43743399	0.00793481	6.13422100
8.44243399	0.00793481	5.11490200
8.44743399	0.00793481	4.64491700
8.45243399	0.00793481	4.73647300
8.45743399	0.00793481	4.76088700
8.46243399	0.00793481	4.76088700
8.46743399	0.00793481	4.76088700
8.47243399	0.00793481	4.76088700
8.47743399	0.00793481	4.78530200
8.48243398	0.00793481	4.87685800
8.48743398	0.00793481	4.43128700
8.49243398	0.00793481	3.50352500
8.49743398	0.00793481	3.03354000
8.50243398	0.00793481	3.03354000
8.50743398	0.00793481	3.52794000
8.51243398	0.00793481	4.54725700
8.51743398	0.00793481	4.54725700
8.52243398	0.00793481	3.52794000
8.52743398	0.00793481	3.05795500
8.53243398	0.00793481	3.14951000
8.53743398	0.00793481	3.17392500
8.54243398	0.00793481	3.17392500
8.54743398	0.00793481	3.17392500
8.55243398	0.00793481	3.17392500
8.55743398	0.00793481	3.12509500
8.56243398	0.00793481	2.94198400
8.56743398	0.00793481	3.83312500
8.57243398	0.00793481	5.68865000
8.57743398	0.00793481	6.57979000
8.58243398	0.00793481	6.39667900
8.58743398	0.00793481	6.34785000
8.59243398	0.00793481	6.34785000
8.59743398	0.00793481	6.34785000
8.60243398	0.00793481	6.34785000
8.60743398	0.00793481	6.32343500
8.61243398	0.00793481	6.23187900
8.61743398	0.00793481	6.70186400
8.62243398	0.00793481	7.72118300
8.62743398	0.00793481	7.72118300
8.63243398	0.00793481	6.70186400
8.63743398	0.00793481	6.23187900
8.64243398	0.00793481	6.32343500
8.64743398	0.00793481	6.34785000
8.65243398	0.00793481	6.34785000
8.65743398	0.00793481	6.34785000
8.66243398	0.00793481	6.34785000
8.66743398	0.00793481	6.32343500
8.67243398	0.00793481	6.23187900
8.67743398	0.00793481	6.67745000
8.68243398	0.00793481	7.60521200
8.68743398	0.00793481	8.07519700
8.69243398	0.00793481	8.07519700
8.69743398	0.00793481	7.62962700
8.70243398	0.00793481	6.79342000
8.70743398	0.00793481	5.87786500
8.71243398	0.00793481	4.95010200
8.71743398	0.00793481	4.97451700
8.72243398	0.00793481	5.99383500
8.72743398	0.00793481	6.48823500
8.73243398	0.00793481	6.48823500
8.73743398	0.00793481	6.01825000
8.74243398	0.00793481	5.09048700
8.74743398	0.00793481	4.64491700
8.75243398	0.00793481	4.73647300
8.75743398	0.00793481	4.78530200
8.76243398	0.00793481	4.87685800
8.76743398	0.00793481	4.40687300
8.77243398	0.00793481	3.38755500
8.77743398	0.00793481	3.41196900
8.78243398	0.00793481	4.52284300
8.78743398	0.00793481	4.52284300
8.79243398	0.00793481	3.41196900
8.79743398	0.00793481	3.38755500
8.80243398	0.00793481	4.40687300
8.80743398	0.00793481	4.87685800
8.81243398	0.00793481	4.78530200
8.81743398	0.00793481	4.73647300
8.82243398	0.00793481	4.64491700
8.82743398	0.00793481	5.09048700
8.83243398	0.00793481	6.01825000
8.83743398	0.00793481	6.46382000
8.84243398	0.00793481	6.37226500
8.84743398	0.00793481	6.34785000
8.85243398	0.00793481	6.34785000
8.85743398	0.00793481	6.32343500
8.86243398	0.00793481	6.23187900
8.86743398	0.00793481	6.70186400
8.87243398	0.00793481	7.72118300
8.87743398	0.00793481	7.72118300
8.88243398	0.00793481	6.70186400
8.88743398	0.00793481	6.23187900
8.89243398	0.00793481	6.32343500
8.89743398	0.00793481	6.34785000
8.90243398	0.00793481	6.34785000
8.90743398	0.00793481	6.34785000
8.91243398	0.00793481	6.34785000
8.91743398	0.00793481	6.34785000
8.92243398	0.00793481	6.34785000
8.92743398	0.00793481	6.34785000
8.93243398	0.00793481	6.34785000
8.93743398	0.00793481	6.34785000
8.94243398	0.00793481	6.34785000
8.94743398	0.00793481	6.34785000
8.95243398	0.00793481	6.34785000
8.95743398	0.00793481	6.34785000
8.96243398	0.00793481	6.34785000
8.96743398	0.00793481	6.37226500
8.97243398	0.00793481	6.46382000
8.97743398	0.00793481	5.96942000
8.98243398	0.00793481	4.85854700
8.98743398	0.00793481	5.30411700
8.99243398	0.00793481	7.25119700
8.99743398	0.00793481	8.19116800
9.00243398	0.00793481	8.09961200
9.00743398	0.00793481	7.60521200
9.01243398	0.00793481	6.67745000
9.01743398	0.00793481	6.23187900
9.02243398	0.00793481	6.32343500
