Time	Channel A	Channel B
(us)	(mV)	(mV)

-1.00449305	0.00000000	4.76088700
-0.99949305	0.00000000	4.76088700
-0.99449306	-0.06103702	4.76088700
-0.98949306	-0.28992580	4.76088700
-0.98449306	0.88503670	4.76088700
-0.97949306	3.43333200	4.76088700
-0.97449306	3.43333200	4.76088700
-0.96949306	0.88503670	4.76088700
-0.96449306	-0.28992580	4.78530200
-0.95949306	-0.06103702	4.87685800
-0.95449306	0.00000000	4.40687300
-0.94949306	0.00000000	3.38755500
-0.94449306	0.00000000	3.41196900
-0.93949306	0.00000000	4.52284300
-0.93449306	0.00000000	4.54725700
-0.92949306	0.00000000	3.52794000
-0.92449306	0.00000000	3.05795500
-0.91949306	0.00000000	3.14951000
-0.91449306	0.00000000	3.17392500
-0.90949306	0.00000000	3.17392500
-0.90449306	0.00000000	3.17392500
-0.89949306	0.00000000	3.17392500
-0.89449306	0.00000000	3.17392500
-0.88949306	0.00000000	3.17392500
-0.88449306	0.00000000	3.17392500
-0.87949306	0.00000000	3.17392500
-0.87449306	-0.06103702	3.14951000
-0.86949306	-0.28992580	3.05795500
-0.86449306	0.88503670	3.52794000
-0.85949306	3.43333200	4.54725700
-0.85449306	3.43333200	4.54725700
-0.84949306	0.88503670	3.52794000
-0.84449306	-0.28992580	3.05795500
-0.83949306	-0.06103702	3.14951000
-0.83449306	0.00000000	3.17392500
-0.82949306	0.00000000	3.17392500
-0.82449306	0.00000000	3.19834000
-0.81949306	0.00000000	3.28989500
-0.81449306	0.00000000	2.84432500
-0.80949306	0.00000000	1.91656200
-0.80449306	0.00000000	1.44657700
-0.79949306	0.00000000	1.44657700
-0.79449306	0.00000000	1.91656200
-0.78949306	0.00000000	2.84432500
-0.78449306	0.00000000	3.28989500
-0.77949306	0.00000000	3.19834000
-0.77449306	0.00000000	3.19834000
-0.76949306	0.00000000	3.28989500
-0.76449306	0.00000000	2.84432500
-0.75949306	0.00000000	1.91656200
-0.75449306	0.00000000	1.44657700
-0.74949306	0.00000000	1.44657700
-0.74449306	0.00000000	1.89214800
-0.73949306	0.00000000	2.72835500
-0.73449306	0.00000000	3.64391000
-0.72949306	0.00000000	4.57167300
-0.72449306	-0.06103702	4.54725700
-0.71949306	-0.28992580	3.52794000
-0.71449306	0.88503670	3.05795500
-0.70949306	3.43333200	3.14951000
-0.70449306	3.37229500	3.14951000
-0.69949306	0.59511090	3.05795500
-0.69449306	0.59511090	3.50352500
-0.68949306	3.37229500	4.43128700
-0.68449306	3.43333200	4.85244300
-0.67949306	0.88503670	4.66933200
-0.67449306	-0.28992580	5.09048700
-0.66949306	-0.06103702	6.01825000
-0.66449306	0.00000000	6.46382000
-0.65949306	0.00000000	6.37226500
-0.65449306	0.00000000	6.32343500
-0.64949306	0.00000000	6.23187900
-0.64449306	0.00000000	6.70186400
-0.63949306	0.00000000	7.72118300
-0.63449306	0.00000000	7.72118300
-0.62949306	0.00000000	6.70186400
-0.62449306	0.00000000	6.23187900
-0.61949306	0.00000000	6.32343500
-0.61449306	0.00000000	6.37226500
-0.60949306	0.00000000	6.46382000
-0.60449306	-0.06103702	6.04266500
-0.59949306	-0.28992580	5.20645800
-0.59449306	0.88503670	4.29090200
-0.58949306	3.43333200	3.36314000
-0.58449306	3.43333200	3.38755500
-0.57949306	0.88503670	4.40687300
-0.57449306	-0.28992580	4.87685800
-0.56949306	-0.06103702	4.78530200
-0.56449306	0.00000000	4.78530200
-0.55949306	0.00000000	4.87685800
-0.55449306	0.00000000	4.43128700
-0.54949306	0.00000000	3.50352500
-0.54449306	0.00000000	3.05795500
-0.53949306	0.00000000	3.14951000
-0.53449306	0.00000000	3.14951000
-0.52949306	0.00000000	3.05795500
-0.52449306	0.00000000	3.50352500
-0.51949306	0.00000000	4.43128700
-0.51449306	0.00000000	4.87685800
-0.50949306	0.00000000	4.78530200
-0.50449306	0.00000000	4.78530200
-0.49949306	0.00000000	4.87685800
-0.49449306	0.00000000	4.43128700
-0.48949306	0.00000000	3.50352500
-0.48449306	0.00000000	3.08237000
-0.47949306	0.00000000	3.26548100
-0.47449306	0.00000000	2.84432500
-0.46949306	0.00000000	1.91656200
-0.46449306	0.00000000	1.44657700
-0.45949306	0.00000000	1.44657700
-0.45449306	0.00000000	1.91656200
-0.44949306	0.00000000	2.84432500
-0.44449306	0.00000000	3.31431000
-0.43949306	0.00000000	3.31431000
-0.43449306	0.00000000	2.81991000
-0.42949306	0.00000000	1.80059200
-0.42449306	0.00000000	1.80059200
-0.41949306	0.00000000	2.81991000
-0.41449306	0.00000000	3.26548100
-0.40949306	0.00000000	3.08237000
-0.40449306	0.00000000	3.47911000
-0.39949306	0.00000000	4.31531700
-0.39449306	0.00000000	5.20645800
-0.38949306	0.00000000	6.04266500
-0.38449306	0.00000000	6.48823500
-0.37949306	0.00000000	6.48823500
-0.37449306	0.00000000	6.01825000
-0.36949306	0.00000000	5.09048700
-0.36449306	0.00000000	4.64491700
-0.35949306	0.00000000	4.73647300
-0.35449306	0.00000000	4.76088700
-0.34949306	0.00000000	4.76088700
-0.34449306	0.00000000	4.76088700
-0.33949306	0.00000000	4.76088700
-0.33449306	-0.06103702	4.76088700
-0.32949306	-0.28992580	4.76088700
-0.32449306	0.82399970	4.78530200
-0.31949306	3.14340600	4.87685800
-0.31449306	4.31836900	4.40687300
-0.30949306	4.31836900	3.38755500
-0.30449306	3.14340600	3.38755500
-0.29949306	0.82399970	4.40687300
-0.29449306	-0.28992580	4.87685800
-0.28949306	-0.06103702	4.78530200
-0.28449306	0.00000000	4.76088700
-0.27949306	0.00000000	4.76088700
-0.27449306	0.00000000	4.76088700
-0.26949306	0.00000000	4.76088700
-0.26449306	0.00000000	4.76088700
-0.25949306	0.00000000	4.76088700
-0.25449306	0.00000000	4.76088700
-0.24949306	0.00000000	4.76088700
-0.24449306	0.00000000	4.76088700
-0.23949306	0.00000000	4.76088700
-0.23449306	-0.06103702	4.76088700
-0.22949306	-0.28992580	4.76088700
-0.22449306	0.88503670	4.78530200
-0.21949306	3.43333200	4.87685800
-0.21449306	3.43333200	4.40687300
-0.20949306	0.88503670	3.38755500
-0.20449306	-0.28992580	3.38755500
-0.19949306	-0.06103702	4.40687300
-0.19449306	0.00000000	4.87685800
-0.18949306	0.00000000	4.78530200
-0.18449306	0.00000000	4.76088700
-0.17949306	0.00000000	4.76088700
-0.17449306	0.00000000	4.76088700
-0.16949306	0.00000000	4.76088700
-0.16449306	0.00000000	4.78530200
-0.15949306	0.00000000	4.87685800
-0.15449306	0.00000000	4.40687300
-0.14949306	0.00000000	3.38755500
-0.14449306	0.00000000	3.38755500
-0.13949306	0.00000000	4.40687300
-0.13449306	0.00000000	4.90127200
-0.12949306	0.00000000	4.90127200
-0.12449306	0.00000000	4.43128700
-0.11949306	0.00000000	3.50352500
-0.11449306	-0.06103702	3.05795500
-0.10949306	-0.28992580	3.14951000
-0.10449306	0.76296270	3.19834000
-0.09949306	2.85348100	3.28989500
-0.09449306	4.97451700	2.89315500
-0.08949306	6.57673800	2.14850300
-0.08449306	9.70488500	0.81179230
-0.07949306	13.39762000	-0.95217750
-0.07449306	18.75362000	-1.77617700
-0.06949306	24.53688000	-1.39774800
-0.06449306	30.94577000	-2.22174700
-0.05949306	36.50013000	-3.98571700
-0.05449306	42.84798000	-5.32242800
-0.04949306	48.40235000	-6.06708000
-0.04449306	54.81124000	-6.46382000
-0.03949306	60.59449000	-6.37226500
-0.03449306	65.82842000	-6.34785000
-0.02949306	69.07864000	-6.34785000
-0.02449306	74.31256000	-6.37226500
-0.01949306	80.09583000	-6.46382000
-0.01449306	86.56575000	-6.01825000
-0.00949306	92.34900000	-5.09048700
-0.00449306	97.58293000	-4.66933200
0.00050694	100.81790000	-4.85244300
0.00550694	106.05180000	-4.45570200
0.01050694	111.83510000	-3.61949500
0.01550694	118.30500000	-2.72835500
0.02050694	124.08820000	-1.89214800
0.02550694	129.32220000	-1.47099200
0.03050694	132.55710000	-1.56254800
0.03550694	137.85210000	-1.58696200
0.04050694	143.87950000	-1.58696200
0.04550694	149.17450000	-1.58696200
0.05050694	152.40940000	-1.58696200
0.05550694	157.70440000	-1.58696200
0.06050694	163.71650000	-1.58696200
0.06550694	169.13360000	-1.58696200
0.07050694	172.82630000	-1.58696200
0.07550694	175.89340000	-1.58696200
0.08050694	177.26680000	-1.58696200
0.08550694	180.39490000	-1.58696200
0.09050694	184.31650000	-1.58696200
0.09550694	188.61960000	-1.58696200
0.10050694	192.31240000	-1.58696200
0.10550694	196.61550000	-1.58696200
0.11050694	200.53710000	-1.58696200
0.11550694	203.66530000	-1.56254800
0.12050694	205.03860000	-1.47099200
0.12550694	208.22780000	-1.91656200
0.13050694	212.39360000	-2.84432500
0.13550694	215.64380000	-3.26548100
0.14050694	217.24600000	-3.08237000
0.14550694	219.30600000	-3.52794000
0.15050694	221.16760000	-4.54725700
0.15550694	223.27340000	-4.52284300
0.16050694	225.13500000	-3.41196900
0.16550694	227.24080000	-3.38755500
0.17050694	229.10240000	-4.40687300
0.17550694	231.20820000	-4.87685800
0.18050694	233.06980000	-4.78530200
0.18550694	235.17560000	-4.76088700
0.19050694	237.03720000	-4.76088700
0.19550694	239.20410000	-4.78530200
0.20050694	241.29460000	-4.87685800
0.20550694	242.28640000	-4.43128700
0.21050694	241.82860000	-3.50352500
0.21550694	242.88150000	-3.05795500
0.22050694	245.20090000	-3.14951000
0.22550694	246.25380000	-3.19834000
0.23050694	245.79610000	-3.28989500
0.23550694	246.84900000	-2.84432500
0.24050694	249.16840000	-1.91656200
0.24550694	250.28230000	-1.49540700
0.25050694	250.05340000	-1.67851800
0.25550694	249.99240000	-1.25736300
0.26050694	249.99240000	-0.32959990
0.26550694	249.99240000	0.11597030
0.27050694	249.99240000	0.02441481
0.27550694	249.99240000	0.02441481
0.28050694	249.99240000	0.11597030
0.28550694	250.05340000	-0.35401470
0.29050694	250.28230000	-1.37333300
0.29550694	249.16840000	-1.37333300
0.30050694	246.84900000	-0.35401470
0.30550694	245.79610000	0.14038510
0.31050694	246.25380000	0.14038510
0.31550694	245.20090000	-0.32959990
0.32050694	242.88150000	-1.25736300
0.32550694	241.82860000	-1.70293300
0.33050694	242.28640000	-1.61137700
0.33550694	241.29460000	-1.58696200
0.34050694	239.20410000	-1.58696200
0.34550694	236.97620000	-1.58696200
0.35050694	234.88570000	-1.58696200
0.35550694	233.89380000	-1.56254800
0.36050694	234.35160000	-1.47099200
0.36550694	233.35980000	-1.91656200
0.37050694	231.26930000	-2.84432500
0.37550694	229.04140000	-3.28989500
0.38050694	226.95090000	-3.19834000
0.38550694	225.95900000	-3.17392500
0.39050694	226.41680000	-3.17392500
0.39550694	225.36390000	-3.19834000
0.40050694	223.04450000	-3.28989500
0.40550694	221.99160000	-2.81991000
0.41050694	222.44940000	-1.80059200
0.41550694	221.45760000	-1.82500700
0.42050694	219.36700000	-2.93588100
0.42550694	217.13920000	-2.93588100
0.43050694	215.04870000	-1.82500700
0.43550694	213.99580000	-1.82500700
0.44050694	214.22470000	-2.93588100
0.44550694	214.34670000	-2.96029500
0.45050694	214.57560000	-1.94097700
0.45550694	213.52270000	-1.47099200
0.46050694	211.43220000	-1.56254800
0.46550694	209.18910000	-1.58696200
0.47050694	207.09860000	-1.58696200
0.47550694	206.04570000	-1.61137700
0.48050694	206.27460000	-1.70293300
0.48550694	206.39670000	-1.25736300
0.49050694	206.62550000	-0.32959990
0.49550694	205.51160000	0.11597030
0.50050694	203.19220000	0.02441481
0.50550694	202.07830000	0.00000000
0.51050694	202.30720000	0.00000000
0.51550694	202.36820000	0.00000000
0.52050694	202.36820000	0.00000000
0.52550694	202.42930000	-0.02441481
0.53050694	202.65810000	-0.11597030
0.53550694	201.54420000	0.35401470
0.54050694	199.22480000	1.37333300
0.54550694	198.11090000	1.34891800
0.55050694	198.33980000	0.23804440
0.55550694	198.46190000	0.21362960
0.56050694	198.69080000	1.23294800
0.56550694	197.57680000	1.70293300
0.57050694	195.25740000	1.61137700
0.57550694	194.14350000	1.58696200
0.58050694	194.37240000	1.58696200
0.58550694	194.43340000	1.58696200
0.59050694	194.43340000	1.58696200
0.59550694	194.49440000	1.58696200
0.60050694	194.72330000	1.58696200
0.60550694	193.60940000	1.58696200
0.61050694	191.29000000	1.58696200
0.61550694	190.17610000	1.61137700
0.62050694	190.40500000	1.70293300
0.62550694	190.46600000	1.23294800
0.63050694	190.46600000	0.21362960
0.63550694	190.46600000	0.21362960
0.64050694	190.46600000	1.23294800
0.64550694	190.52700000	1.70293300
0.65050693	190.75590000	1.61137700
0.65550693	189.64200000	1.58696200
0.66050693	187.32260000	1.58696200
0.66550693	186.20870000	1.56254800
0.67050693	186.43760000	1.47099200
0.67550693	186.55960000	1.94097700
0.68050693	186.78850000	2.96029500
0.68550693	185.67460000	2.96029500
0.69050693	183.35520000	1.94097700
0.69550693	182.24130000	1.44657700
0.70050693	182.47020000	1.44657700
0.70550693	182.53120000	1.91656200
0.71050693	182.53120000	2.84432500
0.71550693	182.53120000	3.28989500
0.72050693	182.53120000	3.19834000
0.72550693	182.59220000	3.17392500
0.73050693	182.82110000	3.17392500
0.73550693	181.70720000	3.17392500
0.74050693	179.38780000	3.17392500
0.74550693	178.27390000	3.17392500
0.75050693	178.50280000	3.17392500
0.75550693	178.62480000	3.17392500
0.76050693	178.85370000	3.17392500
0.76550693	177.73980000	3.17392500
0.77050693	175.42040000	3.17392500
0.77550693	174.30650000	3.12509500
0.78050693	174.53530000	2.94198400
0.78550693	174.59640000	3.85753900
0.79050693	174.59640000	5.80462000
0.79550693	174.59640000	6.25019100
0.80050693	174.59640000	5.13931700
0.80550693	174.65740000	4.64491700
0.81050693	174.88630000	4.73647300
0.81550693	173.71130000	4.76088700
0.82050693	171.16310000	4.76088700
0.82550693	171.22410000	4.76088700
0.83050693	174.00130000	4.76088700
0.83550693	174.06230000	4.78530200
0.84050693	171.51400000	4.87685800
0.84550693	170.33910000	4.43128700
0.85050693	170.56790000	3.50352500
0.85550693	170.69000000	3.05795500
0.86050693	170.91890000	3.14951000
0.86550693	169.80500000	3.17392500
0.87050693	167.48560000	3.17392500
0.87550693	166.37160000	3.19834000
0.88050693	166.60050000	3.28989500
0.88550693	166.66160000	2.84432500
0.89050693	166.66160000	1.91656200
0.89550693	166.72260000	1.44657700
0.90050693	166.95150000	1.44657700
0.90550693	165.83760000	1.91656200
0.91050693	163.51820000	2.84432500
0.91550693	162.40430000	3.28989500
0.92050693	162.63310000	3.19834000
0.92550693	162.69420000	3.17392500
0.93050693	162.69420000	3.17392500
0.93550693	162.69420000	3.17392500
0.94050693	162.69420000	3.17392500
0.94550693	162.69420000	3.17392500
0.95050693	162.69420000	3.17392500
0.95550693	162.75520000	3.17392500
0.96050693	162.98410000	3.17392500
0.96550693	161.87020000	3.17392500
0.97050693	159.55080000	3.17392500
0.97550693	158.43680000	3.17392500
0.98050693	158.66570000	3.17392500
0.98550693	158.78780000	3.17392500
0.99050693	159.01670000	3.17392500
0.99550693	157.84170000	3.17392500
1.00050693	155.29340000	3.17392500
1.00550693	155.35450000	3.17392500
1.01050693	158.13170000	3.17392500
1.01550693	158.19270000	3.17392500
1.02050693	155.64440000	3.17392500
1.02550693	154.46940000	3.17392500
1.03050693	154.69830000	3.17392500
1.03550693	154.75940000	3.17392500
1.04050693	154.75940000	3.17392500
1.04550693	154.75940000	3.17392500
1.05050693	154.75940000	3.17392500
1.05550693	154.82040000	3.17392500
1.06050693	155.04930000	3.17392500
1.06550693	153.93530000	3.17392500
1.07050693	151.61590000	3.17392500
1.07550693	150.50200000	3.17392500
1.08050693	150.73090000	3.17392500
1.08550693	150.79190000	3.17392500
1.09050693	150.79190000	3.17392500
1.09550693	150.79190000	3.17392500
1.10050693	150.79190000	3.17392500
1.10550693	150.85300000	3.14951000
1.11050693	151.08190000	3.05795500
1.11550693	149.96790000	3.52794000
1.12050693	147.64850000	4.54725700
1.12550693	146.53460000	4.54725700
1.13050693	146.76350000	3.52794000
1.13550693	146.82450000	3.05795500
1.14050693	146.82450000	3.14951000
1.14550693	146.82450000	3.17392500
1.15050693	146.82450000	3.17392500
1.15550693	146.82450000	3.17392500
1.16050693	146.82450000	3.17392500
1.16550693	146.88560000	3.17392500
1.17050693	147.11450000	3.17392500
1.17550693	146.00050000	3.17392500
1.18050693	143.68110000	3.17392500
1.18550693	142.56720000	3.17392500
1.19050693	142.79610000	3.17392500
1.19550693	142.85710000	3.19834000
1.20050693	142.85710000	3.28989500
1.20550693	142.91820000	2.84432500
1.21050693	143.14710000	1.91656200
1.21550693	142.03310000	1.44657700
1.22050693	139.69850000	1.44657700
1.22550693	138.58450000	1.91656200
1.23050693	138.81340000	2.84432500
1.23550693	138.87450000	3.31431000
1.24050693	138.87450000	3.31431000
1.24550693	138.87450000	2.84432500
1.25050693	138.87450000	1.91656200
1.25550693	138.93550000	1.47099200
1.26050693	139.16440000	1.56254800
1.26550693	137.98940000	1.58696200
1.27050693	135.44110000	1.58696200
1.27550693	135.50220000	1.58696200
1.28050693	138.27940000	1.58696200
1.28550693	138.34040000	1.58696200
1.29050693	135.79210000	1.58696200
1.29550693	134.61710000	1.58696200
1.30050693	134.84600000	1.58696200
1.30550693	134.90710000	1.58696200
1.31050693	134.90710000	1.58696200
1.31550693	134.90710000	1.58696200
1.32050693	134.90710000	1.58696200
1.32550693	134.96810000	1.56254800
1.33050693	135.19700000	1.47099200
1.33550693	134.08310000	1.91656200
1.34050693	131.76370000	2.84432500
1.34550693	130.64970000	3.26548100
1.35050693	130.87860000	3.08237000
1.35550693	130.93970000	3.52794000
1.36050693	130.93970000	4.54725700
1.36550693	130.93970000	4.54725700
1.37050693	130.93970000	3.52794000
1.37550693	131.00070000	3.05795500
1.38050693	131.22960000	3.14951000
1.38550693	130.11560000	3.17392500
1.39050693	127.79630000	3.17392500
1.39550693	126.68230000	3.19834000
1.40050693	126.91120000	3.28989500
1.40550693	126.97230000	2.81991000
1.41050693	126.97230000	1.80059200
1.41550693	126.97230000	1.80059200
1.42050693	126.97230000	2.81991000
1.42550693	126.97230000	3.28989500
1.43050693	126.97230000	3.19834000
1.43550693	126.97230000	3.19834000
1.44050693	126.97230000	3.28989500
1.44550693	127.03330000	2.84432500
1.45050693	127.26220000	1.91656200
1.45550693	126.14820000	1.44657700
1.46050693	123.82880000	1.44657700
1.46550693	122.71490000	1.91656200
1.47050693	122.94380000	2.84432500
1.47550693	123.00480000	3.28989500
1.48050693	123.00480000	3.19834000
1.48550693	123.00480000	3.17392500
1.49050693	123.00480000	3.17392500
1.49550693	123.06590000	3.17392500
1.50050693	123.29480000	3.17392500
1.50550693	122.18080000	3.19834000
1.51050693	119.86140000	3.28989500
1.51550693	118.74750000	2.84432500
1.52050693	118.97640000	1.91656200
1.52550693	119.03740000	1.47099200
1.53050693	119.03740000	1.56254800
1.53550693	119.03740000	1.56254800
1.54050693	119.03740000	1.47099200
1.54550693	119.03740000	1.91656200
1.55050693	119.03740000	2.84432500
1.55550693	119.03740000	3.28989500
1.56050693	119.03740000	3.19834000
1.56550693	119.03740000	3.17392500
1.57050693	119.03740000	3.17392500
1.57550693	119.09850000	3.14951000
1.58050693	119.32740000	3.05795500
1.58550693	118.21340000	3.50352500
1.59050693	115.89400000	4.43128700
1.59550693	114.78010000	4.87685800
1.60050693	115.00900000	4.78530200
1.60550693	115.07000000	4.76088700
1.61050693	115.07000000	4.76088700
1.61550693	115.07000000	4.76088700
1.62050693	115.07000000	4.76088700
1.62550693	115.13110000	4.76088700
1.63050693	115.36000000	4.76088700
1.63550693	114.18500000	4.78530200
1.64050693	111.63670000	4.87685800
1.64550693	111.69770000	4.40687300
1.65050693	114.47490000	3.38755500
1.65550693	114.53600000	3.38755500
1.66050693	111.98770000	4.40687300
1.66550693	110.81270000	4.90127200
1.67050693	111.04160000	4.90127200
1.67550693	111.10260000	4.40687300
1.68050693	111.10260000	3.38755500
1.68550693	111.16370000	3.41196900
1.69050693	111.39250000	4.52284300
1.69550693	110.21760000	4.54725700
1.70050693	107.66930000	3.52794000
1.70550693	107.73030000	3.05795500
1.71050693	110.50750000	3.14951000
1.71550693	110.56860000	3.19834000
1.72050693	108.02030000	3.28989500
1.72550693	106.84530000	2.81991000
1.73050693	107.07420000	1.80059200
1.73550693	107.13520000	1.80059200
1.74050693	107.13520000	2.81991000
1.74550693	107.13520000	3.31431000
1.75050693	107.13520000	3.31431000
1.75550693	107.13520000	2.81991000
1.76050693	107.13520000	1.80059200
1.76550693	107.19630000	1.82500700
1.77050693	107.42510000	2.93588100
1.77550693	106.31120000	2.96029500
1.78050693	103.99180000	1.94097700
1.78550693	102.87790000	1.47099200
1.79050693	103.10680000	1.56254800
1.79550693	103.16780000	1.58696200
1.80050693	103.16780000	1.58696200
1.80550693	103.16780000	1.58696200
1.81050693	103.16780000	1.58696200
1.81550693	103.16780000	1.58696200
1.82050693	103.16780000	1.58696200
1.82550693	103.16780000	1.58696200
1.83050693	103.16780000	1.58696200
1.83550693	103.16780000	1.58696200
1.84050693	103.16780000	1.58696200
1.84550693	103.16780000	1.56254800
1.85050693	103.16780000	1.47099200
1.85550693	103.16780000	1.91656200
1.86050693	103.16780000	2.84432500
1.86550693	103.22890000	3.28989500
1.87050693	103.45770000	3.19834000
1.87550693	102.34380000	3.17392500
1.88050693	100.02440000	3.17392500
1.88550693	98.91048000	3.17392500
1.89050693	99.13937000	3.17392500
1.89550693	99.20041000	3.17392500
1.90050693	99.20041000	3.17392500
1.90550693	99.20041000	3.17392500
1.91050693	99.20041000	3.17392500
1.91550693	99.20041000	3.19834000
1.92050693	99.20041000	3.28989500
1.92550693	99.26145000	2.81991000
1.93050693	99.49034000	1.80059200
1.93550693	98.37641000	1.80059200
1.94050693	96.05700000	2.81991000
1.94550693	94.94308000	3.26548100
1.95050693	95.17197000	3.08237000
1.95550693	95.23300000	3.50352500
1.96050693	95.23300000	4.43128700
1.96550693	95.23300000	4.87685800
1.97050693	95.23300000	4.78530200
1.97550693	95.23300000	4.76088700
1.98050693	95.23300000	4.76088700
1.98550693	95.23300000	4.76088700
1.99050693	95.23300000	4.76088700
1.99550693	95.23300000	4.78530200
2.00050693	95.23300000	4.87685800
2.00550693	95.23300000	4.43128700
2.01050693	95.23300000	3.50352500
2.01550693	95.23300000	3.05795500
2.02050693	95.23300000	3.14951000
2.02550693	95.23300000	3.17392500
2.03050693	95.23300000	3.17392500
2.03550693	95.29404000	3.17392500
2.04050693	95.52293000	3.17392500
2.04550693	94.40900000	3.14951000
2.05050693	92.08959000	3.05795500
2.05550693	90.97568000	3.52794000
2.06050693	91.20457000	4.54725700
2.06550693	91.26560000	4.57167300
2.07050693	91.26560000	3.64391000
2.07550693	91.26560000	2.70394000
2.08050693	91.26560000	1.77617700
2.08550693	91.26560000	1.82500700
2.09050693	91.26560000	2.93588100
2.09550693	91.26560000	2.93588100
2.10050693	91.26560000	1.82500700
2.10550693	91.26560000	1.80059200
2.11050693	91.26560000	2.81991000
2.11550693	91.26560000	3.28989500
2.12050693	91.26560000	3.19834000
2.12550693	91.32664000	3.14951000
2.13050693	91.55552000	3.05795500
2.13550693	90.44160000	3.50352500
2.14050693	88.12219000	4.43128700
2.14550693	87.00826000	4.90127200
2.15050693	87.23715000	4.90127200
2.15550693	87.29819000	4.43128700
2.16050693	87.29819000	3.50352500
2.16550693	87.29819000	3.03354000
2.17050693	87.29819000	3.03354000
2.17550693	87.29819000	3.50352500
2.18050693	87.29819000	4.43128700
2.18550693	87.29819000	4.90127200
2.19050693	87.29819000	4.90127200
2.19550693	87.29819000	4.40687300
2.20050693	87.29819000	3.38755500
2.20550693	87.35923000	3.38755500
2.21050693	87.58812000	4.40687300
2.21550693	86.47419000	4.87685800
2.22050693	84.15479000	4.78530200
2.22550693	83.04086000	4.76088700
2.23050693	83.26974000	4.76088700
2.23550693	83.33078000	4.76088700
2.24050693	83.33078000	4.76088700
2.24550693	83.33078000	4.76088700
2.25050693	83.33078000	4.76088700
2.25550693	83.33078000	4.76088700
2.26050693	83.33078000	4.76088700
2.26550693	83.33078000	4.78530200
2.27050693	83.33078000	4.87685800
2.27550693	83.33078000	4.43128700
2.28050693	83.33078000	3.50352500
2.28550693	83.33078000	3.05795500
2.29050693	83.33078000	3.14951000
2.29550692	83.39182000	3.17392500
2.30050692	83.62070000	3.17392500
2.30550692	82.44575000	3.17392500
2.31050692	79.89745000	3.17392500
2.31550692	79.95850000	3.19834000
2.32050692	82.73567000	3.28989500
2.32550692	82.79671000	2.84432500
2.33050692	80.24842000	1.91656200
2.33550692	79.07346000	1.47099200
2.34050692	79.30235000	1.56254800
2.34550692	79.36338000	1.58696200
2.35050692	79.36338000	1.58696200
2.35550692	79.36338000	1.58696200
2.36050692	79.36338000	1.58696200
2.36550692	79.36338000	1.56254800
2.37050692	79.36338000	1.47099200
2.37550692	79.36338000	1.91656200
2.38050692	79.36338000	2.84432500
2.38550692	79.36338000	3.28989500
2.39050692	79.36338000	3.19834000
2.39550692	79.36338000	3.19834000
2.40050692	79.36338000	3.28989500
2.40550692	79.36338000	2.81991000
2.41050692	79.36338000	1.80059200
2.41550692	79.42442000	1.80059200
2.42050692	79.65331000	2.81991000
2.42550692	78.53938000	3.28989500
2.43050692	76.21997000	3.19834000
2.43550692	75.10605000	3.17392500
2.44050692	75.33494000	3.17392500
2.44550692	75.39597000	3.17392500
2.45050692	75.39597000	3.17392500
2.45550692	75.39597000	3.17392500
2.46050692	75.39597000	3.17392500
2.46550692	75.39597000	3.17392500
2.47050692	75.39597000	3.17392500
2.47550692	75.39597000	3.17392500
2.48050692	75.39597000	3.17392500
2.48550692	75.39597000	3.19834000
2.49050692	75.39597000	3.28989500
2.49550692	75.45701000	2.84432500
2.50050692	75.68590000	1.91656200
2.50550692	74.57197000	1.47099200
2.51050692	72.25256000	1.56254800
2.51550692	71.13864000	1.58696200
2.52050692	71.36753000	1.58696200
2.52550692	71.42857000	1.56254800
2.53050692	71.42857000	1.47099200
2.53550692	71.42857000	1.91656200
2.54050692	71.42857000	2.84432500
2.54550692	71.42857000	3.28989500
2.55050692	71.42857000	3.19834000
2.55550692	71.42857000	3.19834000
2.56050692	71.42857000	3.28989500
2.56550692	71.42857000	2.84432500
2.57050692	71.42857000	1.91656200
2.57550692	71.42857000	1.47099200
2.58050692	71.42857000	1.56254800
2.58550692	71.42857000	1.56254800
2.59050692	71.42857000	1.47099200
2.59550692	71.42857000	1.91656200
2.60050692	71.42857000	2.84432500
2.60550692	71.42857000	3.28989500
2.61050692	71.42857000	3.19834000
2.61550692	71.48961000	3.17392500
2.62050692	71.71850000	3.17392500
2.62550692	70.60457000	3.19834000
2.63050692	68.26991000	3.28989500
2.63550692	67.15598000	2.81991000
2.64050692	67.38486000	1.80059200
2.64550692	67.44590000	1.82500700
2.65050692	67.44590000	2.93588100
2.65550692	67.44590000	2.96029500
2.66050692	67.44590000	1.94097700
2.66550692	67.44590000	1.47099200
2.67050692	67.44590000	1.56254800
2.67550692	67.44590000	1.58696200
2.68050692	67.44590000	1.58696200
2.68550692	67.44590000	1.58696200
2.69050692	67.44590000	1.58696200
2.69550692	67.44590000	1.56254800
2.70050692	67.44590000	1.47099200
2.70550692	67.50694000	1.91656200
2.71050692	67.73582000	2.84432500
2.71550692	66.56087000	3.28989500
2.72050692	64.01257000	3.19834000
2.72550692	64.07360000	3.17392500
2.73050692	66.85079000	3.17392500
2.73550692	66.91183000	3.14951000
2.74050692	64.36353000	3.05795500
2.74550692	63.18857000	3.52794000
2.75050692	63.41746000	4.54725700
2.75550692	63.47850000	4.52284300
2.76050692	63.47850000	3.41196900
2.76550692	63.47850000	3.38755500
2.77050692	63.47850000	4.40687300
2.77550692	63.47850000	4.87685800
2.78050692	63.47850000	4.78530200
2.78550692	63.47850000	4.78530200
2.79050692	63.47850000	4.87685800
2.79550692	63.47850000	4.40687300
2.80050692	63.47850000	3.38755500
2.80550692	63.47850000	3.41196900
2.81050692	63.47850000	4.52284300
2.81550692	63.47850000	4.54725700
2.82050692	63.47850000	3.52794000
2.82550692	63.47850000	3.03354000
2.83050692	63.47850000	3.03354000
2.83550692	63.47850000	3.52794000
2.84050692	63.47850000	4.54725700
2.84550692	63.53953000	4.54725700
2.85050692	63.76842000	3.52794000
2.85550692	62.59346000	3.05795500
2.86050692	60.04517000	3.14951000
2.86550692	60.10620000	3.17392500
2.87050692	62.88339000	3.17392500
2.87550692	62.94442000	3.19834000
2.88050692	60.39613000	3.28989500
2.88550692	59.22116000	2.81991000
2.89050692	59.45005000	1.80059200
2.89550692	59.51109000	1.77617700
2.90050692	59.51109000	2.70394000
2.90550692	59.51109000	3.61949500
2.91050692	59.51109000	4.45570200
2.91550692	59.51109000	4.87685800
2.92050692	59.51109000	4.78530200
2.92550692	59.51109000	4.76088700
2.93050692	59.51109000	4.76088700
2.93550692	59.51109000	4.78530200
2.94050692	59.51109000	4.87685800
2.94550692	59.51109000	4.40687300
2.95050692	59.51109000	3.38755500
2.95550692	59.51109000	3.41196900
2.96050692	59.51109000	4.52284300
2.96550692	59.51109000	4.52284300
2.97050692	59.51109000	3.41196900
2.97550692	59.51109000	3.38755500
2.98050692	59.51109000	4.40687300
2.98550692	59.51109000	4.87685800
2.99050692	59.51109000	4.78530200
2.99550692	59.57213000	4.78530200
3.00050692	59.80102000	4.87685800
3.00550692	58.68709000	4.40687300
3.01050692	56.36768000	3.38755500
3.01550692	55.25376000	3.38755500
3.02050692	55.48264000	4.40687300
3.02550692	55.54368000	4.87685800
3.03050692	55.54368000	4.78530200
3.03550692	55.54368000	4.76088700
3.04050692	55.54368000	4.76088700
3.04550692	55.54368000	4.76088700
3.05050692	55.54368000	4.76088700
3.05550692	55.54368000	4.78530200
3.06050692	55.54368000	4.87685800
3.06550692	55.54368000	4.40687300
3.07050692	55.54368000	3.38755500
3.07550692	55.54368000	3.41196900
3.08050692	55.54368000	4.52284300
3.08550692	55.54368000	4.54725700
3.09050692	55.54368000	3.52794000
3.09550692	55.54368000	3.05795500
3.10050692	55.54368000	3.14951000
3.10550692	55.54368000	3.17392500
3.11050692	55.54368000	3.17392500
3.11550692	55.54368000	3.19834000
3.12050692	55.54368000	3.28989500
3.12550692	55.60472000	2.81991000
3.13050692	55.83361000	1.80059200
3.13550692	54.65865000	1.82500700
3.14050692	52.11035000	2.93588100
3.14550692	52.17139000	2.96029500
3.15050692	54.94857000	1.94097700
3.15550692	55.00961000	1.47099200
3.16050692	52.46132000	1.56254800
3.16550692	51.28635000	1.58696200
3.17050692	51.51524000	1.58696200
3.17550692	51.57627000	1.53813300
3.18050692	51.57627000	1.35502200
3.18550692	51.57627000	2.27057700
3.19050692	51.57627000	4.21765800
3.19550692	51.57627000	4.66322800
3.20050692	51.57627000	3.55235400
3.20550692	51.57627000	3.03354000
3.21050692	51.57627000	3.03354000
3.21550692	51.57627000	3.50352500
3.22050692	51.57627000	4.43128700
3.22550692	51.57627000	4.90127200
3.23050692	51.57627000	4.90127200
3.23550692	51.57627000	4.43128700
3.24050692	51.57627000	3.50352500
3.24550692	51.57627000	3.08237000
3.25050692	51.57627000	3.26548100
3.25550692	51.57627000	2.81991000
3.26050692	51.57627000	1.80059200
3.26550692	51.57627000	1.82500700
3.27050692	51.57627000	2.93588100
3.27550692	51.63731000	2.93588100
3.28050692	51.86620000	1.82500700
3.28550692	50.75228000	1.80059200
3.29050692	48.43287000	2.81991000
3.29550692	47.31895000	3.28989500
3.30050692	47.54784000	3.19834000
3.30550692	47.60887000	3.17392500
3.31050692	47.60887000	3.17392500
3.31550692	47.60887000	3.17392500
3.32050692	47.60887000	3.17392500
3.32550692	47.60887000	3.14951000
3.33050692	47.60887000	3.05795500
3.33550692	47.60887000	3.52794000
3.34050692	47.60887000	4.54725700
3.34550692	47.60887000	4.52284300
3.35050692	47.60887000	3.41196900
3.35550692	47.60887000	3.38755500
3.36050692	47.60887000	4.40687300
3.36550692	47.60887000	4.87685800
3.37050692	47.60887000	4.78530200
3.37550692	47.60887000	4.76088700
3.38050692	47.60887000	4.76088700
3.38550692	47.60887000	4.78530200
3.39050692	47.60887000	4.87685800
3.39550692	47.60887000	4.43128700
3.40050692	47.60887000	3.50352500
3.40550692	47.60887000	3.05795500
3.41050692	47.60887000	3.14951000
3.41550692	47.60887000	3.17392500
3.42050692	47.60887000	3.17392500
3.42550692	47.60887000	3.17392500
3.43050692	47.60887000	3.17392500
3.43550692	47.60887000	3.17392500
3.44050692	47.60887000	3.17392500
3.44550692	47.60887000	3.17392500
3.45050692	47.60887000	3.17392500
3.45550692	47.66991000	3.19834000
3.46050692	47.89880000	3.28989500
3.46550692	46.78487000	2.81991000
3.47050692	44.46547000	1.80059200
3.47550692	43.35154000	1.80059200
3.48050692	43.58043000	2.81991000
3.48550692	43.64147000	3.31431000
3.49050692	43.64147000	3.31431000
3.49550692	43.58043000	2.84432500
3.50050692	43.35154000	1.91656200
3.50550692	44.52650000	1.47099200
3.51050692	47.07480000	1.56254800
3.51550692	47.07480000	1.56254800
3.52050692	44.52650000	1.47099200
3.52550692	43.35154000	1.94097700
3.53050692	43.58043000	2.96029500
3.53550692	43.64147000	2.96029500
3.54050692	43.64147000	1.94097700
3.54550692	43.64147000	1.47099200
3.55050692	43.64147000	1.56254800
3.55550692	43.64147000	1.58696200
3.56050692	43.64147000	1.58696200
3.56550692	43.64147000	1.61137700
3.57050692	43.64147000	1.70293300
3.57550692	43.64147000	1.23294800
3.58050692	43.64147000	0.21362960
3.58550692	43.64147000	0.18921480
3.59050692	43.64147000	1.11697700
3.59550692	43.64147000	2.03253300
3.60050692	43.64147000	2.86874000
3.60550692	43.64147000	3.28989500
3.61050692	43.64147000	3.19834000
3.61550692	43.64147000	3.17392500
3.62050692	43.64147000	3.17392500
3.62550692	43.70250000	3.17392500
3.63050692	43.93139000	3.17392500
3.63550692	42.75643000	3.17392500
3.64050692	40.20813000	3.17392500
3.64550692	40.26917000	3.17392500
3.65050692	43.04636000	3.17392500
3.65550692	43.10739000	3.17392500
3.66050692	40.55910000	3.17392500
3.66550692	39.38414000	3.17392500
3.67050692	39.61302000	3.17392500
3.67550692	39.67406000	3.17392500
3.68050692	39.67406000	3.17392500
3.68550692	39.67406000	3.17392500
3.69050692	39.67406000	3.17392500
3.69550692	39.67406000	3.17392500
3.70050692	39.67406000	3.17392500
3.70550692	39.67406000	3.17392500
3.71050692	39.67406000	3.17392500
3.71550692	39.67406000	3.17392500
3.72050692	39.67406000	3.17392500
3.72550692	39.67406000	3.19834000
3.73050692	39.67406000	3.28989500
3.73550692	39.67406000	2.81991000
3.74050692	39.67406000	1.80059200
3.74550692	39.67406000	1.80059200
3.75050692	39.67406000	2.81991000
3.75550692	39.67406000	3.28989500
3.76050692	39.67406000	3.19834000
3.76550692	39.67406000	3.17392500
3.77050692	39.67406000	3.17392500
3.77550692	39.67406000	3.19834000
3.78050692	39.67406000	3.28989500
3.78550692	39.67406000	2.81991000
3.79050692	39.67406000	1.80059200
3.79550692	39.67406000	1.82500700
3.80050692	39.67406000	2.93588100
3.80550692	39.67406000	2.93588100
3.81050692	39.67406000	1.82500700
3.81550692	39.67406000	1.80059200
3.82050692	39.67406000	2.81991000
3.82550692	39.67406000	3.28989500
3.83050692	39.67406000	3.19834000
3.83550692	39.67406000	3.17392500
3.84050692	39.67406000	3.17392500
3.84550692	39.67406000	3.17392500
3.85050692	39.67406000	3.17392500
3.85550692	39.73510000	3.17392500
3.86050692	39.96399000	3.17392500
3.86550692	38.85006000	3.14951000
3.87050692	36.53065000	3.05795500
3.87550692	35.35569000	3.52794000
3.88050692	35.35569000	4.54725700
3.88550692	36.59169000	4.54725700
3.89050692	39.13999000	3.52794000
3.89550692	39.13999000	3.05795500
3.90050692	36.59169000	3.14951000
3.90550692	35.41673000	3.17392500
3.91050692	35.64562000	3.17392500
3.91550692	35.70665000	3.17392500
3.92050692	35.70665000	3.17392500
3.92550692	35.70665000	3.17392500
3.93050692	35.70665000	3.17392500
3.93550692	35.70665000	3.17392500
3.94050691	35.70665000	3.17392500
3.94550691	35.70665000	3.17392500
3.95050691	35.70665000	3.17392500
3.95550691	35.70665000	3.14951000
3.96050691	35.70665000	3.05795500
3.96550691	35.70665000	3.50352500
3.97050691	35.70665000	4.43128700
3.97550691	35.70665000	4.87685800
3.98050691	35.70665000	4.78530200
3.98550691	35.70665000	4.76088700
3.99050691	35.70665000	4.76088700
3.99550691	35.70665000	4.76088700
4.00050691	35.70665000	4.76088700
4.00550691	35.70665000	4.78530200
4.01050691	35.70665000	4.87685800
4.01550691	35.70665000	4.43128700
4.02050691	35.70665000	3.50352500
4.02550691	35.70665000	3.05795500
4.03050691	35.70665000	3.14951000
4.03550691	35.70665000	3.19834000
4.04050691	35.70665000	3.28989500
4.04550691	35.70665000	2.84432500
4.05050691	35.70665000	1.91656200
4.05550691	35.70665000	1.44657700
4.06050691	35.70665000	1.44657700
4.06550691	35.70665000	1.91656200
4.07050691	35.70665000	2.84432500
4.07550691	35.76769000	3.28989500
4.08050691	35.99658000	3.19834000
4.08550691	34.82162000	3.17392500
4.09050691	32.27332000	3.17392500
4.09550691	32.27332000	3.17392500
4.10050691	34.82162000	3.17392500
4.10550691	35.99658000	3.14951000
4.11050691	35.76769000	3.05795500
4.11550691	35.76769000	3.52794000
4.12050691	35.99658000	4.54725700
4.12550691	34.88266000	4.57167300
4.13050691	32.56325000	3.64391000
4.13550691	31.44932000	2.67952500
4.14050691	31.67821000	1.66020700
4.14550691	31.73925000	2.15460700
4.15050691	31.73925000	4.19324400
4.15550691	31.73925000	4.66322800
4.16050691	31.73925000	3.55235400
4.16550691	31.73925000	3.05795500
4.17050691	31.73925000	3.14951000
4.17550691	31.73925000	3.17392500
4.18050691	31.73925000	3.17392500
4.18550691	31.73925000	3.17392500
4.19050691	31.73925000	3.17392500
4.19550691	31.73925000	3.19834000
4.20050691	31.73925000	3.28989500
4.20550691	31.73925000	2.84432500
4.21050691	31.73925000	1.91656200
4.21550691	31.73925000	1.44657700
4.22050691	31.73925000	1.44657700
4.22550691	31.73925000	1.91656200
4.23050691	31.73925000	2.84432500
4.23550691	31.73925000	3.28989500
4.24050691	31.73925000	3.19834000
4.24550691	31.73925000	3.14951000
4.25050691	31.73925000	3.05795500
4.25550691	31.73925000	3.50352500
4.26050691	31.73925000	4.43128700
4.26550691	31.73925000	4.90127200
4.27050691	31.73925000	4.90127200
4.27550691	31.73925000	4.40687300
4.28050691	31.73925000	3.38755500
4.28550691	31.73925000	3.41196900
4.29050691	31.73925000	4.52284300
4.29550691	31.73925000	4.54725700
4.30050691	31.73925000	3.52794000
4.30550691	31.73925000	3.08237000
4.31050691	31.73925000	3.26548100
4.31550691	31.73925000	2.84432500
4.32050691	31.73925000	1.91656200
4.32550691	31.73925000	1.47099200
4.33050691	31.73925000	1.56254800
4.33550691	31.73925000	1.58696200
4.34050691	31.73925000	1.58696200
4.34550691	31.73925000	1.58696200
4.35050691	31.73925000	1.58696200
4.35550691	31.73925000	1.56254800
4.36050691	31.73925000	1.47099200
4.36550691	31.80028000	1.91656200
4.37050691	32.02917000	2.84432500
4.37550691	30.91525000	3.28989500
4.38050691	28.59584000	3.19834000
4.38550691	27.42088000	3.17392500
4.39050691	27.42088000	3.17392500
4.39550691	28.65688000	3.17392500
4.40050691	31.20517000	3.17392500
4.40550691	31.20517000	3.17392500
4.41050691	28.65688000	3.17392500
4.41550691	27.48192000	3.14951000
4.42050691	27.71080000	3.05795500
4.42550691	27.77184000	3.52794000
4.43050691	27.77184000	4.54725700
4.43550691	27.71080000	4.54725700
4.44050691	27.48192000	3.52794000
4.44550691	28.65688000	3.05795500
4.45050691	31.20517000	3.14951000
4.45550691	31.20517000	3.17392500
4.46050691	28.65688000	3.17392500
4.46550691	27.48192000	3.17392500
4.47050691	27.71080000	3.17392500
4.47550691	27.77184000	3.19834000
4.48050691	27.77184000	3.28989500
4.48550691	27.77184000	2.81991000
4.49050691	27.77184000	1.80059200
4.49550691	27.77184000	1.80059200
4.50050691	27.77184000	2.81991000
4.50550691	27.77184000	3.28989500
4.51050691	27.77184000	3.19834000
4.51550691	27.77184000	3.17392500
4.52050691	27.77184000	3.17392500
4.52550691	27.77184000	3.17392500
4.53050691	27.77184000	3.17392500
4.53550691	27.77184000	3.17392500
4.54050691	27.77184000	3.17392500
4.54550691	27.77184000	3.17392500
4.55050691	27.77184000	3.17392500
4.55550691	27.77184000	3.17392500
4.56050691	27.77184000	3.17392500
4.56550691	27.77184000	3.17392500
4.57050691	27.77184000	3.17392500
4.57550691	27.77184000	3.17392500
4.58050691	27.77184000	3.17392500
4.58550691	27.77184000	3.17392500
4.59050691	27.77184000	3.17392500
4.59550691	27.77184000	3.17392500
4.60050691	27.77184000	3.17392500
4.60550691	27.77184000	3.17392500
4.61050691	27.77184000	3.17392500
4.61550691	27.77184000	3.19834000
4.62050691	27.77184000	3.28989500
4.62550691	27.83288000	2.81991000
4.63050691	28.06177000	1.80059200
4.63550691	26.88680000	1.80059200
4.64050691	24.33851000	2.81991000
4.64550691	24.39955000	3.28989500
4.65050691	27.17673000	3.19834000
4.65550691	27.17673000	3.17392500
4.66050691	24.39955000	3.17392500
4.66550691	24.33851000	3.14951000
4.67050691	26.88680000	3.05795500
4.67550691	28.06177000	3.50352500
4.68050691	27.83288000	4.43128700
4.68550691	27.77184000	4.87685800
4.69050691	27.77184000	4.78530200
4.69550691	27.83288000	4.76088700
4.70050691	28.06177000	4.76088700
4.70550691	26.94784000	4.76088700
4.71050691	24.62844000	4.76088700
4.71550691	23.51451000	4.76088700
4.72050691	23.74340000	4.76088700
4.72550691	23.80444000	4.76088700
4.73050691	23.80444000	4.76088700
4.73550691	23.80444000	4.76088700
4.74050691	23.80444000	4.76088700
4.74550691	23.80444000	4.76088700
4.75050691	23.80444000	4.76088700
4.75550691	23.74340000	4.73647300
4.76050691	23.51451000	4.64491700
4.76550691	24.68947000	5.11490200
4.77050691	27.23777000	6.13422100
4.77550691	27.23777000	6.13422100
4.78050691	24.68947000	5.11490200
4.78550691	23.51451000	4.64491700
4.79050691	23.74340000	4.73647300
4.79550691	23.80444000	4.76088700
4.80050691	23.80444000	4.76088700
4.80550691	23.80444000	4.78530200
4.81050691	23.80444000	4.87685800
4.81550691	23.80444000	4.40687300
4.82050691	23.80444000	3.38755500
4.82550691	23.80444000	3.38755500
4.83050691	23.80444000	4.40687300
4.83550691	23.80444000	4.87685800
4.84050691	23.80444000	4.78530200
4.84550691	23.80444000	4.76088700
4.85050691	23.80444000	4.76088700
4.85550691	23.80444000	4.76088700
4.86050691	23.80444000	4.76088700
4.86550691	23.80444000	4.78530200
4.87050691	23.80444000	4.87685800
4.87550691	23.80444000	4.40687300
4.88050691	23.80444000	3.38755500
4.88550691	23.80444000	3.41196900
4.89050691	23.80444000	4.52284300
4.89550691	23.80444000	4.54725700
4.90050691	23.80444000	3.52794000
4.90550691	23.80444000	3.05795500
4.91050691	23.80444000	3.14951000
4.91550691	23.80444000	3.17392500
4.92050691	23.80444000	3.17392500
4.92550691	23.80444000	3.17392500
4.93050691	23.80444000	3.17392500
4.93550691	23.80444000	3.17392500
4.94050691	23.80444000	3.17392500
4.94550691	23.80444000	3.14951000
4.95050691	23.80444000	3.05795500
4.95550691	23.80444000	3.52794000
4.96050691	23.80444000	4.54725700
4.96550691	23.80444000	4.52284300
4.97050691	23.80444000	3.41196900
4.97550691	23.86547000	3.38755500
4.98050691	24.09436000	4.40687300
4.98550691	22.91940000	4.90127200
4.99050691	20.37111000	4.90127200
4.99550691	20.37111000	4.40687300
5.00050691	22.91940000	3.38755500
5.00550691	24.09436000	3.38755500
5.01050691	23.86547000	4.40687300
5.01550691	23.80444000	4.87685800
5.02050691	23.80444000	4.78530200
5.02550691	23.80444000	4.73647300
5.03050691	23.80444000	4.64491700
5.03550691	23.80444000	5.09048700
5.04050691	23.80444000	6.01825000
5.04550691	23.80444000	6.48823500
5.05050691	23.80444000	6.48823500
5.05550691	23.80444000	6.01825000
5.06050691	23.80444000	5.09048700
5.06550691	23.86547000	4.64491700
5.07050691	24.09436000	4.73647300
5.07550691	22.98043000	4.71205800
5.08050691	20.66103000	4.52894700
5.08550691	19.48607000	5.46891700
5.09050691	19.48607000	7.50755300
5.09550691	20.66103000	7.50755300
5.10050691	22.98043000	5.46891700
5.10550691	24.15540000	4.50453200
5.11050691	24.15540000	4.59608700
5.11550691	22.91940000	5.11490200
5.12050691	20.37111000	6.13422100
5.12550691	20.43214000	6.13422100
5.13050691	23.20932000	5.11490200
5.13550691	23.27036000	4.64491700
5.14050691	20.72207000	4.73647300
5.14550691	19.54710000	4.76088700
5.15050691	19.77599000	4.76088700
5.15550691	19.83703000	4.78530200
5.16050691	19.83703000	4.87685800
5.16550691	19.83703000	4.43128700
5.17050691	19.83703000	3.50352500
5.17550691	19.83703000	3.03354000
5.18050691	19.83703000	3.03354000
5.18550691	19.83703000	3.52794000
5.19050691	19.83703000	4.54725700
5.19550691	19.83703000	4.54725700
5.20050691	19.83703000	3.52794000
5.20550691	19.83703000	3.08237000
5.21050691	19.83703000	3.26548100
5.21550691	19.83703000	2.81991000
5.22050691	19.83703000	1.80059200
5.22550691	19.83703000	1.82500700
5.23050691	19.83703000	2.93588100
5.23550691	19.83703000	2.93588100
5.24050691	19.83703000	1.82500700
5.24550691	19.83703000	1.80059200
5.25050691	19.83703000	2.81991000
5.25550691	19.83703000	3.28989500
5.26050691	19.83703000	3.19834000
5.26550691	19.83703000	3.17392500
5.27050691	19.83703000	3.17392500
5.27550691	19.83703000	3.17392500
5.28050691	19.83703000	3.17392500
5.28550691	19.83703000	3.19834000
5.29050691	19.83703000	3.28989500
5.29550691	19.83703000	2.84432500
5.30050691	19.83703000	1.91656200
5.30550691	19.83703000	1.44657700
5.31050691	19.83703000	1.44657700
5.31550691	19.83703000	1.91656200
5.32050691	19.83703000	2.84432500
5.32550691	19.83703000	3.31431000
5.33050691	19.83703000	3.31431000
5.33550691	19.83703000	2.81991000
5.34050691	19.83703000	1.80059200
5.34550691	19.83703000	1.80059200
5.35050691	19.83703000	2.81991000
5.35550691	19.83703000	3.28989500
5.36050691	19.83703000	3.19834000
5.36550691	19.83703000	3.19834000
5.37050691	19.83703000	3.28989500
5.37550691	19.83703000	2.81991000
5.38050691	19.83703000	1.80059200
5.38550691	19.83703000	1.82500700
5.39050691	19.83703000	2.93588100
5.39550691	19.83703000	2.93588100
5.40050691	19.83703000	1.82500700
5.40550691	19.83703000	1.82500700
5.41050691	19.83703000	2.93588100
5.41550691	19.89807000	2.93588100
5.42050691	20.12696000	1.82500700
5.42550691	18.95199000	1.80059200
5.43050691	16.40370000	2.81991000
5.43550691	16.40370000	3.28989500
5.44050691	18.95199000	3.19834000
5.44550691	20.12696000	3.17392500
5.45050691	19.89807000	3.17392500
5.45550691	19.83703000	3.17392500
5.46050691	19.83703000	3.17392500
5.46550691	19.83703000	3.17392500
5.47050691	19.83703000	3.17392500
5.47550691	19.89807000	3.17392500
5.48050691	20.12696000	3.17392500
5.48550691	19.01303000	3.17392500
5.49050691	16.69362000	3.17392500
5.49550691	15.51866000	3.19834000
5.50050691	15.51866000	3.28989500
5.50550691	16.75466000	2.81991000
5.51050691	19.30296000	1.80059200
5.51550691	19.24192000	1.80059200
5.52050691	16.46474000	2.81991000
5.52550691	16.40370000	3.28989500
5.53050691	18.95199000	3.19834000
5.53550691	20.12696000	3.17392500
5.54050691	19.89807000	3.17392500
5.54550691	19.83703000	3.17392500
5.55050691	19.83703000	3.17392500
5.55550691	19.89807000	3.17392500
5.56050691	20.12696000	3.17392500
5.56550691	18.95199000	3.17392500
5.57050691	16.40370000	3.17392500
5.57550691	16.46474000	3.14951000
5.58050691	19.24192000	3.05795500
5.58550690	19.24192000	3.50352500
5.59050690	16.46474000	4.43128700
5.59550690	16.46474000	4.87685800
5.60050690	19.24192000	4.78530200
5.60550690	19.30296000	4.76088700
5.61050690	16.75466000	4.76088700
5.61550690	15.57970000	4.73647300
5.62050690	15.80859000	4.64491700
5.62550690	15.86962000	5.11490200
5.63050690	15.86962000	6.13422100
5.63550690	15.86962000	6.15863500
5.64050690	15.86962000	5.23087300
5.64550690	15.86962000	4.31531700
5.65050690	15.86962000	3.47911000
5.65550690	15.86962000	3.05795500
5.66050690	15.86962000	3.14951000
5.66550690	15.86962000	3.17392500
5.67050690	15.86962000	3.17392500
5.67550690	15.86962000	3.17392500
5.68050690	15.86962000	3.17392500
5.68550690	15.86962000	3.19834000
5.69050690	15.86962000	3.28989500
5.69550690	15.86962000	2.81991000
5.70050690	15.86962000	1.80059200
5.70550690	15.86962000	1.80059200
5.71050690	15.86962000	2.81991000
5.71550690	15.86962000	3.28989500
5.72050690	15.86962000	3.19834000
5.72550690	15.86962000	3.17392500
5.73050690	15.86962000	3.17392500
5.73550690	15.86962000	3.17392500
5.74050690	15.86962000	3.17392500
5.74550690	15.86962000	3.17392500
5.75050690	15.86962000	3.17392500
5.75550690	15.86962000	3.17392500
5.76050690	15.86962000	3.17392500
5.76550690	15.86962000	3.17392500
5.77050690	15.86962000	3.17392500
5.77550690	15.86962000	3.17392500
5.78050690	15.86962000	3.17392500
5.78550690	15.86962000	3.19834000
5.79050690	15.86962000	3.28989500
5.79550690	15.86962000	2.84432500
5.80050690	15.86962000	1.91656200
5.80550690	15.86962000	1.44657700
5.81050690	15.86962000	1.44657700
5.81550690	15.86962000	1.91656200
5.82050690	15.86962000	2.84432500
5.82550690	15.86962000	3.28989500
5.83050690	15.86962000	3.19834000
5.83550690	15.86962000	3.17392500
5.84050690	15.86962000	3.17392500
5.84550690	15.86962000	3.17392500
5.85050690	15.86962000	3.17392500
5.85550690	15.86962000	3.14951000
5.86050690	15.86962000	3.05795500
5.86550690	15.86962000	3.52794000
5.87050690	15.86962000	4.54725700
5.87550690	15.86962000	4.52284300
5.88050690	15.86962000	3.41196900
5.88550690	15.86962000	3.41196900
5.89050690	15.86962000	4.52284300
5.89550690	15.86962000	4.52284300
5.90050690	15.86962000	3.41196900
5.90550690	15.86962000	3.41196900
5.91050690	15.86962000	4.52284300
5.91550690	15.86962000	4.54725700
5.92050690	15.86962000	3.52794000
5.92550690	15.86962000	3.05795500
5.93050690	15.86962000	3.14951000
5.93550690	15.86962000	3.14951000
5.94050690	15.86962000	3.05795500
5.94550690	15.86962000	3.50352500
5.95050690	15.86962000	4.43128700
5.95550690	15.86962000	4.90127200
5.96050690	15.86962000	4.90127200
5.96550690	15.86962000	4.43128700
5.97050690	15.86962000	3.50352500
5.97550690	15.86962000	3.05795500
5.98050690	15.86962000	3.14951000
5.98550690	15.86962000	3.17392500
5.99050690	15.86962000	3.17392500
5.99550690	15.86962000	3.17392500
6.00050690	15.86962000	3.17392500
6.00550690	15.86962000	3.17392500
6.01050690	15.86962000	3.17392500
6.01550690	15.86962000	3.17392500
6.02050690	15.86962000	3.17392500
6.02550690	15.86962000	3.19834000
6.03050690	15.86962000	3.28989500
6.03550690	15.86962000	2.81991000
6.04050690	15.86962000	1.80059200
6.04550690	15.86962000	1.80059200
6.05050690	15.86962000	2.81991000
6.05550690	15.86962000	3.28989500
6.06050690	15.86962000	3.19834000
6.06550690	15.86962000	3.17392500
6.07050690	15.86962000	3.17392500
6.07550690	15.86962000	3.17392500
6.08050690	15.86962000	3.17392500
6.08550690	15.93066000	3.17392500
6.09050690	16.15955000	3.17392500
6.09550690	14.98459000	3.12509500
6.10050690	12.43629000	2.94198400
6.10550690	12.49733000	3.80871000
6.11050690	15.27451000	5.57268000
6.11550690	15.27451000	6.86666500
6.12050690	12.49733000	7.41599800
6.12550690	12.49733000	8.64284100
6.13050690	15.27451000	10.11994000
6.13550690	15.27451000	12.23792000
6.14050690	12.49733000	14.45967000
6.14550690	12.43629000	17.37724000
6.15050690	14.98459000	20.14832000
6.15550690	16.15955000	24.86038000
6.16050690	15.93066000	30.40864000
6.16550690	15.86962000	35.94470000
6.17050690	15.86962000	40.10132000
6.17550690	15.86962000	46.00970000
6.18050690	15.86962000	52.11341000
6.18550690	15.86962000	58.96786000
6.19050690	15.86962000	64.98001000
6.19550690	15.86962000	71.33396000
6.20050690	15.86962000	76.41834000
6.20550690	15.86962000	82.32673000
6.21050690	15.86962000	87.50877000
6.21550690	15.93066000	93.49040000
6.22050690	16.15955000	98.84945000
6.22550690	15.04562000	103.95830000
6.23050690	12.72622000	107.56550000
6.23550690	11.55125000	111.35590000
6.24050690	11.55125000	114.31620000
6.24550690	12.72622000	117.28260000
6.25050690	15.04562000	119.50440000
6.25550690	16.15955000	121.62240000
6.26050690	15.93066000	123.09950000
6.26550690	15.86962000	124.36900000
6.27050690	15.86962000	125.11370000
6.27550690	15.93066000	125.55920000
6.28050690	16.15955000	125.65080000
6.28550690	14.98459000	124.75970000
6.29050690	12.43629000	122.99570000
6.29550690	12.49733000	121.72610000
6.30050690	15.27451000	121.26830000
6.30550690	15.33555000	119.57150000
6.31050690	12.78725000	117.07510000
6.31550690	11.61229000	114.95710000
6.32050690	11.84118000	113.75470000
6.32550690	11.90222000	111.18500000
6.33050690	11.90222000	107.85240000
6.33550690	11.90222000	105.28890000
6.34050690	11.90222000	104.08640000
6.34550690	11.90222000	102.04170000
6.35050690	11.90222000	99.81994000
6.35550690	11.90222000	96.81081000
6.36050690	11.90222000	93.66130000
6.36550690	11.90222000	90.67659000
6.37050690	11.90222000	88.54640000
6.37550690	11.90222000	86.00726000
6.38050690	11.90222000	83.68785000
6.38550690	11.90222000	81.61870000
6.39050690	11.90222000	80.41628000
6.39550690	11.90222000	77.82830000
6.40050690	11.90222000	74.40412000
6.40550690	11.90222000	72.28614000
6.41050690	11.90222000	72.01147000
6.41550690	11.90222000	70.36347000
6.42050690	11.90222000	67.86706000
6.42550690	11.90222000	65.70024000
6.43050690	11.90222000	64.31470000
6.43550690	11.84118000	62.64230000
6.44050690	11.61229000	61.16520000
6.44550690	12.78725000	59.44395000
6.45050690	15.33555000	57.87530000
6.45550690	15.33555000	56.62404000
6.46050690	12.78725000	56.06860000
6.46550690	11.61229000	54.81734000
6.47050690	11.84118000	53.24869000
6.47550690	11.90222000	51.50304000
6.48050690	11.90222000	49.93438000
6.48550690	11.84118000	48.68312000
6.49050690	11.61229000	48.13379000
6.49550690	12.78725000	46.85812000
6.50050690	15.33555000	45.19791000
6.50550690	15.33555000	43.89782000
6.51050690	12.78725000	43.25694000
6.51550690	11.61229000	42.43293000
6.52050690	11.84118000	41.68828000
6.52550690	11.90222000	40.84597000
6.53050690	11.90222000	40.10132000
6.53550690	11.90222000	39.25901000
6.54050690	11.90222000	38.51436000
6.54550690	11.90222000	37.67205000
6.55050690	11.90222000	36.92739000
6.55550690	11.90222000	36.08509000
6.56050690	11.90222000	35.34044000
6.56550690	11.90222000	34.49812000
6.57050690	11.90222000	33.75347000
6.57550690	11.90222000	32.88675000
6.58050690	11.90222000	32.05054000
6.58550690	11.90222000	31.67821000
6.59050690	11.90222000	31.95288000
6.59550690	11.90222000	31.08615000
6.60050690	11.90222000	29.23063000
6.60550690	11.90222000	28.33949000
6.61050690	11.90222000	28.52260000
6.61550690	11.90222000	28.59584000
6.62050690	11.90222000	28.68740000
6.62550690	11.90222000	28.26624000
6.63050690	11.90222000	27.43003000
6.63550690	11.90222000	26.55110000
6.64050690	11.90222000	25.81256000
6.64550690	11.90222000	24.94583000
6.65050690	11.90222000	24.10962000
6.65550690	11.90222000	23.68847000
6.66050690	11.90222000	23.78002000
6.66550690	11.90222000	23.80444000
6.67050690	11.90222000	23.80444000
6.67550690	11.90222000	23.82885000
6.68050690	11.90222000	23.92041000
6.68550690	11.90222000	23.47484000
6.69050690	11.90222000	22.54707000
6.69550690	11.90222000	22.10150000
6.70050690	11.90222000	22.19306000
6.70550690	11.90222000	22.24189000
6.71050690	11.90222000	22.33344000
6.71550690	11.90222000	21.88787000
6.72050690	11.90222000	20.96011000
6.72550690	11.90222000	20.51454000
6.73050690	11.90222000	20.60610000
6.73550690	11.90222000	20.63051000
6.74050690	11.90222000	20.63051000
6.74550690	11.90222000	20.65493000
6.75050690	11.90222000	20.74648000
6.75550690	11.90222000	20.30091000
6.76050690	11.90222000	19.37315000
6.76550690	11.90222000	18.95199000
6.77050690	11.90222000	19.13511000
6.77550690	11.90222000	18.71395000
6.78050690	11.90222000	17.78619000
6.78550690	11.90222000	17.31620000
6.79050690	11.90222000	17.31620000
6.79550690	11.90222000	17.81060000
6.80050690	11.90222000	18.82992000
6.80550690	11.90222000	18.82992000
6.81050690	11.90222000	17.81060000
6.81550690	11.90222000	17.34062000
6.82050690	11.90222000	17.43217000
6.82550690	11.90222000	17.45659000
6.83050690	11.90222000	17.45659000
6.83550690	11.90222000	17.45659000
6.84050690	11.90222000	17.45659000
6.84550690	11.90222000	17.45659000
6.85050690	11.90222000	17.45659000
6.85550690	11.90222000	17.45659000
6.86050690	11.90222000	17.45659000
6.86550690	11.90222000	17.48100000
6.87050690	11.90222000	17.57256000
6.87550690	11.90222000	17.12699000
6.88050690	11.90222000	16.19922000
6.88550690	11.90222000	15.77807000
6.89050690	11.90222000	15.96118000
6.89550690	11.90222000	15.51561000
6.90050690	11.90222000	14.49629000
6.90550690	11.90222000	14.49629000
6.91050690	11.90222000	15.51561000
6.91550690	11.90222000	15.98559000
6.92050690	11.90222000	15.89404000
6.92550690	11.90222000	15.86962000
6.93050690	11.90222000	15.86962000
6.93550690	11.90222000	15.86962000
6.94050690	11.90222000	15.86962000
6.94550690	11.90222000	15.89404000
6.95050690	11.90222000	15.98559000
6.95550690	11.90222000	15.54002000
6.96050690	11.90222000	14.61226000
6.96550690	11.90222000	14.16669000
6.97050690	11.90222000	14.25825000
6.97550690	11.90222000	14.28266000
6.98050690	11.90222000	14.28266000
6.98550690	11.90222000	14.28266000
6.99050690	11.90222000	14.28266000
6.99550690	11.90222000	14.30708000
7.00050690	11.90222000	14.39863000
7.00550690	11.90222000	13.95306000
7.01050690	11.90222000	13.02530000
7.01550690	11.96325000	12.55531000
7.02050690	12.19214000	12.55531000
7.02550690	11.01718000	13.04971000
7.03050690	8.46888600	14.06903000
7.03550690	8.46888600	14.06903000
7.04050690	11.01718000	13.04971000
7.04550690	12.19214000	12.57973000
7.05050690	11.96325000	12.67128000
7.05550690	11.96325000	12.69570000
7.06050690	12.19214000	12.69570000
7.06550690	11.01718000	12.69570000
7.07050690	8.46888600	12.69570000
7.07550690	8.46888600	12.69570000
7.08050690	11.01718000	12.69570000
7.08550690	12.19214000	12.69570000
7.09050690	11.96325000	12.69570000
7.09550690	11.90222000	12.67128000
7.10050690	11.90222000	12.57973000
7.10550690	11.90222000	13.02530000
7.11050690	11.90222000	13.95306000
7.11550690	11.90222000	14.42305000
7.12050690	11.90222000	14.42305000
7.12550690	11.90222000	13.97748000
7.13050690	11.90222000	13.14127000
7.13550690	11.90222000	12.25013000
7.14050690	11.90222000	11.41392000
7.14550690	11.96325000	10.99277000
7.15050690	12.19214000	11.08432000
7.15550690	11.01718000	11.10874000
7.16050690	8.46888600	11.10874000
7.16550690	8.46888600	11.10874000
7.17050690	11.01718000	11.10874000
7.17550690	12.25318000	11.10874000
7.18050690	12.25318000	11.10874000
7.18550690	11.07822000	11.10874000
7.19050690	8.75881200	11.10874000
7.19550690	7.58384900	11.10874000
7.20050690	7.58384900	11.10874000
7.20550690	8.75881200	11.10874000
7.21050690	11.07822000	11.10874000
7.21550690	12.25318000	11.08432000
7.22050690	12.25318000	10.99277000
7.22550690	11.01718000	11.43834000
7.23050689	8.46888600	12.36610000
7.23550689	8.46888600	12.81167000
7.24050689	11.01718000	12.72011000
7.24550689	12.19214000	12.72011000
7.25050689	11.96325000	12.81167000
7.25550689	11.90222000	12.36610000
7.26050689	11.90222000	11.43834000
7.26550689	11.90222000	10.96835000
7.27050689	11.90222000	10.96835000
7.27550689	11.96325000	11.43834000
7.28050689	12.19214000	12.36610000
7.28550689	11.01718000	12.83609000
7.29050689	8.46888600	12.83609000
7.29550689	8.52992300	12.36610000
7.30050689	11.30711000	11.43834000
7.30550689	11.30711000	10.99277000
7.31050689	8.52992300	11.08432000
7.31550689	8.46888600	11.10874000
7.32050689	11.01718000	11.10874000
7.32550689	12.19214000	11.10874000
7.33050689	11.96325000	11.10874000
7.33550689	11.96325000	11.10874000
7.34050689	12.19214000	11.10874000
7.34550689	11.01718000	11.08432000
7.35050689	8.46888600	10.99277000
7.35550689	8.46888600	11.46275000
7.36050689	11.01718000	12.48207000
7.36550689	12.25318000	12.48207000
7.37050689	12.25318000	11.46275000
7.37550689	11.07822000	10.99277000
7.38050689	8.75881200	11.08432000
7.38550689	7.58384900	11.10874000
7.39050689	7.58384900	11.10874000
7.39550689	8.81984900	11.10874000
7.40050689	11.36814000	11.10874000
7.40550689	11.36814000	11.13315000
7.41050689	8.81984900	11.22471000
7.41550689	7.64488600	10.77914000
7.42050689	7.87377500	9.85137500
7.42550689	7.93481200	9.43021900
7.43050689	7.93481200	9.61333000
7.43550689	7.93481200	9.16776000
7.44050689	7.93481200	8.14844100
7.44550689	7.93481200	8.14844100
7.45050689	7.93481200	9.16776000
7.45550689	7.93481200	9.63774600
7.46050689	7.93481200	9.54619000
7.46550689	7.93481200	9.52177400
7.47050689	7.93481200	9.52177400
7.47550689	7.93481200	9.52177400
7.48050689	7.93481200	9.52177400
7.48550689	7.87377500	9.49735900
7.49050689	7.64488600	9.40580500
7.49550689	8.81984900	9.87579000
7.50050689	11.36814000	10.89511000
7.50550689	11.36814000	10.89511000
7.51050689	8.81984900	9.87579000
7.51550689	7.64488600	9.40580500
7.52050689	7.87377500	9.49735900
7.52550689	7.93481200	9.52177400
7.53050689	7.93481200	9.52177400
7.53550689	7.93481200	9.49735900
7.54050689	7.93481200	9.40580500
7.54550689	7.93481200	9.87579000
7.55050689	7.93481200	10.89511000
7.55550689	7.93481200	10.89511000
7.56050689	7.93481200	9.87579000
7.56550689	7.93481200	9.40580500
7.57050689	7.93481200	9.49735900
7.57550689	7.93481200	9.52177400
7.58050689	7.93481200	9.52177400
7.58550689	7.93481200	9.52177400
7.59050689	7.93481200	9.52177400
7.59550689	7.93481200	9.52177400
7.60050689	7.93481200	9.52177400
7.60550689	7.93481200	9.52177400
7.61050689	7.93481200	9.52177400
7.61550689	7.93481200	9.52177400
7.62050689	7.93481200	9.52177400
7.62550689	7.93481200	9.52177400
7.63050689	7.93481200	9.52177400
7.63550689	7.93481200	9.52177400
7.64050689	7.93481200	9.52177400
7.64550689	7.93481200	9.52177400
7.65050689	7.93481200	9.52177400
7.65550689	7.93481200	9.52177400
7.66050689	7.93481200	9.52177400
7.66550689	7.93481200	9.49735900
7.67050689	7.93481200	9.40580500
7.67550689	7.93481200	9.87579000
7.68050689	7.93481200	10.89511000
7.68550689	7.93481200	10.87069000
7.69050689	7.93481200	9.75981900
7.69550689	7.93481200	9.73540400
7.70050689	7.93481200	10.75472000
7.70550689	7.93481200	11.24912000
7.71050689	7.93481200	11.24912000
7.71550689	7.93481200	10.77914000
7.72050689	7.93481200	9.85137500
7.72550689	7.93481200	9.40580500
7.73050689	7.93481200	9.49735900
7.73550689	7.93481200	9.54619000
7.74050689	7.93481200	9.63774600
7.74550689	7.93481200	9.19217500
7.75050689	7.93481200	8.26441300
7.75550689	7.93481200	7.81884200
7.76050689	7.93481200	7.91039800
7.76550689	7.93481200	7.93481200
7.77050689	7.93481200	7.93481200
7.77550689	7.93481200	7.93481200
7.78050689	7.93481200	7.93481200
7.78550689	7.93481200	7.93481200
7.79050689	7.93481200	7.93481200
7.79550689	7.93481200	7.93481200
7.80050689	7.93481200	7.93481200
7.80550689	7.93481200	7.93481200
7.81050689	7.93481200	7.93481200
7.81550689	7.93481200	7.93481200
7.82050689	7.93481200	7.93481200
7.82550689	7.93481200	7.93481200
7.83050689	7.93481200	7.93481200
7.83550689	7.93481200	7.93481200
7.84050689	7.93481200	7.93481200
7.84550689	7.93481200	7.93481200
7.85050689	7.93481200	7.93481200
7.85550689	7.93481200	7.93481200
7.86050689	7.93481200	7.93481200
7.86550689	7.93481200	7.93481200
7.87050689	7.93481200	7.93481200
7.87550689	7.93481200	7.93481200
7.88050689	7.93481200	7.93481200
7.88550689	7.93481200	7.91039800
7.89050689	7.93481200	7.81884200
7.89550689	7.93481200	8.28882700
7.90050689	7.93481200	9.30814500
7.90550689	7.93481200	9.33256100
7.91050689	7.93481200	8.40479800
7.91550689	7.93481200	7.46482800
7.92050689	7.93481200	6.53706500
7.92550689	7.93481200	6.56148000
7.93050689	7.93481200	7.58079800
7.93550689	7.93481200	8.05078300
7.94050689	7.93481200	7.95922800
7.94550689	7.93481200	7.93481200
7.95050689	7.93481200	7.93481200
7.95550689	7.93481200	7.95922800
7.96050689	7.93481200	8.05078300
7.96550689	7.93481200	7.60521200
7.97050689	7.93481200	6.67745000
7.97550689	7.93481200	6.23187900
7.98050689	7.93481200	6.32343500
7.98550689	7.93481200	6.34785000
7.99050689	7.93481200	6.34785000
7.99550689	7.93481200	6.34785000
8.00050689	7.93481200	6.34785000
8.00550689	7.93481200	6.34785000
8.01050689	7.93481200	6.34785000
8.01550689	7.93481200	6.34785000
8.02050689	7.93481200	6.34785000
8.02550689	7.93481200	6.34785000
8.03050689	7.93481200	6.34785000
8.03550689	7.93481200	6.34785000
8.04050689	7.93481200	6.34785000
8.04550689	7.93481200	6.34785000
8.05050689	7.93481200	6.34785000
8.05550689	7.93481200	6.32343500
8.06050689	7.93481200	6.23187900
8.06550689	7.93481200	6.67745000
8.07050689	7.93481200	7.60521200
8.07550689	7.93481200	8.07519700
8.08050689	7.93481200	8.07519700
8.08550689	7.93481200	7.58079800
8.09050689	7.93481200	6.56148000
8.09550689	7.93481200	6.58589400
8.10050689	7.93481200	7.69676800
8.10550689	7.93481200	7.72118300
8.11050689	7.93481200	6.70186400
8.11550689	7.93481200	6.20746500
8.12050689	7.93481200	6.20746500
8.12550689	7.93481200	6.67745000
8.13050689	7.93481200	7.60521200
8.13550689	7.93481200	8.05078300
8.14050689	7.93481200	7.95922800
8.14550689	7.93481200	7.93481200
8.15050689	7.93481200	7.93481200
8.15550689	7.93481200	7.93481200
8.16050689	7.93481200	7.93481200
8.16550689	7.93481200	7.93481200
8.17050689	7.93481200	7.93481200
8.17550689	7.93481200	7.93481200
8.18050689	7.93481200	7.93481200
8.18550689	7.93481200	7.93481200
8.19050689	7.93481200	7.93481200
8.19550689	7.93481200	7.93481200
8.20050689	7.93481200	7.93481200
8.20550689	7.93481200	7.93481200
8.21050689	7.93481200	7.93481200
8.21550689	7.93481200	7.93481200
8.22050689	7.93481200	7.93481200
8.22550689	7.93481200	7.95922800
8.23050689	7.93481200	8.05078300
8.23550689	7.93481200	7.60521200
8.24050689	7.93481200	6.67745000
8.24550689	7.93481200	6.20746500
8.25050689	7.93481200	6.20746500
8.25550689	7.93481200	6.67745000
8.26050689	7.93481200	7.60521200
8.26550689	7.93481200	8.07519700
8.27050689	7.93481200	8.07519700
8.27550689	7.93481200	7.58079800
8.28050689	7.93481200	6.56148000
8.28550689	7.93481200	6.56148000
8.29050689	7.93481200	7.58079800
8.29550689	7.93481200	8.05078300
8.30050689	7.93481200	7.95922800
8.30550689	7.93481200	7.93481200
8.31050689	7.93481200	7.93481200
8.31550689	7.93481200	7.95922800
8.32050689	7.93481200	8.05078300
8.32550689	7.93481200	7.60521200
8.33050689	7.93481200	6.67745000
8.33550689	7.93481200	6.23187900
8.34050689	7.93481200	6.32343500
8.34550689	7.93481200	6.37226500
8.35050689	7.93481200	6.46382000
8.35550689	7.93481200	5.99383500
8.36050689	7.93481200	4.97451700
8.36550689	7.93481200	4.99893200
8.37050689	7.93481200	6.10980600
8.37550689	7.93481200	6.15863500
8.38050689	7.93481200	5.23087300
8.38550689	7.93481200	4.29090200
8.39050689	7.93481200	3.36314000
8.39550689	7.93481200	3.38755500
8.40050689	7.93481200	4.40687300
8.40550689	7.93481200	4.87685800
8.41050689	7.93481200	4.78530200
8.41550689	7.93481200	4.76088700
8.42050689	7.93481200	4.76088700
8.42550689	7.93481200	4.73647300
8.43050689	7.93481200	4.64491700
8.43550689	7.93481200	5.11490200
8.44050689	7.93481200	6.13422100
8.44550689	7.93481200	6.10980600
8.45050689	7.93481200	4.99893200
8.45550689	7.93481200	4.97451700
8.46050689	7.93481200	5.99383500
8.46550689	7.93481200	6.46382000
8.47050689	7.93481200	6.37226500
8.47550689	7.93481200	6.34785000
8.48050689	7.93481200	6.34785000
8.48550689	7.93481200	6.34785000
8.49050689	7.93481200	6.34785000
8.49550689	7.93481200	6.34785000
8.50050689	7.93481200	6.34785000
8.50550689	7.93481200	6.34785000
8.51050689	7.93481200	6.34785000
8.51550689	7.93481200	6.34785000
8.52050689	7.93481200	6.34785000
8.52550689	7.93481200	6.34785000
8.53050689	7.93481200	6.34785000
8.53550689	7.93481200	6.34785000
8.54050689	7.93481200	6.34785000
8.54550689	7.93481200	6.32343500
8.55050689	7.93481200	6.23187900
8.55550689	7.93481200	6.70186400
8.56050689	7.93481200	7.72118300
8.56550689	7.93481200	7.72118300
8.57050689	7.93481200	6.70186400
8.57550689	7.93481200	6.23187900
8.58050689	7.93481200	6.32343500
8.58550689	7.93481200	6.34785000
8.59050689	7.93481200	6.34785000
8.59550689	7.93481200	6.34785000
8.60050689	7.93481200	6.34785000
8.60550689	7.93481200	6.37226500
8.61050689	7.93481200	6.46382000
8.61550689	7.93481200	5.99383500
8.62050689	7.93481200	4.97451700
8.62550689	7.93481200	4.97451700
8.63050689	7.93481200	5.99383500
8.63550689	7.93481200	6.46382000
8.64050689	7.93481200	6.37226500
8.64550689	7.93481200	6.34785000
8.65050689	7.93481200	6.34785000
8.65550689	7.93481200	6.34785000
8.66050689	7.93481200	6.34785000
8.66550689	7.93481200	6.34785000
8.67050689	7.93481200	6.34785000
8.67550689	7.93481200	6.34785000
8.68050689	7.93481200	6.34785000
8.68550689	7.93481200	6.34785000
8.69050689	7.93481200	6.34785000
8.69550689	7.93481200	6.32343500
8.70050689	7.93481200	6.23187900
8.70550689	7.93481200	6.67745000
8.71050689	7.93481200	7.60521200
8.71550689	7.93481200	8.07519700
8.72050689	7.93481200	8.07519700
8.72550689	7.99584900	7.60521200
8.73050689	8.22473800	6.67745000
8.73550689	7.04977500	6.23187900
8.74050689	4.50148000	6.32343500
8.74550689	4.50148000	6.37226500
8.75050689	7.04977500	6.46382000
8.75550689	8.22473800	5.99383500
8.76050689	7.99584900	4.97451700
8.76550689	7.93481200	4.97451700
8.77050689	7.93481200	5.99383500
8.77550689	7.99584900	6.46382000
8.78050689	8.22473800	6.37226500
8.78550689	7.11081200	6.34785000
8.79050689	4.79140600	6.34785000
8.79550689	3.67748000	6.37226500
8.80050689	3.90636900	6.46382000
8.80550689	3.90636900	5.99383500
8.81050689	3.67748000	4.97451700
8.81550689	4.85244300	4.95010200
8.82050689	7.40073800	5.87786500
8.82550689	7.40073800	6.79342000
8.83050689	4.85244300	7.62962700
8.83550689	3.61644300	8.07519700
8.84050689	3.61644300	8.07519700
8.84550689	4.85244300	7.58079800
8.85050689	7.40073800	6.56148000
8.85550689	7.40073800	6.56148000
8.86050689	4.85244300	7.58079800
8.86550689	3.67748000	8.05078300
8.87050689	3.90636900	7.95922800
8.87550688	3.96740600	7.93481200
8.88050688	3.96740600	7.93481200
8.88550688	3.96740600	7.93481200
8.89050688	3.96740600	7.93481200
8.89550688	3.96740600	7.93481200
8.90050688	3.96740600	7.93481200
8.90550688	3.96740600	7.93481200
8.91050688	3.96740600	7.93481200
8.91550688	3.96740600	7.95922800
8.92050688	3.96740600	8.05078300
8.92550688	3.96740600	7.58079800
8.93050688	3.96740600	6.56148000
8.93550688	3.96740600	6.56148000
8.94050688	3.96740600	7.58079800
8.94550688	3.90636900	8.05078300
8.95050688	3.67748000	7.95922800
8.95550688	4.85244300	7.93481200
8.96050688	7.40073800	7.93481200
8.96550688	7.40073800	7.93481200
8.97050688	4.85244300	7.93481200
8.97550688	3.67748000	7.93481200
8.98050688	3.90636900	7.93481200
8.98550688	3.96740600	7.95922800
8.99050688	3.96740600	8.05078300
8.99550688	3.96740600	7.58079800
9.00050688	3.96740600	6.56148000
9.00550688	3.96740600	6.58589400
9.01050688	3.96740600	7.69676800
9.01550688	3.96740600	7.72118300
9.02050688	3.96740600	6.70186400
9.02550688	3.96740600	6.23187900
9.03050688	3.96740600	6.32343500
