Time	Channel A	Channel B
(us)	(mV)	(mV)

-1.00567506	0.00000000	1.61137700
-1.00067506	0.00000000	1.70293300
-0.99567506	0.00000000	1.25736300
-0.99067506	0.00000000	0.32959990
-0.98567506	0.00000000	-0.09155553
-0.98067506	0.00000000	0.09155553
-0.97567506	0.00000000	-0.35401470
-0.97067506	0.00000000	-1.37333300
-0.96567506	0.00000000	-1.34891800
-0.96067506	0.00000000	-0.23804440
-0.95567506	0.00000000	-0.23804440
-0.95067506	0.00000000	-1.34891800
-0.94567506	0.00000000	-1.37333300
-0.94067506	0.00000000	-0.35401470
-0.93567506	0.00000000	0.14038510
-0.93067506	0.00000000	0.14038510
-0.92567506	0.00000000	-0.32959990
-0.92067506	0.00000000	-1.25736300
-0.91567506	0.00000000	-1.70293300
-0.91067506	0.00000000	-1.61137700
-0.90567506	0.00000000	-1.58696200
-0.90067506	0.00000000	-1.58696200
-0.89567506	0.00000000	-1.61137700
-0.89067506	0.00000000	-1.70293300
-0.88567506	0.00000000	-1.25736300
-0.88067506	0.00000000	-0.32959990
-0.87567506	0.00000000	0.11597030
-0.87067506	0.00000000	0.02441481
-0.86567506	0.00000000	0.00000000
-0.86067506	0.00000000	0.00000000
-0.85567506	0.00000000	0.02441481
-0.85067506	0.00000000	0.11597030
-0.84567506	0.00000000	-0.35401470
-0.84067506	0.00000000	-1.37333300
-0.83567506	0.00000000	-1.34891800
-0.83067506	0.00000000	-0.23804440
-0.82567506	0.00000000	-0.21362960
-0.82067506	0.00000000	-1.23294800
-0.81567506	0.00000000	-1.72734800
-0.81067506	0.00000000	-1.72734800
-0.80567506	0.00000000	-1.25736300
-0.80067506	0.00000000	-0.32959990
-0.79567506	0.00000000	0.11597030
-0.79067506	0.00000000	0.02441481
-0.78567506	0.00000000	0.00000000
-0.78067506	0.00000000	0.00000000
-0.77567506	0.00000000	0.00000000
-0.77067506	0.00000000	0.00000000
-0.76567506	0.00000000	0.00000000
-0.76067506	0.00000000	0.00000000
-0.75567506	0.00000000	-0.02441481
-0.75067506	0.00000000	-0.11597030
-0.74567506	0.00000000	0.32959990
-0.74067506	0.00000000	1.25736300
-0.73567506	0.00000000	1.70293300
-0.73067506	0.00000000	1.61137700
-0.72567506	0.00000000	1.61137700
-0.72067506	0.00000000	1.70293300
-0.71567506	0.00000000	1.25736300
-0.71067506	0.00000000	0.32959990
-0.70567506	0.00000000	-0.11597030
-0.70067506	0.00000000	-0.02441481
-0.69567506	0.00000000	0.02441481
-0.69067506	0.00000000	0.11597030
-0.68567506	0.00000000	-0.32959990
-0.68067506	0.00000000	-1.25736300
-0.67567506	0.00000000	-1.70293300
-0.67067506	0.00000000	-1.61137700
-0.66567506	0.00000000	-1.58696200
-0.66067506	0.00000000	-1.58696200
-0.65567506	0.00000000	-1.58696200
-0.65067506	0.00000000	-1.58696200
-0.64567506	0.00000000	-1.58696200
-0.64067506	0.00000000	-1.58696200
-0.63567506	0.00000000	-1.58696200
-0.63067506	0.00000000	-1.58696200
-0.62567506	0.00000000	-1.58696200
-0.62067506	0.00000000	-1.58696200
-0.61567506	0.00000000	-1.61137700
-0.61067506	0.00000000	-1.70293300
-0.60567506	0.00000000	-1.25736300
-0.60067506	0.00000000	-0.32959990
-0.59567506	0.00000000	0.09155553
-0.59067506	0.00000000	-0.09155553
-0.58567506	0.00000000	0.32959990
-0.58067506	0.00000000	1.25736300
-0.57567506	0.00000000	1.70293300
-0.57067506	0.00000000	1.61137700
-0.56567506	0.00000000	1.58696200
-0.56067506	0.00000000	1.58696200
-0.55567506	0.00000000	1.58696200
-0.55067506	0.00000000	1.58696200
-0.54567506	0.00000000	1.58696200
-0.54067506	0.00000000	1.58696200
-0.53567506	0.00000000	1.58696200
-0.53067506	0.00000000	1.58696200
-0.52567506	0.00000000	1.58696200
-0.52067506	0.00000000	1.58696200
-0.51567506	0.00000000	1.58696200
-0.51067506	0.00000000	1.58696200
-0.50567506	0.00000000	1.61137700
-0.50067506	0.00000000	1.70293300
-0.49567506	0.00000000	1.25736300
-0.49067506	0.00000000	0.32959990
-0.48567506	0.00000000	-0.11597030
-0.48067506	0.00000000	-0.02441481
-0.47567506	0.00000000	-0.02441481
-0.47067506	0.00000000	-0.11597030
-0.46567506	0.00000000	0.32959990
-0.46067506	0.00000000	1.25736300
-0.45567506	0.00000000	1.72734800
-0.45067506	0.00000000	1.72734800
-0.44567506	0.00000000	1.25736300
-0.44067506	0.00000000	0.32959990
-0.43567506	0.00000000	-0.09155553
-0.43067506	0.00000000	0.09155553
-0.42567506	0.00000000	-0.35401470
-0.42067506	0.00000000	-1.37333300
-0.41567506	0.00000000	-1.37333300
-0.41067506	0.00000000	-0.35401470
-0.40567506	0.00000000	0.14038510
-0.40067506	0.00000000	0.14038510
-0.39567506	0.00000000	-0.32959990
-0.39067506	0.00000000	-1.25736300
-0.38567506	0.00000000	-1.70293300
-0.38067506	0.00000000	-1.61137700
-0.37567506	0.00000000	-1.61137700
-0.37067506	0.00000000	-1.70293300
-0.36567506	0.00000000	-1.25736300
-0.36067506	0.00000000	-0.32959990
-0.35567506	0.00000000	0.09155553
-0.35067506	0.00000000	-0.09155553
-0.34567506	0.00000000	0.32959990
-0.34067506	0.00000000	1.25736300
-0.33567506	0.00000000	1.70293300
-0.33067506	0.00000000	1.61137700
-0.32567506	0.00000000	1.56254800
-0.32067506	0.00000000	1.47099200
-0.31567506	0.00000000	1.91656200
-0.31067506	0.00000000	2.84432500
-0.30567506	0.00000000	3.28989500
-0.30067506	0.00000000	3.19834000
-0.29567506	0.00000000	3.19834000
-0.29067506	0.00000000	3.28989500
-0.28567506	0.00000000	2.81991000
-0.28067506	0.00000000	1.80059200
-0.27567506	0.00000000	1.80059200
-0.27067506	0.00000000	2.81991000
-0.26567506	0.00000000	3.31431000
-0.26067506	0.00000000	3.31431000
-0.25567506	0.00000000	2.84432500
-0.25067506	0.00000000	1.91656200
-0.24567506	0.00000000	1.47099200
-0.24067506	0.00000000	1.56254800
-0.23567506	0.00000000	1.61137700
-0.23067506	0.00000000	1.70293300
-0.22567506	0.00000000	1.25736300
-0.22067506	0.00000000	0.32959990
-0.21567506	0.00000000	-0.11597030
-0.21067506	0.00000000	-0.02441481
-0.20567506	0.00000000	0.00000000
-0.20067506	0.00000000	0.00000000
-0.19567506	0.00000000	0.00000000
-0.19067506	0.00000000	0.00000000
-0.18567506	0.00000000	-0.02441481
-0.18067506	0.00000000	-0.11597030
-0.17567506	0.00000000	0.32959990
-0.17067506	0.00000000	1.25736300
-0.16567506	0.00000000	1.70293300
-0.16067506	0.00000000	1.61137700
-0.15567506	0.00000000	1.61137700
-0.15067506	0.00000000	1.70293300
-0.14567506	0.00000000	1.25736300
-0.14067506	0.00000000	0.32959990
-0.13567506	0.00000000	-0.09155553
-0.13067506	0.00000000	0.09155553
-0.12567506	0.00000000	-0.32959990
-0.12067506	0.00000000	-1.25736300
-0.11567506	-0.06103702	-1.70293300
-0.11067506	-0.28992580	-1.61137700
-0.10567506	0.70192570	-1.56254800
-0.10067506	2.56355500	-1.47099200
-0.09567506	5.79851600	-1.86773300
-0.09067506	9.72014400	-2.61238400
-0.08567506	13.96222000	-3.93078400
-0.08067506	17.42607000	-5.59099100
-0.07567506	22.78207000	-6.89107900
-0.07067506	28.79421000	-7.53196800
-0.06567506	34.08917000	-8.38038300
-0.06067506	37.32413000	-9.21658900
-0.05567506	42.55806000	-9.63774600
-0.05067506	48.34132000	-9.54619000
-0.04567506	54.75020000	-9.52177400
-0.04067506	60.30457000	-9.52177400
-0.03567506	66.71346000	-9.52177400
-0.03067506	72.51197000	-9.52177400
-0.02567506	77.74590000	-9.54619000
-0.02067506	80.98087000	-9.63774600
-0.01567506	86.27582000	-9.21658900
-0.01067506	92.28796000	-8.38038300
-0.00567506	97.58293000	-7.51365700
-0.00067506	100.81790000	-6.76900500
0.00432494	106.11290000	-5.92669400
0.00932494	112.12500000	-5.18204300
0.01432494	117.48100000	-4.33973200
0.01932494	120.94480000	-3.59508000
0.02432494	125.06480000	-2.70394000
0.02932494	128.52870000	-1.77617700
0.03432494	133.88470000	-1.82500700
0.03932494	139.91210000	-2.93588100
0.04432494	145.26810000	-2.93588100
0.04932494	148.73190000	-1.82500700
0.05432494	152.91300000	-1.82500700
0.05932494	156.60570000	-2.93588100
0.06432494	160.84780000	-2.96029500
0.06932494	164.54050000	-1.94097700
0.07432494	168.78260000	-1.44657700
0.07932494	172.47530000	-1.44657700
0.08432494	176.71740000	-1.91656200
0.08932494	180.41020000	-2.84432500
0.09432494	184.71330000	-3.28989500
0.09932494	188.63490000	-3.19834000
0.10432494	191.76300000	-3.14951000
0.10932494	193.13640000	-3.05795500
0.11432494	196.32560000	-3.50352500
0.11932494	200.47610000	-4.43128700
0.12432494	203.72630000	-4.87685800
0.12932494	205.32850000	-4.78530200
0.13432494	207.38850000	-4.73647300
0.13932494	209.23490000	-4.64491700
0.14432494	211.37120000	-5.06607200
0.14932494	213.21760000	-5.90228000
0.15432494	215.35390000	-6.79342000
0.15932494	217.20020000	-7.62962700
0.16432494	219.30600000	-8.02636700
0.16932494	221.16760000	-7.84325600
0.17432494	223.33440000	-8.28882700
0.17932494	225.42500000	-9.30814500
0.18432494	226.41680000	-9.33256100
0.18932494	225.95900000	-8.40479800
0.19432494	227.01190000	-7.48924200
0.19932494	229.33130000	-6.65303500
0.20432494	230.38420000	-6.23187900
0.20932494	229.92640000	-6.32343500
0.21432494	230.97930000	-6.37226500
0.21932494	233.29870000	-6.46382000
0.22432494	234.35160000	-6.01825000
0.22932494	233.89380000	-5.09048700
0.23432494	234.94670000	-4.66933200
0.23932494	237.26610000	-4.85244300
0.24432494	238.38010000	-4.43128700
0.24932494	238.15120000	-3.50352500
0.25432494	238.09010000	-3.05795500
0.25932494	238.09010000	-3.14951000
0.26432494	238.09010000	-3.14951000
0.26932494	238.09010000	-3.05795500
0.27432494	238.09010000	-3.52794000
0.27932494	238.09010000	-4.54725700
0.28432494	238.15120000	-4.52284300
0.28932494	238.38010000	-3.41196900
0.29432494	237.26610000	-3.41196900
0.29932494	234.94670000	-4.52284300
0.30432494	233.83280000	-4.54725700
0.30932493	234.06170000	-3.52794000
0.31432493	234.18380000	-3.08237000
0.31932493	234.41270000	-3.26548100
0.32432493	233.29870000	-2.81991000
0.32932493	230.97930000	-1.80059200
0.33432493	229.92640000	-1.77617700
0.33932493	230.38420000	-2.70394000
0.34432493	229.39240000	-3.61949500
0.34932493	227.30180000	-4.45570200
0.35432493	225.07400000	-4.87685800
0.35932493	222.98350000	-4.78530200
0.36432493	221.99160000	-4.73647300
0.36932493	222.44940000	-4.64491700
0.37432493	221.45760000	-5.09048700
0.37932493	219.36700000	-6.01825000
0.38432493	217.13920000	-6.46382000
0.38932493	215.04870000	-6.37226500
0.39432493	214.05680000	-6.37226500
0.39932493	214.51460000	-6.46382000
0.40432493	213.46170000	-6.01825000
0.40932493	211.12700000	-5.09048700
0.41432493	210.07410000	-4.64491700
0.41932493	210.53190000	-4.73647300
0.42432493	209.47900000	-4.78530200
0.42932493	207.15960000	-4.87685800
0.43432493	206.10670000	-4.43128700
0.43932493	206.56450000	-3.50352500
0.44432493	205.51160000	-3.05795500
0.44932493	203.19220000	-3.14951000
0.45432493	202.07830000	-3.19834000
0.45932493	202.30720000	-3.28989500
0.46432493	202.42930000	-2.81991000
0.46932493	202.65810000	-1.80059200
0.47432493	201.54420000	-1.80059200
0.47932493	199.22480000	-2.81991000
0.48432493	198.17190000	-3.31431000
0.48932493	198.62970000	-3.31431000
0.49432493	197.57680000	-2.81991000
0.49932493	195.25740000	-1.80059200
0.50432493	194.14350000	-1.80059200
0.50932493	194.37240000	-2.81991000
0.51432493	194.49440000	-3.28989500
0.51932493	194.72330000	-3.19834000
0.52432493	193.60940000	-3.17392500
0.52932493	191.29000000	-3.17392500
0.53432493	190.17610000	-3.17392500
0.53932493	190.40500000	-3.17392500
0.54432493	190.46600000	-3.19834000
0.54932493	190.46600000	-3.28989500
0.55432493	190.46600000	-2.84432500
0.55932493	190.46600000	-1.91656200
0.56432493	190.46600000	-1.47099200
0.56932493	190.46600000	-1.56254800
0.57432493	190.52700000	-1.61137700
0.57932493	190.75590000	-1.70293300
0.58432493	189.64200000	-1.23294800
0.58932493	187.32260000	-0.21362960
0.59432493	186.20870000	-0.21362960
0.59932493	186.43760000	-1.23294800
0.60432493	186.55960000	-1.72734800
0.60932493	186.78850000	-1.72734800
0.61432493	185.67460000	-1.23294800
0.61932493	183.35520000	-0.21362960
0.62432493	182.24130000	-0.21362960
0.62932493	182.47020000	-1.23294800
0.63432493	182.53120000	-1.67851800
0.63932493	182.53120000	-1.49540700
0.64432493	182.59220000	-1.91656200
0.64932493	182.82110000	-2.84432500
0.65432493	181.70720000	-3.31431000
0.65932493	179.38780000	-3.31431000
0.66432493	178.27390000	-2.81991000
0.66932493	178.50280000	-1.80059200
0.67432493	178.56380000	-1.82500700
0.67932493	178.56380000	-2.93588100
0.68432493	178.56380000	-2.96029500
0.68932493	178.56380000	-1.94097700
0.69432493	178.62480000	-1.47099200
0.69932493	178.85370000	-1.56254800
0.70432493	177.73980000	-1.58696200
0.70932493	175.42040000	-1.58696200
0.71432493	174.30650000	-1.58696200
0.71932493	174.53530000	-1.58696200
0.72432493	174.59640000	-1.61137700
0.72932493	174.59640000	-1.70293300
0.73432493	174.65740000	-1.25736300
0.73932493	174.88630000	-0.32959990
0.74432493	173.77240000	0.14038510
0.74932493	171.45300000	0.14038510
0.75432493	170.33910000	-0.32959990
0.75932493	170.56790000	-1.25736300
0.76432493	170.62900000	-1.70293300
0.76932493	170.62900000	-1.61137700
0.77432493	170.62900000	-1.58696200
0.77932493	170.62900000	-1.58696200
0.78432493	170.69000000	-1.61137700
0.78932493	170.91890000	-1.70293300
0.79432493	169.80500000	-1.23294800
0.79932493	167.48560000	-0.21362960
0.80432493	166.37160000	-0.21362960
0.80932493	166.60050000	-1.23294800
0.81432493	166.66160000	-1.70293300
0.81932493	166.66160000	-1.61137700
0.82432493	166.66160000	-1.58696200
0.82932493	166.66160000	-1.58696200
0.83432493	166.72260000	-1.58696200
0.83932493	166.95150000	-1.58696200
0.84432493	165.83760000	-1.58696200
0.84932493	163.51820000	-1.58696200
0.85432493	162.40430000	-1.61137700
0.85932493	162.63310000	-1.70293300
0.86432493	162.75520000	-1.25736300
0.86932493	162.98410000	-0.32959990
0.87432493	161.87020000	0.09155553
0.87932493	159.55080000	-0.09155553
0.88432493	158.43680000	0.32959990
0.88932493	158.66570000	1.25736300
0.89432493	158.72680000	1.70293300
0.89932493	158.72680000	1.61137700
0.90432493	158.72680000	1.58696200
0.90932493	158.72680000	1.58696200
0.91432493	158.78780000	1.61137700
0.91932493	159.01670000	1.70293300
0.92432493	157.84170000	1.23294800
0.92932493	155.29340000	0.21362960
0.93432493	155.35450000	0.23804440
0.93932493	158.13170000	1.34891800
0.94432493	158.19270000	1.37333300
0.94932493	155.64440000	0.35401470
0.95432493	154.46940000	-0.09155553
0.95932493	154.69830000	0.09155553
0.96432493	154.75940000	-0.35401470
0.96932493	154.75940000	-1.37333300
0.97432493	154.82040000	-1.37333300
0.97932493	155.04930000	-0.35401470
0.98432493	153.93530000	0.11597030
0.98932493	151.61590000	0.02441481
0.99432493	150.50200000	0.00000000
0.99932493	150.73090000	0.00000000
1.00432493	150.79190000	0.00000000
1.00932493	150.79190000	0.00000000
1.01432493	150.85300000	0.00000000
1.01932493	151.08190000	0.00000000
1.02432493	149.96790000	0.00000000
1.02932493	147.64850000	0.00000000
1.03432493	146.53460000	-0.02441481
1.03932493	146.76350000	-0.11597030
1.04432493	146.82450000	0.35401470
1.04932493	146.82450000	1.37333300
1.05432493	146.82450000	1.34891800
1.05932493	146.82450000	0.23804440
1.06432493	146.88560000	0.21362960
1.06932493	147.11450000	1.23294800
1.07432493	146.00050000	1.70293300
1.07932493	143.68110000	1.61137700
1.08432493	142.56720000	1.58696200
1.08932493	142.79610000	1.58696200
1.09432493	142.85710000	1.56254800
1.09932493	142.85710000	1.47099200
1.10432493	142.85710000	1.94097700
1.10932493	142.85710000	2.96029500
1.11432493	142.85710000	2.96029500
1.11932493	142.85710000	1.94097700
1.12432493	142.85710000	1.47099200
1.12932493	142.85710000	1.56254800
1.13432493	142.91820000	1.61137700
1.13932493	143.14710000	1.70293300
1.14432493	141.97210000	1.23294800
1.14932493	139.40860000	0.21362960
1.15432493	139.46960000	0.21362960
1.15932493	142.26200000	1.23294800
1.16432493	142.32310000	1.72734800
1.16932493	139.75950000	1.72734800
1.17432493	138.58450000	1.25736300
1.17932493	138.81340000	0.32959990
1.18432493	138.93550000	-0.11597030
1.18932493	139.16440000	-0.02441481
1.19432493	138.05050000	0.00000000
1.19932493	135.73110000	0.00000000
1.20432493	134.61710000	0.00000000
1.20932493	134.84600000	0.00000000
1.21432493	134.90710000	0.00000000
1.21932493	134.90710000	0.00000000
1.22432493	134.90710000	0.02441481
1.22932493	134.90710000	0.11597030
1.23432493	134.96810000	-0.32959990
1.23932493	135.19700000	-1.25736300
1.24432493	134.08310000	-1.70293300
1.24932493	131.76370000	-1.61137700
1.25432493	130.64970000	-1.61137700
1.25932493	130.87860000	-1.70293300
1.26432493	130.93970000	-1.25736300
1.26932493	130.93970000	-0.32959990
1.27432493	130.93970000	0.11597030
1.27932493	130.93970000	0.02441481
1.28432493	130.93970000	0.00000000
1.28932493	130.93970000	0.00000000
1.29432493	130.93970000	-0.02441481
1.29932493	130.93970000	-0.11597030
1.30432493	131.00070000	0.32959990
1.30932493	131.22960000	1.25736300
1.31432493	130.11560000	1.70293300
1.31932493	127.79630000	1.61137700
1.32432493	126.68230000	1.58696200
1.32932493	126.91120000	1.58696200
1.33432493	126.97230000	1.58696200
1.33932493	126.97230000	1.58696200
1.34432493	126.97230000	1.58696200
1.34932493	126.97230000	1.58696200
1.35432493	127.03330000	1.58696200
1.35932493	127.26220000	1.58696200
1.36432493	126.14820000	1.58696200
1.36932493	123.82880000	1.58696200
1.37432493	122.71490000	1.58696200
1.37932493	122.94380000	1.58696200
1.38432493	123.00480000	1.58696200
1.38932493	123.00480000	1.58696200
1.39432493	123.00480000	1.58696200
1.39932493	123.00480000	1.58696200
1.40432493	123.00480000	1.58696200
1.40932493	123.00480000	1.58696200
1.41432493	123.06590000	1.58696200
1.41932493	123.29480000	1.58696200
1.42432493	122.18080000	1.61137700
1.42932493	119.86140000	1.70293300
1.43432493	118.74750000	1.23294800
1.43932493	118.97640000	0.21362960
1.44432493	119.03740000	0.23804440
1.44932493	119.03740000	1.34891800
1.45432493	119.03740000	1.37333300
1.45932493	119.03740000	0.35401470
1.46432493	119.09850000	-0.11597030
1.46932493	119.32740000	-0.02441481
1.47432493	118.21340000	-0.02441481
1.47932493	115.89400000	-0.11597030
1.48432493	114.78010000	0.35401470
1.48932493	115.00900000	1.37333300
1.49432493	115.07000000	1.34891800
1.49932493	115.07000000	0.23804440
1.50432493	115.07000000	0.23804440
1.50932493	115.07000000	1.34891800
1.51432493	115.07000000	1.34891800
1.51932493	115.07000000	0.23804440
1.52432493	115.07000000	0.23804440
1.52932493	115.07000000	1.34891800
1.53432493	115.07000000	1.37333300
1.53932493	115.07000000	0.35401470
1.54432493	115.13110000	-0.11597030
1.54932493	115.36000000	-0.02441481
1.55432493	114.24600000	0.00000000
1.55932493	111.92660000	0.00000000
1.56432493	110.81270000	0.00000000
1.56932493	111.04160000	0.00000000
1.57432493	111.10260000	-0.02441481
1.57932493	111.10260000	-0.11597030
1.58432493	111.10260000	0.35401470
1.58932493	111.10260000	1.37333300
1.59432493	111.10260000	1.34891800
1.59932493	111.10260000	0.23804440
1.60432493	111.10260000	0.21362960
1.60932493	111.10260000	1.23294800
1.61432493	111.10260000	1.70293300
1.61932493	111.10260000	1.61137700
1.62432493	111.16370000	1.58696200
1.62932493	111.39250000	1.58696200
1.63432493	110.27860000	1.58696200
1.63932493	107.95920000	1.58696200
1.64432493	106.84530000	1.56254800
1.64932493	107.07420000	1.47099200
1.65432493	107.13520000	1.91656200
1.65932493	107.13520000	2.84432500
1.66432493	107.13520000	3.31431000
1.66932493	107.13520000	3.31431000
1.67432493	107.19630000	2.84432500
1.67932493	107.42510000	1.91656200
1.68432493	106.31120000	1.44657700
1.68932493	103.99180000	1.44657700
1.69432493	102.87790000	1.91656200
1.69932493	103.10680000	2.84432500
1.70432493	103.16780000	3.28989500
1.70932493	103.16780000	3.19834000
1.71432493	103.16780000	3.19834000
1.71932493	103.16780000	3.28989500
1.72432493	103.16780000	2.84432500
1.72932493	103.16780000	1.91656200
1.73432493	103.16780000	1.49540700
1.73932493	103.16780000	1.67851800
1.74432493	103.16780000	1.23294800
1.74932493	103.16780000	0.21362960
1.75432493	103.22890000	0.21362960
1.75932493	103.45770000	1.23294800
1.76432493	102.34380000	1.70293300
1.76932493	100.02440000	1.61137700
1.77432493	98.91048000	1.58696200
1.77932493	99.13937000	1.58696200
1.78432493	99.20041000	1.58696200
1.78932493	99.20041000	1.58696200
1.79432493	99.20041000	1.58696200
1.79932493	99.20041000	1.58696200
1.80432493	99.20041000	1.58696200
1.80932493	99.20041000	1.58696200
1.81432493	99.20041000	1.61137700
1.81932493	99.20041000	1.70293300
1.82432493	99.20041000	1.25736300
1.82932493	99.20041000	0.32959990
1.83432493	99.26145000	-0.11597030
1.83932493	99.49034000	-0.02441481
1.84432493	98.37641000	0.00000000
1.84932493	96.05700000	0.00000000
1.85432493	94.94308000	-0.02441481
1.85932493	95.17197000	-0.11597030
1.86432493	95.23300000	0.35401470
1.86932493	95.23300000	1.37333300
1.87432493	95.23300000	1.34891800
1.87932493	95.23300000	0.23804440
1.88432493	95.23300000	0.21362960
1.88932493	95.23300000	1.23294800
1.89432493	95.23300000	1.67851800
1.89932493	95.23300000	1.49540700
1.90432493	95.23300000	1.91656200
1.90932493	95.23300000	2.84432500
1.91432493	95.29404000	3.28989500
1.91932493	95.52293000	3.19834000
1.92432493	94.40900000	3.19834000
1.92932493	92.08959000	3.28989500
1.93432493	90.97568000	2.81991000
1.93932493	91.20457000	1.80059200
1.94432493	91.26560000	1.80059200
1.94932493	91.26560000	2.81991000
1.95432493	91.26560000	3.28989500
1.95932492	91.26560000	3.19834000
1.96432492	91.26560000	3.17392500
1.96932492	91.26560000	3.17392500
1.97432492	91.26560000	3.19834000
1.97932492	91.26560000	3.28989500
1.98432492	91.26560000	2.84432500
1.98932492	91.26560000	1.91656200
1.99432492	91.26560000	1.49540700
1.99932492	91.26560000	1.67851800
2.00432492	91.26560000	1.23294800
2.00932492	91.26560000	0.21362960
2.01432492	91.32664000	0.21362960
2.01932492	91.55552000	1.23294800
2.02432492	90.44160000	1.70293300
2.02932492	88.12219000	1.61137700
2.03432492	87.00826000	1.56254800
2.03932492	87.23715000	1.47099200
2.04432492	87.29819000	1.91656200
2.04932492	87.29819000	2.84432500
2.05432492	87.29819000	3.31431000
2.05932492	87.29819000	3.31431000
2.06432492	87.29819000	2.81991000
2.06932492	87.29819000	1.80059200
2.07432492	87.29819000	1.80059200
2.07932492	87.29819000	2.81991000
2.08432492	87.29819000	3.31431000
2.08932492	87.29819000	3.31431000
2.09432492	87.29819000	2.84432500
2.09932492	87.29819000	1.91656200
2.10432492	87.35923000	1.47099200
2.10932492	87.58812000	1.56254800
2.11432492	86.41315000	1.58696200
2.11932492	83.86486000	1.58696200
2.12432492	83.92590000	1.58696200
2.12932492	86.70308000	1.58696200
2.13432492	86.76411000	1.61137700
2.13932492	84.21582000	1.70293300
2.14432492	83.04086000	1.23294800
2.14932492	83.26974000	0.21362960
2.15432492	83.33078000	0.23804440
2.15932492	83.33078000	1.34891800
2.16432492	83.33078000	1.34891800
2.16932492	83.33078000	0.23804440
2.17432492	83.39182000	0.23804440
2.17932492	83.62070000	1.34891800
2.18432492	82.44575000	1.37333300
2.18932492	79.89745000	0.35401470
2.19432492	79.89745000	-0.11597030
2.19932492	82.44575000	-0.02441481
2.20432492	83.68175000	0.02441481
2.20932492	83.68175000	0.11597030
2.21432492	82.50678000	-0.35401470
2.21932492	80.18738000	-1.37333300
2.22432492	79.07346000	-1.39774800
2.22932492	79.30235000	-0.46998500
2.23432492	79.36338000	0.46998500
2.23932492	79.36338000	1.39774800
2.24432492	79.36338000	1.34891800
2.24932492	79.36338000	0.23804440
2.25432492	79.36338000	0.23804440
2.25932492	79.36338000	1.34891800
2.26432492	79.36338000	1.37333300
2.26932492	79.36338000	0.35401470
2.27432492	79.36338000	-0.14038510
2.27932492	79.36338000	-0.14038510
2.28432492	79.36338000	0.35401470
2.28932492	79.36338000	1.37333300
2.29432492	79.36338000	1.37333300
2.29932492	79.36338000	0.35401470
2.30432492	79.42442000	-0.14038510
2.30932492	79.65331000	-0.14038510
2.31432492	78.53938000	0.32959990
2.31932492	76.21997000	1.25736300
2.32432492	75.10605000	1.70293300
2.32932492	75.33494000	1.61137700
2.33432492	75.39597000	1.58696200
2.33932492	75.39597000	1.58696200
2.34432492	75.39597000	1.61137700
2.34932492	75.39597000	1.70293300
2.35432492	75.39597000	1.23294800
2.35932492	75.39597000	0.21362960
2.36432492	75.39597000	0.23804440
2.36932492	75.39597000	1.34891800
2.37432492	75.39597000	1.34891800
2.37932492	75.39597000	0.23804440
2.38432492	75.39597000	0.23804440
2.38932492	75.39597000	1.34891800
2.39432492	75.39597000	1.37333300
2.39932492	75.39597000	0.35401470
2.40432492	75.45701000	-0.11597030
2.40932492	75.68590000	-0.02441481
2.41432492	74.57197000	0.00000000
2.41932492	72.25256000	0.00000000
2.42432492	71.13864000	0.00000000
2.42932492	71.36753000	0.00000000
2.43432492	71.42857000	0.00000000
2.43932492	71.42857000	0.00000000
2.44432492	71.42857000	0.00000000
2.44932492	71.42857000	0.00000000
2.45432492	71.42857000	0.00000000
2.45932492	71.42857000	0.00000000
2.46432492	71.42857000	0.00000000
2.46932492	71.42857000	0.00000000
2.47432492	71.42857000	0.00000000
2.47932492	71.42857000	0.00000000
2.48432492	71.48961000	0.00000000
2.48932492	71.71850000	0.00000000
2.49432492	70.54353000	0.00000000
2.49932492	67.97997000	0.00000000
2.50432492	67.97997000	-0.02441481
2.50932492	70.54353000	-0.11597030
2.51432492	71.77953000	0.35401470
2.51932492	71.77953000	1.37333300
2.52432492	70.60457000	1.34891800
2.52932492	68.26991000	0.23804440
2.53432492	67.15598000	0.23804440
2.53932492	67.38486000	1.34891800
2.54432492	67.44590000	1.37333300
2.54932492	67.44590000	0.35401470
2.55432492	67.44590000	-0.14038510
2.55932492	67.44590000	-0.14038510
2.56432492	67.44590000	0.32959990
2.56932492	67.44590000	1.25736300
2.57432492	67.44590000	1.72734800
2.57932492	67.44590000	1.72734800
2.58432492	67.44590000	1.25736300
2.58932492	67.44590000	0.32959990
2.59432492	67.44590000	-0.11597030
2.59932492	67.44590000	-0.02441481
2.60432492	67.44590000	-0.02441481
2.60932492	67.44590000	-0.11597030
2.61432492	67.50694000	0.35401470
2.61932492	67.73582000	1.37333300
2.62432492	66.62190000	1.34891800
2.62932492	64.30249000	0.23804440
2.63432492	63.18857000	0.21362960
2.63932492	63.41746000	1.23294800
2.64432492	63.47850000	1.70293300
2.64932492	63.47850000	1.61137700
2.65432492	63.47850000	1.61137700
2.65932492	63.47850000	1.70293300
2.66432492	63.47850000	1.23294800
2.66932492	63.47850000	0.21362960
2.67432492	63.47850000	0.23804440
2.67932492	63.47850000	1.34891800
2.68432492	63.47850000	1.34891800
2.68932492	63.47850000	0.23804440
2.69432492	63.47850000	0.21362960
2.69932492	63.47850000	1.23294800
2.70432492	63.47850000	1.67851800
2.70932492	63.47850000	1.49540700
2.71432492	63.47850000	1.91656200
2.71932492	63.47850000	2.84432500
2.72432492	63.47850000	3.28989500
2.72932492	63.47850000	3.19834000
2.73432492	63.47850000	3.19834000
2.73932492	63.47850000	3.28989500
2.74432492	63.47850000	2.84432500
2.74932492	63.47850000	1.91656200
2.75432492	63.53953000	1.44657700
2.75932492	63.76842000	1.44657700
2.76432492	62.59346000	1.94097700
2.76932492	60.04517000	2.96029500
2.77432492	60.10620000	2.93588100
2.77932492	62.88339000	1.82500700
2.78432492	62.94442000	1.82500700
2.78932492	60.39613000	2.93588100
2.79432492	59.22116000	2.96029500
2.79932492	59.45005000	1.94097700
2.80432492	59.51109000	1.49540700
2.80932492	59.51109000	1.67851800
2.81432492	59.51109000	1.23294800
2.81932492	59.51109000	0.21362960
2.82432492	59.51109000	0.23804440
2.82932492	59.51109000	1.34891800
2.83432492	59.51109000	1.34891800
2.83932492	59.51109000	0.23804440
2.84432492	59.51109000	0.21362960
2.84932492	59.51109000	1.23294800
2.85432492	59.51109000	1.72734800
2.85932492	59.51109000	1.72734800
2.86432492	59.57213000	1.25736300
2.86932492	59.80102000	0.32959990
2.87432492	58.62605000	-0.11597030
2.87932492	56.07775000	-0.02441481
2.88432492	56.13879000	-0.02441481
2.88932492	58.91598000	-0.11597030
2.89432492	58.97702000	0.32959990
2.89932492	56.42872000	1.25736300
2.90432492	55.25376000	1.72734800
2.90932492	55.48264000	1.72734800
2.91432492	55.54368000	1.25736300
2.91932492	55.54368000	0.32959990
2.92432492	55.54368000	-0.14038510
2.92932492	55.54368000	-0.14038510
2.93432492	55.54368000	0.32959990
2.93932492	55.54368000	1.25736300
2.94432492	55.54368000	1.72734800
2.94932492	55.54368000	1.72734800
2.95432492	55.54368000	1.25736300
2.95932492	55.54368000	0.32959990
2.96432492	55.54368000	-0.11597030
2.96932492	55.54368000	-0.02441481
2.97432492	55.54368000	0.00000000
2.97932492	55.54368000	0.00000000
2.98432492	55.54368000	0.00000000
2.98932492	55.54368000	0.00000000
2.99432492	55.54368000	0.00000000
2.99932492	55.54368000	0.00000000
3.00432492	55.54368000	0.00000000
3.00932492	55.54368000	0.00000000
3.01432492	55.54368000	0.00000000
3.01932492	55.54368000	0.00000000
3.02432492	55.60472000	0.00000000
3.02932492	55.83361000	0.00000000
3.03432492	54.71968000	0.00000000
3.03932492	52.40028000	0.00000000
3.04432492	51.28635000	-0.02441481
3.04932492	51.51524000	-0.11597030
3.05432492	51.51524000	0.32959990
3.05932492	51.28635000	1.25736300
3.06432492	52.46132000	1.72734800
3.06932492	55.00961000	1.72734800
3.07432492	55.00961000	1.23294800
3.07932492	52.46132000	0.21362960
3.08432492	51.28635000	0.21362960
3.08932492	51.51524000	1.23294800
3.09432492	51.57627000	1.70293300
3.09932492	51.57627000	1.61137700
3.10432492	51.57627000	1.58696200
3.10932492	51.57627000	1.58696200
3.11432492	51.57627000	1.58696200
3.11932492	51.57627000	1.58696200
3.12432492	51.57627000	1.58696200
3.12932492	51.57627000	1.58696200
3.13432492	51.57627000	1.56254800
3.13932492	51.57627000	1.47099200
3.14432492	51.57627000	1.94097700
3.14932492	51.57627000	2.96029500
3.15432492	51.63731000	2.93588100
3.15932492	51.86620000	1.82500700
3.16432492	50.75228000	1.80059200
3.16932492	48.43287000	2.81991000
3.17432492	47.31895000	3.31431000
3.17932492	47.54784000	3.31431000
3.18432492	47.60887000	2.84432500
3.18932492	47.60887000	1.91656200
3.19432492	47.60887000	1.47099200
3.19932492	47.60887000	1.56254800
3.20432492	47.60887000	1.58696200
3.20932492	47.60887000	1.58696200
3.21432492	47.60887000	1.58696200
3.21932492	47.60887000	1.58696200
3.22432492	47.60887000	1.58696200
3.22932492	47.60887000	1.58696200
3.23432492	47.60887000	1.58696200
3.23932492	47.60887000	1.58696200
3.24432492	47.60887000	1.61137700
3.24932492	47.60887000	1.70293300
3.25432492	47.60887000	1.25736300
3.25932492	47.60887000	0.32959990
3.26432492	47.60887000	-0.11597030
3.26932492	47.60887000	-0.02441481
3.27432492	47.60887000	0.00000000
3.27932492	47.60887000	0.00000000
3.28432492	47.60887000	-0.02441481
3.28932492	47.60887000	-0.11597030
3.29432492	47.60887000	0.35401470
3.29932492	47.60887000	1.37333300
3.30432492	47.60887000	1.37333300
3.30932492	47.60887000	0.35401470
3.31432492	47.60887000	-0.11597030
3.31932492	47.60887000	-0.02441481
3.32432492	47.66991000	0.02441481
3.32932492	47.89880000	0.11597030
3.33432492	46.72383000	-0.32959990
3.33932492	44.17554000	-1.25736300
3.34432492	44.17554000	-1.72734800
3.34932492	46.72383000	-1.72734800
3.35432492	47.95984000	-1.25736300
3.35932492	47.95984000	-0.32959990
3.36432492	46.72383000	0.11597030
3.36932492	44.17554000	0.02441481
3.37432492	44.23658000	0.00000000
3.37932492	47.01376000	0.00000000
3.38432492	47.07480000	0.00000000
3.38932492	44.52650000	0.00000000
3.39432492	43.35154000	-0.02441481
3.39932492	43.58043000	-0.11597030
3.40432492	43.64147000	0.35401470
3.40932492	43.64147000	1.37333300
3.41432492	43.64147000	1.34891800
3.41932492	43.64147000	0.23804440
3.42432492	43.64147000	0.23804440
3.42932492	43.64147000	1.34891800
3.43432492	43.64147000	1.37333300
3.43932492	43.64147000	0.35401470
3.44432492	43.64147000	-0.09155553
3.44932492	43.64147000	0.09155553
3.45432492	43.64147000	-0.35401470
3.45932492	43.64147000	-1.37333300
3.46432492	43.64147000	-1.37333300
3.46932492	43.64147000	-0.35401470
3.47432492	43.64147000	0.11597030
3.47932492	43.64147000	0.02441481
3.48432492	43.64147000	0.00000000
3.48932492	43.64147000	0.00000000
3.49432492	43.70250000	0.02441481
3.49932492	43.93139000	0.11597030
3.50432492	42.75643000	-0.35401470
3.50932492	40.20813000	-1.37333300
3.51432492	40.20813000	-1.37333300
3.51932492	42.75643000	-0.35401470
3.52432492	43.93139000	0.11597030
3.52932492	43.70250000	0.02441481
3.53432492	43.64147000	0.00000000
3.53932492	43.64147000	0.00000000
3.54432492	43.70250000	-0.02441481
3.54932492	43.93139000	-0.11597030
3.55432492	42.81747000	0.32959990
3.55932492	40.49806000	1.25736300
3.56432492	39.38414000	1.72734800
3.56932492	39.61302000	1.72734800
3.57432492	39.67406000	1.25736300
3.57932492	39.67406000	0.32959990
3.58432492	39.67406000	-0.14038510
3.58932492	39.67406000	-0.14038510
3.59432492	39.67406000	0.32959990
3.59932492	39.67406000	1.25736300
3.60432491	39.67406000	1.70293300
3.60932491	39.67406000	1.61137700
3.61432491	39.67406000	1.61137700
3.61932491	39.67406000	1.70293300
3.62432491	39.67406000	1.23294800
3.62932491	39.67406000	0.21362960
3.63432491	39.67406000	0.23804440
3.63932491	39.67406000	1.34891800
3.64432491	39.67406000	1.34891800
3.64932491	39.67406000	0.23804440
3.65432491	39.67406000	0.21362960
3.65932491	39.67406000	1.23294800
3.66432491	39.67406000	1.70293300
3.66932491	39.67406000	1.61137700
3.67432491	39.73510000	1.58696200
3.67932491	39.96399000	1.58696200
3.68432491	38.85006000	1.61137700
3.68932491	36.53065000	1.70293300
3.69432491	35.35569000	1.25736300
3.69932491	35.35569000	0.32959990
3.70432491	36.53065000	-0.14038510
3.70932491	38.85006000	-0.14038510
3.71432491	39.96399000	0.32959990
3.71932491	39.73510000	1.25736300
3.72432491	39.67406000	1.70293300
3.72932491	39.67406000	1.61137700
3.73432491	39.73510000	1.58696200
3.73932491	39.96399000	1.58696200
3.74432491	38.85006000	1.56254800
3.74932491	36.53065000	1.47099200
3.75432491	35.41673000	1.94097700
3.75932491	35.64562000	2.96029500
3.76432491	35.70665000	2.96029500
3.76932491	35.70665000	1.94097700
3.77432491	35.70665000	1.44657700
3.77932491	35.70665000	1.44657700
3.78432491	35.70665000	1.94097700
3.78932491	35.70665000	2.96029500
3.79432491	35.70665000	2.96029500
3.79932491	35.70665000	1.94097700
3.80432491	35.70665000	1.47099200
3.80932491	35.70665000	1.56254800
3.81432491	35.70665000	1.58696200
3.81932491	35.70665000	1.58696200
3.82432491	35.70665000	1.58696200
3.82932491	35.70665000	1.58696200
3.83432491	35.70665000	1.56254800
3.83932491	35.70665000	1.47099200
3.84432491	35.70665000	1.94097700
3.84932491	35.70665000	2.96029500
3.85432491	35.70665000	2.96029500
3.85932491	35.70665000	1.94097700
3.86432491	35.70665000	1.47099200
3.86932491	35.70665000	1.56254800
3.87432491	35.76769000	1.58696200
3.87932491	35.99658000	1.58696200
3.88432491	34.82162000	1.61137700
3.88932491	32.27332000	1.70293300
3.89432491	32.27332000	1.23294800
3.89932491	34.82162000	0.21362960
3.90432491	36.05762000	0.23804440
3.90932491	36.05762000	1.34891800
3.91432491	34.82162000	1.34891800
3.91932491	32.27332000	0.23804440
3.92432491	32.27332000	0.23804440
3.92932491	34.82162000	1.34891800
3.93432491	36.05762000	1.34891800
3.93932491	36.05762000	0.23804440
3.94432491	34.88266000	0.21362960
3.94932491	32.56325000	1.23294800
3.95432491	31.44932000	1.67851800
3.95932491	31.67821000	1.49540700
3.96432491	31.73925000	1.94097700
3.96932491	31.73925000	2.96029500
3.97432491	31.73925000	2.96029500
3.97932491	31.73925000	1.94097700
3.98432491	31.73925000	1.44657700
3.98932491	31.73925000	1.44657700
3.99432491	31.73925000	1.94097700
3.99932491	31.73925000	2.96029500
4.00432491	31.73925000	2.93588100
4.00932491	31.73925000	1.82500700
4.01432491	31.73925000	1.82500700
4.01932491	31.73925000	2.93588100
4.02432491	31.73925000	2.96029500
4.02932491	31.73925000	1.94097700
4.03432491	31.73925000	1.47099200
4.03932491	31.73925000	1.56254800
4.04432491	31.73925000	1.58696200
4.04932491	31.73925000	1.58696200
4.05432491	31.73925000	1.61137700
4.05932491	31.73925000	1.70293300
4.06432491	31.73925000	1.25736300
4.06932491	31.73925000	0.32959990
4.07432491	31.73925000	-0.14038510
4.07932491	31.73925000	-0.14038510
4.08432491	31.73925000	0.32959990
4.08932491	31.73925000	1.25736300
4.09432491	31.73925000	1.72734800
4.09932491	31.73925000	1.72734800
4.10432491	31.73925000	1.25736300
4.10932491	31.73925000	0.32959990
4.11432491	31.73925000	-0.11597030
4.11932491	31.73925000	-0.02441481
4.12432491	31.73925000	0.02441481
4.12932491	31.73925000	0.11597030
4.13432491	31.80028000	-0.32959990
4.13932491	32.02917000	-1.25736300
4.14432491	30.85421000	-1.70293300
4.14932491	28.30592000	-1.61137700
4.15432491	28.30592000	-1.61137700
4.15932491	30.85421000	-1.70293300
4.16432491	32.09021000	-1.25736300
4.16932491	32.09021000	-0.32959990
4.17432491	30.85421000	0.14038510
4.17932491	28.30592000	0.14038510
4.18432491	28.30592000	-0.37842950
4.18932491	30.85421000	-1.48930300
4.19432491	32.02917000	-1.04373300
4.19932491	31.80028000	0.90334780
4.20432491	31.80028000	1.79448800
4.20932491	32.02917000	1.51982200
4.21432491	30.91525000	1.94097700
4.21932491	28.59584000	2.96029500
4.22432491	27.48192000	2.96029500
4.22932491	27.71080000	1.94097700
4.23432491	27.77184000	1.47099200
4.23932491	27.77184000	1.56254800
4.24432491	27.77184000	1.61137700
4.24932491	27.77184000	1.70293300
4.25432491	27.77184000	1.23294800
4.25932491	27.77184000	0.21362960
4.26432491	27.77184000	0.21362960
4.26932491	27.77184000	1.23294800
4.27432491	27.77184000	1.70293300
4.27932491	27.77184000	1.61137700
4.28432491	27.77184000	1.58696200
4.28932491	27.77184000	1.58696200
4.29432491	27.77184000	1.58696200
4.29932491	27.77184000	1.58696200
4.30432491	27.77184000	1.61137700
4.30932491	27.77184000	1.70293300
4.31432491	27.77184000	1.23294800
4.31932491	27.77184000	0.21362960
4.32432491	27.77184000	0.21362960
4.32932491	27.77184000	1.23294800
4.33432491	27.77184000	1.72734800
4.33932491	27.77184000	1.72734800
4.34432491	27.77184000	1.25736300
4.34932491	27.77184000	0.32959990
4.35432491	27.77184000	-0.11597030
4.35932491	27.77184000	-0.02441481
4.36432491	27.77184000	0.00000000
4.36932491	27.77184000	0.00000000
4.37432491	27.77184000	0.00000000
4.37932491	27.77184000	0.00000000
4.38432491	27.77184000	0.00000000
4.38932491	27.77184000	0.00000000
4.39432491	27.77184000	0.00000000
4.39932491	27.77184000	0.00000000
4.40432491	27.83288000	0.00000000
4.40932491	28.06177000	0.00000000
4.41432491	26.94784000	0.02441481
4.41932491	24.62844000	0.11597030
4.42432491	23.45347000	-0.35401470
4.42932491	23.45347000	-1.37333300
4.43432491	24.62844000	-1.37333300
4.43932491	26.94784000	-0.35401470
4.44432491	28.06177000	0.11597030
4.44932491	27.83288000	0.02441481
4.45432491	27.83288000	-0.02441481
4.45932491	28.06177000	-0.11597030
4.46432491	26.94784000	0.35401470
4.46932491	24.62844000	1.37333300
4.47432491	23.51451000	1.34891800
4.47932491	23.74340000	0.23804440
4.48432491	23.80444000	0.21362960
4.48932491	23.80444000	1.23294800
4.49432491	23.80444000	1.70293300
4.49932491	23.80444000	1.61137700
4.50432491	23.80444000	1.58696200
4.50932491	23.80444000	1.58696200
4.51432491	23.80444000	1.56254800
4.51932491	23.80444000	1.47099200
4.52432491	23.80444000	1.94097700
4.52932491	23.80444000	2.96029500
4.53432491	23.80444000	2.96029500
4.53932491	23.80444000	1.94097700
4.54432491	23.80444000	1.47099200
4.54932491	23.80444000	1.56254800
4.55432491	23.80444000	1.58696200
4.55932491	23.80444000	1.58696200
4.56432491	23.80444000	1.58696200
4.56932491	23.80444000	1.58696200
4.57432491	23.80444000	1.58696200
4.57932491	23.80444000	1.58696200
4.58432491	23.80444000	1.56254800
4.58932491	23.80444000	1.47099200
4.59432491	23.80444000	1.91656200
4.59932491	23.80444000	2.84432500
4.60432491	23.80444000	3.28989500
4.60932491	23.80444000	3.19834000
4.61432491	23.80444000	3.19834000
4.61932491	23.80444000	3.28989500
4.62432491	23.80444000	2.81991000
4.62932491	23.80444000	1.80059200
4.63432491	23.80444000	1.80059200
4.63932491	23.80444000	2.81991000
4.64432491	23.80444000	3.28989500
4.64932491	23.80444000	3.19834000
4.65432491	23.80444000	3.19834000
4.65932491	23.80444000	3.28989500
4.66432491	23.80444000	2.84432500
4.66932491	23.80444000	1.91656200
4.67432491	23.80444000	1.47099200
4.67932491	23.80444000	1.56254800
4.68432491	23.80444000	1.58696200
4.68932491	23.80444000	1.58696200
4.69432491	23.80444000	1.58696200
4.69932491	23.80444000	1.58696200
4.70432491	23.80444000	1.58696200
4.70932491	23.80444000	1.58696200
4.71432491	23.80444000	1.58696200
4.71932491	23.80444000	1.58696200
4.72432491	23.80444000	1.61137700
4.72932491	23.80444000	1.70293300
4.73432491	23.80444000	1.25736300
4.73932491	23.80444000	0.32959990
4.74432491	23.86547000	-0.11597030
4.74932491	24.09436000	-0.02441481
4.75432491	22.91940000	-0.02441481
4.75932491	20.37111000	-0.11597030
4.76432491	20.37111000	0.32959990
4.76932491	22.91940000	1.25736300
4.77432491	24.09436000	1.72734800
4.77932491	23.86547000	1.72734800
4.78432491	23.80444000	1.23294800
4.78932491	23.80444000	0.21362960
4.79432491	23.80444000	0.21362960
4.79932491	23.80444000	1.23294800
4.80432491	23.80444000	1.70293300
4.80932491	23.80444000	1.61137700
4.81432491	23.80444000	1.58696200
4.81932491	23.80444000	1.58696200
4.82432491	23.80444000	1.58696200
4.82932491	23.80444000	1.58696200
4.83432491	23.86547000	1.56254800
4.83932491	24.09436000	1.47099200
4.84432491	22.98043000	1.91656200
4.84932491	20.66103000	2.84432500
4.85432491	19.54710000	3.31431000
4.85932491	19.77599000	3.31431000
4.86432491	19.83703000	2.84432500
4.86932491	19.83703000	1.91656200
4.87432491	19.83703000	1.47099200
4.87932491	19.83703000	1.56254800
4.88432491	19.83703000	1.58696200
4.88932491	19.83703000	1.58696200
4.89432491	19.83703000	1.58696200
4.89932491	19.83703000	1.58696200
4.90432491	19.83703000	1.58696200
4.90932491	19.83703000	1.58696200
4.91432491	19.83703000	1.58696200
4.91932491	19.83703000	1.58696200
4.92432491	19.83703000	1.58696200
4.92932491	19.83703000	1.58696200
4.93432491	19.83703000	1.58696200
4.93932491	19.83703000	1.58696200
4.94432491	19.83703000	1.58696200
4.94932491	19.83703000	1.58696200
4.95432491	19.83703000	1.58696200
4.95932491	19.83703000	1.58696200
4.96432491	19.83703000	1.58696200
4.96932491	19.83703000	1.58696200
4.97432491	19.83703000	1.58696200
4.97932491	19.83703000	1.58696200
4.98432491	19.83703000	1.58696200
4.98932491	19.83703000	1.58696200
4.99432491	19.83703000	1.61137700
4.99932491	19.83703000	1.70293300
5.00432491	19.83703000	1.23294800
5.00932491	19.83703000	0.21362960
5.01432491	19.83703000	0.21362960
5.01932491	19.83703000	1.23294800
5.02432491	19.83703000	1.72734800
5.02932491	19.83703000	1.72734800
5.03432491	19.83703000	1.25736300
5.03932491	19.83703000	0.32959990
5.04432491	19.83703000	-0.11597030
5.04932491	19.83703000	-0.02441481
5.05432491	19.83703000	-0.02441481
5.05932491	19.83703000	-0.11597030
5.06432491	19.83703000	0.32959990
5.06932491	19.83703000	1.25736300
5.07432491	19.83703000	1.70293300
5.07932491	19.83703000	1.61137700
5.08432491	19.83703000	1.61137700
5.08932491	19.83703000	1.70293300
5.09432491	19.83703000	1.23294800
5.09932491	19.83703000	0.21362960
5.10432491	19.83703000	0.23804440
5.10932491	19.83703000	1.34891800
5.11432491	19.83703000	1.34891800
5.11932491	19.83703000	0.23804440
5.12432491	19.89807000	0.23804440
5.12932491	20.12696000	1.34891800
5.13432491	18.95199000	1.34891800
5.13932491	16.40370000	0.23804440
5.14432491	16.40370000	0.23804440
5.14932491	18.95199000	1.34891800
5.15432491	20.12696000	1.34891800
5.15932491	19.89807000	0.23804440
5.16432491	19.89807000	0.23804440
5.16932491	20.12696000	1.34891800
5.17432491	18.95199000	1.37333300
5.17932491	16.40370000	0.35401470
5.18432491	16.46474000	-0.11597030
5.18932491	19.24192000	-0.02441481
5.19432491	19.30296000	0.00000000
5.19932491	16.75466000	0.00000000
5.20432491	15.57970000	0.00000000
5.20932491	15.80859000	0.00000000
5.21432491	15.86962000	0.00000000
5.21932491	15.86962000	0.00000000
5.22432491	15.86962000	0.00000000
5.22932491	15.86962000	0.00000000
5.23432491	15.86962000	0.02441481
5.23932491	15.86962000	0.11597030
5.24432491	15.86962000	-0.35401470
5.24932490	15.86962000	-1.37333300
5.25432490	15.80859000	-1.37333300
5.25932490	15.57970000	-0.35401470
5.26432490	16.75466000	0.14038510
5.26932490	19.30296000	0.14038510
5.27432490	19.30296000	-0.35401470
5.27932490	16.75466000	-1.37333300
5.28432490	15.57970000	-1.34891800
5.28932490	15.80859000	-0.23804440
5.29432490	15.86962000	-0.21362960
5.29932490	15.86962000	-1.23294800
5.30432490	15.86962000	-1.72734800
5.30932490	15.86962000	-1.72734800
5.31432490	15.86962000	-1.23294800
5.31932490	15.86962000	-0.21362960
5.32432490	15.86962000	-0.21362960
5.32932490	15.86962000	-1.23294800
5.33432490	15.86962000	-1.72734800
5.33932490	15.86962000	-1.72734800
5.34432490	15.86962000	-1.28177700
5.34932490	15.86962000	-0.44557020
5.35432490	15.86962000	0.46998500
5.35932490	15.86962000	1.39774800
5.36432490	15.86962000	1.37333300
5.36932490	15.86962000	0.35401470
5.37432490	15.86962000	-0.11597030
5.37932490	15.86962000	-0.02441481
5.38432490	15.86962000	-0.02441481
5.38932490	15.86962000	-0.11597030
5.39432490	15.86962000	0.32959990
5.39932490	15.86962000	1.25736300
5.40432490	15.86962000	1.70293300
5.40932490	15.86962000	1.61137700
5.41432490	15.86962000	1.61137700
5.41932490	15.86962000	1.70293300
5.42432490	15.86962000	1.23294800
5.42932490	15.86962000	0.21362960
5.43432490	15.86962000	0.21362960
5.43932490	15.86962000	1.23294800
5.44432490	15.86962000	1.72734800
5.44932490	15.86962000	1.72734800
5.45432490	15.86962000	1.28177700
5.45932490	15.86962000	0.44557020
5.46432490	15.86962000	-0.49439980
5.46932490	15.86962000	-1.51371800
5.47432490	15.86962000	-1.01931800
5.47932490	15.86962000	1.01931800
5.48432490	15.86962000	1.51371800
5.48932490	15.86962000	0.49439980
5.49432490	15.86962000	-0.46998500
5.49932490	15.86962000	-1.39774800
5.50432490	15.86962000	-1.37333300
5.50932490	15.86962000	-0.35401470
5.51432490	15.86962000	0.11597030
5.51932490	15.86962000	0.02441481
5.52432490	15.86962000	0.00000000
5.52932490	15.86962000	0.00000000
5.53432490	15.86962000	-0.02441481
5.53932490	15.86962000	-0.11597030
5.54432490	15.86962000	0.32959990
5.54932490	15.86962000	1.25736300
5.55432490	15.86962000	1.70293300
5.55932490	15.86962000	1.61137700
5.56432490	15.86962000	1.58696200
5.56932490	15.86962000	1.58696200
5.57432490	15.86962000	1.58696200
5.57932490	15.86962000	1.58696200
5.58432490	15.86962000	1.58696200
5.58932490	15.86962000	1.58696200
5.59432490	15.86962000	1.56254800
5.59932490	15.86962000	1.47099200
5.60432490	15.86962000	1.96539200
5.60932490	15.86962000	3.07626600
5.61432490	15.86962000	2.60628100
5.61932490	15.86962000	0.56764430
5.62432490	15.86962000	0.09765923
5.62932490	15.86962000	1.20853300
5.63432490	15.86962000	1.70293300
5.63932490	15.86962000	1.61137700
5.64432490	15.86962000	1.58696200
5.64932490	15.86962000	1.58696200
5.65432490	15.86962000	1.58696200
5.65932490	15.86962000	1.58696200
5.66432490	15.86962000	1.61137700
5.66932490	15.86962000	1.70293300
5.67432490	15.86962000	1.20853300
5.67932490	15.86962000	0.09765923
5.68432490	15.86962000	0.54322950
5.68932490	15.86962000	2.49031000
5.69432490	15.86962000	3.43028000
5.69932490	15.86962000	3.33872500
5.70432490	15.86962000	2.81991000
5.70932490	15.86962000	1.80059200
5.71432490	15.86962000	1.82500700
5.71932490	15.86962000	2.93588100
5.72432490	15.86962000	2.96029500
5.72932490	15.86962000	1.94097700
5.73432490	15.86962000	1.49540700
5.73932490	15.86962000	1.67851800
5.74432490	15.86962000	1.25736300
5.74932490	15.86962000	0.32959990
5.75432490	15.86962000	-0.14038510
5.75932490	15.86962000	-0.14038510
5.76432490	15.86962000	0.32959990
5.76932490	15.86962000	1.25736300
5.77432490	15.86962000	1.70293300
5.77932490	15.86962000	1.61137700
5.78432490	15.86962000	1.61137700
5.78932490	15.86962000	1.70293300
5.79432490	15.86962000	1.23294800
5.79932490	15.86962000	0.21362960
5.80432490	15.86962000	0.21362960
5.80932490	15.86962000	1.23294800
5.81432490	15.86962000	1.72734800
5.81932490	15.86962000	1.72734800
5.82432490	15.86962000	1.25736300
5.82932490	15.86962000	0.32959990
5.83432490	15.86962000	-0.11597030
5.83932490	15.86962000	-0.02441481
5.84432490	15.86962000	0.02441481
5.84932490	15.86962000	0.11597030
5.85432490	15.86962000	-0.32959990
5.85932490	15.86962000	-1.25736300
5.86432490	15.93066000	-1.70293300
5.86932490	16.15955000	-1.61137700
5.87432490	15.04562000	-1.61137700
5.87932490	12.72622000	-1.70293300
5.88432490	11.55125000	-1.25736300
5.88932490	11.55125000	-0.32959990
5.89432490	12.78725000	0.14038510
5.89932490	15.33555000	0.14038510
5.90432490	15.33555000	-0.32959990
5.90932490	12.78725000	-1.25736300
5.91432490	11.61229000	-1.75176200
5.91932490	11.84118000	-1.84331800
5.92432490	11.90222000	-0.92776260
5.92932490	11.90222000	0.92776260
5.93432490	11.90222000	1.81890300
5.93932490	11.90222000	1.63579200
5.94432490	11.90222000	1.56254800
5.94932490	11.90222000	1.47099200
5.95432490	11.90222000	1.94097700
5.95932490	11.90222000	2.96029500
5.96432490	11.90222000	2.96029500
5.96932490	11.90222000	1.94097700
5.97432490	11.90222000	1.47099200
5.97932490	11.90222000	1.56254800
5.98432490	11.90222000	1.58696200
5.98932490	11.90222000	1.58696200
5.99432490	11.90222000	1.56254800
5.99932490	11.90222000	1.47099200
6.00432490	11.90222000	1.94097700
6.00932490	11.90222000	2.96029500
6.01432490	11.90222000	2.96029500
6.01932490	11.90222000	1.94097700
6.02432490	11.90222000	1.47099200
6.02932490	11.90222000	1.56254800
6.03432490	11.90222000	1.61137700
6.03932490	11.90222000	1.70293300
6.04432490	11.90222000	1.23294800
6.04932490	11.90222000	0.21362960
6.05432490	11.90222000	0.23804440
6.05932490	11.90222000	1.34891800
6.06432490	11.90222000	1.34891800
6.06932490	11.90222000	0.23804440
6.07432490	11.90222000	0.21362960
6.07932490	11.90222000	1.23294800
6.08432490	11.90222000	1.70293300
6.08932490	11.90222000	1.61137700
6.09432490	11.90222000	1.56254800
6.09932490	11.90222000	1.47099200
6.10432490	11.90222000	1.91656200
6.10932490	11.90222000	2.84432500
6.11432490	11.90222000	3.26548100
6.11932490	11.90222000	3.08237000
6.12432490	11.90222000	3.45469500
6.12932490	11.90222000	4.19934700
6.13432490	11.90222000	5.49333200
6.13932490	11.90222000	7.06198300
6.14432490	11.90222000	8.73439700
6.14932490	11.90222000	10.02838000
6.15432490	11.90222000	12.50038000
6.15932490	11.90222000	15.36302000
6.16432490	11.90222000	20.07508000
6.16932490	11.90222000	25.53178000
6.17432490	11.90222000	31.53783000
6.17932490	11.90222000	36.71376000
6.18432490	11.90222000	42.62215000
6.18932490	11.90222000	47.70654000
6.19432490	11.90222000	54.04218000
6.19932490	11.90222000	59.95666000
6.20432490	11.90222000	67.23838000
6.20932490	11.90222000	74.17219000
6.21432490	11.90222000	80.97781000
6.21932490	11.90222000	85.97064000
6.22432490	11.90222000	91.92785000
6.22932490	11.90222000	97.38456000
6.23432490	11.90222000	102.04170000
6.23932490	11.90222000	104.72120000
6.24432490	11.90222000	108.04160000
6.24932490	11.90222000	110.99580000
6.25432490	11.90222000	114.43830000
6.25932490	11.90222000	117.58170000
6.26432490	11.90222000	120.17580000
6.26932490	11.90222000	121.65290000
6.27432490	11.90222000	122.45250000
6.27932490	11.90222000	122.26940000
6.28432490	11.90222000	122.24490000
6.28932490	11.90222000	122.33650000
6.29432490	11.90222000	121.96420000
6.29932490	11.90222000	121.31720000
6.30432490	11.90222000	119.57150000
6.30932490	11.90222000	117.07510000
6.31432490	11.90222000	114.93270000
6.31932490	11.90222000	113.63260000
6.32432490	11.90222000	111.53900000
6.32932490	11.90222000	109.22570000
6.33432490	11.90222000	106.68660000
6.33932490	11.90222000	104.55640000
6.34432490	11.90222000	101.54730000
6.34932490	11.90222000	98.30622000
6.35432490	11.96325000	95.79150000
6.35932490	12.19214000	94.68063000
6.36432490	11.01718000	92.16589000
6.36932490	8.46888600	88.92484000
6.37432490	8.46888600	85.90960000
6.37932490	11.01718000	83.78551000
6.38432490	12.19214000	81.26469000
6.38932490	11.96325000	79.04294000
6.39432490	11.90222000	76.47939000
6.39932490	11.90222000	74.16608000
6.40432490	11.90222000	72.07251000
6.40932490	11.90222000	70.77853000
6.41432490	11.90222000	68.68495000
6.41932490	11.90222000	66.37165000
6.42432490	11.90222000	63.78369000
6.42932490	11.90222000	61.47038000
6.43432490	11.90222000	59.35240000
6.43932490	11.90222000	57.96685000
6.44432490	11.90222000	56.31886000
6.44932490	11.90222000	54.92721000
6.45432490	11.90222000	52.76040000
6.45932490	11.90222000	50.26398000
6.46432490	11.90222000	48.54274000
6.46932490	11.90222000	47.99341000
6.47432490	11.96325000	47.19382000
6.47932490	12.19214000	46.44917000
6.48432490	11.01718000	45.62517000
6.48932490	8.46888600	44.98428000
6.49432490	8.46888600	43.68419000
6.49932490	11.01718000	42.02399000
6.50432490	12.19214000	40.72390000
6.50932490	11.96325000	40.08301000
6.51432490	11.90222000	39.25901000
6.51932490	11.90222000	38.51436000
6.52432490	11.90222000	37.67205000
6.52932490	11.90222000	36.92739000
6.53432490	11.90222000	36.08509000
6.53932490	11.90222000	35.34044000
6.54432490	11.96325000	34.51643000
6.54932490	12.19214000	33.87555000
6.55432490	11.07822000	32.57545000
6.55932490	8.75881200	30.91525000
6.56432490	7.58384900	29.61516000
6.56932490	7.58384900	28.97427000
6.57432490	8.81984900	28.10144000
6.57932490	11.36814000	27.16758000
6.58432490	11.36814000	27.21641000
6.58932490	8.81984900	28.33338000
6.59432490	7.64488600	28.38221000
6.59932490	7.87377500	27.44835000
6.60432490	7.93481200	26.53279000
6.60932490	7.93481200	25.69658000
6.61432490	7.93481200	25.29984000
6.61932490	7.93481200	25.48295000
6.62432490	7.93481200	25.06180000
6.62932490	7.93481200	24.13404000
6.63432490	7.93481200	23.71288000
6.63932490	7.93481200	23.89599000
6.64432490	7.93481200	23.49925000
6.64932490	7.93481200	22.66304000
6.65432490	7.87377500	21.79632000
6.65932490	7.64488600	21.05167000
6.66432490	8.81984900	20.20936000
6.66932490	11.36814000	19.46471000
6.67432490	11.36814000	18.59798000
6.67932490	8.81984900	17.76177000
6.68432490	7.64488600	17.34062000
6.68932490	7.87377500	17.43217000
6.69432490	7.93481200	17.45659000
6.69932490	7.93481200	17.45659000
6.70432490	7.93481200	17.45659000
6.70932490	7.93481200	17.45659000
6.71432490	7.93481200	17.48100000
6.71932490	7.93481200	17.57256000
6.72432490	7.93481200	17.12699000
6.72932490	7.93481200	16.19922000
6.73432490	7.93481200	15.75365000
6.73932490	7.93481200	15.84521000
6.74432490	7.93481200	15.86962000
6.74932490	7.93481200	15.86962000
6.75432490	7.93481200	15.84521000
6.75932490	7.93481200	15.75365000
6.76432490	7.93481200	16.19922000
6.76932490	7.93481200	17.12699000
6.77432490	7.93481200	17.59697000
6.77932490	7.93481200	17.59697000
6.78432490	7.93481200	17.12699000
6.78932490	7.93481200	16.19922000
6.79432490	7.93481200	15.75365000
6.79932490	7.93481200	15.84521000
6.80432490	7.93481200	15.89404000
6.80932490	7.93481200	15.98559000
6.81432490	7.93481200	15.54002000
6.81932490	7.93481200	14.61226000
6.82432490	7.93481200	14.19111000
6.82932490	7.93481200	14.37422000
6.83432490	7.93481200	13.92865000
6.83932490	7.93481200	12.90933000
6.84432490	7.93481200	12.93374000
6.84932490	7.93481200	14.04462000
6.85432490	7.93481200	14.06903000
6.85932490	7.93481200	13.04971000
6.86432490	7.93481200	12.60414000
6.86932490	7.93481200	12.78726000
6.87432490	7.93481200	12.36610000
6.87932490	7.93481200	11.43834000
6.88432490	7.93481200	10.99277000
6.88932490	7.93481200	11.08432000
6.89432489	7.93481200	11.13315000
6.89932489	7.93481200	11.22471000
6.90432489	7.93481200	10.75472000
6.90932489	7.93481200	9.73540400
6.91432489	7.93481200	9.75981900
6.91932489	7.93481200	10.87069000
6.92432489	7.93481200	10.89511000
6.92932489	7.93481200	9.87579000
6.93432489	7.93481200	9.40580500
6.93932489	7.93481200	9.49735900
6.94432489	7.93481200	9.52177400
6.94932489	7.93481200	9.52177400
6.95432489	7.93481200	9.49735900
6.95932489	7.93481200	9.40580500
6.96432489	7.93481200	9.87579000
6.96932489	7.93481200	10.89511000
6.97432489	7.93481200	10.87069000
6.97932489	7.93481200	9.75981900
6.98432489	7.93481200	9.73540400
6.98932489	7.93481200	10.75472000
6.99432489	7.93481200	11.22471000
6.99932489	7.93481200	11.13315000
7.00432489	7.93481200	11.08432000
7.00932489	7.93481200	10.99277000
7.01432489	7.93481200	11.46275000
7.01932489	7.93481200	12.48207000
7.02432489	7.93481200	12.48207000
7.02932489	7.93481200	11.46275000
7.03432489	7.93481200	10.99277000
7.03932489	7.93481200	11.08432000
7.04432489	7.93481200	11.10874000
7.04932489	7.93481200	11.10874000
7.05432489	7.93481200	11.10874000
7.05932489	7.93481200	11.10874000
7.06432489	7.93481200	11.13315000
7.06932489	7.93481200	11.22471000
7.07432489	7.93481200	10.77914000
7.07932489	7.93481200	9.85137500
7.08432489	7.93481200	9.43021900
7.08932489	7.93481200	9.61333000
7.09432489	7.93481200	9.19217500
7.09932489	7.93481200	8.26441300
7.10432489	7.93481200	7.81884200
7.10932489	7.93481200	7.91039800
7.11432489	7.93481200	7.91039800
7.11932489	7.93481200	7.81884200
7.12432489	7.93481200	8.28882700
7.12932489	7.93481200	9.30814500
7.13432489	7.93481200	9.30814500
7.13932489	7.93481200	8.28882700
7.14432489	7.93481200	7.81884200
7.14932489	7.93481200	7.91039800
7.15432489	7.93481200	7.93481200
7.15932489	7.93481200	7.93481200
7.16432489	7.93481200	7.91039800
7.16932489	7.93481200	7.81884200
7.17432489	7.93481200	8.28882700
7.17932489	7.93481200	9.30814500
7.18432489	7.93481200	9.33256100
7.18932489	7.93481200	8.40479800
7.19432489	7.93481200	7.46482800
7.19932489	7.93481200	6.53706500
7.20432489	7.93481200	6.56148000
7.20932489	7.93481200	7.58079800
7.21432489	7.93481200	8.05078300
7.21932489	7.93481200	7.95922800
7.22432489	7.93481200	7.93481200
7.22932489	7.93481200	7.93481200
7.23432489	7.93481200	7.93481200
7.23932489	7.93481200	7.93481200
7.24432489	7.93481200	7.93481200
7.24932489	7.93481200	7.93481200
7.25432489	7.93481200	7.91039800
7.25932489	7.93481200	7.81884200
7.26432489	7.93481200	8.26441300
7.26932489	7.93481200	9.19217500
7.27432489	7.93481200	9.63774600
7.27932489	7.93481200	9.54619000
7.28432489	7.93481200	9.52177400
7.28932489	7.93481200	9.52177400
7.29432489	7.93481200	9.52177400
7.29932489	7.93481200	9.52177400
7.30432489	7.93481200	9.52177400
7.30932489	7.93481200	9.52177400
7.31432489	7.93481200	9.52177400
7.31932489	7.93481200	9.52177400
7.32432489	7.93481200	9.52177400
7.32932489	7.93481200	9.52177400
7.33432489	7.93481200	9.52177400
7.33932489	7.93481200	9.52177400
7.34432489	7.93481200	9.52177400
7.34932489	7.93481200	9.52177400
7.35432489	7.93481200	9.54619000
7.35932489	7.93481200	9.63774600
7.36432489	7.93481200	9.19217500
7.36932489	7.93481200	8.26441300
7.37432489	7.93481200	7.79442700
7.37932489	7.93481200	7.79442700
7.38432489	7.93481200	8.28882700
7.38932489	7.93481200	9.30814500
7.39432489	7.93481200	9.30814500
7.39932489	7.93481200	8.28882700
7.40432489	7.93481200	7.79442700
7.40932489	7.93481200	7.79442700
7.41432489	7.93481200	8.28882700
7.41932489	7.93481200	9.30814500
7.42432489	7.93481200	9.30814500
7.42932489	7.93481200	8.28882700
7.43432489	7.93481200	7.81884200
7.43932489	7.93481200	7.91039800
7.44432489	7.93481200	7.93481200
7.44932489	7.93481200	7.93481200
7.45432489	7.93481200	7.93481200
7.45932489	7.93481200	7.93481200
7.46432489	7.93481200	7.95922800
7.46932489	7.93481200	8.05078300
7.47432489	7.93481200	7.60521200
7.47932489	7.93481200	6.67745000
7.48432489	7.93481200	6.25629500
7.48932489	7.93481200	6.43940500
7.49432489	7.93481200	6.01825000
7.49932489	7.93481200	5.09048700
7.50432489	7.93481200	4.66933200
7.50932489	7.93481200	4.85244300
7.51432489	7.93481200	4.40687300
7.51932489	7.93481200	3.38755500
7.52432489	7.93481200	3.38755500
7.52932489	7.93481200	4.40687300
7.53432489	7.93481200	4.87685800
7.53932489	7.93481200	4.78530200
7.54432489	7.93481200	4.76088700
7.54932489	7.93481200	4.76088700
7.55432489	7.93481200	4.73647300
7.55932489	7.93481200	4.64491700
7.56432489	7.93481200	5.11490200
7.56932489	7.93481200	6.13422100
7.57432489	7.93481200	6.10980600
7.57932489	7.93481200	4.99893200
7.58432489	7.93481200	4.95010200
7.58932489	7.93481200	5.87786500
7.59432489	7.93481200	6.81783500
7.59932489	7.93481200	7.74559700
7.60432489	7.93481200	7.69676800
7.60932489	7.93481200	6.58589400
7.61432489	7.93481200	6.56148000
7.61932489	7.93481200	7.58079800
7.62432489	7.93481200	8.05078300
7.62932489	7.93481200	7.95922800
7.63432489	7.93481200	7.91039800
7.63932489	7.93481200	7.81884200
7.64432489	7.93481200	8.26441300
7.64932489	7.93481200	9.19217500
7.65432489	7.93481200	9.66216000
7.65932489	7.93481200	9.66216000
7.66432489	7.93481200	9.19217500
7.66932489	7.93481200	8.26441300
7.67432489	7.99584900	7.81884200
7.67932489	8.22473800	7.91039800
7.68432489	7.04977500	7.93481200
7.68932489	4.50148000	7.93481200
7.69432489	4.50148000	7.95922800
7.69932489	7.04977500	8.05078300
7.70432489	8.22473800	7.58079800
7.70932489	7.99584900	6.56148000
7.71432489	7.93481200	6.56148000
7.71932489	7.93481200	7.58079800
7.72432489	7.93481200	8.07519700
7.72932489	7.93481200	8.07519700
7.73432489	7.93481200	7.62962700
7.73932489	7.93481200	6.79342000
7.74432489	7.93481200	5.87786500
7.74932489	7.93481200	4.95010200
7.75432489	7.93481200	4.99893200
7.75932489	7.93481200	6.10980600
7.76432489	7.93481200	6.10980600
7.76932489	7.93481200	4.99893200
7.77432489	7.93481200	4.99893200
7.77932489	7.93481200	6.10980600
7.78432489	7.93481200	6.13422100
7.78932489	7.93481200	5.11490200
7.79432489	7.93481200	4.64491700
7.79932489	7.93481200	4.73647300
7.80432489	7.99584900	4.73647300
7.80932489	8.22473800	4.64491700
7.81432489	7.04977500	5.09048700
7.81932489	4.50148000	6.01825000
7.82432489	4.56251700	6.46382000
7.82932489	7.33970100	6.37226500
7.83432489	7.33970100	6.34785000
7.83932489	4.56251700	6.34785000
7.84432489	4.56251700	6.37226500
7.84932489	7.33970100	6.46382000
7.85432489	7.33970100	6.01825000
7.85932489	4.56251700	5.09048700
7.86432489	4.50148000	4.64491700
7.86932489	7.04977500	4.73647300
7.87432489	8.28577500	4.76088700
7.87932489	8.28577500	4.76088700
7.88432489	7.04977500	4.73647300
7.88932489	4.50148000	4.64491700
7.89432489	4.50148000	5.11490200
7.89932489	7.04977500	6.13422100
7.90432489	8.22473800	6.13422100
7.90932489	7.99584900	5.11490200
7.91432489	7.99584900	4.62050200
7.91932489	8.22473800	4.62050200
7.92432489	7.04977500	5.09048700
7.92932489	4.50148000	6.01825000
7.93432489	4.50148000	6.48823500
7.93932489	7.04977500	6.48823500
7.94432489	8.28577500	6.01825000
7.94932489	8.28577500	5.09048700
7.95432489	7.04977500	4.64491700
7.95932489	4.50148000	4.73647300
7.96432489	4.56251700	4.76088700
7.96932489	7.33970100	4.76088700
7.97432489	7.33970100	4.78530200
7.97932489	4.56251700	4.87685800
7.98432489	4.56251700	4.40687300
7.98932489	7.33970100	3.38755500
7.99432489	7.40073800	3.38755500
7.99932489	4.85244300	4.40687300
8.00432489	3.67748000	4.87685800
8.00932489	3.90636900	4.78530200
8.01432489	3.96740600	4.73647300
8.01932489	3.96740600	4.64491700
8.02432489	3.90636900	5.11490200
8.02932489	3.67748000	6.13422100
8.03432489	4.85244300	6.13422100
8.03932489	7.40073800	5.11490200
8.04432489	7.40073800	4.64491700
8.04932489	4.85244300	4.73647300
8.05432489	3.67748000	4.76088700
8.05932489	3.90636900	4.76088700
8.06432489	3.96740600	4.76088700
8.06932489	3.96740600	4.76088700
8.07432489	3.96740600	4.76088700
8.07932489	3.96740600	4.76088700
8.08432489	3.90636900	4.76088700
8.08932489	3.67748000	4.76088700
8.09432489	4.85244300	4.76088700
8.09932489	7.40073800	4.76088700
8.10432489	7.40073800	4.78530200
8.10932489	4.85244300	4.87685800
8.11432489	3.67748000	4.43128700
8.11932489	3.90636900	3.50352500
8.12432489	3.90636900	3.03354000
8.12932489	3.67748000	3.03354000
8.13432489	4.85244300	3.52794000
8.13932489	7.40073800	4.54725700
8.14432489	7.33970100	4.54725700
8.14932489	4.56251700	3.52794000
8.15432489	4.56251700	3.03354000
8.15932489	7.33970100	3.03354000
8.16432489	7.40073800	3.50352500
8.16932489	4.85244300	4.43128700
8.17432489	3.67748000	4.87685800
8.17932489	3.90636900	4.78530200
8.18432489	3.96740600	4.76088700
8.18932489	3.96740600	4.76088700
8.19432489	3.96740600	4.76088700
8.19932489	3.96740600	4.76088700
8.20432489	3.96740600	4.76088700
8.20932489	3.96740600	4.76088700
8.21432489	3.90636900	4.76088700
8.21932489	3.67748000	4.76088700
8.22432489	4.85244300	4.76088700
8.22932489	7.40073800	4.76088700
8.23432489	7.40073800	4.73647300
8.23932489	4.85244300	4.64491700
8.24432489	3.67748000	5.09048700
8.24932489	3.90636900	6.01825000
8.25432489	3.90636900	6.46382000
8.25932489	3.67748000	6.37226500
8.26432489	4.85244300	6.34785000
8.26932489	7.40073800	6.34785000
8.27432489	7.33970100	6.37226500
8.27932489	4.56251700	6.46382000
8.28432489	4.56251700	5.99383500
8.28932489	7.33970100	4.97451700
8.29432489	7.40073800	4.99893200
8.29932489	4.85244300	6.10980600
8.30432489	3.67748000	6.13422100
8.30932489	3.90636900	5.11490200
8.31432489	3.96740600	4.64491700
8.31932489	3.96740600	4.73647300
8.32432489	3.96740600	4.76088700
8.32932489	3.96740600	4.76088700
8.33432489	3.96740600	4.73647300
8.33932489	3.96740600	4.64491700
8.34432489	3.96740600	5.09048700
8.34932489	3.96740600	6.01825000
8.35432489	3.96740600	6.46382000
8.35932489	3.96740600	6.37226500
8.36432489	3.96740600	6.34785000
8.36932489	3.96740600	6.34785000
8.37432489	3.96740600	6.34785000
8.37932489	3.96740600	6.34785000
8.38432489	3.96740600	6.34785000
8.38932489	3.96740600	6.34785000
8.39432489	3.96740600	6.37226500
8.39932489	3.96740600	6.46382000
8.40432489	3.96740600	5.99383500
8.40932489	3.96740600	4.97451700
8.41432489	3.96740600	4.97451700
8.41932489	3.96740600	5.99383500
8.42432489	3.96740600	6.46382000
8.42932489	3.96740600	6.37226500
8.43432489	3.96740600	6.34785000
8.43932489	3.96740600	6.34785000
8.44432489	3.96740600	6.34785000
8.44932489	3.96740600	6.34785000
8.45432489	3.96740600	6.32343500
8.45932489	3.96740600	6.23187900
8.46432489	3.96740600	6.67745000
8.46932489	3.96740600	7.60521200
8.47432489	3.96740600	8.05078300
8.47932489	3.96740600	7.95922800
8.48432489	3.96740600	7.95922800
8.48932489	3.96740600	8.05078300
8.49432489	3.96740600	7.60521200
8.49932489	3.96740600	6.67745000
8.50432489	3.96740600	6.23187900
8.50932489	3.96740600	6.32343500
8.51432489	3.96740600	6.34785000
8.51932489	3.96740600	6.34785000
8.52432489	3.96740600	6.34785000
8.52932489	3.96740600	6.34785000
8.53432489	3.96740600	6.34785000
8.53932488	3.96740600	6.34785000
8.54432488	3.96740600	6.37226500
8.54932488	3.96740600	6.46382000
8.55432488	3.96740600	6.01825000
8.55932488	3.96740600	5.09048700
8.56432488	3.96740600	4.64491700
8.56932488	3.96740600	4.73647300
8.57432488	3.96740600	4.76088700
8.57932488	3.96740600	4.76088700
8.58432488	3.96740600	4.76088700
8.58932488	3.96740600	4.76088700
8.59432488	3.96740600	4.76088700
8.59932488	3.96740600	4.76088700
8.60432488	3.96740600	4.73647300
8.60932488	3.96740600	4.64491700
8.61432488	3.96740600	5.11490200
8.61932488	3.96740600	6.13422100
8.62432488	3.96740600	6.10980600
8.62932488	3.96740600	4.99893200
8.63432488	3.96740600	4.99893200
8.63932488	3.96740600	6.10980600
8.64432488	3.96740600	6.10980600
8.64932488	3.96740600	4.99893200
8.65432488	3.96740600	4.97451700
8.65932488	3.96740600	5.99383500
8.66432488	3.96740600	6.46382000
8.66932488	3.96740600	6.37226500
8.67432488	3.96740600	6.37226500
8.67932488	3.96740600	6.46382000
8.68432488	3.96740600	6.01825000
8.68932488	3.96740600	5.09048700
8.69432488	3.96740600	4.64491700
8.69932488	3.96740600	4.73647300
8.70432488	3.96740600	4.73647300
8.70932488	3.96740600	4.64491700
8.71432488	3.96740600	5.11490200
8.71932488	3.96740600	6.13422100
8.72432488	3.96740600	6.13422100
8.72932488	3.96740600	5.11490200
8.73432488	3.96740600	4.64491700
8.73932488	3.96740600	4.73647300
8.74432488	3.96740600	4.76088700
8.74932488	3.96740600	4.76088700
8.75432488	3.96740600	4.76088700
8.75932488	3.96740600	4.76088700
8.76432488	3.96740600	4.76088700
8.76932488	3.96740600	4.76088700
8.77432488	3.96740600	4.76088700
8.77932488	3.96740600	4.76088700
8.78432488	3.96740600	4.78530200
8.78932488	3.96740600	4.87685800
8.79432488	3.96740600	4.40687300
8.79932488	3.96740600	3.38755500
8.80432488	3.96740600	3.38755500
8.80932488	3.96740600	4.40687300
8.81432488	3.96740600	4.87685800
8.81932488	3.96740600	4.78530200
8.82432488	3.96740600	4.76088700
8.82932488	3.96740600	4.76088700
8.83432488	3.96740600	4.76088700
8.83932488	3.96740600	4.76088700
8.84432488	3.96740600	4.76088700
8.84932488	3.96740600	4.76088700
8.85432488	3.96740600	4.76088700
8.85932488	3.96740600	4.76088700
8.86432488	3.96740600	4.76088700
8.86932488	3.96740600	4.76088700
8.87432488	3.96740600	4.78530200
8.87932488	3.96740600	4.87685800
8.88432488	3.96740600	4.43128700
8.88932488	3.96740600	3.50352500
8.89432488	3.96740600	3.05795500
8.89932488	3.96740600	3.14951000
8.90432488	3.96740600	3.17392500
8.90932488	3.96740600	3.17392500
8.91432488	3.96740600	3.17392500
8.91932488	3.96740600	3.17392500
8.92432488	3.96740600	3.17392500
8.92932488	3.96740600	3.17392500
8.93432488	3.96740600	3.17392500
8.93932488	3.96740600	3.17392500
8.94432488	3.96740600	3.17392500
8.94932488	3.96740600	3.17392500
8.95432488	3.96740600	3.19834000
8.95932488	3.96740600	3.28989500
8.96432488	3.96740600	2.84432500
8.96932488	3.96740600	1.91656200
8.97432488	3.96740600	1.44657700
8.97932488	3.96740600	1.44657700
8.98432488	3.96740600	1.91656200
8.98932488	3.96740600	2.84432500
8.99432488	3.96740600	3.31431000
8.99932488	3.96740600	3.31431000
9.00432488	3.96740600	2.84432500
9.00932488	3.96740600	1.91656200
9.01432488	3.96740600	1.44657700
9.01932488	3.96740600	1.44657700
9.02432488	3.96740600	1.94097700
9.02932488	3.96740600	2.96029500
