Time	Channel A	Channel B
(us)	(mV)	(mV)

-1.00702395	-3.96740600	-0.32959990
-1.00202395	-3.96740600	-1.25736300
-0.99702395	-3.96740600	-1.72734800
-0.99202395	-3.96740600	-1.72734800
-0.98702395	-3.96740600	-1.23294800
-0.98202395	-3.96740600	-0.21362960
-0.97702395	-3.96740600	-0.21362960
-0.97202395	-3.96740600	-1.23294800
-0.96702395	-3.96740600	-1.67851800
-0.96202395	-3.96740600	-1.49540700
-0.95702395	-3.96740600	-1.94097700
-0.95202395	-3.96740600	-2.96029500
-0.94702395	-3.96740600	-2.96029500
-0.94202395	-3.96740600	-1.94097700
-0.93702395	-3.96740600	-1.49540700
-0.93202395	-3.96740600	-1.67851800
-0.92702395	-3.96740600	-1.23294800
-0.92202395	-3.96740600	-0.21362960
-0.91702395	-4.02844300	-0.21362960
-0.91202395	-4.25733200	-1.23294800
-0.90702395	-3.08236900	-1.72734800
-0.90202395	-0.53407390	-1.72734800
-0.89702395	-0.53407390	-1.25736300
-0.89202395	-3.08236900	-0.32959990
-0.88702395	-4.25733200	0.14038510
-0.88202395	-4.02844300	0.14038510
-0.87702395	-3.96740600	-0.35401470
-0.87202395	-3.96740600	-1.37333300
-0.86702395	-3.96740600	-1.34891800
-0.86202395	-3.96740600	-0.23804440
-0.85702395	-3.96740600	-0.21362960
-0.85202395	-3.96740600	-1.23294800
-0.84702395	-3.96740600	-1.72734800
-0.84202395	-3.96740600	-1.72734800
-0.83702395	-3.96740600	-1.23294800
-0.83202395	-3.96740600	-0.21362960
-0.82702395	-3.96740600	-0.21362960
-0.82202395	-3.96740600	-1.23294800
-0.81702395	-3.96740600	-1.70293300
-0.81202395	-3.96740600	-1.61137700
-0.80702395	-3.96740600	-1.58696200
-0.80202395	-3.96740600	-1.58696200
-0.79702395	-3.96740600	-1.61137700
-0.79202395	-3.96740600	-1.70293300
-0.78702395	-3.96740600	-1.23294800
-0.78202395	-3.96740600	-0.21362960
-0.77702395	-3.96740600	-0.21362960
-0.77202395	-3.96740600	-1.23294800
-0.76702395	-3.96740600	-1.72734800
-0.76202395	-3.96740600	-1.72734800
-0.75702395	-3.96740600	-1.23294800
-0.75202395	-3.96740600	-0.21362960
-0.74702395	-3.96740600	-0.21362960
-0.74202395	-3.96740600	-1.23294800
-0.73702395	-3.96740600	-1.70293300
-0.73202395	-3.96740600	-1.61137700
-0.72702395	-3.96740600	-1.56254800
-0.72202395	-3.96740600	-1.47099200
-0.71702395	-3.96740600	-1.94097700
-0.71202395	-3.96740600	-2.96029500
-0.70702395	-3.96740600	-2.93588100
-0.70202395	-3.96740600	-1.82500700
-0.69702395	-3.96740600	-1.80059200
-0.69202395	-3.96740600	-2.81991000
-0.68702395	-3.96740600	-3.28989500
-0.68202395	-3.96740600	-3.19834000
-0.67702395	-3.96740600	-3.19834000
-0.67202395	-3.96740600	-3.28989500
-0.66702395	-3.96740600	-2.84432500
-0.66202395	-3.96740600	-1.91656200
-0.65702395	-3.96740600	-1.49540700
-0.65202395	-3.96740600	-1.67851800
-0.64702395	-3.96740600	-1.23294800
-0.64202395	-3.96740600	-0.21362960
-0.63702395	-3.96740600	-0.21362960
-0.63202395	-3.96740600	-1.23294800
-0.62702395	-3.96740600	-1.70293300
-0.62202395	-3.96740600	-1.61137700
-0.61702395	-3.96740600	-1.56254800
-0.61202395	-3.96740600	-1.47099200
-0.60702395	-3.96740600	-1.94097700
-0.60202395	-3.96740600	-2.96029500
-0.59702395	-3.96740600	-2.96029500
-0.59202395	-3.96740600	-1.94097700
-0.58702395	-3.96740600	-1.47099200
-0.58202395	-3.96740600	-1.56254800
-0.57702395	-3.96740600	-1.58696200
-0.57202395	-3.96740600	-1.58696200
-0.56702395	-3.96740600	-1.58696200
-0.56202395	-3.96740600	-1.58696200
-0.55702395	-3.96740600	-1.58696200
-0.55202395	-3.96740600	-1.58696200
-0.54702395	-3.96740600	-1.58696200
-0.54202395	-3.96740600	-1.58696200
-0.53702395	-3.96740600	-1.58696200
-0.53202395	-3.96740600	-1.58696200
-0.52702395	-3.96740600	-1.58696200
-0.52202395	-3.96740600	-1.58696200
-0.51702395	-3.96740600	-1.56254800
-0.51202395	-3.96740600	-1.47099200
-0.50702395	-3.96740600	-1.94097700
-0.50202395	-3.96740600	-2.96029500
-0.49702395	-3.96740600	-2.96029500
-0.49202395	-3.96740600	-1.94097700
-0.48702395	-3.96740600	-1.44657700
-0.48202395	-3.96740600	-1.44657700
-0.47702395	-3.96740600	-1.94097700
-0.47202395	-3.96740600	-2.96029500
-0.46702395	-3.96740600	-2.96029500
-0.46202395	-3.96740600	-1.94097700
-0.45702395	-3.96740600	-1.47099200
-0.45202395	-3.96740600	-1.56254800
-0.44702395	-3.96740600	-1.58696200
-0.44202395	-3.96740600	-1.58696200
-0.43702395	-3.96740600	-1.58696200
-0.43202395	-3.96740600	-1.58696200
-0.42702395	-3.96740600	-1.58696200
-0.42202395	-3.96740600	-1.58696200
-0.41702395	-3.96740600	-1.58696200
-0.41202395	-3.96740600	-1.58696200
-0.40702395	-3.96740600	-1.58696200
-0.40202396	-3.96740600	-1.58696200
-0.39702396	-3.96740600	-1.58696200
-0.39202396	-3.96740600	-1.58696200
-0.38702396	-3.96740600	-1.58696200
-0.38202396	-3.96740600	-1.58696200
-0.37702396	-3.96740600	-1.58696200
-0.37202396	-3.96740600	-1.58696200
-0.36702396	-3.96740600	-1.58696200
-0.36202396	-3.96740600	-1.58696200
-0.35702396	-3.96740600	-1.58696200
-0.35202396	-3.96740600	-1.58696200
-0.34702396	-3.96740600	-1.58696200
-0.34202396	-3.96740600	-1.58696200
-0.33702396	-3.96740600	-1.58696200
-0.33202396	-3.96740600	-1.58696200
-0.32702396	-3.96740600	-1.58696200
-0.32202396	-3.96740600	-1.58696200
-0.31702396	-3.96740600	-1.58696200
-0.31202396	-3.96740600	-1.58696200
-0.30702396	-3.96740600	-1.61137700
-0.30202396	-3.96740600	-1.70293300
-0.29702396	-3.96740600	-1.20853300
-0.29202396	-3.96740600	-0.09765923
-0.28702396	-3.96740600	-0.56764430
-0.28202396	-3.96740600	-2.60628100
-0.27702396	-3.96740600	-3.07626600
-0.27202396	-3.96740600	-1.96539200
-0.26702396	-3.96740600	-1.44657700
-0.26202396	-3.96740600	-1.44657700
-0.25702396	-3.96740600	-1.94097700
-0.25202396	-3.96740600	-2.96029500
-0.24702396	-3.96740600	-2.93588100
-0.24202396	-3.96740600	-1.82500700
-0.23702396	-3.96740600	-1.82500700
-0.23202396	-3.96740600	-2.93588100
-0.22702396	-3.96740600	-2.93588100
-0.22202396	-3.96740600	-1.82500700
-0.21702396	-3.96740600	-1.80059200
-0.21202396	-3.96740600	-2.81991000
-0.20702396	-3.96740600	-3.28989500
-0.20202396	-3.96740600	-3.19834000
-0.19702396	-3.96740600	-3.17392500
-0.19202396	-3.96740600	-3.17392500
-0.18702396	-3.96740600	-3.17392500
-0.18202396	-3.96740600	-3.17392500
-0.17702396	-3.96740600	-3.17392500
-0.17202396	-3.96740600	-3.17392500
-0.16702396	-4.02844300	-3.17392500
-0.16202396	-4.25733200	-3.17392500
-0.15702396	-3.14340600	-3.17392500
-0.15202396	-0.82399970	-3.17392500
-0.14702396	0.22888880	-3.14951000
-0.14202396	-0.22888880	-3.05795500
-0.13702396	0.76296270	-3.50352500
-0.13202396	2.85348100	-4.43128700
-0.12702396	5.02029500	-4.87685800
-0.12202396	6.88192400	-4.78530200
-0.11702396	8.94192300	-4.73647300
-0.11202396	10.54414000	-4.64491700
-0.10702396	13.73333000	-5.06607200
-0.10202396	17.65496000	-5.90228000
-0.09702396	21.95807000	-6.79342000
-0.09202396	25.65080000	-7.62962700
-0.08702396	29.89288000	-8.00195300
-0.08202396	33.58562000	-7.72728600
-0.07702396	37.82769000	-8.59401200
-0.07202396	41.52043000	-10.44954000
-0.06702396	45.76250000	-11.36509000
-0.06202396	49.45524000	-11.27354000
-0.05702396	53.69732000	-10.77914000
-0.05202396	57.39005000	-9.85137500
-0.04702396	61.63213000	-9.43021900
-0.04202396	65.32487000	-9.61333000
-0.03702396	69.56694000	-9.19217500
-0.03202396	73.27493000	-8.26441300
-0.02702396	77.45597000	-7.84325600
-0.02202396	80.91982000	-8.02636700
-0.01702396	86.27582000	-7.60521200
-0.01202396	92.28796000	-6.67745000
-0.00702396	97.70500000	-6.25629500
-0.00202396	101.39770000	-6.43940500
0.00297604	104.46490000	-6.01825000
0.00797604	105.83820000	-5.09048700
0.01297604	108.96630000	-4.64491700
0.01797604	112.88800000	-4.73647300
0.02297604	117.19110000	-4.73647300
0.02797604	120.88380000	-4.64491700
0.03297604	125.12590000	-5.11490200
0.03797604	128.81860000	-6.13422100
0.04297604	133.12170000	-6.10980600
0.04797604	137.04340000	-4.99893200
0.05297604	140.17150000	-4.95010200
0.05797604	141.56010000	-5.87786500
0.06297604	144.68820000	-6.79342000
0.06797604	148.60990000	-7.62962700
0.07297604	152.97400000	-8.09961200
0.07797604	156.89560000	-8.19116800
0.08297604	160.08480000	-7.22678300
0.08797604	161.68710000	-5.18814600
0.09297604	163.74700000	-5.16373200
0.09797604	165.60870000	-7.11081300
0.10297604	167.71440000	-8.49635300
0.10797604	169.57610000	-9.24100500
0.11297604	171.63610000	-9.63774600
0.11797604	173.23830000	-9.54619000
0.12297604	176.53430000	-9.52177400
0.12797604	180.94420000	-9.52177400
0.13297604	183.00420000	-9.52177400
0.13797604	182.05820000	-9.52177400
0.14297604	184.17920000	-9.49735900
0.14797604	188.81800000	-9.40580500
0.15297604	190.93900000	-9.87579000
0.15797604	189.99300000	-10.89511000
0.16297604	192.11400000	-10.89511000
0.16797604	196.75280000	-9.87579000
0.17297604	198.91960000	-9.43021900
0.17797604	198.23300000	-9.61333000
0.18297604	199.16380000	-9.19217500
0.18797604	201.25430000	-8.26441300
0.19297604	203.48210000	-7.81884200
0.19797604	205.57270000	-7.91039800
0.20297604	206.62550000	-7.93481200
0.20797604	206.39670000	-7.93481200
0.21297604	206.27460000	-7.95922800
0.21797604	206.04570000	-8.05078300
0.22297604	207.15960000	-7.60521200
0.22797604	209.47900000	-6.67745000
0.23297604	210.59300000	-6.23187900
0.23797604	210.36410000	-6.32343500
0.24297604	210.30300000	-6.34785000
0.24797604	210.30300000	-6.34785000
0.25297604	210.30300000	-6.34785000
0.25797604	210.30300000	-6.34785000
0.26297604	210.36410000	-6.37226500
0.26797604	210.59300000	-6.46382000
0.27297604	209.47900000	-6.01825000
0.27797604	207.15960000	-5.09048700
0.28297604	206.10670000	-4.64491700
0.28797604	206.56450000	-4.73647300
0.29297604	205.57270000	-4.73647300
0.29797604	203.48210000	-4.64491700
0.30297604	201.25430000	-5.09048700
0.30797604	199.16380000	-6.01825000
0.31297604	198.17190000	-6.46382000
0.31797604	198.62970000	-6.37226500
0.32297604	197.63790000	-6.34785000
0.32797604	195.54730000	-6.34785000
0.33297604	193.31950000	-6.32343500
0.33797604	191.22900000	-6.23187900
0.34297604	190.23710000	-6.67745000
0.34797604	190.69490000	-7.60521200
0.35297604	189.64200000	-8.05078300
0.35797604	187.32260000	-7.95922800
0.36297604	186.26970000	-7.95922800
0.36797604	186.72750000	-8.05078300
0.37297604	185.67460000	-7.58079800
0.37797604	183.35520000	-6.56148000
0.38297604	182.30230000	-6.58589400
0.38797604	182.76010000	-7.69676800
0.39297604	181.70720000	-7.72118300
0.39797604	179.38780000	-6.70186400
0.40297604	178.33490000	-6.25629500
0.40797604	178.79270000	-6.43940500
0.41297604	177.73980000	-6.01825000
0.41797604	175.42040000	-5.09048700
0.42297604	174.36750000	-4.62050200
0.42797604	174.82530000	-4.62050200
0.43297604	173.77240000	-5.11490200
0.43797604	171.45300000	-6.13422100
0.44297604	170.33910000	-6.13422100
0.44797604	170.56790000	-5.11490200
0.45297604	170.69000000	-4.66933200
0.45797604	170.91890000	-4.85244300
0.46297604	169.74390000	-4.43128700
0.46797604	167.19560000	-3.50352500
0.47297604	167.25670000	-3.05795500
0.47797604	170.03390000	-3.14951000
0.48297604	170.09490000	-3.17392500
0.48797604	167.54660000	-3.17392500
0.49297604	166.37160000	-3.14951000
0.49797604	166.60050000	-3.05795500
0.50297604	166.66160000	-3.52794000
0.50797604	166.66160000	-4.54725700
0.51297604	166.72260000	-4.54725700
0.51797604	166.95150000	-3.52794000
0.52297604	165.83760000	-3.03354000
0.52797604	163.51820000	-3.03354000
0.53297604	162.40430000	-3.50352500
0.53797604	162.63310000	-4.43128700
0.54297604	162.75520000	-4.90127200
0.54797604	162.98410000	-4.90127200
0.55297604	161.87020000	-4.40687300
0.55797604	159.55080000	-3.38755500
0.56297604	158.43680000	-3.41196900
0.56797604	158.66570000	-4.52284300
0.57297604	158.72680000	-4.52284300
0.57797604	158.72680000	-3.41196900
0.58297604	158.72680000	-3.41196900
0.58797604	158.72680000	-4.52284300
0.59297604	158.72680000	-4.54725700
0.59797604	158.72680000	-3.52794000
0.60297604	158.78780000	-3.05795500
0.60797604	159.01670000	-3.14951000
0.61297604	157.90280000	-3.19834000
0.61797604	155.58340000	-3.28989500
0.62297604	154.46940000	-2.84432500
0.62797604	154.69830000	-1.91656200
0.63297604	154.75940000	-1.47099200
0.63797604	154.75940000	-1.56254800
0.64297604	154.75940000	-1.58696200
0.64797604	154.75940000	-1.58696200
0.65297604	154.82040000	-1.58696200
0.65797604	155.04930000	-1.58696200
0.66297604	153.93530000	-1.58696200
0.66797604	151.61590000	-1.58696200
0.67297604	150.50200000	-1.58696200
0.67797604	150.73090000	-1.58696200
0.68297604	150.79190000	-1.58696200
0.68797604	150.79190000	-1.58696200
0.69297604	150.85300000	-1.58696200
0.69797604	151.08190000	-1.58696200
0.70297604	149.96790000	-1.56254800
0.70797604	147.64850000	-1.47099200
0.71297604	146.53460000	-1.94097700
0.71797604	146.76350000	-2.96029500
0.72297604	146.82450000	-2.93588100
0.72797604	146.82450000	-1.82500700
0.73297604	146.82450000	-1.80059200
0.73797604	146.82450000	-2.81991000
0.74297604	146.88560000	-3.28989500
0.74797604	147.11450000	-3.19834000
0.75297604	146.00050000	-3.19834000
0.75797604	143.68110000	-3.28989500
0.76297604	142.56720000	-2.81991000
0.76797604	142.79610000	-1.80059200
0.77297604	142.85710000	-1.80059200
0.77797604	142.85710000	-2.81991000
0.78297604	142.85710000	-3.28989500
0.78797604	142.85710000	-3.19834000
0.79297604	142.85710000	-3.17392500
0.79797604	142.85710000	-3.17392500
0.80297604	142.85710000	-3.19834000
0.80797604	142.85710000	-3.28989500
0.81297604	142.91820000	-2.84432500
0.81797604	143.14710000	-1.91656200
0.82297604	142.03310000	-1.47099200
0.82797604	139.69850000	-1.56254800
0.83297604	138.58450000	-1.58696200
0.83797604	138.81340000	-1.58696200
0.84297604	138.87450000	-1.58696200
0.84797604	138.87450000	-1.58696200
0.85297604	138.93550000	-1.58696200
0.85797604	139.16440000	-1.58696200
0.86297604	138.05050000	-1.56254800
0.86797604	135.73110000	-1.47099200
0.87297604	134.61710000	-1.94097700
0.87797604	134.84600000	-2.96029500
0.88297604	134.90710000	-2.96029500
0.88797604	134.90710000	-1.94097700
0.89297604	134.90710000	-1.47099200
0.89797604	134.90710000	-1.56254800
0.90297604	134.90710000	-1.58696200
0.90797604	134.90710000	-1.58696200
0.91297604	134.96810000	-1.58696200
0.91797604	135.19700000	-1.58696200
0.92297604	134.08310000	-1.58696200
0.92797604	131.76370000	-1.58696200
0.93297604	130.64970000	-1.56254800
0.93797604	130.87860000	-1.47099200
0.94297604	130.93970000	-1.91656200
0.94797604	130.93970000	-2.84432500
0.95297604	130.93970000	-3.28989500
0.95797604	130.93970000	-3.19834000
0.96297604	131.00070000	-3.17392500
0.96797604	131.22960000	-3.17392500
0.97297604	130.11560000	-3.17392500
0.97797604	127.79630000	-3.17392500
0.98297604	126.68230000	-3.19834000
0.98797604	126.91120000	-3.28989500
0.99297604	126.97230000	-2.81991000
0.99797604	126.97230000	-1.80059200
1.00297604	126.97230000	-1.80059200
1.00797604	126.97230000	-2.81991000
1.01297604	126.97230000	-3.31431000
1.01797604	126.97230000	-3.31431000
1.02297604	127.03330000	-2.81991000
1.02797604	127.26220000	-1.80059200
1.03297604	126.14820000	-1.82500700
1.03797604	123.82880000	-2.93588100
1.04297604	122.71490000	-2.96029500
1.04797604	122.94380000	-1.94097700
1.05297604	123.00480000	-1.47099200
1.05797604	123.00480000	-1.56254800
1.06297604	123.00480000	-1.56254800
1.06797604	123.00480000	-1.47099200
1.07297604	123.06590000	-1.94097700
1.07797604	123.29480000	-2.96029500
1.08297604	122.11980000	-2.93588100
1.08797604	119.57150000	-1.82500700
1.09297604	119.63260000	-1.80059200
1.09797604	122.40970000	-2.81991000
1.10297604	122.47080000	-3.28989500
1.10797604	119.92250000	-3.19834000
1.11297604	118.74750000	-3.17392500
1.11797604	118.97640000	-3.17392500
1.12297604	119.03740000	-3.17392500
1.12797604	119.03740000	-3.17392500
1.13297604	119.03740000	-3.19834000
1.13797604	119.03740000	-3.28989500
1.14297604	119.09850000	-2.81991000
1.14797604	119.32740000	-1.80059200
1.15297604	118.21340000	-1.80059200
1.15797604	115.89400000	-2.81991000
1.16297604	114.78010000	-3.31431000
1.16797604	115.00900000	-3.31431000
1.17297604	115.07000000	-2.84432500
1.17797604	115.07000000	-1.91656200
1.18297604	115.07000000	-1.44657700
1.18797604	115.07000000	-1.44657700
1.19297604	115.07000000	-1.94097700
1.19797604	115.07000000	-2.96029500
1.20297604	115.13110000	-2.96029500
1.20797604	115.36000000	-1.94097700
1.21297604	114.24600000	-1.47099200
1.21797604	111.92660000	-1.56254800
1.22297604	110.81270000	-1.58696200
1.22797604	111.04160000	-1.58696200
1.23297604	111.10260000	-1.58696200
1.23797604	111.10260000	-1.58696200
1.24297603	111.10260000	-1.58696200
1.24797603	111.10260000	-1.58696200
1.25297603	111.16370000	-1.58696200
1.25797603	111.39250000	-1.58696200
1.26297603	110.27860000	-1.58696200
1.26797603	107.95920000	-1.58696200
1.27297603	106.78430000	-1.58696200
1.27797603	106.78430000	-1.58696200
1.28297603	108.02030000	-1.58696200
1.28797603	110.56860000	-1.58696200
1.29297603	110.56860000	-1.61137700
1.29797603	108.02030000	-1.70293300
1.30297603	106.84530000	-1.25736300
1.30797603	107.07420000	-0.32959990
1.31297603	107.13520000	0.14038510
1.31797603	107.13520000	0.14038510
1.32297603	107.13520000	-0.35401470
1.32797603	107.13520000	-1.37333300
1.33297603	107.19630000	-1.37333300
1.33797603	107.42510000	-0.35401470
1.34297603	106.31120000	0.11597030
1.34797603	103.99180000	0.02441481
1.35297603	102.87790000	0.00000000
1.35797603	103.10680000	0.00000000
1.36297603	103.16780000	0.00000000
1.36797603	103.16780000	0.00000000
1.37297603	103.16780000	0.02441481
1.37797603	103.16780000	0.11597030
1.38297603	103.16780000	-0.32959990
1.38797603	103.16780000	-1.25736300
1.39297603	103.16780000	-1.70293300
1.39797603	103.16780000	-1.61137700
1.40297603	103.22890000	-1.58696200
1.40797603	103.45770000	-1.58696200
1.41297603	102.34380000	-1.58696200
1.41797603	100.02440000	-1.58696200
1.42297603	98.91048000	-1.58696200
1.42797603	99.13937000	-1.58696200
1.43297603	99.20041000	-1.58696200
1.43797603	99.20041000	-1.58696200
1.44297603	99.20041000	-1.58696200
1.44797603	99.20041000	-1.58696200
1.45297603	99.20041000	-1.58696200
1.45797603	99.20041000	-1.58696200
1.46297603	99.26145000	-1.56254800
1.46797603	99.49034000	-1.47099200
1.47297603	98.31538000	-1.91656200
1.47797603	95.76707000	-2.84432500
1.48297603	95.76707000	-3.28989500
1.48797603	98.31538000	-3.19834000
1.49297603	99.55138000	-3.17392500
1.49797603	99.55138000	-3.17392500
1.50297603	98.37641000	-3.17392500
1.50797603	96.05700000	-3.17392500
1.51297603	94.94308000	-3.17392500
1.51797603	95.17197000	-3.17392500
1.52297603	95.23300000	-3.17392500
1.52797603	95.23300000	-3.17392500
1.53297603	95.23300000	-3.19834000
1.53797603	95.23300000	-3.28989500
1.54297603	95.23300000	-2.79549500
1.54797603	95.23300000	-1.68462200
1.55297603	95.29404000	-2.15460700
1.55797603	95.52293000	-4.19324400
1.56297603	94.40900000	-4.66322800
1.56797603	92.08959000	-3.55235400
1.57297603	90.97568000	-3.05795500
1.57797603	91.20457000	-3.14951000
1.58297603	91.26560000	-3.19834000
1.58797603	91.26560000	-3.28989500
1.59297603	91.26560000	-2.84432500
1.59797603	91.26560000	-1.91656200
1.60297603	91.26560000	-1.49540700
1.60797603	91.26560000	-1.67851800
1.61297603	91.26560000	-1.23294800
1.61797603	91.26560000	-0.21362960
1.62297603	91.26560000	-0.21362960
1.62797603	91.26560000	-1.23294800
1.63297603	91.32664000	-1.70293300
1.63797603	91.55552000	-1.61137700
1.64297603	90.44160000	-1.58696200
1.64797603	88.12219000	-1.58696200
1.65297603	87.00826000	-1.58696200
1.65797603	87.23715000	-1.58696200
1.66297603	87.29819000	-1.58696200
1.66797603	87.29819000	-1.58696200
1.67297603	87.29819000	-1.58696200
1.67797603	87.29819000	-1.58696200
1.68297603	87.29819000	-1.58696200
1.68797603	87.29819000	-1.58696200
1.69297603	87.29819000	-1.58696200
1.69797603	87.29819000	-1.58696200
1.70297603	87.35923000	-1.58696200
1.70797603	87.58812000	-1.58696200
1.71297603	86.41315000	-1.56254800
1.71797603	83.86486000	-1.47099200
1.72297603	83.92590000	-1.94097700
1.72797603	86.70308000	-2.96029500
1.73297603	86.76411000	-2.96029500
1.73797603	84.21582000	-1.94097700
1.74297603	83.04086000	-1.47099200
1.74797603	83.26974000	-1.56254800
1.75297603	83.33078000	-1.56254800
1.75797603	83.33078000	-1.47099200
1.76297603	83.33078000	-1.91656200
1.76797603	83.33078000	-2.84432500
1.77297603	83.33078000	-3.28989500
1.77797603	83.33078000	-3.19834000
1.78297603	83.33078000	-3.14951000
1.78797603	83.33078000	-3.05795500
1.79297603	83.39182000	-3.52794000
1.79797603	83.62070000	-4.54725700
1.80297603	82.44575000	-4.54725700
1.80797603	79.89745000	-3.52794000
1.81297603	79.89745000	-3.08237000
1.81797603	82.44575000	-3.26548100
1.82297603	83.68175000	-2.84432500
1.82797603	83.68175000	-1.91656200
1.83297603	82.50678000	-1.44657700
1.83797603	80.18738000	-1.44657700
1.84297603	79.07346000	-1.94097700
1.84797603	79.30235000	-2.96029500
1.85297603	79.36338000	-2.93588100
1.85797603	79.36338000	-1.82500700
1.86297603	79.36338000	-1.80059200
1.86797603	79.36338000	-2.81991000
1.87297603	79.36338000	-3.28989500
1.87797603	79.36338000	-3.19834000
1.88297603	79.36338000	-3.17392500
1.88797603	79.36338000	-3.17392500
1.89297603	79.36338000	-3.17392500
1.89797603	79.36338000	-3.17392500
1.90297603	79.36338000	-3.17392500
1.90797603	79.36338000	-3.17392500
1.91297603	79.36338000	-3.19834000
1.91797603	79.36338000	-3.28989500
1.92297603	79.42442000	-2.84432500
1.92797603	79.65331000	-1.91656200
1.93297603	78.53938000	-1.49540700
1.93797603	76.21997000	-1.67851800
1.94297603	75.10605000	-1.23294800
1.94797603	75.33494000	-0.21362960
1.95297603	75.39597000	-0.21362960
1.95797603	75.39597000	-1.23294800
1.96297603	75.39597000	-1.70293300
1.96797603	75.39597000	-1.61137700
1.97297603	75.39597000	-1.61137700
1.97797603	75.39597000	-1.70293300
1.98297603	75.39597000	-1.23294800
1.98797603	75.39597000	-0.21362960
1.99297603	75.45701000	-0.21362960
1.99797603	75.68590000	-1.23294800
2.00297603	74.57197000	-1.67851800
2.00797603	72.25256000	-1.49540700
2.01297603	71.13864000	-1.91656200
2.01797603	71.36753000	-2.84432500
2.02297603	71.42857000	-3.31431000
2.02797603	71.42857000	-3.31431000
2.03297603	71.42857000	-2.81991000
2.03797603	71.42857000	-1.80059200
2.04297603	71.42857000	-1.80059200
2.04797603	71.42857000	-2.81991000
2.05297603	71.42857000	-3.28989500
2.05797603	71.42857000	-3.19834000
2.06297603	71.42857000	-3.17392500
2.06797603	71.42857000	-3.17392500
2.07297603	71.42857000	-3.17392500
2.07797603	71.42857000	-3.17392500
2.08297603	71.42857000	-3.19834000
2.08797603	71.42857000	-3.28989500
2.09297603	71.48961000	-2.81991000
2.09797603	71.71850000	-1.80059200
2.10297603	70.60457000	-1.82500700
2.10797603	68.26991000	-2.93588100
2.11297603	67.15598000	-2.96029500
2.11797603	67.38486000	-1.94097700
2.12297603	67.44590000	-1.47099200
2.12797603	67.44590000	-1.56254800
2.13297603	67.44590000	-1.58696200
2.13797603	67.44590000	-1.58696200
2.14297603	67.44590000	-1.58696200
2.14797603	67.44590000	-1.58696200
2.15297603	67.44590000	-1.58696200
2.15797603	67.44590000	-1.58696200
2.16297603	67.44590000	-1.56254800
2.16797603	67.44590000	-1.47099200
2.17297603	67.44590000	-1.94097700
2.17797603	67.44590000	-2.96029500
2.18297603	67.44590000	-2.96029500
2.18797603	67.44590000	-1.94097700
2.19297603	67.50694000	-1.47099200
2.19797603	67.73582000	-1.56254800
2.20297603	66.56087000	-1.56254800
2.20797603	64.01257000	-1.47099200
2.21297603	64.07360000	-1.96539200
2.21797603	66.85079000	-3.07626600
2.22297603	66.91183000	-2.63069600
2.22797603	64.36353000	-0.68361460
2.23297603	63.18857000	0.25635550
2.23797603	63.41746000	0.16479990
2.24297603	63.47850000	-0.35401470
2.24797603	63.47850000	-1.37333300
2.25297603	63.47850000	-1.37333300
2.25797603	63.47850000	-0.35401470
2.26297603	63.47850000	0.11597030
2.26797603	63.47850000	0.02441481
2.27297603	63.47850000	0.02441481
2.27797603	63.47850000	0.11597030
2.28297603	63.47850000	-0.32959990
2.28797603	63.47850000	-1.25736300
2.29297603	63.47850000	-1.70293300
2.29797603	63.47850000	-1.61137700
2.30297603	63.53953000	-1.58696200
2.30797603	63.76842000	-1.58696200
2.31297603	62.59346000	-1.56254800
2.31797603	60.04517000	-1.47099200
2.32297603	60.10620000	-1.91656200
2.32797603	62.88339000	-2.84432500
2.33297603	62.94442000	-3.28989500
2.33797603	60.39613000	-3.19834000
2.34297603	59.22116000	-3.19834000
2.34797603	59.45005000	-3.28989500
2.35297603	59.51109000	-2.84432500
2.35797603	59.51109000	-1.91656200
2.36297603	59.51109000	-1.47099200
2.36797603	59.51109000	-1.56254800
2.37297603	59.51109000	-1.56254800
2.37797603	59.51109000	-1.47099200
2.38297603	59.51109000	-1.91656200
2.38797603	59.51109000	-2.84432500
2.39297603	59.51109000	-3.28989500
2.39797603	59.51109000	-3.19834000
2.40297603	59.51109000	-3.17392500
2.40797603	59.51109000	-3.17392500
2.41297603	59.51109000	-3.17392500
2.41797603	59.51109000	-3.17392500
2.42297603	59.57213000	-3.17392500
2.42797603	59.80102000	-3.17392500
2.43297603	58.68709000	-3.17392500
2.43797603	56.36768000	-3.17392500
2.44297603	55.25376000	-3.17392500
2.44797603	55.48264000	-3.17392500
2.45297603	55.54368000	-3.19834000
2.45797603	55.54368000	-3.28989500
2.46297603	55.54368000	-2.84432500
2.46797603	55.54368000	-1.91656200
2.47297603	55.54368000	-1.47099200
2.47797603	55.54368000	-1.56254800
2.48297603	55.54368000	-1.58696200
2.48797603	55.54368000	-1.58696200
2.49297603	55.54368000	-1.58696200
2.49797603	55.54368000	-1.58696200
2.50297603	55.54368000	-1.56254800
2.50797603	55.54368000	-1.47099200
2.51297603	55.54368000	-1.94097700
2.51797603	55.54368000	-2.96029500
2.52297603	55.54368000	-2.96029500
2.52797603	55.54368000	-1.94097700
2.53297603	55.54368000	-1.47099200
2.53797603	55.54368000	-1.56254800
2.54297603	55.54368000	-1.58696200
2.54797603	55.54368000	-1.58696200
2.55297603	55.54368000	-1.58696200
2.55797603	55.54368000	-1.58696200
2.56297603	55.60472000	-1.58696200
2.56797603	55.83361000	-1.58696200
2.57297603	54.71968000	-1.56254800
2.57797603	52.40028000	-1.47099200
2.58297603	51.28635000	-1.94097700
2.58797603	51.51524000	-2.96029500
2.59297603	51.57627000	-2.96029500
2.59797603	51.57627000	-1.94097700
2.60297603	51.57627000	-1.44657700
2.60797603	51.57627000	-1.44657700
2.61297603	51.57627000	-1.91656200
2.61797603	51.57627000	-2.84432500
2.62297603	51.57627000	-3.28989500
2.62797603	51.57627000	-3.19834000
2.63297603	51.57627000	-3.17392500
2.63797603	51.57627000	-3.17392500
2.64297603	51.57627000	-3.19834000
2.64797603	51.57627000	-3.28989500
2.65297603	51.57627000	-2.84432500
2.65797603	51.57627000	-1.91656200
2.66297603	51.57627000	-1.47099200
2.66797603	51.57627000	-1.56254800
2.67297603	51.57627000	-1.58696200
2.67797603	51.57627000	-1.58696200
2.68297603	51.57627000	-1.58696200
2.68797603	51.57627000	-1.58696200
2.69297603	51.57627000	-1.56254800
2.69797603	51.57627000	-1.47099200
2.70297603	51.63731000	-1.91656200
2.70797603	51.86620000	-2.84432500
2.71297603	50.69124000	-3.28989500
2.71797603	48.14294000	-3.19834000
2.72297603	48.20398000	-3.17392500
2.72797603	50.98117000	-3.17392500
2.73297603	51.04220000	-3.17392500
2.73797603	48.49391000	-3.17392500
2.74297603	47.31895000	-3.17392500
2.74797603	47.54784000	-3.17392500
2.75297603	47.60887000	-3.19834000
2.75797603	47.60887000	-3.28989500
2.76297603	47.60887000	-2.81991000
2.76797603	47.60887000	-1.80059200
2.77297603	47.60887000	-1.82500700
2.77797603	47.60887000	-2.93588100
2.78297603	47.60887000	-2.93588100
2.78797603	47.60887000	-1.82500700
2.79297603	47.60887000	-1.80059200
2.79797603	47.60887000	-2.81991000
2.80297603	47.60887000	-3.28989500
2.80797603	47.60887000	-3.19834000
2.81297603	47.60887000	-3.17392500
2.81797603	47.60887000	-3.17392500
2.82297603	47.66991000	-3.17392500
2.82797603	47.89880000	-3.17392500
2.83297603	46.72383000	-3.19834000
2.83797603	44.17554000	-3.28989500
2.84297603	44.23658000	-2.84432500
2.84797603	47.01376000	-1.91656200
2.85297603	47.01376000	-1.44657700
2.85797603	44.23658000	-1.44657700
2.86297603	44.17554000	-1.94097700
2.86797603	46.72383000	-2.96029500
2.87297603	47.95984000	-2.96029500
2.87797603	47.95984000	-1.94097700
2.88297603	46.78487000	-1.44657700
2.88797602	44.46547000	-1.44657700
2.89297602	43.35154000	-1.91656200
2.89797602	43.58043000	-2.84432500
2.90297602	43.64147000	-3.28989500
2.90797602	43.64147000	-3.19834000
2.91297602	43.64147000	-3.19834000
2.91797602	43.64147000	-3.28989500
2.92297602	43.64147000	-2.84432500
2.92797602	43.64147000	-1.91656200
2.93297602	43.64147000	-1.44657700
2.93797602	43.64147000	-1.44657700
2.94297602	43.64147000	-1.94097700
2.94797602	43.64147000	-2.96029500
2.95297602	43.64147000	-2.93588100
2.95797602	43.64147000	-1.82500700
2.96297602	43.64147000	-1.80059200
2.96797602	43.64147000	-2.81991000
2.97297602	43.64147000	-3.28989500
2.97797602	43.64147000	-3.19834000
2.98297602	43.64147000	-3.17392500
2.98797602	43.64147000	-3.17392500
2.99297602	43.70250000	-3.17392500
2.99797602	43.93139000	-3.17392500
3.00297602	42.81747000	-3.17392500
3.00797602	40.49806000	-3.17392500
3.01297602	39.32310000	-3.19834000
3.01797602	39.32310000	-3.28989500
3.02297602	40.55910000	-2.84432500
3.02797602	43.10739000	-1.91656200
3.03297602	43.10739000	-1.47099200
3.03797602	40.55910000	-1.56254800
3.04297602	39.38414000	-1.58696200
3.04797602	39.61302000	-1.58696200
3.05297602	39.67406000	-1.58696200
3.05797602	39.67406000	-1.58696200
3.06297602	39.67406000	-1.58696200
3.06797602	39.67406000	-1.58696200
3.07297602	39.67406000	-1.58696200
3.07797602	39.67406000	-1.58696200
3.08297602	39.67406000	-1.58696200
3.08797602	39.67406000	-1.58696200
3.09297602	39.67406000	-1.58696200
3.09797602	39.67406000	-1.58696200
3.10297602	39.67406000	-1.58696200
3.10797602	39.67406000	-1.58696200
3.11297602	39.67406000	-1.58696200
3.11797602	39.67406000	-1.58696200
3.12297602	39.67406000	-1.58696200
3.12797602	39.67406000	-1.58696200
3.13297602	39.67406000	-1.56254800
3.13797602	39.67406000	-1.47099200
3.14297602	39.67406000	-1.91656200
3.14797602	39.67406000	-2.84432500
3.15297602	39.73510000	-3.28989500
3.15797602	39.96399000	-3.19834000
3.16297602	38.78902000	-3.14951000
3.16797602	36.24073000	-3.05795500
3.17297602	36.30176000	-3.52794000
3.17797602	39.07895000	-4.54725700
3.18297602	39.07895000	-4.54725700
3.18797602	36.30176000	-3.52794000
3.19297602	36.30176000	-3.03354000
3.19797602	39.07895000	-3.03354000
3.20297602	39.13999000	-3.50352500
3.20797602	36.59169000	-4.43128700
3.21297602	35.41673000	-4.87685800
3.21797602	35.64562000	-4.78530200
3.22297602	35.70665000	-4.76088700
3.22797602	35.70665000	-4.76088700
3.23297602	35.70665000	-4.76088700
3.23797602	35.70665000	-4.76088700
3.24297602	35.70665000	-4.78530200
3.24797602	35.70665000	-4.87685800
3.25297602	35.70665000	-4.43128700
3.25797602	35.70665000	-3.50352500
3.26297602	35.70665000	-3.08237000
3.26797602	35.70665000	-3.26548100
3.27297602	35.70665000	-2.84432500
3.27797602	35.70665000	-1.91656200
3.28297602	35.70665000	-1.47099200
3.28797602	35.70665000	-1.56254800
3.29297602	35.70665000	-1.58696200
3.29797602	35.70665000	-1.58696200
3.30297602	35.70665000	-1.58696200
3.30797602	35.70665000	-1.58696200
3.31297602	35.70665000	-1.58696200
3.31797602	35.70665000	-1.58696200
3.32297602	35.70665000	-1.58696200
3.32797602	35.70665000	-1.58696200
3.33297602	35.70665000	-1.58696200
3.33797602	35.70665000	-1.58696200
3.34297602	35.70665000	-1.58696200
3.34797602	35.70665000	-1.58696200
3.35297602	35.70665000	-1.58696200
3.35797602	35.70665000	-1.58696200
3.36297602	35.70665000	-1.58696200
3.36797602	35.70665000	-1.58696200
3.37297602	35.76769000	-1.58696200
3.37797602	35.99658000	-1.58696200
3.38297602	34.88266000	-1.58696200
3.38797602	32.56325000	-1.58696200
3.39297602	31.44932000	-1.56254800
3.39797602	31.67821000	-1.47099200
3.40297602	31.73925000	-1.94097700
3.40797602	31.73925000	-2.96029500
3.41297602	31.73925000	-2.96029500
3.41797602	31.73925000	-1.94097700
3.42297602	31.73925000	-1.47099200
3.42797602	31.73925000	-1.56254800
3.43297602	31.73925000	-1.56254800
3.43797602	31.73925000	-1.47099200
3.44297602	31.73925000	-1.91656200
3.44797602	31.73925000	-2.84432500
3.45297602	31.73925000	-3.31431000
3.45797602	31.73925000	-3.31431000
3.46297602	31.73925000	-2.81991000
3.46797602	31.73925000	-1.80059200
3.47297602	31.73925000	-1.80059200
3.47797602	31.73925000	-2.81991000
3.48297602	31.73925000	-3.28989500
3.48797602	31.73925000	-3.19834000
3.49297602	31.73925000	-3.17392500
3.49797602	31.73925000	-3.17392500
3.50297602	31.73925000	-3.17392500
3.50797602	31.73925000	-3.17392500
3.51297602	31.73925000	-3.17392500
3.51797602	31.73925000	-3.17392500
3.52297602	31.73925000	-3.14951000
3.52797602	31.73925000	-3.05795500
3.53297602	31.73925000	-3.50352500
3.53797602	31.73925000	-4.43128700
3.54297602	31.73925000	-4.90127200
3.54797602	31.73925000	-4.90127200
3.55297602	31.73925000	-4.40687300
3.55797602	31.73925000	-3.38755500
3.56297602	31.73925000	-3.38755500
3.56797602	31.73925000	-4.40687300
3.57297602	31.80028000	-4.85244300
3.57797602	32.02917000	-4.66933200
3.58297602	30.85421000	-5.11490200
3.58797602	28.30592000	-6.13422100
3.59297602	28.30592000	-6.13422100
3.59797602	30.85421000	-5.11490200
3.60297602	32.02917000	-4.64491700
3.60797602	31.80028000	-4.73647300
3.61297602	31.80028000	-4.78530200
3.61797602	32.02917000	-4.87685800
3.62297602	30.91525000	-4.40687300
3.62797602	28.59584000	-3.38755500
3.63297602	27.48192000	-3.38755500
3.63797602	27.71080000	-4.40687300
3.64297602	27.77184000	-4.90127200
3.64797602	27.77184000	-4.90127200
3.65297602	27.77184000	-4.43128700
3.65797602	27.77184000	-3.50352500
3.66297602	27.77184000	-3.05795500
3.66797602	27.77184000	-3.14951000
3.67297602	27.77184000	-3.17392500
3.67797602	27.77184000	-3.17392500
3.68297602	27.77184000	-3.17392500
3.68797602	27.77184000	-3.17392500
3.69297602	27.77184000	-3.17392500
3.69797602	27.77184000	-3.17392500
3.70297602	27.77184000	-3.17392500
3.70797602	27.77184000	-3.17392500
3.71297602	27.77184000	-3.19834000
3.71797602	27.77184000	-3.28989500
3.72297602	27.77184000	-2.84432500
3.72797602	27.77184000	-1.91656200
3.73297602	27.77184000	-1.44657700
3.73797602	27.77184000	-1.44657700
3.74297602	27.83288000	-1.91656200
3.74797602	28.06177000	-2.84432500
3.75297602	26.88680000	-3.28989500
3.75797602	24.33851000	-3.19834000
3.76297602	24.33851000	-3.17392500
3.76797602	26.88680000	-3.17392500
3.77297602	28.06177000	-3.17392500
3.77797602	27.83288000	-3.17392500
3.78297602	27.77184000	-3.14951000
3.78797602	27.77184000	-3.05795500
3.79297602	27.77184000	-3.52794000
3.79797602	27.77184000	-4.54725700
3.80297602	27.77184000	-4.54725700
3.80797602	27.77184000	-3.52794000
3.81297602	27.83288000	-3.05795500
3.81797602	28.06177000	-3.14951000
3.82297602	26.94784000	-3.17392500
3.82797602	24.62844000	-3.17392500
3.83297602	23.51451000	-3.19834000
3.83797602	23.74340000	-3.28989500
3.84297602	23.80444000	-2.84432500
3.84797602	23.80444000	-1.91656200
3.85297602	23.80444000	-1.47099200
3.85797602	23.80444000	-1.56254800
3.86297602	23.80444000	-1.56254800
3.86797602	23.80444000	-1.47099200
3.87297602	23.80444000	-1.91656200
3.87797602	23.80444000	-2.84432500
3.88297602	23.80444000	-3.28989500
3.88797602	23.80444000	-3.19834000
3.89297602	23.80444000	-3.17392500
3.89797602	23.80444000	-3.17392500
3.90297602	23.80444000	-3.19834000
3.90797602	23.80444000	-3.28989500
3.91297602	23.80444000	-2.84432500
3.91797602	23.80444000	-1.91656200
3.92297602	23.80444000	-1.44657700
3.92797602	23.80444000	-1.44657700
3.93297602	23.80444000	-1.94097700
3.93797602	23.80444000	-2.96029500
3.94297602	23.80444000	-2.93588100
3.94797602	23.80444000	-1.82500700
3.95297602	23.80444000	-1.80059200
3.95797602	23.80444000	-2.81991000
3.96297602	23.80444000	-3.31431000
3.96797602	23.80444000	-3.31431000
3.97297602	23.80444000	-2.81991000
3.97797602	23.80444000	-1.80059200
3.98297602	23.80444000	-1.80059200
3.98797602	23.80444000	-2.81991000
3.99297602	23.80444000	-3.28989500
3.99797602	23.80444000	-3.19834000
4.00297602	23.80444000	-3.17392500
4.00797602	23.80444000	-3.17392500
4.01297602	23.80444000	-3.14951000
4.01797602	23.80444000	-3.05795500
4.02297602	23.80444000	-3.52794000
4.02797602	23.80444000	-4.54725700
4.03297602	23.80444000	-4.54725700
4.03797602	23.80444000	-3.52794000
4.04297602	23.86547000	-3.05795500
4.04797602	24.09436000	-3.14951000
4.05297602	22.91940000	-3.14951000
4.05797602	20.37111000	-3.05795500
4.06297602	20.43214000	-3.50352500
4.06797602	23.20932000	-4.43128700
4.07297602	23.20932000	-4.90127200
4.07797602	20.43214000	-4.90127200
4.08297602	20.37111000	-4.43128700
4.08797602	22.91940000	-3.50352500
4.09297602	24.15540000	-3.08237000
4.09797602	24.15540000	-3.26548100
4.10297602	22.91940000	-2.81991000
4.10797602	20.37111000	-1.80059200
4.11297602	20.43214000	-1.80059200
4.11797602	23.20932000	-2.81991000
4.12297602	23.27036000	-3.28989500
4.12797602	20.72207000	-3.19834000
4.13297602	19.54710000	-3.17392500
4.13797602	19.77599000	-3.17392500
4.14297602	19.83703000	-3.17392500
4.14797602	19.83703000	-3.17392500
4.15297602	19.77599000	-3.14951000
4.15797602	19.54710000	-3.05795500
4.16297602	20.72207000	-3.52794000
4.16797602	23.27036000	-4.54725700
4.17297602	23.27036000	-4.52284300
4.17797602	20.72207000	-3.41196900
4.18297602	19.54710000	-3.38755500
4.18797602	19.77599000	-4.40687300
4.19297602	19.83703000	-4.87685800
4.19797602	19.83703000	-4.78530200
4.20297602	19.83703000	-4.76088700
4.20797602	19.83703000	-4.76088700
4.21297602	19.83703000	-4.78530200
4.21797602	19.83703000	-4.87685800
4.22297602	19.83703000	-4.43128700
4.22797602	19.83703000	-3.50352500
4.23297602	19.83703000	-3.08237000
4.23797602	19.83703000	-3.26548100
4.24297602	19.83703000	-2.81991000
4.24797602	19.83703000	-1.80059200
4.25297602	19.83703000	-1.80059200
4.25797602	19.83703000	-2.81991000
4.26297602	19.83703000	-3.26548100
4.26797602	19.83703000	-3.08237000
4.27297602	19.83703000	-3.52794000
4.27797602	19.83703000	-4.54725700
4.28297602	19.83703000	-4.54725700
4.28797602	19.83703000	-3.52794000
4.29297602	19.83703000	-3.05795500
4.29797602	19.83703000	-3.14951000
4.30297602	19.83703000	-3.14951000
4.30797602	19.83703000	-3.05795500
4.31297602	19.83703000	-3.52794000
4.31797602	19.83703000	-4.54725700
4.32297602	19.83703000	-4.54725700
4.32797602	19.83703000	-3.52794000
4.33297602	19.83703000	-3.05795500
4.33797602	19.83703000	-3.14951000
4.34297602	19.83703000	-3.14951000
4.34797602	19.83703000	-3.05795500
4.35297602	19.83703000	-3.50352500
4.35797602	19.83703000	-4.43128700
4.36297602	19.83703000	-4.87685800
4.36797602	19.83703000	-4.78530200
4.37297602	19.83703000	-4.76088700
4.37797602	19.83703000	-4.76088700
4.38297602	19.89807000	-4.76088700
4.38797602	20.12696000	-4.76088700
4.39297602	18.95199000	-4.76088700
4.39797602	16.40370000	-4.76088700
4.40297602	16.40370000	-4.76088700
4.40797602	18.95199000	-4.76088700
4.41297602	20.12696000	-4.76088700
4.41797602	19.89807000	-4.76088700
4.42297602	19.89807000	-4.76088700
4.42797602	20.12696000	-4.76088700
4.43297602	19.01303000	-4.76088700
4.43797602	16.69362000	-4.76088700
4.44297602	15.57970000	-4.78530200
4.44797602	15.80859000	-4.87685800
4.45297602	15.86962000	-4.43128700
4.45797602	15.86962000	-3.50352500
4.46297602	15.80859000	-3.05795500
4.46797602	15.57970000	-3.14951000
4.47297602	16.75466000	-3.19834000
4.47797602	19.30296000	-3.28989500
4.48297602	19.30296000	-2.81991000
4.48797602	16.75466000	-1.80059200
4.49297602	15.57970000	-1.80059200
4.49797602	15.80859000	-2.81991000
4.50297602	15.86962000	-3.31431000
4.50797602	15.86962000	-3.31431000
4.51297602	15.86962000	-2.81991000
4.51797602	15.86962000	-1.80059200
4.52297602	15.86962000	-1.80059200
4.52797602	15.86962000	-2.81991000
4.53297601	15.86962000	-3.28989500
4.53797601	15.86962000	-3.19834000
4.54297601	15.86962000	-3.14951000
4.54797601	15.86962000	-3.05795500
4.55297601	15.86962000	-3.52794000
4.55797601	15.86962000	-4.54725700
4.56297601	15.86962000	-4.52284300
4.56797601	15.86962000	-3.41196900
4.57297601	15.86962000	-3.38755500
4.57797601	15.86962000	-4.40687300
4.58297601	15.86962000	-4.90127200
4.58797601	15.86962000	-4.90127200
4.59297601	15.86962000	-4.43128700
4.59797601	15.86962000	-3.50352500
4.60297601	15.86962000	-3.05795500
4.60797601	15.86962000	-3.14951000
4.61297601	15.86962000	-3.14951000
4.61797601	15.86962000	-3.05795500
4.62297601	15.86962000	-3.50352500
4.62797601	15.86962000	-4.43128700
4.63297601	15.86962000	-4.90127200
4.63797601	15.86962000	-4.90127200
4.64297601	15.86962000	-4.43128700
4.64797601	15.86962000	-3.50352500
4.65297601	15.86962000	-3.05795500
4.65797601	15.86962000	-3.14951000
4.66297601	15.86962000	-3.14951000
4.66797601	15.86962000	-3.05795500
4.67297601	15.86962000	-3.52794000
4.67797601	15.86962000	-4.54725700
4.68297601	15.86962000	-4.54725700
4.68797601	15.86962000	-3.52794000
4.69297601	15.86962000	-3.05795500
4.69797601	15.86962000	-3.14951000
4.70297601	15.86962000	-3.14951000
4.70797601	15.86962000	-3.05795500
4.71297601	15.86962000	-3.50352500
4.71797601	15.86962000	-4.43128700
4.72297601	15.86962000	-4.90127200
4.72797601	15.86962000	-4.90127200
4.73297601	15.86962000	-4.43128700
4.73797601	15.86962000	-3.50352500
4.74297601	15.86962000	-3.05795500
4.74797601	15.86962000	-3.14951000
4.75297601	15.86962000	-3.19834000
4.75797601	15.86962000	-3.28989500
4.76297601	15.93066000	-2.81991000
4.76797601	16.15955000	-1.80059200
4.77297601	14.98459000	-1.82500700
4.77797601	12.43629000	-2.93588100
4.78297601	12.43629000	-2.96029500
4.78797601	14.98459000	-1.94097700
4.79297601	16.15955000	-1.47099200
4.79797601	15.93066000	-1.56254800
4.80297601	15.86962000	-1.56254800
4.80797601	15.86962000	-1.47099200
4.81297601	15.86962000	-1.94097700
4.81797601	15.86962000	-2.96029500
4.82297601	15.86962000	-2.91146600
4.82797601	15.86962000	-1.70903700
4.83297601	15.86962000	-2.15460700
4.83797601	15.86962000	-4.19324400
4.84297601	15.86962000	-4.66322800
4.84797601	15.86962000	-3.55235400
4.85297601	15.93066000	-3.05795500
4.85797601	16.15955000	-3.14951000
4.86297601	15.04562000	-3.17392500
4.86797601	12.72622000	-3.17392500
4.87297601	11.55125000	-3.19834000
4.87797601	11.55125000	-3.28989500
4.88297601	12.72622000	-2.84432500
4.88797601	15.04562000	-1.91656200
4.89297601	16.22059000	-1.44657700
4.89797601	16.22059000	-1.44657700
4.90297601	15.04562000	-1.91656200
4.90797601	12.72622000	-2.84432500
4.91297601	11.61229000	-3.28989500
4.91797601	11.84118000	-3.19834000
4.92297601	11.90222000	-3.17392500
4.92797601	11.90222000	-3.17392500
4.93297601	11.90222000	-3.14951000
4.93797601	11.90222000	-3.05795500
4.94297601	11.90222000	-3.50352500
4.94797601	11.90222000	-4.43128700
4.95297601	11.90222000	-4.87685800
4.95797601	11.90222000	-4.78530200
4.96297601	11.90222000	-4.76088700
4.96797601	11.90222000	-4.76088700
4.97297601	11.90222000	-4.76088700
4.97797601	11.90222000	-4.76088700
4.98297601	11.90222000	-4.76088700
4.98797601	11.90222000	-4.76088700
4.99297601	11.90222000	-4.76088700
4.99797601	11.90222000	-4.76088700
5.00297601	11.90222000	-4.76088700
5.00797601	11.90222000	-4.76088700
5.01297601	11.90222000	-4.78530200
5.01797601	11.90222000	-4.87685800
5.02297601	11.90222000	-4.40687300
5.02797601	11.90222000	-3.38755500
5.03297601	11.90222000	-3.43638400
5.03797601	11.90222000	-4.63881300
5.04297601	11.90222000	-4.19324400
5.04797601	11.90222000	-2.15460700
5.05297601	11.90222000	-1.68462200
5.05797601	11.90222000	-2.79549500
5.06297601	11.90222000	-3.31431000
5.06797601	11.90222000	-3.31431000
5.07297601	11.90222000	-2.84432500
5.07797601	11.90222000	-1.91656200
5.08297601	11.90222000	-1.47099200
5.08797601	11.90222000	-1.56254800
5.09297601	11.90222000	-1.56254800
5.09797601	11.90222000	-1.47099200
5.10297601	11.90222000	-1.91656200
5.10797601	11.90222000	-2.84432500
5.11297601	11.90222000	-3.31431000
5.11797601	11.90222000	-3.31431000
5.12297601	11.90222000	-2.81991000
5.12797601	11.90222000	-1.80059200
5.13297601	11.90222000	-1.80059200
5.13797601	11.90222000	-2.81991000
5.14297601	11.90222000	-3.28989500
5.14797601	11.90222000	-3.19834000
5.15297601	11.90222000	-3.17392500
5.15797601	11.90222000	-3.17392500
5.16297601	11.90222000	-3.17392500
5.16797601	11.90222000	-3.17392500
5.17297601	11.90222000	-3.14951000
5.17797601	11.90222000	-3.05795500
5.18297601	11.90222000	-3.50352500
5.18797601	11.90222000	-4.43128700
5.19297601	11.90222000	-4.87685800
5.19797601	11.90222000	-4.78530200
5.20297601	11.90222000	-4.76088700
5.20797601	11.90222000	-4.76088700
5.21297601	11.90222000	-4.76088700
5.21797601	11.90222000	-4.76088700
5.22297601	11.90222000	-4.73647300
5.22797601	11.90222000	-4.64491700
5.23297601	11.90222000	-5.09048700
5.23797601	11.90222000	-6.01825000
5.24297601	11.90222000	-6.48823500
5.24797601	11.90222000	-6.48823500
5.25297601	11.90222000	-6.01825000
5.25797601	11.90222000	-5.09048700
5.26297601	11.90222000	-4.62050200
5.26797601	11.90222000	-4.62050200
5.27297601	11.90222000	-5.09048700
5.27797601	11.90222000	-6.01825000
5.28297601	11.90222000	-6.46382000
5.28797601	11.90222000	-6.37226500
5.29297601	11.90222000	-6.37226500
5.29797601	11.90222000	-6.46382000
5.30297601	11.90222000	-6.01825000
5.30797601	11.90222000	-5.09048700
5.31297601	11.90222000	-4.64491700
5.31797601	11.90222000	-4.73647300
5.32297601	11.90222000	-4.76088700
5.32797601	11.90222000	-4.76088700
5.33297601	11.90222000	-4.76088700
5.33797601	11.90222000	-4.76088700
5.34297601	11.90222000	-4.76088700
5.34797601	11.90222000	-4.76088700
5.35297601	11.90222000	-4.76088700
5.35797601	11.90222000	-4.76088700
5.36297601	11.90222000	-4.76088700
5.36797601	11.90222000	-4.76088700
5.37297601	11.90222000	-4.76088700
5.37797601	11.90222000	-4.76088700
5.38297601	11.90222000	-4.76088700
5.38797601	11.90222000	-4.76088700
5.39297601	11.96325000	-4.76088700
5.39797601	12.19214000	-4.76088700
5.40297601	11.07822000	-4.76088700
5.40797601	8.75881200	-4.76088700
5.41297601	7.64488600	-4.76088700
5.41797601	7.87377500	-4.76088700
5.42297601	7.87377500	-4.78530200
5.42797601	7.64488600	-4.87685800
5.43297601	8.75881200	-4.40687300
5.43797601	11.07822000	-3.38755500
5.44297601	12.19214000	-3.38755500
5.44797601	11.96325000	-4.40687300
5.45297601	11.96325000	-4.87685800
5.45797601	12.19214000	-4.78530200
5.46297601	11.07822000	-4.76088700
5.46797601	8.75881200	-4.76088700
5.47297601	7.58384900	-4.76088700
5.47797601	7.58384900	-4.76088700
5.48297601	8.81984900	-4.76088700
5.48797601	11.36814000	-4.76088700
5.49297601	11.36814000	-4.76088700
5.49797601	8.81984900	-4.76088700
5.50297601	7.64488600	-4.73647300
5.50797601	7.87377500	-4.64491700
5.51297601	7.87377500	-5.11490200
5.51797601	7.64488600	-6.13422100
5.52297601	8.81984900	-6.13422100
5.52797601	11.36814000	-5.11490200
5.53297601	11.36814000	-4.64491700
5.53797601	8.81984900	-4.73647300
5.54297601	7.58384900	-4.76088700
5.54797601	7.58384900	-4.76088700
5.55297601	8.81984900	-4.78530200
5.55797601	11.36814000	-4.87685800
5.56297601	11.36814000	-4.40687300
5.56797601	8.81984900	-3.38755500
5.57297601	7.64488600	-3.41196900
5.57797601	7.87377500	-4.52284300
5.58297601	7.93481200	-4.54725700
5.58797601	7.93481200	-3.52794000
5.59297601	7.93481200	-3.05795500
5.59797601	7.93481200	-3.14951000
5.60297601	7.93481200	-3.17392500
5.60797601	7.93481200	-3.17392500
5.61297601	7.93481200	-3.17392500
5.61797601	7.93481200	-3.17392500
5.62297601	7.93481200	-3.17392500
5.62797601	7.93481200	-3.17392500
5.63297601	7.93481200	-3.17392500
5.63797601	7.93481200	-3.17392500
5.64297601	7.93481200	-3.17392500
5.64797601	7.93481200	-3.17392500
5.65297601	7.93481200	-3.14951000
5.65797601	7.93481200	-3.05795500
5.66297601	7.93481200	-3.52794000
5.66797601	7.93481200	-4.54725700
5.67297601	7.93481200	-4.54725700
5.67797601	7.93481200	-3.52794000
5.68297601	7.93481200	-3.05795500
5.68797601	7.93481200	-3.14951000
5.69297601	7.93481200	-3.17392500
5.69797601	7.93481200	-3.17392500
5.70297601	7.93481200	-3.17392500
5.70797601	7.93481200	-3.17392500
5.71297601	7.93481200	-3.17392500
5.71797601	7.93481200	-3.17392500
5.72297601	7.93481200	-3.17392500
5.72797601	7.93481200	-3.17392500
5.73297601	7.93481200	-3.17392500
5.73797601	7.93481200	-3.17392500
5.74297601	7.93481200	-3.17392500
5.74797601	7.93481200	-3.17392500
5.75297601	7.93481200	-3.14951000
5.75797601	7.93481200	-3.05795500
5.76297601	7.93481200	-3.52794000
5.76797601	7.93481200	-4.54725700
5.77297601	7.93481200	-4.54725700
5.77797601	7.93481200	-3.52794000
5.78297601	7.93481200	-3.03354000
5.78797601	7.93481200	-3.03354000
5.79297601	7.93481200	-3.52794000
5.79797601	7.93481200	-4.54725700
5.80297601	7.93481200	-4.52284300
5.80797601	7.93481200	-3.41196900
5.81297601	7.93481200	-3.41196900
5.81797601	7.93481200	-4.52284300
5.82297601	7.93481200	-4.52284300
5.82797601	7.93481200	-3.41196900
5.83297601	7.93481200	-3.41196900
5.83797601	7.93481200	-4.52284300
5.84297601	7.93481200	-4.54725700
5.84797601	7.93481200	-3.52794000
5.85297601	7.93481200	-3.08237000
5.85797601	7.93481200	-3.26548100
5.86297601	7.93481200	-2.81991000
5.86797601	7.93481200	-1.80059200
5.87297601	7.93481200	-1.80059200
5.87797601	7.93481200	-2.81991000
5.88297601	7.93481200	-3.31431000
5.88797601	7.93481200	-3.31431000
5.89297601	7.93481200	-2.84432500
5.89797601	7.93481200	-1.91656200
5.90297601	7.93481200	-1.47099200
5.90797601	7.93481200	-1.56254800
5.91297601	7.93481200	-1.61137700
5.91797601	7.93481200	-1.70293300
5.92297601	7.93481200	-1.23294800
5.92797601	7.93481200	-0.21362960
5.93297601	7.93481200	-0.21362960
5.93797601	7.93481200	-1.23294800
5.94297601	7.93481200	-1.70293300
5.94797601	7.93481200	-1.61137700
5.95297601	7.93481200	-1.61137700
5.95797601	7.93481200	-1.70293300
5.96297601	7.93481200	-1.23294800
5.96797601	7.93481200	-0.21362960
5.97297601	7.93481200	-0.21362960
5.97797601	7.93481200	-1.23294800
5.98297601	7.93481200	-1.70293300
5.98797601	7.93481200	-1.61137700
5.99297601	7.93481200	-1.58696200
5.99797601	7.93481200	-1.58696200
6.00297601	7.93481200	-1.58696200
6.00797601	7.93481200	-1.58696200
6.01297601	7.93481200	-1.61137700
6.01797601	7.93481200	-1.70293300
6.02297601	7.93481200	-1.28177700
6.02797601	7.93481200	-0.44557020
6.03297601	7.93481200	0.35401470
6.03797601	7.93481200	0.81179230
6.04297601	7.93481200	2.95419200
6.04797601	7.93481200	6.28681300
6.05297601	7.93481200	9.27762600
6.05797601	7.93481200	11.21250000
6.06297601	7.93481200	14.53291000
6.06797601	7.93481200	18.23176000
6.07297601	7.93481200	23.36497000
6.07797601	7.93481200	28.73012000
6.08297601	7.93481200	34.68734000
6.08797601	7.93481200	39.77172000
6.09297601	7.93481200	46.10126000
6.09797601	7.93481200	52.01575000
6.10297601	7.93481200	59.29746000
6.10797601	7.93481200	66.23127000
6.11297601	7.93481200	73.01859000
6.11797601	7.93481200	77.91376000
6.12297601	7.93481200	84.26771000
6.12797601	7.93481200	90.46906000
6.13297601	7.93481200	96.42628000
6.13797601	7.93481200	100.67450000
6.14297601	7.99584900	105.75880000
6.14797601	8.22473800	110.38540000
6.15297601	7.04977500	114.67020000
6.15797601	4.50148000	117.63050000
6.16297601	4.56251700	120.15140000
6.16797601	7.33970100	121.53690000
6.17297601	7.33970100	122.76380000
6.17797600	4.56251700	123.40460000
6.18297600	4.50148000	124.27750000
6.18797600	7.04977500	125.20520000
6.19297600	8.22473800	125.20520000
6.19797600	7.99584900	124.27750000
6.20297600	7.93481200	123.42910000
6.20797600	7.93481200	122.87970000
6.21297600	7.99584900	121.15850000
6.21797600	8.22473800	118.66210000
6.22297600	7.11081200	116.51970000
6.22797600	4.79140600	115.22570000
6.23297600	3.61644300	113.15650000
6.23797600	3.61644300	110.93480000
6.24297600	4.79140600	107.91960000
6.24797600	7.11081200	104.77000000
6.25297600	8.22473800	101.82810000
6.25797600	7.99584900	99.89318000
6.26297600	7.99584900	96.47511000
6.26797600	8.22473800	92.41004000
6.27297600	7.11081200	88.96756000
6.27797600	4.79140600	86.94112000
6.28297600	3.67748000	84.44471000
6.28797600	3.90636900	82.21686000
6.29297600	3.96740600	79.70214000
6.29797600	3.96740600	77.57195000
6.30297600	3.96740600	74.58723000
6.30797600	3.96740600	71.43773000
6.31297600	3.96740600	68.45302000
6.31797600	3.96740600	66.32282000
6.32297600	3.96740600	63.78369000
6.32797600	3.96740600	61.47038000
6.33297600	3.96740600	59.32798000
6.33797600	3.96740600	57.85089000
6.34297600	3.96740600	56.62404000
6.34797600	3.96740600	56.06860000
6.35297600	3.96740600	54.84176000
6.35797600	3.96740600	53.36467000
6.36297600	3.96740600	51.17344000
6.36797600	3.96740600	48.67702000
6.37297600	3.96740600	46.98019000
6.37797600	3.96740600	46.52242000
6.38297600	3.96740600	45.29557000
6.38797600	3.96740600	43.72692000
6.39297600	3.96740600	41.98126000
6.39797600	3.96740600	40.41261000
6.40297600	3.96740600	39.18576000
6.40797600	3.96740600	38.72799000
6.41297600	3.96740600	37.00674000
6.41797600	3.96740600	34.41877000
6.42297600	3.96740600	32.64870000
6.42797600	3.96740600	32.00171000
6.43297600	3.96740600	31.67821000
6.43797600	3.96740600	31.95288000
6.44297600	3.96740600	31.08615000
6.44797600	3.96740600	29.23063000
6.45297600	3.96740600	28.38221000
6.45797600	3.96740600	28.76064000
6.46297600	3.96740600	27.93054000
6.46797600	3.96740600	26.17267000
6.47297600	3.96740600	24.82376000
6.47797600	3.96740600	24.08521000
6.48297600	3.96740600	23.71288000
6.48797600	3.96740600	23.89599000
6.49297600	3.96740600	23.47484000
6.49797600	3.96740600	22.54707000
6.50297600	3.96740600	22.15034000
6.50797600	3.96740600	22.42500000
6.51297600	3.96740600	21.55827000
6.51797600	3.96740600	19.70275000
6.52297600	3.96740600	18.81161000
6.52797600	3.96740600	18.99472000
6.53297600	3.96740600	19.04355000
6.53797600	3.96740600	19.04355000
6.54297600	3.96740600	19.06796000
6.54797600	3.96740600	19.15952000
6.55297600	3.96740600	18.71395000
6.55797600	3.96740600	17.78619000
6.56297600	3.96740600	17.34062000
6.56797600	3.96740600	17.43217000
6.57297600	3.96740600	17.48100000
6.57797600	3.96740600	17.57256000
6.58297600	3.96740600	17.12699000
6.58797600	3.96740600	16.19922000
6.59297600	3.96740600	15.77807000
6.59797600	3.96740600	15.96118000
6.60297600	3.96740600	15.56444000
6.60797600	3.96740600	14.72823000
6.61297600	3.96740600	13.83709000
6.61797600	3.96740600	13.00089000
6.62297600	3.96740600	12.60414000
6.62797600	3.96740600	12.78726000
6.63297600	3.96740600	12.36610000
6.63797600	3.96740600	11.43834000
6.64297600	3.96740600	10.99277000
6.64797600	3.96740600	11.08432000
6.65297600	3.96740600	11.10874000
6.65797600	3.96740600	11.10874000
6.66297600	3.96740600	11.10874000
6.66797600	3.96740600	11.10874000
6.67297600	3.96740600	11.13315000
6.67797600	3.96740600	11.22471000
6.68297600	3.96740600	10.77914000
6.68797600	3.96740600	9.85137500
6.69297600	3.96740600	9.40580500
6.69797600	3.96740600	9.49735900
6.70297600	3.96740600	9.52177400
6.70797600	3.96740600	9.52177400
6.71297600	3.96740600	9.52177400
6.71797600	3.96740600	9.52177400
6.72297600	3.96740600	9.49735900
6.72797600	3.96740600	9.40580500
6.73297600	3.96740600	9.87579000
6.73797600	3.96740600	10.89511000
6.74297600	3.96740600	10.89511000
6.74797600	3.96740600	9.87579000
6.75297600	3.96740600	9.40580500
6.75797600	3.96740600	9.49735900
6.76297600	3.96740600	9.52177400
6.76797600	3.96740600	9.52177400
6.77297600	3.96740600	9.52177400
6.77797600	3.96740600	9.52177400
6.78297600	3.96740600	9.54619000
6.78797600	3.96740600	9.63774600
6.79297600	3.96740600	9.19217500
6.79797600	3.96740600	8.26441300
6.80297600	3.96740600	7.81884200
6.80797600	3.96740600	7.91039800
6.81297600	3.96740600	7.95922800
6.81797600	3.96740600	8.05078300
6.82297600	3.96740600	7.60521200
6.82797600	3.96740600	6.67745000
6.83297600	3.96740600	6.25629500
6.83797600	3.96740600	6.43940500
6.84297600	3.96740600	5.99383500
6.84797600	3.96740600	4.97451700
6.85297600	3.96740600	4.97451700
6.85797600	3.96740600	5.99383500
6.86297600	3.96740600	6.46382000
6.86797600	3.96740600	6.37226500
6.87297600	3.96740600	6.34785000
6.87797600	3.96740600	6.34785000
6.88297600	3.96740600	6.37226500
6.88797600	3.96740600	6.46382000
6.89297600	3.96740600	5.99383500
6.89797600	3.96740600	4.97451700
6.90297600	3.96740600	4.97451700
6.90797600	3.96740600	5.99383500
6.91297600	3.96740600	6.48823500
6.91797600	3.96740600	6.48823500
6.92297600	3.96740600	6.04266500
6.92797600	3.96740600	5.20645800
6.93297600	3.96740600	4.29090200
6.93797600	3.96740600	3.36314000
6.94297600	3.96740600	3.38755500
6.94797600	3.96740600	4.40687300
6.95297600	3.96740600	4.87685800
6.95797600	3.96740600	4.78530200
6.96297600	3.96740600	4.76088700
6.96797600	3.96740600	4.76088700
6.97297600	3.96740600	4.76088700
6.97797600	3.96740600	4.76088700
6.98297600	3.96740600	4.76088700
6.98797600	3.96740600	4.76088700
6.99297600	3.96740600	4.76088700
6.99797600	3.96740600	4.76088700
7.00297600	3.96740600	4.76088700
7.00797600	3.96740600	4.76088700
7.01297600	3.96740600	4.73647300
7.01797600	3.96740600	4.64491700
7.02297600	3.96740600	5.11490200
7.02797600	3.96740600	6.13422100
7.03297600	3.96740600	6.10980600
7.03797600	3.96740600	4.99893200
7.04297600	3.96740600	4.99893200
7.04797600	3.96740600	6.10980600
7.05297600	3.96740600	6.13422100
7.05797600	3.96740600	5.11490200
7.06297600	3.96740600	4.64491700
7.06797600	3.96740600	4.73647300
7.07297600	3.96740600	4.78530200
7.07797600	3.96740600	4.87685800
7.08297600	3.96740600	4.43128700
7.08797600	3.96740600	3.50352500
7.09297600	3.96740600	3.05795500
7.09797600	3.96740600	3.14951000
7.10297600	3.96740600	3.17392500
7.10797600	3.96740600	3.17392500
7.11297600	3.96740600	3.14951000
7.11797600	3.96740600	3.05795500
7.12297600	3.96740600	3.52794000
7.12797600	3.96740600	4.54725700
7.13297600	3.96740600	4.52284300
7.13797600	3.96740600	3.41196900
7.14297600	3.96740600	3.38755500
7.14797600	3.96740600	4.40687300
7.15297600	3.96740600	4.87685800
7.15797600	3.96740600	4.78530200
7.16297600	3.96740600	4.78530200
7.16797600	3.96740600	4.87685800
7.17297600	3.96740600	4.40687300
7.17797600	3.96740600	3.38755500
7.18297600	3.96740600	3.41196900
7.18797600	3.96740600	4.52284300
7.19297600	3.96740600	4.54725700
7.19797600	3.96740600	3.52794000
7.20297600	3.96740600	3.08237000
7.20797600	3.96740600	3.26548100
7.21297600	3.96740600	2.81991000
7.21797600	3.96740600	1.80059200
7.22297600	3.96740600	1.80059200
7.22797600	3.96740600	2.81991000
7.23297600	3.96740600	3.28989500
7.23797600	3.96740600	3.19834000
7.24297600	3.96740600	3.17392500
7.24797600	3.96740600	3.17392500
7.25297600	3.96740600	3.17392500
7.25797600	3.96740600	3.17392500
7.26297600	3.96740600	3.19834000
7.26797600	3.96740600	3.28989500
7.27297600	3.96740600	2.81991000
7.27797600	3.96740600	1.80059200
7.28297600	4.02844300	1.82500700
7.28797600	4.25733200	2.93588100
7.29297600	3.08236900	2.93588100
7.29797600	0.53407390	1.82500700
7.30297600	0.53407390	1.80059200
7.30797600	3.08236900	2.81991000
7.31297600	4.25733200	3.28989500
7.31797600	4.02844300	3.19834000
7.32297600	3.96740600	3.17392500
7.32797600	3.96740600	3.17392500
7.33297600	3.96740600	3.17392500
7.33797600	3.96740600	3.17392500
7.34297600	3.96740600	3.19834000
7.34797600	3.96740600	3.28989500
7.35297600	3.96740600	2.81991000
7.35797600	3.96740600	1.80059200
7.36297600	3.96740600	1.82500700
7.36797600	3.96740600	2.93588100
7.37297600	4.02844300	2.96029500
7.37797600	4.25733200	1.94097700
7.38297600	3.08236900	1.47099200
7.38797600	0.53407390	1.56254800
7.39297600	0.53407390	1.58696200
7.39797600	3.08236900	1.58696200
7.40297600	4.25733200	1.58696200
7.40797600	4.02844300	1.58696200
7.41297600	3.96740600	1.58696200
7.41797600	3.96740600	1.58696200
7.42297600	4.02844300	1.58696200
7.42797600	4.25733200	1.58696200
7.43297600	3.08236900	1.61137700
7.43797600	0.53407390	1.70293300
7.44297600	0.59511090	1.23294800
7.44797600	3.37229500	0.21362960
7.45297600	3.37229500	0.21362960
7.45797600	0.59511090	1.23294800
7.46297600	0.59511090	1.72734800
7.46797600	3.37229500	1.72734800
7.47297600	3.37229500	1.25736300
7.47797600	0.59511090	0.32959990
7.48297600	0.53407390	-0.11597030
7.48797600	3.08236900	-0.02441481
7.49297600	4.31836900	0.00000000
7.49797600	4.31836900	0.00000000
7.50297600	3.08236900	0.00000000
7.50797600	0.53407390	0.00000000
7.51297600	0.53407390	0.00000000
7.51797600	3.08236900	0.00000000
7.52297600	4.25733200	0.00000000
7.52797600	4.02844300	0.00000000
7.53297600	3.96740600	-0.02441481
7.53797600	3.96740600	-0.11597030
7.54297600	3.96740600	0.35401470
7.54797600	3.96740600	1.37333300
7.55297600	3.96740600	1.34891800
7.55797600	3.96740600	0.23804440
7.56297600	3.96740600	0.23804440
7.56797600	3.96740600	1.34891800
7.57297600	3.96740600	1.34891800
7.57797600	3.96740600	0.23804440
7.58297600	3.96740600	0.23804440
7.58797600	3.96740600	1.34891800
7.59297600	3.96740600	1.34891800
7.59797600	3.96740600	0.23804440
7.60297600	4.02844300	0.23804440
7.60797600	4.25733200	1.34891800
7.61297600	3.08236900	1.37333300
7.61797600	0.53407390	0.35401470
7.62297600	0.59511090	-0.11597030
7.62797600	3.37229500	-0.02441481
7.63297600	3.37229500	0.00000000
7.63797600	0.59511090	0.00000000
7.64297600	0.53407390	0.00000000
7.64797600	3.08236900	0.00000000
7.65297600	4.25733200	-0.02441481
7.65797600	4.02844300	-0.11597030
7.66297600	4.02844300	0.35401470
7.66797600	4.25733200	1.37333300
7.67297600	3.08236900	1.37333300
7.67797600	0.53407390	0.35401470
7.68297600	0.53407390	-0.11597030
7.68797600	3.08236900	-0.02441481
7.69297600	4.31836900	0.00000000
7.69797600	4.31836900	0.00000000
7.70297600	3.14340600	-0.02441481
7.70797600	0.82399970	-0.11597030
7.71297600	-0.28992580	0.35401470
7.71797600	-0.06103702	1.37333300
7.72297600	0.00000000	1.34891800
7.72797600	0.00000000	0.23804440
7.73297600	0.00000000	0.23804440
7.73797600	0.00000000	1.34891800
7.74297600	0.00000000	1.37333300
7.74797600	0.00000000	0.35401470
7.75297600	-0.06103702	-0.11597030
7.75797600	-0.28992580	-0.02441481
7.76297600	0.82399970	0.00000000
7.76797600	3.14340600	0.00000000
7.77297600	4.31836900	-0.02441481
7.77797600	4.31836900	-0.11597030
7.78297600	3.14340600	0.32959990
7.78797600	0.82399970	1.25736300
7.79297600	-0.28992580	1.70293300
7.79797600	-0.06103702	1.61137700
7.80297600	0.00000000	1.58696200
7.80797600	0.00000000	1.58696200
7.81297600	-0.06103702	1.58696200
7.81797600	-0.28992580	1.58696200
7.82297599	0.88503670	1.61137700
7.82797599	3.43333200	1.70293300
7.83297599	3.37229500	1.23294800
7.83797599	0.59511090	0.21362960
7.84297599	0.53407390	0.21362960
7.84797599	3.08236900	1.23294800
7.85297599	4.31836900	1.70293300
7.85797599	4.31836900	1.61137700
7.86297599	3.14340600	1.61137700
7.86797599	0.82399970	1.70293300
7.87297599	-0.28992580	1.23294800
7.87797599	-0.06103702	0.21362960
7.88297599	-0.06103702	0.21362960
7.88797599	-0.28992580	1.23294800
7.89297599	0.82399970	1.70293300
7.89797599	3.14340600	1.61137700
7.90297599	4.31836900	1.58696200
7.90797599	4.31836900	1.58696200
7.91297599	3.08236900	1.58696200
7.91797599	0.53407390	1.58696200
7.92297599	0.59511090	1.56254800
7.92797599	3.37229500	1.47099200
7.93297599	3.43333200	1.91656200
7.93797599	0.88503670	2.84432500
7.94297599	-0.28992580	3.31431000
7.94797599	-0.06103702	3.31431000
7.95297599	-0.06103702	2.84432500
7.95797599	-0.28992580	1.91656200
7.96297599	0.88503670	1.44657700
7.96797599	3.43333200	1.44657700
7.97297599	3.43333200	1.94097700
7.97797599	0.88503670	2.96029500
7.98297599	-0.28992580	2.96029500
7.98797599	-0.06103702	1.94097700
7.99297599	-0.06103702	1.47099200
7.99797599	-0.28992580	1.56254800
8.00297599	0.88503670	1.58696200
8.00797599	3.43333200	1.58696200
8.01297599	3.43333200	1.58696200
8.01797599	0.88503670	1.58696200
8.02297599	-0.28992580	1.58696200
8.02797599	-0.06103702	1.58696200
8.03297599	0.00000000	1.58696200
8.03797599	0.00000000	1.58696200
8.04297599	0.00000000	1.58696200
8.04797599	0.00000000	1.58696200
8.05297599	0.00000000	1.58696200
8.05797599	0.00000000	1.58696200
8.06297599	0.00000000	1.61137700
8.06797599	0.00000000	1.70293300
8.07297599	0.00000000	1.23294800
8.07797599	0.00000000	0.21362960
8.08297599	0.00000000	0.21362960
8.08797599	0.00000000	1.23294800
8.09297599	0.00000000	1.70293300
8.09797599	0.00000000	1.61137700
8.10297599	0.00000000	1.61137700
8.10797599	0.00000000	1.70293300
8.11297599	0.00000000	1.23294800
8.11797599	0.00000000	0.21362960
8.12297599	-0.06103702	0.21362960
8.12797599	-0.28992580	1.23294800
8.13297599	0.88503670	1.70293300
8.13797599	3.43333200	1.61137700
8.14297599	3.43333200	1.58696200
8.14797599	0.88503670	1.58696200
8.15297599	-0.28992580	1.58696200
8.15797599	-0.06103702	1.58696200
8.16297599	0.00000000	1.58696200
8.16797599	0.00000000	1.58696200
8.17297599	0.00000000	1.58696200
8.17797599	0.00000000	1.58696200
8.18297599	0.00000000	1.58696200
8.18797599	0.00000000	1.58696200
8.19297599	0.00000000	1.56254800
8.19797599	0.00000000	1.47099200
8.20297599	0.00000000	1.91656200
8.20797599	0.00000000	2.84432500
8.21297599	0.00000000	3.31431000
8.21797599	0.00000000	3.31431000
8.22297599	0.00000000	2.84432500
8.22797599	0.00000000	1.91656200
8.23297599	0.00000000	1.47099200
8.23797599	0.00000000	1.56254800
8.24297599	0.00000000	1.58696200
8.24797599	0.00000000	1.58696200
8.25297599	0.00000000	1.63579200
8.25797599	0.00000000	1.81890300
8.26297599	0.00000000	0.92776260
8.26797599	0.00000000	-0.92776260
8.27297599	0.00000000	-1.81890300
8.27797599	0.00000000	-1.63579200
8.28297599	0.00000000	-1.58696200
8.28797599	0.00000000	-1.58696200
8.29297599	0.00000000	-1.58696200
8.29797599	0.00000000	-1.58696200
8.30297599	0.00000000	-1.58696200
8.30797599	0.00000000	-1.58696200
8.31297599	0.00000000	-1.58696200
8.31797599	0.00000000	-1.58696200
8.32297599	0.00000000	-1.58696200
8.32797599	0.00000000	-1.58696200
8.33297599	0.00000000	-1.58696200
8.33797599	0.00000000	-1.58696200
8.34297599	0.00000000	-1.58696200
8.34797599	0.00000000	-1.58696200
8.35297599	0.00000000	-1.61137700
8.35797599	0.00000000	-1.70293300
8.36297599	0.00000000	-1.25736300
8.36797599	0.00000000	-0.32959990
8.37297599	0.00000000	0.14038510
8.37797599	0.00000000	0.14038510
8.38297599	0.00000000	-0.35401470
8.38797599	0.00000000	-1.37333300
8.39297599	0.00000000	-1.37333300
8.39797599	0.00000000	-0.35401470
8.40297599	0.00000000	0.11597030
8.40797599	0.00000000	0.02441481
8.41297599	0.00000000	0.00000000
8.41797599	0.00000000	0.00000000
8.42297599	0.00000000	0.00000000
8.42797599	0.00000000	0.00000000
8.43297599	0.00000000	0.00000000
8.43797599	0.00000000	0.00000000
8.44297599	0.00000000	0.00000000
8.44797599	0.00000000	0.00000000
8.45297599	0.00000000	-0.02441481
8.45797599	0.00000000	-0.11597030
8.46297599	0.00000000	0.35401470
8.46797599	0.00000000	1.37333300
8.47297599	0.00000000	1.34891800
8.47797599	0.00000000	0.23804440
8.48297599	0.00000000	0.21362960
8.48797599	0.00000000	1.23294800
8.49297599	0.00000000	1.72734800
8.49797599	0.00000000	1.72734800
8.50297599	0.00000000	1.25736300
8.50797599	0.00000000	0.32959990
8.51297599	0.00000000	-0.11597030
8.51797599	0.00000000	-0.02441481
8.52297599	0.00000000	0.00000000
8.52797599	0.00000000	0.00000000
8.53297599	0.00000000	0.02441481
8.53797599	0.00000000	0.11597030
8.54297599	0.00000000	-0.35401470
8.54797599	0.00000000	-1.37333300
8.55297599	0.00000000	-1.34891800
8.55797599	0.00000000	-0.23804440
8.56297599	0.00000000	-0.21362960
8.56797599	0.00000000	-1.23294800
8.57297599	0.00000000	-1.70293300
8.57797599	0.00000000	-1.61137700
8.58297599	0.00000000	-1.58696200
8.58797599	0.00000000	-1.58696200
8.59297599	0.00000000	-1.58696200
8.59797599	0.00000000	-1.58696200
8.60297599	0.00000000	-1.58696200
8.60797599	0.00000000	-1.58696200
8.61297599	0.00000000	-1.58696200
8.61797599	0.00000000	-1.58696200
8.62297599	0.00000000	-1.58696200
8.62797599	0.00000000	-1.58696200
8.63297599	0.00000000	-1.58696200
8.63797599	0.00000000	-1.58696200
8.64297599	0.00000000	-1.58696200
8.64797599	0.00000000	-1.58696200
8.65297599	0.00000000	-1.61137700
8.65797599	0.00000000	-1.70293300
8.66297599	0.00000000	-1.23294800
8.66797599	0.00000000	-0.21362960
8.67297599	0.00000000	-0.21362960
8.67797599	0.00000000	-1.23294800
8.68297599	0.00000000	-1.70293300
8.68797599	0.00000000	-1.61137700
8.69297599	0.00000000	-1.58696200
8.69797599	0.00000000	-1.58696200
8.70297599	0.00000000	-1.58696200
8.70797599	0.00000000	-1.58696200
8.71297599	0.00000000	-1.58696200
8.71797599	0.00000000	-1.58696200
8.72297599	0.00000000	-1.61137700
8.72797599	0.00000000	-1.70293300
8.73297599	0.00000000	-1.25736300
8.73797599	0.00000000	-0.32959990
8.74297599	0.00000000	0.11597030
8.74797599	0.00000000	0.02441481
8.75297599	0.00000000	0.00000000
8.75797599	0.00000000	0.00000000
8.76297599	0.00000000	-0.02441481
8.76797599	0.00000000	-0.11597030
8.77297599	0.00000000	0.32959990
8.77797599	0.00000000	1.25736300
8.78297599	0.00000000	1.67851800
8.78797599	0.00000000	1.49540700
8.79297599	0.00000000	1.94097700
8.79797599	0.00000000	2.96029500
8.80297599	0.00000000	2.98471000
8.80797599	0.00000000	2.05694700
8.81297599	0.00000000	1.14139200
8.81797599	0.00000000	0.30518510
8.82297599	0.00000000	-0.11597030
8.82797599	0.00000000	-0.02441481
8.83297599	0.00000000	0.00000000
8.83797599	0.00000000	0.00000000
8.84297599	0.00000000	0.02441481
8.84797599	0.00000000	0.11597030
8.85297599	0.00000000	-0.32959990
8.85797599	0.00000000	-1.25736300
8.86297599	0.00000000	-1.70293300
8.86797599	0.00000000	-1.61137700
8.87297599	0.00000000	-1.58696200
8.87797599	0.00000000	-1.58696200
8.88297599	0.00000000	-1.58696200
8.88797599	0.00000000	-1.58696200
8.89297599	0.00000000	-1.58696200
8.89797599	0.00000000	-1.58696200
8.90297599	0.00000000	-1.56254800
8.90797599	0.00000000	-1.47099200
8.91297599	0.00000000	-1.94097700
8.91797599	0.00000000	-2.96029500
8.92297599	0.00000000	-2.96029500
8.92797599	0.00000000	-1.94097700
8.93297599	0.00000000	-1.47099200
8.93797599	0.00000000	-1.56254800
8.94297599	0.00000000	-1.61137700
8.94797599	0.00000000	-1.70293300
8.95297599	0.00000000	-1.25736300
8.95797599	0.00000000	-0.32959990
8.96297599	0.00000000	0.14038510
8.96797599	0.00000000	0.14038510
8.97297599	0.00000000	-0.32959990
8.97797599	0.00000000	-1.25736300
8.98297599	0.00000000	-1.70293300
8.98797599	0.00000000	-1.61137700
8.99297599	0.00000000	-1.58696200
8.99797599	0.00000000	-1.58696200
9.00297599	0.00000000	-1.58696200
9.00797599	0.00000000	-1.58696200
9.01297599	0.00000000	-1.58696200
9.01797599	0.00000000	-1.58696200
9.02297599	0.00000000	-1.56254800
9.02797599	0.00000000	-1.47099200
