Time	Channel A	Channel B
(us)	(V)	(mV)

-2.00403792	-0.00793481	-7.93481200
-1.98403792	-0.00793481	-6.34785000
-1.96403792	-0.00793481	-7.93481200
-1.94403792	-0.00793481	-7.93481200
-1.92403792	-0.00793481	-7.93481200
-1.90403792	-0.00793481	-6.34785000
-1.88403792	-0.00793481	-6.34785000
-1.86403792	-0.00793481	-4.76088700
-1.84403793	-0.00793481	-6.34785000
-1.82403793	-0.00793481	-6.34785000
-1.80403793	-0.00793481	-3.17392500
-1.78403793	-0.00793481	-6.34785000
-1.76403793	-0.00793481	-3.17392500
-1.74403793	-0.00793481	-4.76088700
-1.72403793	-0.00793481	-4.76088700
-1.70403793	-0.00793481	-4.76088700
-1.68403793	-0.00793481	-4.76088700
-1.66403793	-0.00793481	-4.76088700
-1.64403793	-0.00793481	-6.34785000
-1.62403793	-0.00793481	-4.76088700
-1.60403793	-0.00793481	-6.34785000
-1.58403793	-0.00793481	-6.34785000
-1.56403793	-0.00793481	-6.34785000
-1.54403793	-0.00793481	-6.34785000
-1.52403793	-0.00793481	-6.34785000
-1.50403793	-0.00793481	-4.76088700
-1.48403793	-0.00793481	-4.76088700
-1.46403793	-0.00793481	-4.76088700
-1.44403793	-0.00793481	-3.17392500
-1.42403793	-0.00793481	-4.76088700
-1.40403793	-0.00793481	-4.76088700
-1.38403793	-0.00793481	-6.34785000
-1.36403793	-0.00793481	-6.34785000
-1.34403793	-0.00793481	-4.76088700
-1.32403793	-0.00793481	-6.34785000
-1.30403793	-0.00793481	-4.76088700
-1.28403793	-0.00793481	-4.76088700
-1.26403793	-0.00793481	-4.76088700
-1.24403793	-0.00793481	-6.34785000
-1.22403793	-0.00793481	-6.34785000
-1.20403793	-0.00793481	-4.76088700
-1.18403793	-0.00793481	-6.34785000
-1.16403793	-0.00793481	-6.34785000
-1.14403793	-0.00793481	-6.34785000
-1.12403793	-0.00793481	-6.34785000
-1.10403793	-0.00793481	-4.76088700
-1.08403793	-0.00793481	-4.76088700
-1.06403793	-0.00793481	-3.17392500
-1.04403793	-0.00793481	-4.76088700
-1.02403793	-0.00793481	-4.76088700
-1.00403793	-0.00793481	-6.34785000
-0.98403793	-0.00793481	-6.34785000
-0.96403793	-0.00793481	-6.34785000
-0.94403793	-0.00793481	-4.76088700
-0.92403793	-0.00793481	-4.76088700
-0.90403793	-0.00793481	-4.76088700
-0.88403793	-0.00793481	-4.76088700
-0.86403793	-0.00793481	-4.76088700
-0.84403793	-0.00793481	-6.34785000
-0.82403793	-0.00793481	-4.76088700
-0.80403793	-0.00793481	-6.34785000
-0.78403793	-0.00793481	-6.34785000
-0.76403793	-0.00793481	-6.34785000
-0.74403793	-0.00793481	-6.34785000
-0.72403793	-0.00793481	-6.34785000
-0.70403793	-0.00793481	-4.76088700
-0.68403793	-0.00793481	-4.76088700
-0.66403793	-0.00793481	-4.76088700
-0.64403793	-0.00793481	-4.76088700
-0.62403793	-0.00793481	-4.76088700
-0.60403793	-0.00793481	-4.76088700
-0.58403793	-0.00793481	-6.34785000
-0.56403793	-0.00793481	-4.76088700
-0.54403793	-0.00793481	-4.76088700
-0.52403793	-0.00793481	-4.76088700
-0.50403793	-0.00793481	-4.76088700
-0.48403793	-0.00793481	-4.76088700
-0.46403793	-0.00793481	-3.17392500
-0.44403793	-0.00793481	-3.17392500
-0.42403793	-0.00793481	-3.17392500
-0.40403793	-0.00793481	-3.17392500
-0.38403793	-0.00793481	-3.17392500
-0.36403793	-0.00793481	-3.17392500
-0.34403793	-0.00793481	-3.17392500
-0.32403793	-0.00793481	-4.76088700
-0.30403793	-0.00793481	-4.76088700
-0.28403793	-0.00793481	-4.76088700
-0.26403793	-0.00793481	-4.76088700
-0.24403793	-0.00793481	-4.76088700
-0.22403793	-0.00793481	-4.76088700
-0.20403793	-0.00793481	-4.76088700
-0.18403794	-0.00793481	-6.34785000
-0.16403794	-0.00793481	-6.34785000
-0.14403794	0.00000000	-6.34785000
-0.12403794	0.00793481	-7.93481200
-0.10403794	0.01586962	-7.93481200
-0.08403794	0.03173925	-11.10874000
-0.06403794	0.04760887	-11.10874000
-0.04403794	0.06347850	-9.52177400
-0.02403794	0.07934812	-11.10874000
-0.00403794	0.09521775	-9.52177400
0.01596206	0.11108740	-9.52177400
0.03596206	0.11902220	-11.10874000
0.05596206	0.13489180	-9.52177400
0.07596206	0.15079200	-9.52177400
0.09596206	0.15872680	-7.93481200
0.11596206	0.16666160	-7.93481200
0.13596206	0.17459640	-7.93481200
0.15596206	0.18253120	-7.93481200
0.17596206	0.18253120	-7.93481200
0.19596206	0.19046600	-7.93481200
0.21596206	0.19046600	-9.52177400
0.23596206	0.19840080	-9.52177400
0.25596206	0.19840080	-9.52177400
0.27596206	0.19840080	-9.52177400
0.29596206	0.20633560	-9.52177400
0.31596206	0.20633560	-9.52177400
0.33596206	0.20633560	-11.10874000
0.35596206	0.20633560	-11.10874000
0.37596206	0.21427050	-9.52177400
0.39596206	0.21427050	-11.10874000
0.41596206	0.21427050	-9.52177400
0.43596206	0.21427050	-11.10874000
0.45596206	0.21427050	-12.69570000
0.47596206	0.21427050	-11.10874000
0.49596206	0.21427050	-9.52177400
0.51596206	0.21427050	-11.10874000
0.53596206	0.21427050	-9.52177400
0.55596206	0.21427050	-7.93481200
0.57596206	0.21427050	-9.52177400
0.59596206	0.21427050	-9.52177400
0.61596206	0.20633560	-9.52177400
0.63596206	0.20633560	-9.52177400
0.65596206	0.20633560	-7.93481200
0.67596206	0.19840080	-7.93481200
0.69596206	0.19840080	-7.93481200
0.71596206	0.19046600	-6.34785000
0.73596206	0.19046600	-6.34785000
0.75596206	0.18253120	-6.34785000
0.77596206	0.18253120	-6.34785000
0.79596206	0.18253120	-7.93481200
0.81596206	0.17459640	-6.34785000
0.83596206	0.17459640	-7.93481200
0.85596206	0.17459640	-6.34785000
0.87596206	0.17459640	-7.93481200
0.89596206	0.16666160	-6.34785000
0.91596206	0.16666160	-6.34785000
0.93596206	0.16666160	-6.34785000
0.95596206	0.16666160	-7.93481200
0.97596206	0.16666160	-7.93481200
0.99596206	0.15872680	-6.34785000
1.01596206	0.15872680	-4.76088700
1.03596206	0.15872680	-6.34785000
1.05596206	0.15872680	-6.34785000
1.07596206	0.15079200	-4.76088700
1.09596206	0.15079200	-4.76088700
1.11596206	0.15079200	-4.76088700
1.13596206	0.15079200	-4.76088700
1.15596206	0.15079200	-3.17392500
1.17596206	0.14285710	-3.17392500
1.19596206	0.14285710	-4.76088700
1.21596206	0.14285710	-4.76088700
1.23596206	0.14285710	-3.17392500
1.25596206	0.14285710	-4.76088700
1.27596206	0.13489180	-4.76088700
1.29596206	0.13489180	-4.76088700
1.31596206	0.13489180	-4.76088700
1.33596206	0.13489180	-3.17392500
1.35596206	0.13489180	-3.17392500
1.37596206	0.12695700	-4.76088700
1.39596206	0.12695700	-4.76088700
1.41596206	0.12695700	-4.76088700
1.43596206	0.12695700	-4.76088700
1.45596205	0.12695700	-4.76088700
1.47596205	0.11902220	-4.76088700
1.49596205	0.11902220	-4.76088700
1.51596205	0.11902220	-6.34785000
1.53596205	0.11902220	-4.76088700
1.55596205	0.11902220	-4.76088700
1.57596205	0.11902220	-4.76088700
1.59596205	0.11108740	-3.17392500
1.61596205	0.11108740	-1.58696200
1.63596205	0.11108740	-3.17392500
1.65596205	0.11108740	-3.17392500
1.67596205	0.11108740	-4.76088700
1.69596205	0.11108740	-4.76088700
1.71596205	0.10315260	-6.34785000
1.73596205	0.10315260	-4.76088700
1.75596205	0.10315260	-6.34785000
1.77596205	0.10315260	-3.17392500
1.79596205	0.10315260	-4.76088700
1.81596205	0.10315260	-4.76088700
1.83596205	0.10315260	-4.76088700
1.85596205	0.10315260	-3.17392500
1.87596205	0.09521775	-3.17392500
1.89596205	0.09521775	-1.58696200
1.91596205	0.09521775	-1.58696200
1.93596205	0.09521775	-3.17392500
1.95596205	0.09521775	-3.17392500
1.97596205	0.09521775	-1.58696200
1.99596205	0.08728294	-1.58696200
2.01596205	0.08728294	-1.58696200
2.03596205	0.08728294	-4.76088700
2.05596205	0.08728294	-3.17392500
2.07596205	0.08728294	-3.17392500
2.09596205	0.08728294	-4.76088700
2.11596205	0.08728294	-4.76088700
2.13596205	0.08728294	-4.76088700
2.15596205	0.08728294	-4.76088700
2.17596205	0.07934812	-4.76088700
2.19596205	0.07934812	-3.17392500
2.21596205	0.07934812	-3.17392500
2.23596205	0.07934812	-3.17392500
2.25596205	0.07934812	-3.17392500
2.27596205	0.07934812	-4.76088700
2.29596205	0.07934812	-4.76088700
2.31596205	0.07934812	-4.76088700
2.33596205	0.07934812	-4.76088700
2.35596205	0.07141331	-4.76088700
2.37596205	0.07141331	-3.17392500
2.39596205	0.07141331	-3.17392500
2.41596205	0.07141331	-4.76088700
2.43596205	0.07141331	-3.17392500
2.45596205	0.07141331	-4.76088700
2.47596205	0.07141331	-4.76088700
2.49596205	0.07141331	-3.17392500
2.51596205	0.07141331	-4.76088700
2.53596205	0.07141331	-3.17392500
2.55596205	0.06347850	-3.17392500
2.57596205	0.06347850	-3.17392500
2.59596205	0.06347850	-3.17392500
2.61596205	0.06347850	-3.17392500
2.63596205	0.06347850	-4.76088700
2.65596205	0.06347850	-3.17392500
2.67596205	0.06347850	-3.17392500
2.69596205	0.06347850	-3.17392500
2.71596205	0.05554369	-3.17392500
2.73596205	0.06347850	-4.76088700
2.75596205	0.05554369	-4.76088700
2.77596205	0.05554369	-3.17392500
2.79596205	0.05554369	-3.17392500
2.81596205	0.05554369	-3.17392500
2.83596205	0.05554369	-4.76088700
2.85596205	0.05554369	-4.76088700
2.87596205	0.05554369	-6.34785000
2.89596205	0.05554369	-6.34785000
2.91596205	0.05554369	-6.34785000
2.93596205	0.05554369	-6.34785000
2.95596205	0.05554369	-4.76088700
2.97596205	0.04760887	-3.17392500
2.99596205	0.05554369	-1.58696200
3.01596205	0.04760887	-3.17392500
3.03596205	0.04760887	-1.58696200
3.05596205	0.04760887	-3.17392500
3.07596205	0.04760887	-3.17392500
3.09596204	0.04760887	-3.17392500
3.11596204	0.04760887	-4.76088700
3.13596204	0.04760887	-4.76088700
3.15596204	0.04760887	-4.76088700
3.17596204	0.04760887	-4.76088700
3.19596204	0.04760887	-3.17392500
3.21596204	0.04760887	-4.76088700
3.23596204	0.04760887	-3.17392500
3.25596204	0.04760887	-3.17392500
3.27596204	0.03967406	-4.76088700
3.29596204	0.03967406	-3.17392500
3.31596204	0.03967406	-3.17392500
3.33596204	0.03967406	-1.58696200
3.35596204	0.03967406	-1.58696200
3.37596204	0.03967406	-1.58696200
3.39596204	0.03967406	-3.17392500
3.41596204	0.03967406	-1.58696200
3.43596204	0.03967406	-1.58696200
3.45596204	0.03967406	-3.17392500
3.47596204	0.03967406	-1.58696200
3.49596204	0.03967406	-1.58696200
3.51596204	0.03967406	-1.58696200
3.53596204	0.03967406	-3.17392500
3.55596204	0.03967406	-1.58696200
3.57596204	0.03967406	-3.17392500
3.59596204	0.03173925	-1.58696200
3.61596204	0.03173925	0.00000000
3.63596204	0.03173925	-3.17392500
3.65596204	0.03173925	-1.58696200
3.67596204	0.03173925	-1.58696200
3.69596204	0.03173925	-3.17392500
3.71596204	0.03173925	-3.17392500
3.73596204	0.03173925	-1.58696200
3.75596204	0.03173925	-3.17392500
3.77596204	0.03173925	-4.76088700
3.79596204	0.03173925	-4.76088700
3.81596204	0.03173925	-3.17392500
3.83596204	0.03173925	-3.17392500
3.85596204	0.03173925	-3.17392500
3.87596204	0.03173925	-4.76088700
3.89596204	0.03173925	-3.17392500
3.91596204	0.03173925	-4.76088700
3.93596204	0.03173925	-4.76088700
3.95596204	0.03173925	-4.76088700
3.97596204	0.02380444	-1.58696200
3.99596204	0.03173925	-3.17392500
4.01596204	0.03173925	-3.17392500
4.03596204	0.03173925	-3.17392500
4.05596204	0.02380444	-3.17392500
4.07596204	0.02380444	-3.17392500
4.09596204	0.02380444	-3.17392500
4.11596204	0.02380444	-3.17392500
4.13596204	0.02380444	-1.58696200
4.15596204	0.02380444	-1.58696200
4.17596204	0.02380444	-1.58696200
4.19596204	0.02380444	-1.58696200
4.21596204	0.02380444	-1.58696200
4.23596204	0.02380444	-1.58696200
4.25596204	0.02380444	-1.58696200
4.27596204	0.02380444	-1.58696200
4.29596204	0.02380444	-3.17392500
4.31596204	0.02380444	-3.17392500
4.33596204	0.02380444	-3.17392500
4.35596204	0.02380444	-4.76088700
4.37596204	0.02380444	-1.58696200
4.39596204	0.02380444	-3.17392500
4.41596204	0.02380444	-1.58696200
4.43596204	0.02380444	-1.58696200
4.45596204	0.02380444	-3.17392500
4.47596204	0.02380444	-3.17392500
4.49596204	0.02380444	-1.58696200
4.51596204	0.02380444	-3.17392500
4.53596204	0.02380444	-3.17392500
4.55596204	0.01586962	-3.17392500
4.57596204	0.01586962	-3.17392500
4.59596204	0.01586962	-1.58696200
4.61596204	0.01586962	-1.58696200
4.63596204	0.01586962	-3.17392500
4.65596204	0.01586962	-1.58696200
4.67596204	0.01586962	-3.17392500
4.69596204	0.01586962	-3.17392500
4.71596204	0.01586962	-4.76088700
4.73596203	0.01586962	-3.17392500
4.75596203	0.01586962	-1.58696200
4.77596203	0.01586962	-3.17392500
4.79596203	0.01586962	-3.17392500
4.81596203	0.01586962	-4.76088700
4.83596203	0.01586962	-4.76088700
4.85596203	0.01586962	-3.17392500
4.87596203	0.01586962	-3.17392500
4.89596203	0.01586962	-3.17392500
4.91596203	0.01586962	-3.17392500
4.93596203	0.01586962	-3.17392500
4.95596203	0.01586962	-3.17392500
4.97596203	0.01586962	-4.76088700
4.99596203	0.01586962	-4.76088700
5.01596203	0.01586962	-3.17392500
5.03596203	0.01586962	-3.17392500
5.05596203	0.01586962	-3.17392500
5.07596203	0.01586962	-1.58696200
5.09596203	0.01586962	-3.17392500
5.11596203	0.01586962	-3.17392500
5.13596203	0.01586962	-3.17392500
5.15596203	0.01586962	-3.17392500
5.17596203	0.01586962	-3.17392500
5.19596203	0.01586962	-1.58696200
5.21596203	0.01586962	-4.76088700
5.23596203	0.01586962	-1.58696200
5.25596203	0.00793481	-3.17392500
5.27596203	0.01586962	-1.58696200
5.29596203	0.01586962	-1.58696200
5.31596203	0.01586962	-1.58696200
5.33596203	0.01586962	-3.17392500
5.35596203	0.00793481	-3.17392500
5.37596203	0.01586962	-1.58696200
5.39596203	0.00793481	-3.17392500
5.41596203	0.00793481	-4.76088700
5.43596203	0.00793481	-4.76088700
5.45596203	0.00793481	-3.17392500
5.47596203	0.00793481	-3.17392500
5.49596203	0.00793481	-1.58696200
5.51596203	0.00793481	-1.58696200
5.53596203	0.00793481	-3.17392500
5.55596203	0.00793481	-1.58696200
5.57596203	0.00793481	-3.17392500
5.59596203	0.00793481	-1.58696200
5.61596203	0.00793481	-1.58696200
5.63596203	0.00793481	-1.58696200
5.65596203	0.00793481	-3.17392500
5.67596203	0.00793481	-3.17392500
5.69596203	0.00793481	-1.58696200
5.71596203	0.00793481	-3.17392500
5.73596203	0.00793481	-1.58696200
5.75596203	0.00793481	-1.58696200
5.77596203	0.00793481	-3.17392500
5.79596203	0.00793481	-3.17392500
5.81596203	0.00793481	-1.58696200
5.83596203	0.00793481	-3.17392500
5.85596203	0.00793481	-1.58696200
5.87596203	0.00793481	-1.58696200
5.89596203	0.00793481	0.00000000
5.91596203	0.00793481	-1.58696200
5.93596203	0.00793481	-1.58696200
5.95596203	0.00793481	-1.58696200
5.97596203	0.00793481	-3.17392500
5.99596203	0.00793481	-1.58696200
6.01596203	0.00793481	-4.76088700
6.03596203	0.00793481	-3.17392500
6.05596203	0.00793481	-3.17392500
6.07596203	0.00793481	-3.17392500
6.09596203	0.00793481	-1.58696200
6.11596203	0.00793481	-1.58696200
6.13596203	0.00793481	-3.17392500
6.15596203	0.00793481	-1.58696200
6.17596203	0.00793481	-3.17392500
6.19596203	0.00793481	-1.58696200
6.21596203	0.00793481	-1.58696200
6.23596203	0.00793481	-1.58696200
6.25596203	0.00793481	-1.58696200
6.27596203	0.00793481	-1.58696200
6.29596203	0.00793481	-3.17392500
6.31596203	0.00793481	-3.17392500
6.33596203	0.00793481	-3.17392500
6.35596203	0.00793481	-3.17392500
6.37596203	0.00793481	-4.76088700
6.39596202	0.00793481	-3.17392500
6.41596202	0.00793481	-3.17392500
6.43596202	0.00793481	-3.17392500
6.45596202	0.00793481	-3.17392500
6.47596202	0.00793481	-1.58696200
6.49596202	0.00000000	-1.58696200
6.51596202	0.00793481	0.00000000
6.53596202	0.00793481	-1.58696200
6.55596202	0.00793481	-1.58696200
6.57596202	0.00793481	-1.58696200
6.59596202	0.00793481	-1.58696200
6.61596202	0.00000000	-1.58696200
6.63596202	0.00000000	-3.17392500
6.65596202	0.00000000	-1.58696200
6.67596202	0.00000000	-1.58696200
6.69596202	0.00793481	-1.58696200
6.71596202	0.00000000	-3.17392500
6.73596202	0.00000000	-3.17392500
6.75596202	0.00000000	-3.17392500
6.77596202	0.00793481	-3.17392500
6.79596202	0.00000000	0.00000000
6.81596202	0.00000000	3.17392500
6.83596202	0.00000000	7.93481200
6.85596202	0.00000000	19.04355000
6.87596202	0.00000000	33.33232000
6.89596202	0.00000000	49.20194000
6.91596202	0.00000000	63.49071000
6.93596202	0.00000000	79.36033000
6.95596202	0.00000000	88.88821000
6.97596202	0.00000000	95.23605000
6.99596202	0.00000000	98.40998000
7.01596202	0.00000000	96.82302000
7.03596202	0.00000000	93.64910000
7.05596202	0.00000000	88.88821000
7.07596202	0.00000000	87.30125000
7.09596202	0.00000000	84.12122000
7.11596202	0.00000000	77.77337000
7.13596202	0.00000000	71.42551000
7.15596202	0.00000000	65.07767000
7.17596202	0.00000000	58.72982000
7.19596202	0.00000000	53.96283000
7.21596202	0.00000000	49.20194000
7.23596202	0.00000000	44.44105000
7.25596202	0.00000000	41.26713000
7.27596202	0.00000000	36.50624000
7.29596202	0.00000000	33.33232000
7.31596202	0.00000000	30.15839000
7.33596202	0.00000000	26.97836000
7.35596202	0.00000000	25.39140000
7.37596202	0.00000000	22.21748000
7.39596202	0.00000000	20.63051000
7.41596202	0.00000000	17.45659000
7.43596202	0.00000000	17.45659000
7.45596202	0.00000000	15.86962000
7.47596202	0.00000000	15.86962000
7.49596202	0.00000000	14.28266000
7.51596202	0.00000000	14.28266000
7.53596202	0.00000000	12.69570000
7.55596202	0.00000000	11.10874000
7.57596202	0.00000000	12.69570000
7.59596202	0.00000000	9.52177400
7.61596202	0.00000000	11.10874000
7.63596202	0.00000000	11.10874000
7.65596202	0.00000000	9.52177400
7.67596202	0.00000000	9.52177400
7.69596202	0.00000000	9.52177400
7.71596202	0.00000000	9.52177400
7.73596202	0.00000000	9.52177400
7.75596202	0.00000000	9.52177400
7.77596202	0.00000000	9.52177400
7.79596202	0.00000000	6.34785000
7.81596202	0.00000000	6.34785000
7.83596202	0.00000000	6.34785000
7.85596202	0.00000000	6.34785000
7.87596202	0.00000000	7.93481200
7.89596202	0.00000000	7.93481200
7.91596202	0.00000000	7.93481200
7.93596202	0.00000000	6.34785000
7.95596202	0.00000000	6.34785000
7.97596202	0.00000000	6.34785000
7.99596202	0.00000000	6.34785000
8.01596202	0.00000000	3.17392500
8.03596201	0.00000000	1.58696200
8.05596201	0.00000000	3.17392500
8.07596201	0.00000000	3.17392500
8.09596201	0.00000000	3.17392500
8.11596201	0.00000000	3.17392500
8.13596201	0.00000000	3.17392500
8.15596201	0.00000000	4.76088700
8.17596201	0.00000000	4.76088700
8.19596201	0.00000000	3.17392500
8.21596201	0.00000000	4.76088700
8.23596201	0.00000000	4.76088700
8.25596201	0.00000000	3.17392500
8.27596201	0.00000000	3.17392500
8.29596201	0.00000000	3.17392500
8.31596201	0.00000000	3.17392500
8.33596201	0.00000000	3.17392500
8.35596201	0.00000000	4.76088700
8.37596201	0.00000000	4.76088700
8.39596201	0.00000000	1.58696200
8.41596201	0.00000000	3.17392500
8.43596201	0.00000000	3.17392500
8.45596201	0.00000000	3.17392500
8.47596201	0.00000000	4.76088700
8.49596201	0.00000000	3.17392500
8.51596201	0.00000000	4.76088700
8.53596201	0.00000000	4.76088700
8.55596201	0.00000000	3.17392500
8.57596201	0.00000000	3.17392500
8.59596201	0.00000000	1.58696200
8.61596201	0.00000000	1.58696200
8.63596201	0.00000000	1.58696200
8.65596201	0.00000000	0.00000000
8.67596201	0.00000000	1.58696200
8.69596201	0.00000000	1.58696200
8.71596201	0.00000000	3.17392500
8.73596201	0.00000000	3.17392500
8.75596201	0.00000000	3.17392500
8.77596201	0.00000000	1.58696200
8.79596201	0.00000000	1.58696200
8.81596201	0.00000000	1.58696200
8.83596201	0.00000000	0.00000000
8.85596201	0.00000000	0.00000000
8.87596201	0.00000000	0.00000000
8.89596201	0.00000000	0.00000000
8.91596201	0.00000000	0.00000000
8.93596201	0.00000000	1.58696200
8.95596201	0.00000000	3.17392500
8.97596201	0.00000000	1.58696200
8.99596201	0.00000000	1.58696200
9.01596201	0.00000000	1.58696200
9.03596201	0.00000000	1.58696200
9.05596201	0.00000000	0.00000000
9.07596201	0.00000000	1.58696200
9.09596201	0.00000000	1.58696200
9.11596201	0.00000000	0.00000000
9.13596201	0.00000000	0.00000000
9.15596201	0.00000000	-1.58696200
9.17596201	0.00000000	0.00000000
9.19596201	0.00000000	1.58696200
9.21596201	0.00000000	0.00000000
9.23596201	0.00000000	0.00000000
9.25596201	0.00000000	0.00000000
9.27596201	0.00000000	0.00000000
9.29596201	0.00000000	-1.58696200
9.31596201	0.00000000	1.58696200
9.33596201	0.00000000	1.58696200
9.35596201	0.00000000	1.58696200
9.37596201	0.00000000	1.58696200
9.39596201	0.00000000	0.00000000
9.41596201	0.00000000	0.00000000
9.43596201	0.00000000	-1.58696200
9.45596201	0.00000000	-1.58696200
9.47596201	0.00000000	0.00000000
9.49596201	0.00000000	-1.58696200
9.51596201	0.00000000	-1.58696200
9.53596201	0.00000000	-1.58696200
9.55596201	0.00000000	-1.58696200
9.57596201	0.00000000	0.00000000
9.59596201	0.00000000	-1.58696200
9.61596201	0.00000000	1.58696200
9.63596201	0.00000000	0.00000000
9.65596201	0.00000000	0.00000000
9.67596200	0.00000000	0.00000000
9.69596200	0.00000000	1.58696200
9.71596200	0.00000000	0.00000000
9.73596200	0.00000000	0.00000000
9.75596200	0.00000000	0.00000000
9.77596200	0.00000000	0.00000000
9.79596200	0.00000000	0.00000000
9.81596200	0.00000000	0.00000000
9.83596200	0.00000000	-1.58696200
9.85596200	0.00000000	-1.58696200
9.87596200	0.00000000	-3.17392500
9.89596200	0.00000000	-1.58696200
9.91596200	0.00000000	0.00000000
9.93596200	0.00000000	-1.58696200
9.95596200	0.00000000	-1.58696200
9.97596200	0.00000000	-1.58696200
9.99596200	0.00000000	-1.58696200
10.01596200	0.00000000	-1.58696200
10.03596200	0.00000000	-3.17392500
10.05596200	0.00000000	-1.58696200
10.07596200	0.00000000	-3.17392500
10.09596200	0.00000000	-1.58696200
10.11596200	0.00000000	0.00000000
10.13596200	0.00000000	0.00000000
10.15596200	0.00000000	1.58696200
10.17596200	0.00000000	0.00000000
10.19596200	0.00000000	0.00000000
10.21596200	0.00000000	0.00000000
10.23596200	0.00000000	-1.58696200
10.25596200	0.00000000	-1.58696200
10.27596200	0.00000000	-1.58696200
10.29596200	0.00000000	0.00000000
10.31596200	0.00000000	0.00000000
10.33596200	0.00000000	0.00000000
10.35596200	0.00000000	0.00000000
10.37596200	0.00000000	0.00000000
10.39596200	0.00000000	0.00000000
10.41596200	0.00000000	0.00000000
10.43596200	0.00000000	0.00000000
10.45596200	0.00000000	-1.58696200
10.47596200	0.00000000	-1.58696200
10.49596200	0.00000000	-1.58696200
10.51596200	0.00000000	-1.58696200
10.53596200	0.00000000	-1.58696200
10.55596200	0.00000000	0.00000000
10.57596200	0.00000000	-1.58696200
10.59596200	0.00000000	-1.58696200
10.61596200	0.00000000	-1.58696200
10.63596200	0.00000000	-3.17392500
10.65596200	0.00000000	-3.17392500
10.67596200	0.00000000	-3.17392500
10.69596200	0.00000000	-1.58696200
10.71596200	0.00000000	-3.17392500
10.73596200	0.00000000	-1.58696200
10.75596200	0.00000000	-1.58696200
10.77596200	0.00000000	-3.17392500
10.79596200	0.00000000	-3.17392500
10.81596200	0.00000000	-1.58696200
10.83596200	0.00000000	-3.17392500
10.85596200	0.00000000	-3.17392500
10.87596200	0.00000000	-4.76088700
10.89596200	0.00000000	-3.17392500
10.91596200	0.00000000	-3.17392500
10.93596200	0.00000000	-1.58696200
10.95596200	0.00000000	-1.58696200
10.97596200	0.00000000	-1.58696200
10.99596200	0.00000000	0.00000000
11.01596200	0.00000000	-1.58696200
11.03596200	0.00000000	-1.58696200
11.05596200	0.00000000	-3.17392500
11.07596200	0.00000000	-3.17392500
11.09596200	0.00000000	-3.17392500
11.11596200	0.00000000	-3.17392500
11.13596200	0.00000000	-3.17392500
11.15596200	0.00000000	-3.17392500
11.17596200	0.00000000	-1.58696200
11.19596200	0.00000000	-3.17392500
11.21596200	0.00000000	-1.58696200
11.23596200	0.00000000	-1.58696200
11.25596200	0.00000000	-1.58696200
11.27596200	0.00000000	-1.58696200
11.29596200	0.00000000	0.00000000
11.31596199	0.00000000	-1.58696200
11.33596199	0.00000000	0.00000000
11.35596199	0.00000000	-1.58696200
11.37596199	0.00000000	0.00000000
11.39596199	0.00000000	-1.58696200
11.41596199	0.00000000	-1.58696200
11.43596199	0.00000000	-3.17392500
11.45596199	0.00000000	-3.17392500
11.47596199	0.00000000	-3.17392500
11.49596199	0.00000000	-1.58696200
11.51596199	0.00000000	-3.17392500
11.53596199	0.00000000	-3.17392500
11.55596199	0.00000000	-1.58696200
11.57596199	0.00000000	-1.58696200
11.59596199	0.00000000	-1.58696200
11.61596199	0.00000000	0.00000000
11.63596199	-0.00793481	0.00000000
11.65596199	0.00000000	-1.58696200
11.67596199	0.00000000	-1.58696200
11.69596199	0.00000000	-1.58696200
11.71596199	0.00000000	-1.58696200
11.73596199	0.00000000	-1.58696200
11.75596199	0.00000000	0.00000000
11.77596199	0.00000000	0.00000000
11.79596199	0.00000000	-1.58696200
11.81596199	0.00000000	-1.58696200
11.83596199	0.00000000	0.00000000
11.85596199	0.00000000	-1.58696200
11.87596199	0.00000000	0.00000000
11.89596199	0.00000000	-1.58696200
11.91596199	0.00000000	-1.58696200
11.93596199	0.00000000	-1.58696200
11.95596199	0.00000000	-1.58696200
11.97596199	0.00000000	0.00000000
11.99596199	0.00000000	0.00000000
12.01596199	0.00000000	0.00000000
12.03596199	0.00000000	-1.58696200
12.05596199	0.00000000	-1.58696200
12.07596199	0.00000000	-1.58696200
12.09596199	0.00000000	-1.58696200
12.11596199	0.00000000	-3.17392500
12.13596199	0.00000000	-1.58696200
12.15596199	0.00000000	-1.58696200
12.17596199	0.00000000	-1.58696200
12.19596199	0.00000000	-1.58696200
12.21596199	0.00000000	-1.58696200
12.23596199	0.00000000	-1.58696200
12.25596199	0.00000000	-1.58696200
12.27596199	0.00000000	-1.58696200
12.29596199	0.00000000	-3.17392500
12.31596199	0.00000000	-3.17392500
12.33596199	0.00000000	-1.58696200
12.35596199	0.00000000	-1.58696200
12.37596199	0.00000000	-1.58696200
12.39596199	0.00000000	-1.58696200
12.41596199	0.00000000	-1.58696200
12.43596199	0.00000000	0.00000000
12.45596199	0.00000000	0.00000000
12.47596199	0.00000000	0.00000000
12.49596199	0.00000000	0.00000000
12.51596199	0.00000000	-1.58696200
12.53596199	0.00000000	0.00000000
12.55596199	0.00000000	-3.17392500
12.57596199	0.00000000	-1.58696200
12.59596199	0.00000000	0.00000000
12.61596199	0.00000000	-1.58696200
12.63596199	0.00000000	-1.58696200
12.65596199	0.00000000	-3.17392500
12.67596199	0.00000000	0.00000000
12.69596199	0.00000000	-1.58696200
12.71596199	0.00000000	-1.58696200
12.73596199	0.00000000	-3.17392500
12.75596199	0.00000000	-1.58696200
12.77596199	0.00000000	-3.17392500
12.79596199	0.00000000	-1.58696200
12.81596199	0.00000000	-4.76088700
12.83596199	0.00000000	-3.17392500
12.85596199	0.00000000	-3.17392500
12.87596199	0.00000000	-3.17392500
12.89596199	0.00000000	-3.17392500
12.91596199	0.00000000	-3.17392500
12.93596199	0.00000000	-3.17392500
12.95596199	0.00000000	-3.17392500
12.97596198	0.00000000	-3.17392500
12.99596198	0.00000000	-3.17392500
13.01596198	0.00000000	-3.17392500
13.03596198	0.00000000	-1.58696200
13.05596198	0.00000000	-1.58696200
13.07596198	0.00000000	-1.58696200
13.09596198	0.00000000	-1.58696200
13.11596198	0.00000000	-1.58696200
13.13596198	-0.00793481	-4.76088700
13.15596198	-0.00793481	-6.34785000
13.17596198	0.00000000	-4.76088700
13.19596198	0.00000000	-4.76088700
13.21596198	0.00000000	-3.17392500
13.23596198	0.00000000	-1.58696200
13.25596198	0.00000000	-3.17392500
13.27596198	-0.00793481	-3.17392500
13.29596198	0.00000000	-4.76088700
13.31596198	0.00000000	-3.17392500
13.33596198	0.00000000	-3.17392500
13.35596198	0.00000000	-1.58696200
13.37596198	0.00000000	-1.58696200
13.39596198	-0.00793481	-1.58696200
13.41596198	0.00000000	-1.58696200
13.43596198	0.00000000	-1.58696200
13.45596198	0.00000000	-1.58696200
13.47596198	0.00000000	-1.58696200
13.49596198	0.00000000	-1.58696200
13.51596198	0.00000000	-1.58696200
13.53596198	0.00000000	-1.58696200
13.55596198	0.00000000	0.00000000
13.57596198	0.00000000	-1.58696200
13.59596198	0.00000000	-1.58696200
13.61596198	0.00000000	-1.58696200
13.63596198	0.00000000	-1.58696200
13.65596198	0.00000000	-1.58696200
13.67596198	0.00000000	0.00000000
13.69596198	0.00000000	0.00000000
13.71596198	0.00000000	-1.58696200
13.73596198	0.00000000	0.00000000
13.75596198	0.00000000	-1.58696200
13.77596198	-0.00793481	-1.58696200
13.79596198	0.00000000	0.00000000
13.81596198	0.00000000	-1.58696200
13.83596198	0.00000000	0.00000000
13.85596198	0.00000000	0.00000000
13.87596198	0.00000000	0.00000000
13.89596198	-0.00793481	0.00000000
13.91596198	0.00000000	-1.58696200
13.93596198	0.00000000	-1.58696200
13.95596198	0.00000000	-1.58696200
13.97596198	0.00000000	0.00000000
13.99596198	0.00000000	-1.58696200
14.01596198	0.00000000	-1.58696200
14.03596198	0.00000000	-1.58696200
14.05596198	-0.00793481	-1.58696200
14.07596198	0.00000000	-3.17392500
14.09596198	0.00000000	-3.17392500
14.11596198	0.00000000	-1.58696200
14.13596198	0.00000000	-1.58696200
14.15596198	0.00000000	-1.58696200
14.17596198	0.00000000	-1.58696200
14.19596198	-0.00793481	-1.58696200
14.21596198	0.00000000	-1.58696200
14.23596198	0.00000000	-1.58696200
14.25596198	0.00000000	-1.58696200
14.27596198	0.00000000	-1.58696200
14.29596198	0.00000000	-1.58696200
14.31596198	0.00000000	-3.17392500
14.33596198	0.00000000	-3.17392500
14.35596198	0.00000000	-1.58696200
14.37596198	0.00000000	-1.58696200
14.39596198	0.00000000	-3.17392500
14.41596198	0.00000000	-1.58696200
14.43596198	0.00000000	-1.58696200
14.45596198	0.00000000	-1.58696200
14.47596198	0.00000000	-1.58696200
14.49596198	0.00000000	-1.58696200
14.51596198	0.00000000	-1.58696200
14.53596198	0.00000000	-1.58696200
14.55596198	0.00000000	-1.58696200
14.57596198	0.00000000	-3.17392500
14.59596198	-0.00793481	-1.58696200
14.61596197	0.00000000	-3.17392500
14.63596197	-0.00793481	-1.58696200
14.65596197	0.00000000	-3.17392500
14.67596197	0.00000000	-1.58696200
14.69596197	0.00000000	-1.58696200
14.71596197	0.00000000	-1.58696200
14.73596197	0.00000000	-3.17392500
14.75596197	0.00000000	-3.17392500
14.77596197	0.00000000	-3.17392500
14.79596197	0.00000000	-3.17392500
14.81596197	0.00000000	-3.17392500
14.83596197	0.00000000	-3.17392500
14.85596197	0.00000000	-3.17392500
14.87596197	0.00000000	-3.17392500
14.89596197	0.00000000	-3.17392500
14.91596197	0.00000000	-3.17392500
14.93596197	0.00000000	-3.17392500
14.95596197	0.00000000	-3.17392500
14.97596197	0.00000000	0.00000000
14.99596197	0.00000000	-1.58696200
15.01596197	0.00000000	-1.58696200
15.03596197	0.00000000	-1.58696200
15.05596197	0.00000000	-1.58696200
15.07596197	0.00000000	-1.58696200
15.09596197	0.00000000	-1.58696200
15.11596197	0.00000000	-1.58696200
15.13596197	0.00000000	-1.58696200
15.15596197	0.00000000	-3.17392500
15.17596197	0.00000000	-1.58696200
15.19596197	0.00000000	-3.17392500
15.21596197	0.00000000	-3.17392500
15.23596197	0.00000000	-3.17392500
15.25596197	0.00000000	-3.17392500
15.27596197	0.00000000	-3.17392500
15.29596197	0.00000000	-3.17392500
15.31596197	0.00000000	-1.58696200
15.33596197	0.00000000	-3.17392500
15.35596197	0.00000000	-1.58696200
15.37596197	0.00000000	-1.58696200
15.39596197	0.00000000	-1.58696200
15.41596197	0.00000000	-1.58696200
15.43596197	0.00000000	-3.17392500
15.45596197	0.00000000	-1.58696200
15.47596197	0.00000000	-1.58696200
15.49596197	0.00000000	-1.58696200
15.51596197	-0.00793481	-1.58696200
15.53596197	0.00000000	-1.58696200
15.55596197	0.00000000	-1.58696200
15.57596197	0.00000000	-1.58696200
15.59596197	0.00000000	-1.58696200
15.61596197	0.00000000	-1.58696200
15.63596197	0.00000000	0.00000000
15.65596197	0.00000000	-1.58696200
15.67596197	0.00000000	-3.17392500
15.69596197	0.00000000	-4.76088700
15.71596197	0.00000000	-4.76088700
15.73596197	0.00000000	-4.76088700
15.75596197	0.00000000	-3.17392500
15.77596197	0.00000000	-3.17392500
15.79596197	0.00000000	-4.76088700
15.81596197	0.00000000	-1.58696200
15.83596197	0.00000000	-3.17392500
15.85596197	0.00000000	-1.58696200
15.87596197	0.00000000	-1.58696200
15.89596197	0.00000000	0.00000000
15.91596197	0.00000000	-1.58696200
15.93596197	0.00000000	0.00000000
15.95596197	0.00000000	-3.17392500
15.97596197	0.00000000	-3.17392500
15.99596197	0.00000000	-3.17392500
16.01596197	0.00000000	-3.17392500
16.03596197	0.00000000	-3.17392500
16.05596197	0.00000000	-1.58696200
16.07596197	0.00000000	-1.58696200
16.09596197	0.00000000	-1.58696200
16.11596197	0.00000000	-1.58696200
16.13596197	0.00000000	-1.58696200
16.15596197	0.00000000	-1.58696200
16.17596197	0.00000000	-1.58696200
16.19596197	0.00000000	-1.58696200
16.21596197	0.00000000	-1.58696200
16.23596197	0.00000000	-3.17392500
16.25596196	0.00000000	-1.58696200
16.27596196	0.00000000	-1.58696200
16.29596196	-0.00793481	-3.17392500
16.31596196	0.00000000	-1.58696200
16.33596196	0.00000000	-1.58696200
16.35596196	0.00000000	-3.17392500
16.37596196	0.00000000	-3.17392500
16.39596196	0.00000000	-4.76088700
16.41596196	0.00000000	-3.17392500
16.43596196	0.00000000	-1.58696200
16.45596196	-0.00793481	-1.58696200
16.47596196	0.00000000	0.00000000
16.49596196	0.00000000	0.00000000
16.51596196	0.00000000	0.00000000
16.53596196	0.00000000	0.00000000
16.55596196	0.00000000	-1.58696200
16.57596196	0.00000000	-1.58696200
16.59596196	0.00000000	0.00000000
16.61596196	0.00000000	-1.58696200
16.63596196	0.00000000	-1.58696200
16.65596196	0.00000000	-1.58696200
16.67596196	0.00000000	-1.58696200
16.69596196	0.00000000	0.00000000
16.71596196	0.00000000	0.00000000
16.73596196	0.00000000	0.00000000
16.75596196	0.00000000	0.00000000
16.77596196	0.00000000	0.00000000
16.79596196	0.00000000	-1.58696200
16.81596196	0.00000000	-1.58696200
16.83596196	0.00000000	-3.17392500
16.85596196	0.00000000	-3.17392500
16.87596196	0.00000000	-1.58696200
16.89596196	0.00000000	-3.17392500
16.91596196	0.00000000	-3.17392500
16.93596196	0.00000000	-1.58696200
16.95596196	0.00000000	-1.58696200
16.97596196	0.00000000	-1.58696200
16.99596196	0.00000000	-1.58696200
17.01596196	0.00000000	-1.58696200
17.03596196	0.00000000	-1.58696200
17.05596196	0.00000000	-1.58696200
17.07596196	0.00000000	-1.58696200
17.09596196	0.00000000	0.00000000
17.11596196	0.00000000	0.00000000
17.13596196	0.00000000	-1.58696200
17.15596196	0.00000000	-1.58696200
17.17596196	0.00000000	-1.58696200
17.19596196	-0.00793481	-3.17392500
17.21596196	0.00000000	-1.58696200
17.23596196	0.00000000	-1.58696200
17.25596196	0.00000000	-1.58696200
17.27596196	0.00000000	-3.17392500
17.29596196	0.00000000	-1.58696200
17.31596196	0.00000000	-1.58696200
17.33596196	0.00000000	-1.58696200
17.35596196	0.00000000	0.00000000
17.37596196	0.00000000	0.00000000
17.39596196	0.00000000	-1.58696200
17.41596196	0.00000000	-1.58696200
17.43596196	0.00000000	-3.17392500
17.45596196	0.00000000	-3.17392500
17.47596196	0.00000000	-3.17392500
17.49596196	0.00000000	-3.17392500
17.51596196	0.00000000	-1.58696200
17.53596196	0.00000000	0.00000000
17.55596196	0.00000000	0.00000000
17.57596196	0.00000000	-1.58696200
17.59596196	0.00000000	-1.58696200
17.61596196	0.00000000	-1.58696200
17.63596196	0.00000000	0.00000000
17.65596196	0.00000000	0.00000000
17.67596196	0.00000000	-1.58696200
17.69596196	0.00000000	-1.58696200
17.71596196	0.00000000	0.00000000
17.73596196	0.00000000	-1.58696200
17.75596196	0.00000000	-1.58696200
17.77596196	0.00000000	-1.58696200
17.79596196	0.00000000	-3.17392500
17.81596196	0.00000000	-1.58696200
17.83596196	0.00000000	-3.17392500
17.85596196	0.00000000	-3.17392500
17.87596196	0.00000000	-1.58696200
17.89596196	0.00000000	0.00000000
17.91596195	0.00000000	0.00000000
17.93596195	-0.00793481	0.00000000
17.95596195	0.00000000	-1.58696200
17.97596195	0.00000000	-1.58696200
17.99596195	0.00000000	-1.58696200
18.01596195	0.00000000	-1.58696200
18.03596195	0.00000000	0.00000000
18.05596195	0.00000000	-1.58696200
