Time	Channel A	Channel B
(us)	(V)	(mV)

-1.00956303	0.00000000	1.56254800
-1.00456303	0.00000000	1.47099200
-0.99956303	0.00000000	1.94097700
-0.99456303	0.00000000	2.96029500
-0.98956303	0.00012207	2.93588100
-0.98456303	0.00057985	1.82500700
-0.97956303	-0.00177007	1.80059200
-0.97456303	-0.00686667	2.81991000
-0.96956303	-0.00686667	3.31431000
-0.96456303	-0.00177007	3.31431000
-0.95956303	0.00057985	2.84432500
-0.95456303	0.00012207	1.91656200
-0.94956303	0.00000000	1.44657700
-0.94456303	0.00000000	1.44657700
-0.93956303	0.00012207	1.94097700
-0.93456303	0.00057985	2.96029500
-0.92956303	-0.00177007	2.96029500
-0.92456303	-0.00686667	1.94097700
-0.91956303	-0.00686667	1.47099200
-0.91456303	-0.00177007	1.56254800
-0.90956303	0.00057985	1.58696200
-0.90456303	0.00012207	1.58696200
-0.89956303	0.00000000	1.61137700
-0.89456303	0.00000000	1.70293300
-0.88956303	0.00012207	1.25736300
-0.88456303	0.00057985	0.32959990
-0.87956303	-0.00177007	-0.11597030
-0.87456303	-0.00686667	-0.02441481
-0.86956303	-0.00674459	0.00000000
-0.86456303	-0.00119022	0.00000000
-0.85956303	-0.00119022	0.00000000
-0.85456303	-0.00674459	0.00000000
-0.84956303	-0.00686667	0.00000000
-0.84456303	-0.00177007	0.00000000
-0.83956303	0.00057985	0.00000000
-0.83456303	0.00012207	0.00000000
-0.82956303	0.00000000	0.00000000
-0.82456303	0.00000000	0.00000000
-0.81956303	0.00012207	-0.02441481
-0.81456303	0.00057985	-0.11597030
-0.80956303	-0.00177007	0.35401470
-0.80456303	-0.00686667	1.37333300
-0.79956303	-0.00686667	1.39774800
-0.79456303	-0.00177007	0.46998500
-0.78956303	0.00057985	-0.46998500
-0.78456303	0.00012207	-1.39774800
-0.77956303	0.00000000	-1.37333300
-0.77456303	0.00000000	-0.35401470
-0.76956303	0.00000000	0.09155553
-0.76456303	0.00000000	-0.09155553
-0.75956303	0.00000000	0.35401470
-0.75456303	0.00000000	1.37333300
-0.74956303	0.00000000	1.37333300
-0.74456303	0.00000000	0.35401470
-0.73956303	0.00000000	-0.11597030
-0.73456303	0.00000000	-0.02441481
-0.72956303	0.00000000	0.00000000
-0.72456303	0.00000000	0.00000000
-0.71956303	0.00000000	0.00000000
-0.71456303	0.00000000	0.00000000
-0.70956303	0.00000000	0.00000000
-0.70456304	0.00000000	0.00000000
-0.69956304	0.00000000	0.00000000
-0.69456304	0.00000000	0.00000000
-0.68956304	0.00000000	0.00000000
-0.68456304	0.00000000	0.00000000
-0.67956304	0.00000000	0.00000000
-0.67456304	0.00000000	0.00000000
-0.66956304	0.00000000	-0.02441481
-0.66456304	0.00000000	-0.11597030
-0.65956304	0.00000000	0.32959990
-0.65456304	0.00000000	1.25736300
-0.64956304	0.00000000	1.72734800
-0.64456304	0.00000000	1.72734800
-0.63956304	0.00000000	1.23294800
-0.63456304	0.00000000	0.21362960
-0.62956304	0.00000000	0.23804440
-0.62456304	0.00000000	1.34891800
-0.61956304	0.00000000	1.34891800
-0.61456304	0.00000000	0.23804440
-0.60956304	0.00000000	0.23804440
-0.60456304	0.00000000	1.34891800
-0.59956304	0.00000000	1.34891800
-0.59456304	0.00000000	0.23804440
-0.58956304	0.00000000	0.21362960
-0.58456304	0.00000000	1.23294800
-0.57956304	0.00000000	1.70293300
-0.57456304	0.00000000	1.61137700
-0.56956304	0.00000000	1.58696200
-0.56456304	0.00000000	1.58696200
-0.55956304	0.00000000	1.58696200
-0.55456304	0.00000000	1.58696200
-0.54956304	0.00000000	1.61137700
-0.54456304	0.00000000	1.70293300
-0.53956304	0.00000000	1.25736300
-0.53456304	0.00000000	0.32959990
-0.52956304	0.00000000	-0.14038510
-0.52456304	0.00000000	-0.14038510
-0.51956304	0.00000000	0.35401470
-0.51456304	0.00000000	1.37333300
-0.50956304	0.00000000	1.37333300
-0.50456304	0.00000000	0.35401470
-0.49956304	0.00000000	-0.09155553
-0.49456304	0.00000000	0.09155553
-0.48956304	0.00000000	-0.32959990
-0.48456304	0.00000000	-1.25736300
-0.47956304	0.00000000	-1.70293300
-0.47456304	0.00000000	-1.61137700
-0.46956304	0.00000000	-1.58696200
-0.46456304	0.00000000	-1.58696200
-0.45956304	0.00000000	-1.58696200
-0.45456304	0.00000000	-1.58696200
-0.44956304	0.00000000	-1.58696200
-0.44456304	0.00000000	-1.58696200
-0.43956304	0.00000000	-1.58696200
-0.43456304	0.00000000	-1.58696200
-0.42956304	0.00000000	-1.61137700
-0.42456304	0.00000000	-1.70293300
-0.41956304	0.00000000	-1.25736300
-0.41456304	0.00000000	-0.32959990
-0.40956304	0.00012207	0.11597030
-0.40456304	0.00057985	0.02441481
-0.39956304	-0.00177007	-0.02441481
-0.39456304	-0.00686667	-0.11597030
-0.38956304	-0.00686667	0.35401470
-0.38456304	-0.00177007	1.37333300
-0.37956304	0.00057985	1.37333300
-0.37456304	0.00012207	0.35401470
-0.36956304	0.00000000	-0.11597030
-0.36456304	0.00000000	-0.02441481
-0.35956304	0.00000000	0.00000000
-0.35456304	0.00000000	0.00000000
-0.34956304	0.00000000	0.00000000
-0.34456304	0.00000000	0.00000000
-0.33956304	0.00000000	0.00000000
-0.33456304	0.00000000	0.00000000
-0.32956304	0.00012207	0.00000000
-0.32456304	0.00057985	0.00000000
-0.31956304	-0.00177007	0.00000000
-0.31456304	-0.00686667	0.00000000
-0.30956304	-0.00686667	-0.02441481
-0.30456304	-0.00177007	-0.11597030
-0.29956304	0.00070193	0.32959990
-0.29456304	0.00070193	1.25736300
-0.28956304	-0.00177007	1.72734800
-0.28456304	-0.00686667	1.72734800
-0.27956304	-0.00686667	1.25736300
-0.27456304	-0.00177007	0.32959990
-0.26956304	0.00057985	-0.11597030
-0.26456304	0.00012207	-0.02441481
-0.25956304	0.00000000	0.00000000
-0.25456304	0.00000000	0.00000000
-0.24956304	0.00012207	0.00000000
-0.24456304	0.00057985	0.00000000
-0.23956304	-0.00177007	0.00000000
-0.23456304	-0.00686667	0.00000000
-0.22956304	-0.00674459	-0.02441481
-0.22456304	-0.00119022	-0.11597030
-0.21956304	-0.00119022	0.35401470
-0.21456304	-0.00674459	1.37333300
-0.20956304	-0.00686667	1.34891800
-0.20456304	-0.00177007	0.23804440
-0.19956304	0.00057985	0.18921480
-0.19456304	0.00012207	1.11697700
-0.18956304	0.00000000	2.03253300
-0.18456304	0.00000000	2.86874000
-0.17956304	0.00000000	3.28989500
-0.17456304	0.00000000	3.19834000
-0.16956304	0.00000000	3.19834000
-0.16456304	0.00000000	3.28989500
-0.15956304	0.00000000	2.84432500
-0.15456304	0.00000000	1.91656200
-0.14956304	0.00000000	1.47099200
-0.14456304	0.00000000	1.56254800
-0.13956304	0.00000000	1.58696200
-0.13456304	0.00000000	1.58696200
-0.12956304	0.00000000	1.58696200
-0.12456304	0.00000000	1.58696200
-0.11956304	0.00000000	1.61137700
-0.11456304	0.00000000	1.70293300
-0.10956304	-0.00012207	1.25736300
-0.10456304	-0.00057985	0.32959990
-0.09956304	0.00164800	-0.06714072
-0.09456304	0.00628681	0.20752580
-0.08956304	0.00827052	-0.61647390
-0.08456304	0.00689718	-2.27668100
-0.07956304	0.01110874	-4.04675400
-0.07456304	0.01992859	-5.61540600
-0.06956304	0.02639851	-6.90939000
-0.06456304	0.02914518	-7.65404200
-0.05956304	0.03552354	-8.02636700
-0.05456304	0.04382458	-7.84325600
-0.04956304	0.05020295	-8.26441300
-0.04456304	0.05294961	-9.19217500
-0.03956304	0.05932798	-9.61333000
-0.03456304	0.06762902	-9.43021900
-0.02956304	0.07412946	-9.85137500
-0.02456304	0.07733390	-10.77914000
-0.01956304	0.08145390	-11.24912000
-0.01456304	0.08517716	-11.24912000
-0.00956304	0.08938871	-10.77914000
-0.00456304	0.09311197	-9.85137500
0.00043696	0.09723197	-9.38139000
0.00543696	0.10043640	-9.38139000
0.01043696	0.10693690	-9.87579000
0.01543696	0.11523790	-10.89511000
0.02043696	0.12173830	-10.89511000
0.02543696	0.12494280	-9.87579000
0.03043696	0.12897120	-9.40580500
0.03543696	0.13217570	-9.49735900
0.04043696	0.13867610	-9.52177400
0.04543696	0.14700770	-9.52177400
0.05043696	0.15350810	-9.52177400
0.05543696	0.15671250	-9.52177400
0.06043696	0.16083250	-9.52177400
0.06543696	0.16455580	-9.52177400
0.07043696	0.16876740	-9.54619000
0.07543696	0.17249060	-9.63774600
0.08043696	0.17670220	-9.16776000
0.08543696	0.18042540	-8.14844100
0.09043696	0.18463700	-8.14844100
0.09543696	0.18836020	-9.16776000
0.10043696	0.19257180	-9.63774600
0.10543696	0.19629510	-9.54619000
0.11043696	0.20050660	-9.49735900
0.11543696	0.20422990	-9.40580500
0.12043696	0.20856350	-9.85137500
0.12543696	0.21274450	-10.77914000
0.13043696	0.21472820	-11.22471000
0.13543696	0.21381270	-11.13315000
0.14043696	0.21579640	-11.08432000
0.14543696	0.21997740	-10.99277000
0.15043696	0.22443310	-11.43834000
0.15543696	0.22861420	-12.36610000
0.16043696	0.23059790	-12.83609000
0.16543696	0.22968230	-12.83609000
0.17043696	0.23166600	-12.39052000
0.17543696	0.23584700	-11.55431000
0.18043696	0.24030270	-10.63875000
0.18543696	0.24448380	-9.71098900
0.19043696	0.24646750	-9.73540400
0.19543696	0.24555190	-10.75472000
0.20043696	0.24765770	-11.22471000
0.20543696	0.25229650	-11.13315000
0.21043696	0.25452440	-11.10874000
0.21543696	0.25406660	-11.10874000
0.22043696	0.25382240	-11.13315000
0.22543696	0.25336470	-11.22471000
0.23043696	0.25559250	-10.75472000
0.23543696	0.26023130	-9.73540400
0.24043696	0.26233710	-9.73540400
0.24543696	0.26142160	-10.75472000
0.25043696	0.26352730	-11.22471000
0.25543696	0.26816620	-11.13315000
0.26043696	0.27039400	-11.10874000
0.26543696	0.26993620	-11.10874000
0.27043696	0.26981410	-11.10874000
0.27543696	0.26981410	-11.10874000
0.28043696	0.26969210	-11.08432000
0.28543696	0.26923430	-10.99277000
0.29043696	0.27146210	-11.43834000
0.29543696	0.27610100	-12.36610000
0.30043696	0.27832880	-12.83609000
0.30543696	0.27787100	-12.83609000
0.31043696	0.27774890	-12.34169000
0.31543696	0.27774890	-11.32237000
0.32043696	0.27774890	-11.29795000
0.32543696	0.27774890	-12.22571000
0.33043696	0.27774890	-13.14127000
0.33543696	0.27774890	-13.97748000
0.34043696	0.27774890	-14.39863000
0.34543696	0.27774890	-14.30708000
0.35043696	0.27774890	-14.28266000
0.35543696	0.27774890	-14.28266000
0.36043696	0.27774890	-14.30708000
0.36543696	0.27774890	-14.39863000
0.37043696	0.27774890	-13.95306000
0.37543696	0.27774890	-13.02530000
0.38043696	0.27762690	-12.57973000
0.38543696	0.27716910	-12.67128000
0.39043696	0.27951900	-12.67128000
0.39543696	0.28464610	-12.57973000
0.40043696	0.28464610	-13.07413000
0.40543696	0.27951900	-14.18500000
0.41043696	0.27716910	-13.73943000
0.41543696	0.27762690	-11.79235000
0.42043696	0.27774890	-10.87680000
0.42543696	0.27774890	-11.05991000
0.43043696	0.27774890	-11.13315000
0.43543696	0.27774890	-11.22471000
0.44043696	0.27774890	-10.73031000
0.44543696	0.27774890	-9.61943300
0.45043696	0.27774890	-10.11383000
0.45543696	0.27774890	-12.24403000
0.46043696	0.27774890	-12.26844000
0.46543696	0.27774890	-10.22980000
0.47043696	0.27787100	-9.28983400
0.47543696	0.27832880	-9.47294500
0.48043696	0.27610100	-9.54619000
0.48543696	0.27146210	-9.63774600
0.49043696	0.26923430	-9.16776000
0.49543696	0.26969210	-8.14844100
0.50043696	0.26981410	-8.17285700
0.50543696	0.26981410	-9.28373100
0.51043696	0.26993620	-9.30814500
0.51543696	0.27039400	-8.28882700
0.52043696	0.26816620	-7.84325600
0.52543696	0.26352730	-8.02636700
0.53043696	0.26142160	-7.58079800
0.53543696	0.26233710	-6.56148000
0.54043696	0.26023130	-6.56148000
0.54543696	0.25559250	-7.58079800
0.55043696	0.25336470	-8.05078300
0.55543696	0.25382240	-7.95922800
0.56043696	0.25406660	-7.91039800
0.56543696	0.25452440	-7.81884200
0.57043696	0.25229650	-8.31324200
0.57543696	0.24765770	-9.42411600
0.58043696	0.24542990	-8.95413000
0.58543696	0.24588760	-6.91549400
0.59043696	0.24613180	-6.44550900
0.59543696	0.24658960	-7.55638300
0.60043696	0.24436170	-8.05078300
0.60543696	0.23972290	-7.95922800
0.61043696	0.23749500	-7.93481200
0.61543696	0.23795280	-7.93481200
0.62043696	0.23807490	-7.93481200
0.62543696	0.23807490	-7.93481200
0.63043696	0.23819700	-7.95922800
0.63543696	0.23865470	-8.05078300
0.64043696	0.23642690	-7.60521200
0.64543696	0.23178810	-6.67745000
0.65043696	0.22956020	-6.23187900
0.65543696	0.23001800	-6.32343500
0.66043696	0.23014010	-6.37226500
0.66543696	0.23014010	-6.46382000
0.67043696	0.23014010	-5.99383500
0.67543696	0.23014010	-4.97451700
0.68043696	0.23026220	-4.97451700
0.68543696	0.23071990	-5.99383500
0.69043696	0.22849210	-6.46382000
0.69543696	0.22385330	-6.37226500
0.70043696	0.22162540	-6.37226500
0.70543696	0.22208320	-6.46382000
0.71043696	0.22220530	-6.01825000
0.71543696	0.22220530	-5.09048700
0.72043696	0.22220530	-4.64491700
0.72543696	0.22220530	-4.73647300
0.73043696	0.22232730	-4.76088700
0.73543696	0.22278510	-4.76088700
0.74043696	0.22055730	-4.78530200
0.74543696	0.21591850	-4.87685800
0.75043696	0.21369060	-4.40687300
0.75543696	0.21414840	-3.38755500
0.76043696	0.21427050	-3.41196900
0.76543696	0.21427050	-4.52284300
0.77043696	0.21427050	-4.54725700
0.77543696	0.21427050	-3.52794000
0.78043696	0.21427050	-3.03354000
0.78543696	0.21427050	-3.03354000
0.79043696	0.21427050	-3.52794000
0.79543696	0.21427050	-4.54725700
0.80043696	0.21427050	-4.54725700
0.80543696	0.21427050	-3.52794000
0.81043696	0.21439250	-3.08237000
0.81543696	0.21485030	-3.26548100
0.82043696	0.21262240	-2.84432500
0.82543696	0.20798360	-1.91656200
0.83043696	0.20575580	-1.44657700
0.83543696	0.20621360	-1.44657700
0.84043696	0.20633560	-1.91656200
0.84543696	0.20633560	-2.84432500
0.85043696	0.20633560	-3.28989500
0.85543696	0.20633560	-3.19834000
0.86043696	0.20633560	-3.17392500
0.86543696	0.20633560	-3.17392500
0.87043696	0.20633560	-3.17392500
0.87543696	0.20633560	-3.17392500
0.88043696	0.20633560	-3.19834000
0.88543696	0.20633560	-3.28989500
0.89043696	0.20645770	-2.84432500
0.89543696	0.20691550	-1.91656200
0.90043696	0.20468760	-1.47099200
0.90543696	0.20004880	-1.56254800
0.91043696	0.19782100	-1.58696200
0.91543696	0.19827880	-1.58696200
0.92043696	0.19840080	-1.56254800
0.92543696	0.19840080	-1.47099200
0.93043696	0.19840080	-1.91656200
0.93543696	0.19840080	-2.84432500
0.94043695	0.19840080	-3.28989500
0.94543695	0.19840080	-3.19834000
0.95043695	0.19840080	-3.19834000
0.95543695	0.19840080	-3.28989500
0.96043695	0.19852290	-2.84432500
0.96543695	0.19898070	-1.91656200
0.97043695	0.19675280	-1.47099200
0.97543695	0.19211400	-1.56254800
0.98043695	0.18988620	-1.58696200
0.98543695	0.19034390	-1.58696200
0.99043695	0.19046600	-1.58696200
0.99543695	0.19046600	-1.58696200
1.00043695	0.19046600	-1.61137700
1.00543695	0.19046600	-1.70293300
1.01043695	0.19046600	-1.25736300
1.01543695	0.19046600	-0.32959990
1.02043695	0.19046600	0.11597030
1.02543695	0.19046600	0.02441481
1.03043695	0.19058810	0.00000000
1.03543695	0.19104590	0.00000000
1.04043695	0.18881800	0.00000000
1.04543695	0.18417920	0.00000000
1.05043695	0.18195140	-0.02441481
1.05543695	0.18240910	-0.11597030
1.06043695	0.18253120	0.35401470
1.06543695	0.18253120	1.37333300
1.07043695	0.18253120	1.37333300
1.07543695	0.18253120	0.35401470
1.08043695	0.18253120	-0.11597030
1.08543695	0.18253120	-0.02441481
1.09043695	0.18253120	0.00000000
1.09543695	0.18253120	0.00000000
1.10043695	0.18265330	0.00000000
1.10543695	0.18311110	0.00000000
1.11043695	0.18088320	0.00000000
1.11543695	0.17624440	0.00000000
1.12043695	0.17401650	0.02441481
1.12543695	0.17447430	0.11597030
1.13043695	0.17459640	-0.35401470
1.13543695	0.17459640	-1.37333300
1.14043695	0.17459640	-1.34891800
1.14543695	0.17459640	-0.23804440
1.15043695	0.17459640	-0.23804440
1.15543695	0.17459640	-1.34891800
1.16043695	0.17459640	-1.34891800
1.16543695	0.17459640	-0.23804440
1.17043695	0.17459640	-0.21362960
1.17543695	0.17459640	-1.23294800
1.18043695	0.17471850	-1.70293300
1.18543695	0.17517620	-1.61137700
1.19043695	0.17282630	-1.61137700
1.19543695	0.16772970	-1.70293300
1.20043695	0.16785180	-1.25736300
1.20543695	0.17340620	-0.32959990
1.21043695	0.17352820	0.16479990
1.21543695	0.16843170	0.25635550
1.22043695	0.16608170	-0.68361460
1.22543695	0.16653950	-2.63069600
1.23043695	0.16666160	-3.07626600
1.23543695	0.16666160	-1.96539200
1.24043695	0.16666160	-1.47099200
1.24543695	0.16666160	-1.56254800
1.25043695	0.16666160	-1.61137700
1.25543695	0.16666160	-1.70293300
1.26043695	0.16666160	-1.23294800
1.26543695	0.16666160	-0.21362960
1.27043695	0.16678370	-0.21362960
1.27543695	0.16724140	-1.23294800
1.28043695	0.16501360	-1.72734800
1.28543695	0.16037480	-1.72734800
1.29043695	0.15802480	-1.25736300
1.29543695	0.15802480	-0.32959990
1.30043695	0.16049680	0.11597030
1.30543695	0.16559340	0.02441481
1.31043695	0.16559340	0.00000000
1.31543695	0.16049680	0.00000000
1.32043695	0.15814690	0.00000000
1.32543695	0.15860470	0.00000000
1.33043695	0.15872680	-0.02441481
1.33543695	0.15872680	-0.11597030
1.34043695	0.15872680	0.35401470
1.34543695	0.15872680	1.37333300
1.35043695	0.15872680	1.37333300
1.35543695	0.15872680	0.35401470
1.36043695	0.15872680	-0.14038510
1.36543695	0.15872680	-0.14038510
1.37043695	0.15884880	0.35401470
1.37543695	0.15930660	1.37333300
1.38043695	0.15707880	1.39774800
1.38543695	0.15244000	0.46998500
1.39043695	0.15021210	-0.46998500
1.39543695	0.15066990	-1.39774800
1.40043695	0.15079200	-1.37333300
1.40543695	0.15079200	-0.35401470
1.41043695	0.15079200	0.11597030
1.41543695	0.15079200	0.02441481
1.42043695	0.15079200	0.00000000
1.42543695	0.15079200	0.00000000
1.43043695	0.15079200	0.02441481
1.43543695	0.15079200	0.11597030
1.44043695	0.15079200	-0.35401470
1.44543695	0.15079200	-1.37333300
1.45043695	0.15079200	-1.37333300
1.45543695	0.15079200	-0.35401470
1.46043695	0.15079200	0.11597030
1.46543695	0.15079200	0.02441481
1.47043695	0.15091400	0.02441481
1.47543695	0.15137180	0.11597030
1.48043695	0.14914390	-0.35401470
1.48543695	0.14450510	-1.37333300
1.49043695	0.14227730	-1.34891800
1.49543695	0.14273510	-0.23804440
1.50043695	0.14285710	-0.21362960
1.50543695	0.14285710	-1.23294800
1.51043695	0.14285710	-1.70293300
1.51543695	0.14285710	-1.61137700
1.52043695	0.14285710	-1.56254800
1.52543695	0.14285710	-1.47099200
1.53043695	0.14285710	-1.91656200
1.53543695	0.14285710	-2.84432500
1.54043695	0.14285710	-3.31431000
1.54543695	0.14285710	-3.31431000
1.55043695	0.14285710	-2.84432500
1.55543695	0.14285710	-1.91656200
1.56043695	0.14285710	-1.49540700
1.56543695	0.14285710	-1.67851800
1.57043695	0.14285710	-1.25736300
1.57543695	0.14285710	-0.32959990
1.58043695	0.14297920	0.11597030
1.58543695	0.14343700	0.02441481
1.59043695	0.14120910	0.00000000
1.59543695	0.13653980	0.00000000
1.60043695	0.13431200	-0.02441481
1.60543695	0.13476970	-0.11597030
1.61043695	0.13489180	0.30518510
1.61543695	0.13489180	1.14139200
1.62043695	0.13489180	2.03253300
1.62543695	0.13489180	2.86874000
1.63043695	0.13489180	3.28989500
1.63543695	0.13489180	3.19834000
1.64043695	0.13489180	3.17392500
1.64543695	0.13489180	3.17392500
1.65043695	0.13489180	3.17392500
1.65543695	0.13489180	3.17392500
1.66043695	0.13489180	3.17392500
1.66543695	0.13489180	3.17392500
1.67043695	0.13501390	3.17392500
1.67543695	0.13547170	3.17392500
1.68043695	0.13312170	3.17392500
1.68543695	0.12802510	3.17392500
1.69043695	0.12814720	3.17392500
1.69543695	0.13370160	3.17392500
1.70043695	0.13382370	3.17392500
1.70543695	0.12872710	3.17392500
1.71043695	0.12637720	3.17392500
1.71543695	0.12683490	3.17392500
1.72043695	0.12695700	3.17392500
1.72543695	0.12695700	3.17392500
1.73043695	0.12695700	3.17392500
1.73543695	0.12695700	3.17392500
1.74043695	0.12695700	3.17392500
1.74543695	0.12695700	3.17392500
1.75043695	0.12695700	3.19834000
1.75543695	0.12695700	3.28989500
1.76043695	0.12695700	2.84432500
1.76543695	0.12695700	1.91656200
1.77043695	0.12695700	1.47099200
1.77543695	0.12695700	1.56254800
1.78043695	0.12695700	1.58696200
1.78543695	0.12695700	1.58696200
1.79043695	0.12695700	1.61137700
1.79543695	0.12695700	1.70293300
1.80043695	0.12707910	1.25736300
1.80543695	0.12753680	0.32959990
1.81043695	0.12530900	-0.11597030
1.81543695	0.12067020	-0.02441481
1.82043695	0.11844230	0.00000000
1.82543695	0.11890010	0.00000000
1.83043695	0.11902220	-0.02441481
1.83543695	0.11902220	-0.11597030
1.84043695	0.11902220	0.32959990
1.84543695	0.11902220	1.25736300
1.85043695	0.11902220	1.67851800
1.85543695	0.11902220	1.49540700
1.86043695	0.11902220	1.91656200
1.86543695	0.11902220	2.84432500
1.87043695	0.11902220	3.28989500
1.87543695	0.11902220	3.19834000
1.88043695	0.11902220	3.17392500
1.88543695	0.11902220	3.17392500
1.89043695	0.11902220	3.17392500
1.89543695	0.11902220	3.17392500
1.90043695	0.11902220	3.19834000
1.90543695	0.11902220	3.28989500
1.91043695	0.11914430	2.84432500
1.91543695	0.11960200	1.91656200
1.92043695	0.11725210	1.47099200
1.92543695	0.11215550	1.56254800
1.93043695	0.11227760	1.56254800
1.93543695	0.11783200	1.47099200
1.94043695	0.11795400	1.91656200
1.94543695	0.11285740	2.84432500
1.95043695	0.11050750	3.31431000
1.95543695	0.11096530	3.31431000
1.96043695	0.11108740	2.81991000
1.96543695	0.11108740	1.80059200
1.97043695	0.11108740	1.82500700
1.97543695	0.11108740	2.93588100
1.98043695	0.11108740	2.96029500
1.98543695	0.11108740	1.94097700
1.99043695	0.11108740	1.44657700
1.99543695	0.11108740	1.44657700
2.00043695	0.11108740	1.94097700
2.00543695	0.11108740	2.96029500
2.01043695	0.11108740	2.96029500
2.01543695	0.11108740	1.94097700
2.02043695	0.11108740	1.47099200
2.02543695	0.11108740	1.56254800
2.03043695	0.11108740	1.58696200
2.03543695	0.11108740	1.58696200
2.04043695	0.11108740	1.58696200
2.04543695	0.11108740	1.58696200
2.05043695	0.11108740	1.58696200
2.05543695	0.11108740	1.58696200
2.06043695	0.11120950	1.58696200
2.06543695	0.11166720	1.58696200
2.07043695	0.10943940	1.56254800
2.07543695	0.10480060	1.47099200
2.08043695	0.10257270	1.91656200
2.08543695	0.10303050	2.84432500
2.09043695	0.10315260	3.28989500
2.09543695	0.10315260	3.19834000
2.10043695	0.10315260	3.19834000
2.10543695	0.10315260	3.28989500
2.11043695	0.10315260	2.84432500
2.11543695	0.10315260	1.91656200
2.12043695	0.10315260	1.47099200
2.12543695	0.10315260	1.56254800
2.13043695	0.10315260	1.58696200
2.13543695	0.10315260	1.58696200
2.14043695	0.10315260	1.61137700
2.14543695	0.10315260	1.70293300
2.15043695	0.10315260	1.23294800
2.15543695	0.10315260	0.21362960
2.16043695	0.10315260	0.21362960
2.16543695	0.10315260	1.23294800
2.17043695	0.10315260	1.70293300
2.17543695	0.10315260	1.61137700
2.18043695	0.10315260	1.61137700
2.18543695	0.10315260	1.70293300
2.19043695	0.10327460	1.23294800
2.19543695	0.10373240	0.21362960
2.20043695	0.10150460	0.18921480
2.20543695	0.09686575	1.11697700
2.21043695	0.09463790	2.05694700
2.21543695	0.09509568	2.98471000
2.22043695	0.09521775	2.96029500
2.22543695	0.09521775	1.94097700
2.23043695	0.09521775	1.44657700
2.23543695	0.09521775	1.44657700
2.24043695	0.09521775	1.91656200
2.24543695	0.09521775	2.84432500
2.25043695	0.09521775	3.28989500
2.25543695	0.09521775	3.19834000
2.26043695	0.09521775	3.19834000
2.26543695	0.09521775	3.28989500
2.27043695	0.09521775	2.84432500
2.27543695	0.09521775	1.91656200
2.28043695	0.09521775	1.49540700
2.28543695	0.09521775	1.67851800
2.29043695	0.09521775	1.25736300
2.29543695	0.09521775	0.32959990
2.30043695	0.09521775	-0.14038510
2.30543695	0.09521775	-0.14038510
2.31043695	0.09521775	0.32959990
2.31543695	0.09521775	1.25736300
2.32043695	0.09521775	1.70293300
2.32543695	0.09521775	1.61137700
2.33043695	0.09521775	1.58696200
2.33543695	0.09521775	1.58696200
2.34043695	0.09521775	1.58696200
2.34543695	0.09521775	1.58696200
2.35043695	0.09533982	1.58696200
2.35543695	0.09579760	1.58696200
2.36043695	0.09344768	1.56254800
2.36543695	0.08835109	1.47099200
2.37043695	0.08847316	1.94097700
2.37543695	0.09402753	2.96029500
2.38043695	0.09414960	2.93588100
2.38543695	0.08905301	1.82500700
2.39043695	0.08670308	1.82500700
2.39543695	0.08716086	2.93588100
2.40043695	0.08728294	2.93588100
2.40543695	0.08728294	1.82500700
2.41043695	0.08728294	1.80059200
2.41543695	0.08728294	2.81991000
2.42043695	0.08728294	3.28989500
2.42543695	0.08728294	3.19834000
2.43043695	0.08728294	3.19834000
2.43543695	0.08728294	3.28989500
2.44043695	0.08728294	2.84432500
2.44543695	0.08728294	1.91656200
2.45043695	0.08728294	1.47099200
2.45543695	0.08728294	1.56254800
2.46043695	0.08728294	1.56254800
2.46543695	0.08728294	1.47099200
2.47043695	0.08728294	1.91656200
2.47543695	0.08728294	2.84432500
2.48043695	0.08728294	3.28989500
2.48543695	0.08728294	3.19834000
2.49043695	0.08728294	3.14951000
2.49543695	0.08728294	3.05795500
2.50043695	0.08728294	3.52794000
2.50543695	0.08728294	4.54725700
2.51043695	0.08728294	4.54725700
2.51543695	0.08728294	3.52794000
2.52043695	0.08728294	3.05795500
2.52543695	0.08728294	3.14951000
2.53043695	0.08740501	3.17392500
2.53543695	0.08786279	3.17392500
2.54043695	0.08563494	3.17392500
2.54543695	0.08099613	3.17392500
2.55043695	0.07876828	3.17392500
2.55543695	0.07922605	3.17392500
2.56043695	0.07934812	3.19834000
2.56543695	0.07934812	3.28989500
2.57043695	0.07934812	2.84432500
2.57543695	0.07934812	1.91656200
2.58043695	0.07934812	1.47099200
2.58543694	0.07934812	1.56254800
2.59043694	0.07934812	1.56254800
2.59543694	0.07934812	1.47099200
2.60043694	0.07934812	1.91656200
2.60543694	0.07934812	2.84432500
2.61043694	0.07934812	3.28989500
2.61543694	0.07934812	3.19834000
2.62043694	0.07934812	3.17392500
2.62543694	0.07934812	3.17392500
2.63043694	0.07934812	3.17392500
2.63543694	0.07934812	3.17392500
2.64043694	0.07934812	3.14951000
2.64543694	0.07934812	3.05795500
2.65043694	0.07934812	3.50352500
2.65543694	0.07934812	4.43128700
2.66043694	0.07934812	4.87685800
2.66543694	0.07934812	4.78530200
2.67043694	0.07934812	4.76088700
2.67543694	0.07934812	4.76088700
2.68043694	0.07934812	4.76088700
2.68543694	0.07934812	4.76088700
2.69043694	0.07934812	4.73647300
2.69543694	0.07934812	4.64491700
2.70043694	0.07934812	5.11490200
2.70543694	0.07934812	6.13422100
2.71043694	0.07934812	6.15863500
2.71543694	0.07934812	5.23087300
2.72043694	0.07934812	4.29090200
2.72543694	0.07934812	3.36314000
2.73043694	0.07947020	3.41196900
2.73543694	0.07992797	4.52284300
2.74043694	0.07770012	4.52284300
2.74543694	0.07306131	3.41196900
2.75043694	0.07083346	3.41196900
2.75543694	0.07129124	4.52284300
2.76043694	0.07141331	4.52284300
2.76543694	0.07141331	3.41196900
2.77043694	0.07141331	3.38755500
2.77543694	0.07141331	4.40687300
2.78043694	0.07141331	4.87685800
2.78543694	0.07141331	4.78530200
2.79043694	0.07141331	4.78530200
2.79543694	0.07141331	4.87685800
2.80043694	0.07141331	4.40687300
2.80543694	0.07141331	3.38755500
2.81043694	0.07141331	3.38755500
2.81543694	0.07141331	4.40687300
2.82043694	0.07141331	4.87685800
2.82543694	0.07141331	4.78530200
2.83043694	0.07141331	4.76088700
2.83543694	0.07141331	4.76088700
2.84043694	0.07141331	4.76088700
2.84543694	0.07141331	4.76088700
2.85043694	0.07141331	4.76088700
2.85543694	0.07141331	4.76088700
2.86043694	0.07141331	4.78530200
2.86543694	0.07141331	4.87685800
2.87043694	0.07141331	4.38245800
2.87543694	0.07141331	3.27158400
2.88043694	0.07141331	3.76598400
2.88543694	0.07141331	5.89617600
2.89043694	0.07141331	5.92059100
2.89543694	0.07141331	3.88195400
2.90043694	0.07141331	2.94198400
2.90543694	0.07141331	3.12509500
2.91043694	0.07141331	3.17392500
2.91543694	0.07141331	3.17392500
2.92043694	0.07141331	3.17392500
2.92543694	0.07141331	3.17392500
2.93043694	0.07141331	3.17392500
2.93543694	0.07141331	3.17392500
2.94043694	0.07153539	3.17392500
2.94543694	0.07199316	3.17392500
2.95043694	0.06964324	3.17392500
2.95543694	0.06454664	3.17392500
2.96043694	0.06454664	3.17392500
2.96543694	0.06964324	3.17392500
2.97043694	0.07211524	3.17392500
2.97543694	0.07211524	3.17392500
2.98043694	0.06976531	3.17392500
2.98543694	0.06512650	3.17392500
2.99043694	0.06289865	3.19834000
2.99543694	0.06335643	3.28989500
3.00043694	0.06347850	2.81991000
3.00543694	0.06347850	1.80059200
3.01043694	0.06347850	1.80059200
3.01543694	0.06347850	2.81991000
3.02043694	0.06347850	3.28989500
3.02543694	0.06347850	3.19834000
3.03043694	0.06347850	3.17392500
3.03543694	0.06347850	3.17392500
3.04043694	0.06347850	3.14951000
3.04543694	0.06347850	3.05795500
3.05043694	0.06347850	3.52794000
3.05543694	0.06347850	4.54725700
3.06043694	0.06347850	4.52284300
3.06543694	0.06347850	3.41196900
3.07043694	0.06347850	3.38755500
3.07543694	0.06347850	4.40687300
3.08043694	0.06347850	4.87685800
3.08543694	0.06347850	4.78530200
3.09043694	0.06347850	4.76088700
3.09543694	0.06347850	4.76088700
3.10043694	0.06347850	4.76088700
3.10543694	0.06347850	4.76088700
3.11043694	0.06347850	4.78530200
3.11543694	0.06347850	4.87685800
3.12043694	0.06347850	4.40687300
3.12543694	0.06347850	3.38755500
3.13043694	0.06347850	3.41196900
3.13543694	0.06347850	4.52284300
3.14043694	0.06347850	4.54725700
3.14543694	0.06347850	3.52794000
3.15043694	0.06347850	3.05795500
3.15543694	0.06347850	3.14951000
3.16043694	0.06347850	3.17392500
3.16543694	0.06347850	3.17392500
3.17043694	0.06347850	3.19834000
3.17543694	0.06347850	3.28989500
3.18043694	0.06347850	2.84432500
3.18543694	0.06347850	1.91656200
3.19043694	0.06360057	1.47099200
3.19543694	0.06405835	1.56254800
3.20043694	0.06183050	1.58696200
3.20543694	0.05719168	1.58696200
3.21043694	0.05496383	1.56254800
3.21543694	0.05542161	1.47099200
3.22043694	0.05554369	1.94097700
3.22543694	0.05554369	2.96029500
3.23043694	0.05554369	2.96029500
3.23543694	0.05554369	1.94097700
3.24043694	0.05554369	1.47099200
3.24543694	0.05554369	1.56254800
3.25043694	0.05554369	1.58696200
3.25543694	0.05554369	1.58696200
3.26043694	0.05554369	1.58696200
3.26543694	0.05554369	1.58696200
3.27043694	0.05554369	1.58696200
3.27543694	0.05554369	1.58696200
3.28043694	0.05554369	1.56254800
3.28543694	0.05554369	1.47099200
3.29043694	0.05554369	1.91656200
3.29543694	0.05554369	2.84432500
3.30043694	0.05554369	3.28989500
3.30543694	0.05554369	3.19834000
3.31043694	0.05554369	3.19834000
3.31543694	0.05554369	3.28989500
3.32043694	0.05554369	2.81991000
3.32543694	0.05554369	1.80059200
3.33043694	0.05554369	1.77617700
3.33543694	0.05554369	2.70394000
3.34043694	0.05554369	3.61949500
3.34543694	0.05554369	4.45570200
3.35043694	0.05554369	4.90127200
3.35543694	0.05554369	4.90127200
3.36043694	0.05554369	4.40687300
3.36543694	0.05554369	3.38755500
3.37043694	0.05554369	3.41196900
3.37543694	0.05554369	4.52284300
3.38043694	0.05554369	4.52284300
3.38543694	0.05554369	3.41196900
3.39043694	0.05554369	3.43638400
3.39543694	0.05554369	4.63881300
3.40043694	0.05554369	4.19324400
3.40543694	0.05554369	2.15460700
3.41043694	0.05554369	1.70903700
3.41543694	0.05554369	2.91146600
3.42043694	0.05554369	2.93588100
3.42543694	0.05554369	1.82500700
3.43043694	0.05554369	1.77617700
3.43543694	0.05554369	2.70394000
3.44043694	0.05554369	3.64391000
3.44543694	0.05554369	4.57167300
3.45043694	0.05554369	4.54725700
3.45543694	0.05554369	3.52794000
3.46043694	0.05554369	3.05795500
3.46543694	0.05554369	3.14951000
3.47043694	0.05566576	3.17392500
3.47543694	0.05612354	3.17392500
3.48043694	0.05377361	3.14951000
3.48543694	0.04867702	3.05795500
3.49043694	0.04867702	3.52794000
3.49543694	0.05377361	4.54725700
3.50043694	0.05624561	4.54725700
3.50543694	0.05624561	3.52794000
3.51043694	0.05389569	3.05795500
3.51543694	0.04925688	3.14951000
3.52043694	0.04702902	3.17392500
3.52543694	0.04748680	3.17392500
3.53043694	0.04760887	3.17392500
3.53543694	0.04760887	3.17392500
3.54043694	0.04760887	3.17392500
3.54543694	0.04760887	3.17392500
3.55043694	0.04760887	3.17392500
3.55543694	0.04760887	3.17392500
3.56043694	0.04760887	3.14951000
3.56543694	0.04760887	3.05795500
3.57043694	0.04760887	3.50352500
3.57543694	0.04760887	4.43128700
3.58043694	0.04760887	4.90127200
3.58543694	0.04760887	4.90127200
3.59043694	0.04760887	4.40687300
3.59543694	0.04760887	3.38755500
3.60043694	0.04760887	3.41196900
3.60543694	0.04760887	4.52284300
3.61043694	0.04760887	4.54725700
3.61543694	0.04760887	3.52794000
3.62043694	0.04760887	3.05795500
3.62543694	0.04760887	3.14951000
3.63043694	0.04760887	3.17392500
3.63543694	0.04760887	3.17392500
3.64043694	0.04760887	3.19834000
3.64543694	0.04760887	3.28989500
3.65043694	0.04760887	2.84432500
3.65543694	0.04760887	1.91656200
3.66043694	0.04760887	1.47099200
3.66543694	0.04760887	1.56254800
3.67043694	0.04760887	1.58696200
3.67543694	0.04760887	1.58696200
3.68043694	0.04760887	1.56254800
3.68543694	0.04760887	1.47099200
3.69043694	0.04760887	1.94097700
3.69543694	0.04760887	2.96029500
3.70043694	0.04760887	2.93588100
3.70543694	0.04760887	1.82500700
3.71043694	0.04760887	1.80059200
3.71543694	0.04760887	2.81991000
3.72043694	0.04760887	3.26548100
3.72543694	0.04760887	3.08237000
3.73043694	0.04760887	3.50352500
3.73543694	0.04760887	4.43128700
3.74043694	0.04760887	4.90127200
3.74543694	0.04760887	4.90127200
3.75043694	0.04760887	4.40687300
3.75543694	0.04760887	3.38755500
3.76043694	0.04760887	3.41196900
3.76543694	0.04760887	4.52284300
3.77043694	0.04760887	4.52284300
3.77543694	0.04760887	3.41196900
3.78043694	0.04760887	3.41196900
3.78543694	0.04760887	4.52284300
3.79043694	0.04760887	4.54725700
3.79543694	0.04760887	3.52794000
3.80043694	0.04773095	3.05795500
3.80543694	0.04818873	3.14951000
3.81043694	0.04596087	3.17392500
3.81543694	0.04132206	3.17392500
3.82043694	0.03909421	3.14951000
3.82543694	0.03955199	3.05795500
3.83043694	0.03955199	3.50352500
3.83543694	0.03909421	4.43128700
3.84043694	0.04144414	4.87685800
3.84543694	0.04654073	4.78530200
3.85043694	0.04654073	4.73647300
3.85543694	0.04144414	4.64491700
3.86043694	0.03909421	5.11490200
3.86543694	0.03955199	6.13422100
3.87043694	0.03967406	6.10980600
3.87543694	0.03967406	4.99893200
3.88043694	0.03967406	4.97451700
3.88543694	0.03967406	5.99383500
3.89043694	0.03967406	6.43940500
3.89543694	0.03967406	6.25629500
3.90043694	0.03967406	6.62862000
3.90543694	0.03967406	7.37327200
3.91043694	0.03967406	8.64284100
3.91543694	0.03967406	10.11994000
3.92043694	0.03967406	12.18909000
3.92543694	0.03967406	14.22163000
3.93043694	0.03967406	18.01202000
3.93543694	0.03967406	22.54097000
3.94043694	0.03967406	28.50429000
3.94543694	0.03967406	34.41877000
3.95043694	0.03967406	42.07281000
3.95543694	0.03967406	49.56206000
3.96043694	0.03967406	58.48567000
3.96543694	0.03967406	66.62190000
3.97043694	0.03967406	76.39394000
3.97543694	0.03967406	85.36637000
3.98043694	0.03967406	95.58397000
3.98543694	0.03967406	104.55030000
3.99043694	0.03967406	114.32230000
3.99543694	0.03967406	122.45860000
4.00043694	0.03967406	131.40660000
4.00543694	0.03967406	138.99350000
4.01043694	0.03967406	146.17760000
4.01543694	0.03967406	151.07270000
4.02043694	0.03967406	157.00550000
4.02543694	0.03967406	162.45610000
4.03043694	0.03967406	167.16820000
4.03543694	0.03967406	170.03690000
4.04043694	0.03967406	172.55780000
4.04543694	0.03967406	174.03490000
4.05043694	0.03967406	174.83440000
4.05543694	0.03967406	174.65130000
4.06043694	0.03967406	174.62690000
4.06543694	0.03967406	174.71850000
4.07043694	0.03967406	174.34610000
4.07543694	0.03967406	173.69910000
4.08043694	0.03967406	171.97790000
4.08543694	0.03967406	169.56690000
4.09043694	0.03967406	167.00340000
4.09543694	0.03967406	164.87320000
4.10043694	0.03967406	161.90680000
4.10543694	0.03967406	158.86110000
4.11043694	0.03967406	155.46740000
4.11543694	0.03967406	152.60480000
4.12043694	0.03967406	148.74110000
4.12543694	0.03967406	144.76760000
4.13043694	0.03967406	141.39840000
4.13543694	0.03967406	139.54890000
4.14043694	0.03967406	136.17970000
4.14543694	0.03967406	132.20620000
4.15043694	0.03967406	128.39140000
4.15543694	0.03967406	125.71180000
4.16043694	0.03979614	121.45150000
4.16543694	0.04025391	116.64170000
4.17043694	0.03802606	112.35690000
4.17543694	0.03338725	109.57980000
4.18043694	0.03103732	106.25930000
4.18543694	0.03103732	103.39670000
4.19043694	0.03350932	99.53307000
4.19543694	0.03860591	95.55956000
4.20043694	0.03848384	92.14148000
4.20543694	0.03292947	90.11505000
4.21043694	0.03292947	87.59423000
4.21543694	0.03848384	85.27482000
4.22043694	0.03860591	83.20567000
4.22543694	0.03350932	82.00323000
4.23043693	0.03115940	79.43968000
4.23543693	0.03161718	76.10706000
4.24043693	0.03173925	73.54350000
4.24543693	0.03173925	72.34107000
4.25043693	0.03173925	70.27192000
4.25543693	0.03173925	67.95862000
4.26043693	0.03173925	65.34623000
4.26543693	0.03173925	62.94138000
4.27043693	0.03173925	61.26896000
4.27543693	0.03173925	60.81118000
4.28043693	0.03173925	59.58434000
4.28543693	0.03173925	58.01569000
4.29043693	0.03173925	56.27003000
4.29543693	0.03173925	54.69527000
4.30043693	0.03173925	53.44401000
4.30543693	0.03173925	52.89468000
4.31043693	0.03173925	51.64342000
4.31543693	0.03173925	50.07477000
4.32043693	0.03173925	48.32911000
4.32543693	0.03173925	46.76046000
4.33043693	0.03173925	45.48479000
4.33543693	0.03173925	44.84390000
4.34043693	0.03173925	44.03821000
4.34543693	0.03173925	43.39732000
4.35043693	0.03173925	42.09723000
4.35543693	0.03173925	40.43703000
4.36043693	0.03173925	39.13694000
4.36543693	0.03173925	38.49605000
4.37043693	0.03173925	37.67205000
4.37543693	0.03173925	36.92739000
4.38043693	0.03173925	36.08509000
4.38543693	0.03173925	35.34044000
4.39043693	0.03173925	34.47371000
4.39543693	0.03173925	33.63750000
4.40043693	0.03173925	33.24076000
4.40543693	0.03173925	33.42387000
4.41043693	0.03173925	33.02713000
4.41543693	0.03173925	32.19093000
4.42043693	0.03173925	31.29978000
4.42543693	0.03173925	30.46358000
4.43043693	0.03173925	30.04242000
4.43543693	0.03173925	30.13398000
4.44043693	0.03173925	30.18280000
4.44543693	0.03173925	30.27436000
4.45043693	0.03173925	29.82879000
4.45543693	0.03173925	28.90103000
4.46043693	0.03173925	28.47987000
4.46543693	0.03173925	28.66298000
4.47043693	0.03173925	28.24183000
4.47543693	0.03173925	27.30796000
4.48043693	0.03173925	26.86239000
4.48543693	0.03173925	26.95395000
4.49043693	0.03173925	26.97836000
4.49543693	0.03173925	26.97836000
4.50043693	0.03173925	27.00278000
4.50543693	0.03173925	27.09433000
4.51043693	0.03173925	26.64876000
4.51543693	0.03173925	25.72100000
4.52043693	0.03173925	25.29984000
4.52543693	0.03173925	25.48295000
4.53043693	0.03173925	25.03738000
4.53543693	0.03173925	24.01807000
4.54043693	0.03173925	24.04248000
4.54543693	0.03173925	25.15336000
4.55043693	0.03173925	25.20218000
4.55543693	0.03173925	24.27442000
4.56043693	0.03173925	23.35887000
4.56543693	0.03173925	22.52266000
4.57043693	0.03173925	22.12592000
4.57543693	0.03173925	22.30903000
4.58043693	0.03173925	21.88787000
4.58543693	0.03173925	20.96011000
4.59043693	0.03173925	20.51454000
4.59543693	0.03173925	20.60610000
4.60043693	0.03173925	20.63051000
4.60543693	0.03173925	20.63051000
4.61043693	0.03173925	20.63051000
4.61543693	0.03173925	20.63051000
4.62043693	0.03173925	20.65493000
4.62543693	0.03173925	20.74648000
4.63043693	0.03173925	20.30091000
4.63543693	0.03173925	19.37315000
4.64043693	0.03173925	18.92758000
4.64543693	0.03173925	19.01913000
4.65043693	0.03186132	19.01913000
4.65543693	0.03231910	18.92758000
4.66043693	0.02996918	19.39757000
4.66543693	0.02487259	20.41688000
4.67043693	0.02487259	20.41688000
4.67543693	0.02996918	19.39757000
4.68043693	0.03231910	18.92758000
4.68543693	0.03186132	19.01913000
4.69043693	0.03173925	19.04355000
4.69543693	0.03173925	19.04355000
4.70043693	0.03173925	19.04355000
4.70543693	0.03173925	19.04355000
4.71043693	0.03173925	19.04355000
4.71543693	0.03173925	19.04355000
4.72043693	0.03186132	19.01913000
4.72543693	0.03231910	18.92758000
4.73043693	0.03009125	19.39757000
4.73543693	0.02545244	20.41688000
4.74043693	0.02322458	20.41688000
4.74543693	0.02368236	19.39757000
4.75043693	0.02380444	18.92758000
4.75543693	0.02380444	19.01913000
4.76043693	0.02380444	19.04355000
4.76543693	0.02380444	19.04355000
4.77043693	0.02380444	19.04355000
4.77543693	0.02380444	19.04355000
4.78043693	0.02380444	19.04355000
4.78543693	0.02380444	19.04355000
4.79043693	0.02380444	19.04355000
4.79543693	0.02380444	19.04355000
4.80043693	0.02380444	19.06796000
4.80543693	0.02380444	19.15952000
4.81043693	0.02380444	18.71395000
4.81543693	0.02380444	17.78619000
4.82043693	0.02380444	17.36503000
4.82543693	0.02380444	17.54814000
4.83043693	0.02380444	17.12699000
4.83543693	0.02380444	16.19922000
4.84043693	0.02380444	15.75365000
4.84543693	0.02380444	15.84521000
4.85043693	0.02380444	15.86962000
4.85543693	0.02380444	15.86962000
4.86043693	0.02380444	15.86962000
4.86543693	0.02380444	15.86962000
4.87043693	0.02380444	15.89404000
4.87543693	0.02380444	15.98559000
4.88043693	0.02380444	15.54002000
4.88543693	0.02380444	14.61226000
4.89043693	0.02380444	14.14228000
4.89543693	0.02380444	14.14228000
4.90043693	0.02380444	14.61226000
4.90543693	0.02380444	15.54002000
4.91043693	0.02380444	16.01001000
4.91543693	0.02380444	16.01001000
4.92043693	0.02380444	15.51561000
4.92543693	0.02380444	14.49629000
4.93043693	0.02380444	14.49629000
4.93543693	0.02380444	15.51561000
4.94043693	0.02380444	16.01001000
4.94543693	0.02380444	16.01001000
4.95043693	0.02380444	15.56444000
4.95543693	0.02380444	14.72823000
4.96043693	0.02380444	13.81268000
4.96543693	0.02380444	12.88491000
4.97043693	0.02380444	12.90933000
4.97543693	0.02380444	13.92865000
4.98043693	0.02380444	14.42305000
4.98543693	0.02380444	14.42305000
4.99043693	0.02380444	13.95306000
4.99543693	0.02380444	13.02530000
5.00043693	0.02380444	12.60414000
5.00543693	0.02380444	12.78726000
5.01043693	0.02380444	12.34169000
5.01543693	0.02380444	11.32237000
5.02043693	0.02380444	11.32237000
5.02543693	0.02380444	12.34169000
5.03043693	0.02380444	12.81167000
5.03543693	0.02380444	12.72011000
5.04043693	0.02380444	12.69570000
5.04543693	0.02380444	12.69570000
5.05043693	0.02380444	12.69570000
5.05543693	0.02380444	12.69570000
5.06043693	0.02380444	12.69570000
5.06543693	0.02380444	12.69570000
5.07043693	0.02380444	12.69570000
5.07543693	0.02380444	12.69570000
5.08043693	0.02380444	12.72011000
5.08543693	0.02380444	12.81167000
5.09043693	0.02380444	12.36610000
5.09543693	0.02380444	11.43834000
5.10043693	0.02380444	10.96835000
5.10543693	0.02380444	10.96835000
5.11043693	0.02380444	11.43834000
5.11543693	0.02380444	12.36610000
5.12043693	0.02380444	12.81167000
5.12543693	0.02380444	12.72011000
5.13043693	0.02380444	12.69570000
5.13543693	0.02380444	12.69570000
5.14043693	0.02380444	12.72011000
5.14543693	0.02380444	12.81167000
5.15043693	0.02380444	12.34169000
5.15543693	0.02380444	11.32237000
5.16043693	0.02380444	11.32237000
5.16543693	0.02380444	12.34169000
5.17043693	0.02380444	12.81167000
5.17543693	0.02380444	12.72011000
5.18043693	0.02380444	12.67128000
5.18543693	0.02380444	12.57973000
5.19043693	0.02380444	13.04971000
5.19543693	0.02380444	14.06903000
5.20043693	0.02380444	14.06903000
5.20543693	0.02380444	13.04971000
5.21043693	0.02380444	12.57973000
5.21543693	0.02380444	12.67128000
5.22043693	0.02380444	12.72011000
5.22543693	0.02380444	12.81167000
5.23043693	0.02380444	12.34169000
5.23543693	0.02380444	11.32237000
5.24043693	0.02380444	11.34678000
5.24543693	0.02380444	12.45765000
5.25043693	0.02380444	12.48207000
5.25543693	0.02380444	11.46275000
5.26043693	0.02380444	11.01718000
5.26543693	0.02380444	11.20029000
5.27043693	0.02380444	10.75472000
5.27543693	0.02380444	9.73540400
5.28043693	0.02380444	9.75981900
5.28543693	0.02380444	10.87069000
5.29043693	0.02380444	10.89511000
5.29543693	0.02380444	9.87579000
5.30043693	0.02380444	9.40580500
5.30543693	0.02380444	9.49735900
5.31043693	0.02380444	9.49735900
5.31543693	0.02380444	9.40580500
5.32043693	0.02380444	9.85137500
5.32543693	0.02380444	10.77914000
5.33043693	0.02380444	11.22471000
5.33543693	0.02380444	11.13315000
5.34043693	0.02380444	11.10874000
5.34543693	0.02380444	11.10874000
5.35043693	0.02392651	11.10874000
5.35543693	0.02438429	11.10874000
5.36043693	0.02215644	11.10874000
5.36543693	0.01751762	11.10874000
5.37043693	0.01516770	11.10874000
5.37543693	0.01516770	11.10874000
5.38043693	0.01763970	11.13315000
5.38543693	0.02273629	11.22471000
5.39043693	0.02273629	10.75472000
5.39543693	0.01763970	9.73540400
5.40043693	0.01516770	9.75981900
5.40543693	0.01516770	10.87069000
5.41043693	0.01763970	10.89511000
5.41543693	0.02273629	9.87579000
5.42043693	0.02273629	9.40580500
5.42543693	0.01763970	9.49735900
5.43043693	0.01528977	9.52177400
5.43543693	0.01574755	9.52177400
5.44043693	0.01586962	9.52177400
5.44543693	0.01586962	9.52177400
5.45043693	0.01586962	9.52177400
5.45543693	0.01586962	9.52177400
5.46043693	0.01586962	9.52177400
5.46543693	0.01586962	9.52177400
5.47043693	0.01586962	9.52177400
5.47543693	0.01586962	9.52177400
5.48043693	0.01586962	9.52177400
5.48543693	0.01586962	9.52177400
5.49043693	0.01586962	9.52177400
5.49543693	0.01586962	9.52177400
5.50043693	0.01574755	9.52177400
5.50543693	0.01528977	9.52177400
5.51043693	0.01763970	9.52177400
5.51543693	0.02273629	9.52177400
5.52043693	0.02273629	9.54619000
5.52543693	0.01763970	9.63774600
5.53043693	0.01528977	9.19217500
5.53543693	0.01574755	8.26441300
5.54043693	0.01586962	7.81884200
5.54543693	0.01586962	7.91039800
5.55043693	0.01586962	7.93481200
5.55543693	0.01586962	7.93481200
5.56043693	0.01586962	7.93481200
5.56543693	0.01586962	7.93481200
5.57043693	0.01586962	7.95922800
5.57543693	0.01586962	8.05078300
5.58043693	0.01586962	7.58079800
5.58543693	0.01586962	6.56148000
5.59043693	0.01586962	6.53706500
5.59543693	0.01586962	7.46482800
5.60043693	0.01586962	8.38038300
5.60543693	0.01586962	9.21658900
5.61043693	0.01586962	9.63774600
5.61543693	0.01586962	9.54619000
5.62043693	0.01586962	9.52177400
5.62543693	0.01586962	9.52177400
5.63043693	0.01586962	9.54619000
5.63543693	0.01586962	9.63774600
5.64043693	0.01586962	9.16776000
5.64543693	0.01586962	8.14844100
5.65043693	0.01586962	8.14844100
5.65543693	0.01586962	9.16776000
5.66043693	0.01586962	9.66216000
5.66543693	0.01586962	9.66216000
5.67043693	0.01586962	9.19217500
5.67543693	0.01586962	8.26441300
5.68043693	0.01586962	7.79442700
5.68543693	0.01586962	7.79442700
5.69043693	0.01586962	8.26441300
5.69543693	0.01586962	9.19217500
5.70043693	0.01586962	9.66216000
5.70543693	0.01586962	9.66216000
5.71043693	0.01586962	9.16776000
5.71543693	0.01586962	8.14844100
5.72043693	0.01586962	8.14844100
5.72543693	0.01586962	9.16776000
5.73043693	0.01586962	9.63774600
5.73543693	0.01586962	9.54619000
5.74043693	0.01586962	9.54619000
5.74543693	0.01586962	9.63774600
5.75043693	0.01586962	9.19217500
5.75543693	0.01586962	8.26441300
5.76043693	0.01586962	7.81884200
5.76543693	0.01586962	7.91039800
5.77043693	0.01586962	7.93481200
5.77543693	0.01586962	7.93481200
5.78043693	0.01586962	7.93481200
5.78543693	0.01586962	7.93481200
5.79043693	0.01586962	7.93481200
5.79543693	0.01586962	7.93481200
5.80043693	0.01586962	7.93481200
5.80543693	0.01586962	7.93481200
5.81043693	0.01586962	7.91039800
5.81543693	0.01586962	7.81884200
5.82043693	0.01586962	8.28882700
5.82543693	0.01586962	9.30814500
5.83043693	0.01586962	9.30814500
5.83543693	0.01586962	8.28882700
5.84043693	0.01586962	7.79442700
5.84543693	0.01586962	7.79442700
5.85043693	0.01586962	8.26441300
5.85543693	0.01586962	9.19217500
5.86043693	0.01586962	9.63774600
5.86543693	0.01586962	9.54619000
5.87043693	0.01586962	9.52177400
5.87543692	0.01586962	9.52177400
5.88043692	0.01586962	9.52177400
5.88543692	0.01586962	9.52177400
5.89043692	0.01586962	9.52177400
5.89543692	0.01586962	9.52177400
5.90043692	0.01586962	9.52177400
5.90543692	0.01586962	9.52177400
5.91043692	0.01586962	9.52177400
5.91543692	0.01586962	9.52177400
5.92043692	0.01586962	9.52177400
5.92543692	0.01586962	9.52177400
5.93043692	0.01586962	9.52177400
5.93543692	0.01586962	9.52177400
5.94043692	0.01586962	9.52177400
5.94543692	0.01586962	9.52177400
5.95043692	0.01586962	9.52177400
5.95543692	0.01586962	9.52177400
5.96043692	0.01586962	9.52177400
5.96543692	0.01586962	9.52177400
5.97043692	0.01586962	9.52177400
5.97543692	0.01586962	9.52177400
5.98043692	0.01586962	9.54619000
5.98543692	0.01586962	9.63774600
5.99043692	0.01586962	9.19217500
5.99543692	0.01586962	8.26441300
6.00043692	0.01586962	7.79442700
6.00543692	0.01586962	7.79442700
6.01043692	0.01586962	8.26441300
6.01543692	0.01586962	9.19217500
6.02043692	0.01586962	9.66216000
6.02543692	0.01586962	9.66216000
6.03043692	0.01586962	9.19217500
6.03543692	0.01586962	8.26441300
6.04043692	0.01586962	7.81884200
6.04543692	0.01586962	7.91039800
6.05043692	0.01586962	7.93481200
6.05543692	0.01586962	7.93481200
6.06043692	0.01586962	7.93481200
6.06543692	0.01586962	7.93481200
6.07043692	0.01586962	7.95922800
6.07543692	0.01586962	8.05078300
6.08043692	0.01586962	7.58079800
6.08543692	0.01586962	6.56148000
6.09043692	0.01586962	6.56148000
6.09543692	0.01586962	7.58079800
6.10043692	0.01586962	8.02636700
6.10543692	0.01586962	7.84325600
6.11043692	0.01586962	8.28882700
6.11543692	0.01586962	9.30814500
6.12043692	0.01586962	9.28373100
6.12543692	0.01586962	8.17285700
6.13043692	0.01586962	8.14844100
6.13543692	0.01586962	9.16776000
6.14043692	0.01586962	9.63774600
6.14543692	0.01586962	9.54619000
6.15043692	0.01586962	9.54619000
6.15543692	0.01586962	9.63774600
6.16043692	0.01586962	9.19217500
6.16543692	0.01586962	8.26441300
6.17043692	0.01586962	7.81884200
6.17543692	0.01586962	7.91039800
6.18043692	0.01586962	7.93481200
6.18543692	0.01586962	7.93481200
6.19043692	0.01586962	7.93481200
6.19543692	0.01586962	7.93481200
6.20043692	0.01586962	7.93481200
6.20543692	0.01586962	7.93481200
6.21043692	0.01586962	7.95922800
6.21543692	0.01586962	8.05078300
6.22043692	0.01586962	7.58079800
6.22543692	0.01586962	6.56148000
6.23043692	0.01586962	6.56148000
6.23543692	0.01586962	7.58079800
6.24043692	0.01586962	8.05078300
6.24543692	0.01586962	7.95922800
6.25043692	0.01586962	7.95922800
6.25543692	0.01586962	8.05078300
6.26043692	0.01586962	7.60521200
6.26543692	0.01586962	6.67745000
6.27043692	0.01586962	6.23187900
6.27543692	0.01586962	6.32343500
6.28043692	0.01599170	6.34785000
6.28543692	0.01644948	6.34785000
6.29043692	0.01409955	6.34785000
6.29543692	0.00900296	6.34785000
6.30043692	0.00900296	6.32343500
6.30543692	0.01409955	6.23187900
6.31043692	0.01644948	6.70186400
6.31543692	0.01599170	7.72118300
6.32043692	0.01586962	7.72118300
6.32543692	0.01586962	6.70186400
6.33043692	0.01586962	6.23187900
6.33543692	0.01586962	6.32343500
6.34043692	0.01586962	6.34785000
6.34543692	0.01586962	6.34785000
6.35043692	0.01586962	6.32343500
6.35543692	0.01586962	6.23187900
6.36043692	0.01586962	6.67745000
6.36543692	0.01586962	7.60521200
6.37043692	0.01586962	8.02636700
6.37543692	0.01586962	7.84325600
6.38043692	0.01586962	8.28882700
6.38543692	0.01586962	9.30814500
6.39043692	0.01586962	9.30814500
6.39543692	0.01586962	8.28882700
6.40043692	0.01586962	7.81884200
6.40543692	0.01586962	7.91039800
6.41043692	0.01586962	7.95922800
6.41543692	0.01586962	8.05078300
6.42043692	0.01586962	7.58079800
6.42543692	0.01586962	6.56148000
6.43043692	0.01586962	6.56148000
6.43543692	0.01586962	7.58079800
6.44043692	0.01586962	8.07519700
6.44543692	0.01586962	8.07519700
6.45043692	0.01586962	7.58079800
6.45543692	0.01586962	6.56148000
6.46043692	0.01586962	6.58589400
6.46543692	0.01586962	7.69676800
6.47043692	0.01586962	7.72118300
6.47543692	0.01586962	6.70186400
6.48043692	0.01586962	6.23187900
6.48543692	0.01586962	6.32343500
6.49043692	0.01599170	6.32343500
6.49543692	0.01644948	6.23187900
6.50043692	0.01409955	6.67745000
6.50543692	0.00900296	7.60521200
6.51043692	0.00912503	8.05078300
6.51543692	0.01467940	7.95922800
6.52043692	0.01480148	7.93481200
6.52543692	0.00970489	7.93481200
6.53043692	0.00735496	7.93481200
6.53543692	0.00781274	7.93481200
6.54043692	0.00793481	7.93481200
6.54543692	0.00793481	7.93481200
6.55043692	0.00781274	7.95922800
6.55543692	0.00735496	8.05078300
6.56043692	0.00970489	7.58079800
6.56543692	0.01480148	6.56148000
6.57043692	0.01480148	6.58589400
6.57543692	0.00970489	7.69676800
6.58043692	0.00723289	7.72118300
6.58543692	0.00723289	6.70186400
6.59043692	0.00958281	6.25629500
6.59543692	0.01422163	6.43940500
6.60043692	0.01644948	6.01825000
6.60543692	0.01599170	5.09048700
6.61043692	0.01586962	4.64491700
6.61543692	0.01586962	4.73647300
6.62043692	0.01599170	4.76088700
6.62543692	0.01644948	4.76088700
6.63043692	0.01409955	4.76088700
6.63543692	0.00900296	4.76088700
6.64043692	0.00900296	4.76088700
6.64543692	0.01409955	4.76088700
6.65043692	0.01657155	4.76088700
6.65543692	0.01657155	4.76088700
6.66043692	0.01422163	4.73647300
6.66543692	0.00958281	4.64491700
6.67043692	0.00735496	5.09048700
6.67543692	0.00781274	6.01825000
6.68043692	0.00793481	6.46382000
6.68543692	0.00793481	6.37226500
6.69043692	0.00793481	6.32343500
6.69543692	0.00793481	6.23187900
6.70043692	0.00793481	6.67745000
6.70543692	0.00793481	7.60521200
6.71043692	0.00793481	8.05078300
6.71543692	0.00793481	7.95922800
6.72043692	0.00793481	7.93481200
6.72543692	0.00793481	7.93481200
6.73043692	0.00793481	7.93481200
6.73543692	0.00793481	7.93481200
6.74043692	0.00793481	7.93481200
6.74543692	0.00793481	7.93481200
6.75043692	0.00793481	7.91039800
6.75543692	0.00793481	7.81884200
6.76043692	0.00793481	8.28882700
6.76543692	0.00793481	9.30814500
6.77043692	0.00793481	9.30814500
6.77543692	0.00793481	8.28882700
6.78043692	0.00793481	7.79442700
6.78543692	0.00793481	7.79442700
6.79043692	0.00793481	8.26441300
6.79543692	0.00793481	9.19217500
6.80043692	0.00793481	9.66216000
6.80543692	0.00793481	9.66216000
6.81043692	0.00793481	9.19217500
6.81543692	0.00793481	8.26441300
6.82043692	0.00793481	7.81884200
6.82543692	0.00793481	7.91039800
6.83043692	0.00793481	7.93481200
6.83543692	0.00793481	7.93481200
6.84043692	0.00793481	7.93481200
6.84543692	0.00793481	7.93481200
6.85043692	0.00793481	7.95922800
6.85543692	0.00793481	8.05078300
6.86043692	0.00793481	7.60521200
6.86543692	0.00793481	6.67745000
6.87043692	0.00793481	6.23187900
6.87543692	0.00793481	6.32343500
6.88043692	0.00793481	6.34785000
6.88543692	0.00793481	6.34785000
6.89043692	0.00793481	6.34785000
6.89543692	0.00793481	6.34785000
6.90043692	0.00793481	6.34785000
6.90543692	0.00793481	6.34785000
6.91043692	0.00793481	6.34785000
6.91543692	0.00793481	6.34785000
6.92043692	0.00793481	6.32343500
6.92543692	0.00793481	6.23187900
6.93043692	0.00793481	6.67745000
6.93543692	0.00793481	7.60521200
6.94043692	0.00793481	8.05078300
6.94543692	0.00793481	7.95922800
6.95043692	0.00793481	7.93481200
6.95543692	0.00793481	7.93481200
6.96043692	0.00793481	7.93481200
6.96543692	0.00793481	7.93481200
6.97043692	0.00793481	7.93481200
6.97543692	0.00793481	7.93481200
6.98043692	0.00793481	7.93481200
6.98543692	0.00793481	7.93481200
6.99043692	0.00793481	7.93481200
6.99543692	0.00793481	7.93481200
7.00043692	0.00793481	7.93481200
7.00543692	0.00793481	7.93481200
7.01043692	0.00793481	7.95922800
7.01543692	0.00793481	8.05078300
7.02043692	0.00793481	7.62962700
7.02543692	0.00793481	6.79342000
7.03043692	0.00793481	5.85345000
7.03543692	0.00793481	4.83413200
7.04043692	0.00793481	5.32853200
7.04543692	0.00793481	7.36716800
7.05043692	0.00793481	7.83715300
7.05543692	0.00793481	6.72627900
7.06043692	0.00793481	6.23187900
7.06543692	0.00793481	6.32343500
7.07043692	0.00793481	6.34785000
7.07543692	0.00793481	6.34785000
7.08043692	0.00793481	6.34785000
7.08543692	0.00793481	6.34785000
7.09043692	0.00793481	6.34785000
7.09543692	0.00793481	6.34785000
7.10043692	0.00793481	6.37226500
7.10543692	0.00793481	6.46382000
7.11043692	0.00793481	6.01825000
7.11543692	0.00793481	5.09048700
7.12043692	0.00793481	4.62050200
7.12543692	0.00793481	4.62050200
7.13043692	0.00793481	5.09048700
7.13543692	0.00793481	6.01825000
7.14043692	0.00793481	6.46382000
7.14543692	0.00793481	6.37226500
7.15043692	0.00793481	6.34785000
7.15543692	0.00793481	6.34785000
7.16043692	0.00793481	6.34785000
7.16543692	0.00793481	6.34785000
7.17043692	0.00793481	6.34785000
7.17543692	0.00793481	6.34785000
7.18043692	0.00793481	6.34785000
7.18543692	0.00793481	6.34785000
7.19043692	0.00793481	6.34785000
7.19543692	0.00793481	6.34785000
7.20043692	0.00793481	6.37226500
7.20543692	0.00793481	6.46382000
7.21043692	0.00793481	6.01825000
7.21543692	0.00793481	5.09048700
7.22043692	0.00793481	4.64491700
7.22543692	0.00793481	4.73647300
7.23043692	0.00793481	4.76088700
7.23543692	0.00793481	4.76088700
7.24043692	0.00793481	4.73647300
7.24543692	0.00793481	4.64491700
7.25043692	0.00793481	5.11490200
7.25543692	0.00793481	6.13422100
7.26043692	0.00793481	6.10980600
7.26543692	0.00793481	4.99893200
7.27043692	0.00793481	4.97451700
7.27543692	0.00793481	5.99383500
7.28043692	0.00793481	6.48823500
7.28543692	0.00793481	6.48823500
7.29043692	0.00793481	5.99383500
7.29543692	0.00793481	4.97451700
7.30043692	0.00793481	4.97451700
7.30543692	0.00793481	5.99383500
7.31043692	0.00793481	6.43940500
7.31543692	0.00793481	6.25629500
7.32043692	0.00793481	6.67745000
7.32543692	0.00793481	7.60521200
7.33043692	0.00793481	8.05078300
7.33543692	0.00793481	7.95922800
7.34043692	0.00793481	7.93481200
7.34543692	0.00793481	7.93481200
7.35043692	0.00793481	7.95922800
7.35543692	0.00793481	8.05078300
7.36043692	0.00793481	7.58079800
7.36543692	0.00793481	6.56148000
7.37043692	0.00793481	6.58589400
7.37543692	0.00793481	7.69676800
7.38043692	0.00793481	7.72118300
7.38543692	0.00793481	6.70186400
7.39043692	0.00793481	6.23187900
7.39543692	0.00793481	6.32343500
7.40043692	0.00793481	6.34785000
7.40543692	0.00793481	6.34785000
7.41043692	0.00793481	6.37226500
7.41543692	0.00793481	6.46382000
7.42043692	0.00793481	6.01825000
7.42543692	0.00793481	5.09048700
7.43043692	0.00793481	4.64491700
7.43543692	0.00793481	4.73647300
7.44043692	0.00793481	4.73647300
7.44543692	0.00793481	4.64491700
7.45043692	0.00793481	5.09048700
7.45543692	0.00793481	6.01825000
7.46043692	0.00793481	6.48823500
7.46543692	0.00793481	6.48823500
7.47043692	0.00793481	6.01825000
7.47543692	0.00793481	5.09048700
7.48043692	0.00793481	4.62050200
7.48543692	0.00793481	4.62050200
7.49043692	0.00793481	5.11490200
7.49543692	0.00793481	6.13422100
7.50043692	0.00793481	6.15863500
7.50543692	0.00793481	5.23087300
7.51043692	0.00793481	4.26648800
7.51543692	0.00793481	3.24716900
7.52043691	0.00793481	3.74156900
7.52543691	0.00793481	5.78020600
7.53043691	0.00793481	6.25019100
7.53543691	0.00793481	5.13931700
7.54043691	0.00793481	4.64491700
7.54543691	0.00793481	4.73647300
7.55043691	0.00793481	4.73647300
7.55543691	0.00793481	4.64491700
7.56043691	0.00793481	5.09048700
7.56543691	0.00793481	6.01825000
7.57043691	0.00793481	6.46382000
7.57543691	0.00793481	6.37226500
7.58043691	0.00793481	6.34785000
7.58543691	0.00793481	6.34785000
7.59043691	0.00793481	6.34785000
7.59543691	0.00793481	6.34785000
7.60043691	0.00793481	6.34785000
7.60543691	0.00793481	6.34785000
7.61043691	0.00793481	6.34785000
7.61543691	0.00793481	6.34785000
7.62043691	0.00793481	6.37226500
7.62543691	0.00793481	6.46382000
7.63043691	0.00793481	6.01825000
7.63543691	0.00793481	5.09048700
7.64043691	0.00793481	4.64491700
7.64543691	0.00793481	4.73647300
7.65043691	0.00793481	4.78530200
7.65543691	0.00793481	4.87685800
7.66043691	0.00793481	4.40687300
7.66543691	0.00793481	3.38755500
7.67043691	0.00793481	3.41196900
7.67543691	0.00793481	4.52284300
7.68043691	0.00793481	4.52284300
7.68543691	0.00793481	3.41196900
7.69043691	0.00793481	3.41196900
7.69543691	0.00793481	4.52284300
7.70043691	0.00793481	4.52284300
7.70543691	0.00793481	3.41196900
7.71043691	0.00793481	3.38755500
7.71543691	0.00793481	4.40687300
7.72043691	0.00793481	4.87685800
7.72543691	0.00793481	4.78530200
7.73043691	0.00793481	4.76088700
7.73543691	0.00793481	4.76088700
7.74043691	0.00793481	4.76088700
7.74543691	0.00793481	4.76088700
7.75043691	0.00793481	4.76088700
7.75543691	0.00793481	4.76088700
7.76043691	0.00793481	4.76088700
7.76543691	0.00793481	4.76088700
7.77043691	0.00793481	4.76088700
7.77543691	0.00793481	4.76088700
7.78043691	0.00793481	4.76088700
7.78543691	0.00793481	4.76088700
7.79043691	0.00793481	4.76088700
7.79543691	0.00793481	4.76088700
7.80043691	0.00793481	4.76088700
7.80543691	0.00793481	4.76088700
7.81043691	0.00793481	4.76088700
7.81543691	0.00793481	4.76088700
7.82043691	0.00793481	4.73647300
7.82543691	0.00793481	4.64491700
7.83043691	0.00793481	5.11490200
7.83543691	0.00793481	6.13422100
7.84043691	0.00793481	6.10980600
7.84543691	0.00793481	4.99893200
7.85043691	0.00793481	4.99893200
7.85543691	0.00793481	6.10980600
7.86043691	0.00793481	6.10980600
7.86543691	0.00793481	4.99893200
7.87043691	0.00793481	4.97451700
7.87543691	0.00793481	5.99383500
7.88043691	0.00793481	6.46382000
7.88543691	0.00793481	6.37226500
7.89043691	0.00793481	6.34785000
7.89543691	0.00793481	6.34785000
7.90043691	0.00793481	6.34785000
7.90543691	0.00793481	6.34785000
7.91043691	0.00793481	6.37226500
7.91543691	0.00793481	6.46382000
7.92043691	0.00793481	6.04266500
7.92543691	0.00793481	5.20645800
7.93043691	0.00793481	4.29090200
7.93543691	0.00793481	3.36314000
7.94043691	0.00793481	3.38755500
7.94543691	0.00793481	4.40687300
7.95043691	0.00793481	4.87685800
7.95543691	0.00793481	4.78530200
7.96043691	0.00793481	4.73647300
7.96543691	0.00793481	4.64491700
7.97043691	0.00793481	5.11490200
7.97543691	0.00793481	6.13422100
7.98043691	0.00793481	6.10980600
7.98543691	0.00793481	4.99893200
7.99043691	0.00793481	4.99893200
7.99543691	0.00793481	6.10980600
8.00043691	0.00793481	6.13422100
8.00543691	0.00793481	5.11490200
8.01043691	0.00793481	4.64491700
8.01543691	0.00793481	4.73647300
8.02043691	0.00793481	4.76088700
8.02543691	0.00793481	4.76088700
8.03043691	0.00793481	4.76088700
8.03543691	0.00793481	4.76088700
8.04043691	0.00793481	4.76088700
8.04543691	0.00793481	4.76088700
8.05043691	0.00793481	4.76088700
8.05543691	0.00793481	4.76088700
8.06043691	0.00793481	4.76088700
8.06543691	0.00793481	4.76088700
8.07043691	0.00793481	4.78530200
8.07543691	0.00793481	4.87685800
8.08043691	0.00793481	4.40687300
8.08543691	0.00793481	3.38755500
8.09043691	0.00793481	3.38755500
8.09543691	0.00793481	4.40687300
8.10043691	0.00793481	4.87685800
8.10543691	0.00793481	4.78530200
8.11043691	0.00793481	4.76088700
8.11543691	0.00793481	4.76088700
8.12043691	0.00793481	4.76088700
8.12543691	0.00793481	4.76088700
8.13043691	0.00793481	4.73647300
8.13543691	0.00793481	4.64491700
8.14043691	0.00793481	5.11490200
8.14543691	0.00793481	6.13422100
8.15043691	0.00793481	6.13422100
8.15543691	0.00793481	5.11490200
8.16043691	0.00793481	4.64491700
8.16543691	0.00793481	4.73647300
8.17043691	0.00793481	4.76088700
8.17543691	0.00793481	4.76088700
8.18043691	0.00793481	4.76088700
8.18543691	0.00793481	4.76088700
8.19043691	0.00793481	4.73647300
8.19543691	0.00793481	4.64491700
8.20043691	0.00793481	5.09048700
8.20543691	0.00793481	6.01825000
8.21043691	0.00793481	6.46382000
8.21543691	0.00793481	6.37226500
8.22043691	0.00793481	6.34785000
8.22543691	0.00793481	6.34785000
8.23043691	0.00793481	6.34785000
8.23543691	0.00793481	6.34785000
8.24043691	0.00793481	6.34785000
8.24543691	0.00793481	6.34785000
8.25043691	0.00793481	6.34785000
8.25543691	0.00793481	6.34785000
8.26043691	0.00793481	6.37226500
8.26543691	0.00793481	6.46382000
8.27043691	0.00793481	6.01825000
8.27543691	0.00793481	5.09048700
8.28043691	0.00793481	4.64491700
8.28543691	0.00793481	4.73647300
8.29043691	0.00793481	4.73647300
8.29543691	0.00793481	4.64491700
8.30043691	0.00793481	5.09048700
8.30543691	0.00793481	6.01825000
8.31043691	0.00793481	6.51265000
8.31543691	0.00793481	6.60420600
8.32043691	0.00793481	5.66423500
8.32543691	0.00793481	3.71715500
8.33043691	0.00793481	3.27158400
8.33543691	0.00793481	4.38245800
8.34043691	0.00793481	4.85244300
8.34543691	0.00793481	4.66933200
8.35043691	0.00793481	5.11490200
8.35543691	0.00793481	6.13422100
8.36043691	0.00793481	6.13422100
8.36543691	0.00793481	5.11490200
8.37043691	0.00793481	4.64491700
8.37543691	0.00793481	4.73647300
8.38043691	0.00793481	4.76088700
8.38543691	0.00793481	4.76088700
8.39043691	0.00793481	4.76088700
8.39543691	0.00793481	4.76088700
8.40043691	0.00793481	4.76088700
8.40543691	0.00793481	4.76088700
8.41043691	0.00793481	4.73647300
8.41543691	0.00793481	4.64491700
8.42043691	0.00793481	5.09048700
8.42543691	0.00793481	6.01825000
8.43043691	0.00793481	6.48823500
8.43543691	0.00793481	6.48823500
8.44043691	0.00793481	6.01825000
8.44543691	0.00793481	5.09048700
8.45043691	0.00793481	4.62050200
8.45543691	0.00793481	4.62050200
8.46043691	0.00793481	5.09048700
8.46543691	0.00793481	6.01825000
8.47043691	0.00793481	6.46382000
8.47543691	0.00793481	6.37226500
8.48043691	0.00793481	6.37226500
8.48543691	0.00793481	6.46382000
8.49043691	0.00793481	6.01825000
8.49543691	0.00793481	5.09048700
8.50043691	0.00793481	4.62050200
8.50543691	0.00793481	4.62050200
8.51043691	0.00793481	5.11490200
8.51543691	0.00793481	6.13422100
8.52043691	0.00793481	6.13422100
8.52543691	0.00793481	5.11490200
8.53043691	0.00793481	4.64491700
8.53543691	0.00793481	4.73647300
8.54043691	0.00793481	4.73647300
8.54543691	0.00793481	4.64491700
8.55043691	0.00793481	5.09048700
8.55543691	0.00793481	6.01825000
8.56043691	0.00793481	6.48823500
8.56543691	0.00793481	6.48823500
8.57043691	0.00793481	6.01825000
8.57543691	0.00793481	5.09048700
8.58043691	0.00793481	4.64491700
8.58543691	0.00793481	4.73647300
8.59043691	0.00793481	4.76088700
8.59543691	0.00793481	4.76088700
8.60043691	0.00793481	4.78530200
8.60543691	0.00793481	4.87685800
8.61043691	0.00793481	4.40687300
8.61543691	0.00793481	3.38755500
8.62043691	0.00793481	3.41196900
8.62543691	0.00793481	4.52284300
8.63043691	0.00793481	4.54725700
8.63543691	0.00793481	3.52794000
8.64043691	0.00793481	3.05795500
8.64543691	0.00793481	3.14951000
8.65043691	0.00793481	3.17392500
8.65543691	0.00793481	3.17392500
8.66043691	0.00793481	3.17392500
8.66543691	0.00793481	3.17392500
8.67043691	0.00793481	3.17392500
8.67543691	0.00793481	3.17392500
8.68043691	0.00793481	3.14951000
8.68543691	0.00793481	3.05795500
8.69043691	0.00793481	3.50352500
8.69543691	0.00793481	4.43128700
8.70043691	0.00793481	4.90127200
8.70543691	0.00793481	4.90127200
8.71043691	0.00793481	4.43128700
8.71543691	0.00793481	3.50352500
8.72043691	0.00793481	3.03354000
8.72543691	0.00793481	3.03354000
8.73043691	0.00793481	3.50352500
8.73543691	0.00793481	4.43128700
8.74043691	0.00793481	4.87685800
8.74543691	0.00793481	4.78530200
8.75043691	0.00793481	4.76088700
8.75543691	0.00793481	4.76088700
8.76043691	0.00793481	4.76088700
8.76543691	0.00793481	4.76088700
8.77043691	0.00793481	4.76088700
8.77543691	0.00793481	4.76088700
8.78043691	0.00793481	4.76088700
8.78543691	0.00793481	4.76088700
8.79043691	0.00793481	4.73647300
8.79543691	0.00793481	4.64491700
8.80043691	0.00793481	5.09048700
8.80543691	0.00793481	6.01825000
8.81043691	0.00793481	6.48823500
8.81543691	0.00793481	6.48823500
8.82043691	0.00793481	6.01825000
8.82543691	0.00793481	5.09048700
8.83043691	0.00793481	4.62050200
8.83543691	0.00793481	4.62050200
8.84043691	0.00793481	5.09048700
8.84543691	0.00793481	6.01825000
8.85043691	0.00793481	6.46382000
8.85543691	0.00793481	6.37226500
8.86043691	0.00793481	6.34785000
8.86543691	0.00793481	6.34785000
8.87043691	0.00793481	6.37226500
8.87543691	0.00793481	6.46382000
8.88043691	0.00793481	5.99383500
8.88543691	0.00793481	4.97451700
8.89043691	0.00793481	4.99893200
8.89543691	0.00793481	6.10980600
8.90043691	0.00793481	6.13422100
8.90543691	0.00793481	5.11490200
8.91043691	0.00793481	4.64491700
8.91543691	0.00793481	4.73647300
8.92043691	0.00793481	4.76088700
8.92543691	0.00793481	4.76088700
8.93043691	0.00793481	4.76088700
8.93543691	0.00793481	4.76088700
8.94043691	0.00793481	4.76088700
8.94543691	0.00793481	4.76088700
8.95043691	0.00793481	4.73647300
8.95543691	0.00793481	4.64491700
8.96043691	0.00793481	5.09048700
8.96543691	0.00793481	6.01825000
8.97043691	0.00793481	6.48823500
8.97543691	0.00793481	6.48823500
8.98043691	0.00793481	6.01825000
8.98543691	0.00793481	5.09048700
8.99043691	0.00793481	4.66933200
8.99543691	0.00793481	4.85244300
9.00043691	0.00793481	4.40687300
9.00543691	0.00793481	3.38755500
9.01043691	0.00793481	3.41196900
9.01543691	0.00793481	4.52284300
9.02043691	0.00793481	4.52284300
9.02543691	0.00793481	3.41196900
