Time	Channel A	Channel B
(us)	(V)	(mV)

-1.00524202	0.00000000	0.21362960
-1.00024202	0.00000000	1.23294800
-0.99524202	0.00000000	1.70293300
-0.99024202	0.00000000	1.61137700
-0.98524202	0.00000000	1.58696200
-0.98024202	0.00000000	1.58696200
-0.97524202	0.00000000	1.58696200
-0.97024202	0.00000000	1.58696200
-0.96524202	0.00000000	1.61137700
-0.96024202	0.00000000	1.70293300
-0.95524202	0.00000000	1.23294800
-0.95024202	0.00000000	0.21362960
-0.94524202	0.00000000	0.21362960
-0.94024202	0.00000000	1.23294800
-0.93524202	0.00000000	1.70293300
-0.93024202	0.00000000	1.61137700
-0.92524202	0.00000000	1.58696200
-0.92024202	0.00000000	1.58696200
-0.91524202	0.00000000	1.58696200
-0.91024202	0.00000000	1.58696200
-0.90524202	0.00000000	1.58696200
-0.90024202	0.00000000	1.58696200
-0.89524202	0.00000000	1.58696200
-0.89024202	0.00000000	1.58696200
-0.88524202	0.00000000	1.58696200
-0.88024202	0.00000000	1.58696200
-0.87524202	0.00000000	1.56254800
-0.87024202	0.00000000	1.47099200
-0.86524202	0.00000000	1.94097700
-0.86024202	0.00000000	2.96029500
-0.85524202	0.00000000	2.93588100
-0.85024202	0.00000000	1.82500700
-0.84524202	0.00000000	1.82500700
-0.84024202	0.00000000	2.93588100
-0.83524202	0.00000000	2.96029500
-0.83024202	0.00000000	1.94097700
-0.82524202	0.00000000	1.47099200
-0.82024202	0.00000000	1.56254800
-0.81524202	0.00000000	1.58696200
-0.81024203	0.00000000	1.58696200
-0.80524203	0.00000000	1.58696200
-0.80024203	0.00000000	1.58696200
-0.79524203	0.00000000	1.58696200
-0.79024203	0.00000000	1.58696200
-0.78524203	0.00000000	1.56254800
-0.78024203	0.00000000	1.47099200
-0.77524203	0.00000000	1.91656200
-0.77024203	0.00000000	2.84432500
-0.76524203	0.00000000	3.28989500
-0.76024203	0.00000000	3.19834000
-0.75524203	0.00000000	3.17392500
-0.75024203	0.00000000	3.17392500
-0.74524203	0.00000000	3.17392500
-0.74024203	0.00000000	3.17392500
-0.73524203	0.00000000	3.17392500
-0.73024203	0.00000000	3.17392500
-0.72524203	0.00000000	3.19834000
-0.72024203	0.00000000	3.28989500
-0.71524203	0.00000000	2.84432500
-0.71024203	0.00000000	1.91656200
-0.70524203	0.00000000	1.47099200
-0.70024203	0.00000000	1.56254800
-0.69524203	0.00000000	1.58696200
-0.69024203	0.00000000	1.58696200
-0.68524203	0.00000000	1.61137700
-0.68024203	0.00000000	1.70293300
-0.67524203	0.00000000	1.25736300
-0.67024203	0.00000000	0.32959990
-0.66524203	0.00000000	-0.14038510
-0.66024203	0.00000000	-0.14038510
-0.65524203	0.00000000	0.32959990
-0.65024203	0.00000000	1.25736300
-0.64524203	0.00000000	1.72734800
-0.64024203	0.00000000	1.72734800
-0.63524203	0.00000000	1.23294800
-0.63024203	0.00000000	0.21362960
-0.62524203	0.00000000	0.21362960
-0.62024203	0.00000000	1.23294800
-0.61524203	0.00000000	1.67851800
-0.61024203	0.00000000	1.49540700
-0.60524203	0.00000000	1.91656200
-0.60024203	0.00000000	2.84432500
-0.59524203	0.00000000	3.28989500
-0.59024203	0.00000000	3.19834000
-0.58524203	0.00000000	3.17392500
-0.58024203	0.00000000	3.17392500
-0.57524203	0.00000000	3.14951000
-0.57024203	0.00000000	3.05795500
-0.56524203	0.00000000	3.52794000
-0.56024203	0.00000000	4.54725700
-0.55524203	0.00000000	4.54725700
-0.55024203	0.00000000	3.52794000
-0.54524203	0.00000000	3.05795500
-0.54024203	0.00000000	3.14951000
-0.53524203	0.00000000	3.17392500
-0.53024203	0.00000000	3.17392500
-0.52524203	0.00000000	3.19834000
-0.52024203	0.00000000	3.28989500
-0.51524203	0.00000000	2.81991000
-0.51024203	0.00000000	1.80059200
-0.50524203	0.00000000	1.80059200
-0.50024203	0.00000000	2.81991000
-0.49524203	0.00000000	3.28989500
-0.49024203	0.00000000	3.19834000
-0.48524203	0.00000000	3.17392500
-0.48024203	0.00000000	3.17392500
-0.47524203	0.00000000	3.17392500
-0.47024203	0.00000000	3.17392500
-0.46524203	0.00000000	3.17392500
-0.46024203	0.00000000	3.17392500
-0.45524203	0.00000000	3.17392500
-0.45024203	0.00000000	3.17392500
-0.44524203	0.00000000	3.19834000
-0.44024203	0.00000000	3.28989500
-0.43524203	0.00000000	2.84432500
-0.43024203	0.00000000	1.91656200
-0.42524203	0.00000000	1.47099200
-0.42024203	0.00000000	1.56254800
-0.41524203	0.00000000	1.58696200
-0.41024203	0.00000000	1.58696200
-0.40524203	0.00000000	1.58696200
-0.40024203	0.00000000	1.58696200
-0.39524203	0.00000000	1.56254800
-0.39024203	0.00000000	1.47099200
-0.38524203	0.00000000	1.91656200
-0.38024203	0.00000000	2.84432500
-0.37524203	0.00000000	3.28989500
-0.37024203	0.00000000	3.19834000
-0.36524203	0.00000000	3.17392500
-0.36024203	0.00000000	3.17392500
-0.35524203	0.00000000	3.17392500
-0.35024203	0.00000000	3.17392500
-0.34524203	0.00000000	3.19834000
-0.34024203	0.00000000	3.28989500
-0.33524203	0.00000000	2.84432500
-0.33024203	0.00000000	1.91656200
-0.32524203	0.00000000	1.47099200
-0.32024203	0.00000000	1.56254800
-0.31524203	0.00000000	1.58696200
-0.31024203	0.00000000	1.58696200
-0.30524203	0.00000000	1.58696200
-0.30024203	0.00000000	1.58696200
-0.29524203	0.00000000	1.58696200
-0.29024203	0.00000000	1.58696200
-0.28524203	0.00000000	1.58696200
-0.28024203	0.00000000	1.58696200
-0.27524203	0.00000000	1.58696200
-0.27024203	0.00000000	1.58696200
-0.26524203	0.00000000	1.61137700
-0.26024203	0.00000000	1.70293300
-0.25524203	0.00000000	1.23294800
-0.25024203	0.00000000	0.21362960
-0.24524203	0.00000000	0.21362960
-0.24024203	0.00000000	1.23294800
-0.23524203	0.00000000	1.70293300
-0.23024203	0.00000000	1.61137700
-0.22524203	0.00000000	1.58696200
-0.22024203	0.00000000	1.58696200
-0.21524203	0.00000000	1.58696200
-0.21024203	0.00000000	1.58696200
-0.20524203	0.00000000	1.58696200
-0.20024203	0.00000000	1.58696200
-0.19524203	0.00000000	1.58696200
-0.19024203	0.00000000	1.58696200
-0.18524203	-0.00012207	1.58696200
-0.18024203	-0.00057985	1.58696200
-0.17524203	0.00152593	1.61137700
-0.17024203	0.00570696	1.70293300
-0.16524203	0.01004059	1.25736300
-0.16024203	0.01376385	0.32959990
-0.15524203	0.01809748	-0.09155553
-0.15024203	0.02227851	0.09155553
-0.14524203	0.02426222	-0.30518510
-0.14024203	0.02334666	-1.14139200
-0.13524203	0.02533036	-2.03253300
-0.13024203	0.02951140	-2.86874000
-0.12524203	0.03396710	-3.28989500
-0.12024203	0.03814813	-3.19834000
-0.11524203	0.04013184	-3.17392500
-0.11024203	0.03921628	-3.17392500
-0.10524203	0.04132206	-3.14951000
-0.10024203	0.04596087	-3.05795500
-0.09524203	0.04806665	-3.52794000
-0.09024203	0.04715110	-4.54725700
-0.08524203	0.04925688	-4.54725700
-0.08024203	0.05389569	-3.52794000
-0.07524203	0.05600147	-3.05795500
-0.07024203	0.05508591	-3.14951000
-0.06524203	0.05706961	-3.17392500
-0.06024203	0.06125065	-3.17392500
-0.05524203	0.06558428	-3.14951000
-0.05024203	0.06930754	-3.05795500
-0.04524203	0.07364117	-3.52794000
-0.04024203	0.07782220	-4.54725700
-0.03524203	0.07980590	-4.52284300
-0.03024203	0.07889035	-3.41196900
-0.02524203	0.08087405	-3.38755500
-0.02024203	0.08505508	-4.40687300
-0.01524203	0.08938871	-4.85244300
-0.01024203	0.09311197	-4.66933200
-0.00524203	0.09744560	-5.09048700
-0.00024203	0.10162660	-6.01825000
0.00475797	0.10361030	-6.43940500
0.00975797	0.10269480	-6.25629500
0.01475797	0.10467850	-6.70186400
0.01975797	0.10885950	-7.72118300
0.02475797	0.11331520	-7.69676800
0.02975797	0.11749630	-6.58589400
0.03475797	0.11948000	-6.58589400
0.03975797	0.11856440	-7.69676800
0.04475797	0.12054810	-7.72118300
0.04975797	0.12472910	-6.70186400
0.05475797	0.12918490	-6.23187900
0.05975797	0.13336590	-6.32343500
0.06475797	0.13534960	-6.37226500
0.06975797	0.13443400	-6.46382000
0.07475797	0.13653980	-6.01825000
0.07975797	0.14120910	-5.09048700
0.08475797	0.14331490	-4.66933200
0.08975797	0.14239940	-4.85244300
0.09475797	0.14450510	-4.43128700
0.09975797	0.14914390	-3.50352500
0.10475797	0.15124970	-3.05795500
0.10975797	0.15033420	-3.14951000
0.11475797	0.15244000	-3.17392500
0.11975797	0.15707880	-3.17392500
0.12475797	0.15918450	-3.14951000
0.12975797	0.15826900	-3.05795500
0.13475797	0.16037480	-3.50352500
0.13975797	0.16501360	-4.43128700
0.14475797	0.16724140	-4.85244300
0.14975797	0.16678370	-4.66933200
0.15475797	0.16653950	-5.09048700
0.15975797	0.16608170	-6.01825000
0.16475797	0.16830960	-6.48823500
0.16975797	0.17294840	-6.48823500
0.17475797	0.17517620	-6.01825000
0.17975797	0.17471850	-5.09048700
0.18475797	0.17447430	-4.64491700
0.18975797	0.17401650	-4.73647300
0.19475797	0.17624440	-4.73647300
0.19975797	0.18088320	-4.64491700
0.20475797	0.18311110	-5.09048700
0.20975797	0.18265330	-6.01825000
0.21475797	0.18253120	-6.46382000
0.21975797	0.18253120	-6.37226500
0.22475797	0.18240910	-6.34785000
0.22975797	0.18195140	-6.34785000
0.23475797	0.18417920	-6.34785000
0.23975797	0.18881800	-6.34785000
0.24475797	0.19104590	-6.32343500
0.24975797	0.19058810	-6.23187900
0.25475797	0.19034390	-6.67745000
0.25975797	0.18988620	-7.60521200
0.26475797	0.19211400	-8.02636700
0.26975797	0.19675280	-7.84325600
0.27475797	0.19885860	-8.28882700
0.27975797	0.19794300	-9.30814500
0.28475797	0.20004880	-9.30814500
0.28975797	0.20468760	-8.28882700
0.29475797	0.20691550	-7.79442700
0.29975797	0.20645770	-7.79442700
0.30475797	0.20633560	-8.28882700
0.30975797	0.20633560	-9.30814500
0.31475797	0.20621360	-9.30814500
0.31975797	0.20575580	-8.28882700
0.32475797	0.20798360	-7.79442700
0.32975797	0.21262240	-7.79442700
0.33475797	0.21485030	-8.28882700
0.33975797	0.21439250	-9.30814500
0.34475797	0.21427050	-9.30814500
0.34975797	0.21427050	-8.28882700
0.35475797	0.21414840	-7.81884200
0.35975797	0.21369060	-7.91039800
0.36475797	0.21591850	-7.95922800
0.36975797	0.22055730	-8.05078300
0.37475797	0.22278510	-7.58079800
0.37975797	0.22232730	-6.56148000
0.38475797	0.22220530	-6.58589400
0.38975797	0.22220530	-7.69676800
0.39475797	0.22220530	-7.72118300
0.39975797	0.22220530	-6.70186400
0.40475797	0.22220530	-6.25629500
0.40975797	0.22220530	-6.43940500
0.41475797	0.22232730	-6.01825000
0.41975797	0.22278510	-5.09048700
0.42475797	0.22055730	-4.64491700
0.42975797	0.21591850	-4.73647300
0.43475797	0.21369060	-4.78530200
0.43975797	0.21414840	-4.87685800
0.44475797	0.21439250	-4.43128700
0.44975797	0.21485030	-3.50352500
0.45475797	0.21262240	-3.05795500
0.45975797	0.20798360	-3.14951000
0.46475797	0.20575580	-3.19834000
0.46975797	0.20621360	-3.28989500
0.47475797	0.20645770	-2.84432500
0.47975797	0.20691550	-1.91656200
0.48475797	0.20468760	-1.47099200
0.48975797	0.20004880	-1.56254800
0.49475797	0.19794300	-1.58696200
0.49975797	0.19885860	-1.58696200
0.50475797	0.19675280	-1.58696200
0.50975797	0.19211400	-1.58696200
0.51475797	0.18988620	-1.58696200
0.51975797	0.19034390	-1.58696200
0.52475797	0.19058810	-1.58696200
0.52975797	0.19104590	-1.58696200
0.53475797	0.18881800	-1.61137700
0.53975797	0.18417920	-1.70293300
0.54475797	0.18195140	-1.23294800
0.54975797	0.18240910	-0.21362960
0.55475797	0.18253120	-0.21362960
0.55975797	0.18253120	-1.23294800
0.56475797	0.18253120	-1.67851800
0.56975797	0.18253120	-1.49540700
0.57475797	0.18265330	-1.94097700
0.57975797	0.18311110	-2.96029500
0.58475797	0.18088320	-2.96029500
0.58975797	0.17624440	-1.94097700
0.59475797	0.17401650	-1.44657700
0.59975797	0.17447430	-1.44657700
0.60475797	0.17459640	-1.91656200
0.60975797	0.17459640	-2.84432500
0.61475797	0.17459640	-3.28989500
0.61975797	0.17459640	-3.19834000
0.62475797	0.17459640	-3.17392500
0.62975797	0.17459640	-3.17392500
0.63475797	0.17459640	-3.17392500
0.63975797	0.17459640	-3.17392500
0.64475797	0.17471850	-3.17392500
0.64975797	0.17517620	-3.17392500
0.65475797	0.17294840	-3.19834000
0.65975797	0.16830960	-3.28989500
0.66475797	0.16608170	-2.84432500
0.66975797	0.16653950	-1.91656200
0.67475797	0.16666160	-1.49540700
0.67975797	0.16666160	-1.67851800
0.68475797	0.16666160	-1.23294800
0.68975797	0.16666160	-0.21362960
0.69475797	0.16666160	-0.21362960
0.69975797	0.16666160	-1.23294800
0.70475797	0.16666160	-1.72734800
0.70975797	0.16666160	-1.72734800
0.71475797	0.16666160	-1.25736300
0.71975797	0.16666160	-0.32959990
0.72475797	0.16678370	0.09155553
0.72975797	0.16724140	-0.09155553
0.73475797	0.16501360	0.35401470
0.73975797	0.16037480	1.37333300
0.74475797	0.15814690	1.37333300
0.74975797	0.15860470	0.35401470
0.75475797	0.15872680	-0.14038510
0.75975797	0.15872680	-0.14038510
0.76475797	0.15872680	0.35401470
0.76975797	0.15872680	1.37333300
0.77475797	0.15872680	1.37333300
0.77975797	0.15872680	0.35401470
0.78475797	0.15872680	-0.11597030
0.78975797	0.15872680	-0.02441481
0.79475797	0.15872680	0.00000000
0.79975797	0.15872680	0.00000000
0.80475797	0.15872680	0.02441481
0.80975797	0.15872680	0.11597030
0.81475797	0.15872680	-0.35401470
0.81975797	0.15872680	-1.37333300
0.82475797	0.15884880	-1.37333300
0.82975797	0.15930660	-0.35401470
0.83475796	0.15707880	0.11597030
0.83975796	0.15244000	0.02441481
0.84475796	0.15021210	-0.02441481
0.84975796	0.15066990	-0.11597030
0.85475796	0.15079200	0.32959990
0.85975796	0.15079200	1.25736300
0.86475796	0.15079200	1.70293300
0.86975796	0.15079200	1.61137700
0.87475796	0.15079200	1.61137700
0.87975796	0.15079200	1.70293300
0.88475796	0.15079200	1.25736300
0.88975796	0.15079200	0.32959990
0.89475796	0.15079200	-0.14038510
0.89975796	0.15079200	-0.14038510
0.90475796	0.15079200	0.35401470
0.90975796	0.15079200	1.37333300
0.91475796	0.15079200	1.37333300
0.91975796	0.15079200	0.35401470
0.92475796	0.15079200	-0.14038510
0.92975796	0.15079200	-0.14038510
0.93475796	0.15091400	0.35401470
0.93975796	0.15137180	1.37333300
0.94475796	0.14914390	1.37333300
0.94975796	0.14450510	0.35401470
0.95475796	0.14227730	-0.09155553
0.95975796	0.14273510	0.09155553
0.96475796	0.14285710	-0.32959990
0.96975796	0.14285710	-1.25736300
0.97475796	0.14285710	-1.75176200
0.97975796	0.14285710	-1.84331800
0.98475796	0.14285710	-0.92776260
0.98975796	0.14285710	0.92776260
0.99475796	0.14285710	1.86773300
0.99975796	0.14285710	1.86773300
1.00475796	0.14285710	0.92776260
1.00975796	0.14285710	-0.92776260
1.01475796	0.14285710	-1.84331800
1.01975796	0.14285710	-1.75176200
1.02475796	0.14285710	-1.25736300
1.02975796	0.14285710	-0.32959990
1.03475796	0.14297920	0.11597030
1.03975796	0.14343700	0.02441481
1.04475796	0.14120910	-0.02441481
1.04975796	0.13653980	-0.11597030
1.05475796	0.13431200	0.35401470
1.05975796	0.13476970	1.37333300
1.06475796	0.13489180	1.34891800
1.06975796	0.13489180	0.23804440
1.07475796	0.13489180	0.21362960
1.07975796	0.13489180	1.23294800
1.08475796	0.13489180	1.70293300
1.08975796	0.13489180	1.61137700
1.09475796	0.13489180	1.58696200
1.09975796	0.13489180	1.58696200
1.10475796	0.13489180	1.61137700
1.10975796	0.13489180	1.70293300
1.11475796	0.13489180	1.25736300
1.11975796	0.13489180	0.32959990
1.12475796	0.13489180	-0.11597030
1.12975796	0.13489180	-0.02441481
1.13475796	0.13489180	-0.02441481
1.13975796	0.13489180	-0.11597030
1.14475796	0.13489180	0.32959990
1.14975796	0.13489180	1.25736300
1.15475796	0.13501390	1.72734800
1.15975796	0.13547170	1.72734800
1.16475796	0.13324380	1.25736300
1.16975796	0.12860500	0.32959990
1.17475796	0.12637720	-0.14038510
1.17975796	0.12683490	-0.14038510
1.18475796	0.12695700	0.35401470
1.18975796	0.12695700	1.37333300
1.19475796	0.12695700	1.37333300
1.19975796	0.12695700	0.35401470
1.20475796	0.12695700	-0.14038510
1.20975796	0.12695700	-0.14038510
1.21475796	0.12695700	0.35401470
1.21975796	0.12695700	1.37333300
1.22475796	0.12695700	1.34891800
1.22975796	0.12695700	0.23804440
1.23475796	0.12695700	0.21362960
1.23975796	0.12695700	1.23294800
1.24475796	0.12695700	1.67851800
1.24975796	0.12695700	1.49540700
1.25475796	0.12707910	1.94097700
1.25975796	0.12753680	2.96029500
1.26475796	0.12530900	2.93588100
1.26975796	0.12067020	1.82500700
1.27475796	0.11844230	1.82500700
1.27975796	0.11890010	2.93588100
1.28475796	0.11902220	2.93588100
1.28975796	0.11902220	1.82500700
1.29475796	0.11902220	1.82500700
1.29975796	0.11902220	2.93588100
1.30475796	0.11902220	2.96029500
1.30975796	0.11902220	1.94097700
1.31475796	0.11902220	1.47099200
1.31975796	0.11902220	1.56254800
1.32475796	0.11902220	1.56254800
1.32975796	0.11902220	1.47099200
1.33475796	0.11902220	1.94097700
1.33975796	0.11902220	2.96029500
1.34475796	0.11902220	2.96029500
1.34975796	0.11902220	1.94097700
1.35475796	0.11902220	1.49540700
1.35975796	0.11902220	1.67851800
1.36475796	0.11902220	1.23294800
1.36975796	0.11902220	0.21362960
1.37475796	0.11902220	0.21362960
1.37975796	0.11902220	1.23294800
1.38475796	0.11902220	1.72734800
1.38975796	0.11902220	1.72734800
1.39475796	0.11914430	1.23294800
1.39975796	0.11960200	0.21362960
1.40475796	0.11737420	0.21362960
1.40975796	0.11273540	1.23294800
1.41475796	0.11050750	1.72734800
1.41975796	0.11096530	1.72734800
1.42475796	0.11108740	1.25736300
1.42975796	0.11108740	0.32959990
1.43475796	0.11108740	-0.14038510
1.43975796	0.11108740	-0.14038510
1.44475796	0.11108740	0.30518510
1.44975796	0.11108740	1.14139200
1.45475796	0.11108740	2.05694700
1.45975796	0.11108740	2.98471000
1.46475796	0.11108740	2.93588100
1.46975796	0.11108740	1.82500700
1.47475796	0.11108740	1.77617700
1.47975796	0.11108740	2.70394000
1.48475796	0.11108740	3.64391000
1.48975796	0.11108740	4.57167300
1.49475796	0.11108740	4.57167300
1.49975796	0.11108740	3.64391000
1.50475796	0.11108740	2.70394000
1.50975796	0.11108740	1.77617700
1.51475796	0.11108740	1.82500700
1.51975796	0.11108740	2.93588100
1.52475796	0.11120950	2.96029500
1.52975796	0.11166720	1.94097700
1.53475796	0.10943940	1.44657700
1.53975796	0.10480060	1.44657700
1.54475796	0.10257270	1.94097700
1.54975796	0.10303050	2.96029500
1.55475796	0.10315260	2.93588100
1.55975796	0.10315260	1.82500700
1.56475796	0.10315260	1.82500700
1.56975796	0.10315260	2.93588100
1.57475796	0.10315260	2.93588100
1.57975796	0.10315260	1.82500700
1.58475796	0.10315260	1.82500700
1.58975796	0.10315260	2.93588100
1.59475796	0.10315260	2.96029500
1.59975796	0.10315260	1.94097700
1.60475796	0.10315260	1.47099200
1.60975796	0.10315260	1.56254800
1.61475796	0.10315260	1.58696200
1.61975796	0.10315260	1.58696200
1.62475796	0.10315260	1.56254800
1.62975796	0.10315260	1.47099200
1.63475796	0.10315260	1.94097700
1.63975796	0.10315260	2.96029500
1.64475796	0.10315260	2.93588100
1.64975796	0.10315260	1.82500700
1.65475796	0.10315260	1.82500700
1.65975796	0.10315260	2.93588100
1.66475796	0.10327460	2.96029500
1.66975796	0.10373240	1.94097700
1.67475796	0.10150460	1.47099200
1.67975796	0.09686575	1.56254800
1.68475796	0.09463790	1.61137700
1.68975796	0.09509568	1.70293300
1.69475796	0.09521775	1.25736300
1.69975796	0.09521775	0.32959990
1.70475796	0.09521775	-0.11597030
1.70975796	0.09521775	-0.02441481
1.71475796	0.09521775	0.00000000
1.71975796	0.09521775	0.00000000
1.72475796	0.09521775	0.00000000
1.72975796	0.09521775	0.00000000
1.73475796	0.09521775	0.02441481
1.73975796	0.09521775	0.11597030
1.74475796	0.09521775	-0.35401470
1.74975796	0.09521775	-1.37333300
1.75475796	0.09521775	-1.37333300
1.75975796	0.09521775	-0.35401470
1.76475796	0.09521775	0.09155553
1.76975796	0.09521775	-0.09155553
1.77475796	0.09521775	0.32959990
1.77975796	0.09521775	1.25736300
1.78475796	0.09521775	1.72734800
1.78975796	0.09521775	1.72734800
1.79475796	0.09521775	1.23294800
1.79975796	0.09521775	0.21362960
1.80475796	0.09521775	0.18921480
1.80975796	0.09521775	1.11697700
1.81475796	0.09521775	2.05694700
1.81975796	0.09521775	2.98471000
1.82475796	0.09521775	2.96029500
1.82975796	0.09521775	1.94097700
1.83475796	0.09521775	1.49540700
1.83975796	0.09521775	1.67851800
1.84475796	0.09533982	1.23294800
1.84975796	0.09579760	0.21362960
1.85475796	0.09356975	0.21362960
1.85975796	0.08893093	1.23294800
1.86475796	0.08670308	1.67851800
1.86975796	0.08716086	1.49540700
1.87475796	0.08728294	1.94097700
1.87975796	0.08728294	2.96029500
1.88475796	0.08728294	2.93588100
1.88975796	0.08728294	1.82500700
1.89475796	0.08728294	1.80059200
1.89975796	0.08728294	2.81991000
1.90475796	0.08728294	3.28989500
1.90975796	0.08728294	3.19834000
1.91475796	0.08728294	3.19834000
1.91975796	0.08728294	3.28989500
1.92475796	0.08728294	2.81991000
1.92975796	0.08728294	1.80059200
1.93475796	0.08728294	1.80059200
1.93975796	0.08728294	2.81991000
1.94475796	0.08728294	3.28989500
1.94975796	0.08728294	3.19834000
1.95475796	0.08728294	3.17392500
1.95975796	0.08728294	3.17392500
1.96475796	0.08728294	3.19834000
1.96975796	0.08728294	3.28989500
1.97475796	0.08728294	2.84432500
1.97975796	0.08728294	1.91656200
1.98475796	0.08728294	1.49540700
1.98975796	0.08728294	1.67851800
1.99475796	0.08740501	1.23294800
1.99975796	0.08786279	0.21362960
2.00475796	0.08551286	0.23804440
2.00975796	0.08041627	1.34891800
2.01475796	0.08053835	1.34891800
2.01975796	0.08609272	0.23804440
2.02475796	0.08621479	0.21362960
2.02975796	0.08111820	1.23294800
2.03475796	0.07876828	1.70293300
2.03975796	0.07922605	1.61137700
2.04475796	0.07934812	1.58696200
2.04975796	0.07934812	1.58696200
2.05475796	0.07934812	1.58696200
2.05975796	0.07934812	1.58696200
2.06475796	0.07934812	1.56254800
2.06975796	0.07934812	1.47099200
2.07475796	0.07934812	1.91656200
2.07975796	0.07934812	2.84432500
2.08475796	0.07934812	3.28989500
2.08975796	0.07934812	3.19834000
2.09475796	0.07934812	3.17392500
2.09975796	0.07934812	3.17392500
2.10475796	0.07934812	3.17392500
2.10975796	0.07934812	3.17392500
2.11475796	0.07934812	3.19834000
2.11975796	0.07934812	3.28989500
2.12475796	0.07934812	2.81991000
2.12975796	0.07934812	1.80059200
2.13475796	0.07934812	1.82500700
2.13975796	0.07934812	2.93588100
2.14475796	0.07934812	2.93588100
2.14975796	0.07934812	1.82500700
2.15475796	0.07934812	1.80059200
2.15975796	0.07934812	2.81991000
2.16475796	0.07934812	3.28989500
2.16975796	0.07934812	3.19834000
2.17475796	0.07934812	3.17392500
2.17975796	0.07934812	3.17392500
2.18475796	0.07934812	3.17392500
2.18975796	0.07934812	3.17392500
2.19475796	0.07947020	3.17392500
2.19975796	0.07992797	3.17392500
2.20475796	0.07770012	3.17392500
2.20975796	0.07306131	3.17392500
2.21475796	0.07083346	3.17392500
2.21975796	0.07129124	3.17392500
2.22475796	0.07141331	3.19834000
2.22975796	0.07141331	3.28989500
2.23475796	0.07141331	2.84432500
2.23975796	0.07141331	1.91656200
2.24475796	0.07141331	1.47099200
2.24975796	0.07141331	1.56254800
2.25475796	0.07141331	1.58696200
2.25975796	0.07141331	1.58696200
2.26475796	0.07141331	1.58696200
2.26975796	0.07141331	1.58696200
2.27475796	0.07141331	1.58696200
2.27975796	0.07141331	1.58696200
2.28475796	0.07141331	1.58696200
2.28975796	0.07141331	1.58696200
2.29475796	0.07141331	1.58696200
2.29975796	0.07141331	1.58696200
2.30475796	0.07141331	1.56254800
2.30975796	0.07141331	1.47099200
2.31475796	0.07141331	1.94097700
2.31975796	0.07141331	2.96029500
2.32475796	0.07141331	2.93588100
2.32975796	0.07141331	1.82500700
2.33475796	0.07141331	1.80059200
2.33975796	0.07141331	2.81991000
2.34475796	0.07141331	3.31431000
2.34975796	0.07141331	3.31431000
2.35475796	0.07141331	2.84432500
2.35975796	0.07141331	1.91656200
2.36475796	0.07141331	1.47099200
2.36975796	0.07141331	1.56254800
2.37475796	0.07141331	1.58696200
2.37975796	0.07141331	1.58696200
2.38475796	0.07153539	1.61137700
2.38975796	0.07199316	1.70293300
2.39475796	0.06964324	1.23294800
2.39975796	0.06454664	0.21362960
2.40475796	0.06454664	0.23804440
2.40975796	0.06964324	1.34891800
2.41475796	0.07211524	1.37333300
2.41975796	0.07211524	0.35401470
2.42475796	0.06976531	-0.11597030
2.42975796	0.06512650	-0.02441481
2.43475796	0.06289865	-0.02441481
2.43975796	0.06335643	-0.11597030
2.44475796	0.06347850	0.32959990
2.44975796	0.06347850	1.25736300
2.45475796	0.06347850	1.70293300
2.45975796	0.06347850	1.61137700
2.46475796	0.06347850	1.58696200
2.46975796	0.06347850	1.58696200
2.47475796	0.06347850	1.58696200
2.47975795	0.06347850	1.58696200
2.48475795	0.06347850	1.58696200
2.48975795	0.06347850	1.58696200
2.49475795	0.06347850	1.58696200
2.49975795	0.06347850	1.58696200
2.50475795	0.06347850	1.58696200
2.50975795	0.06347850	1.58696200
2.51475795	0.06347850	1.56254800
2.51975795	0.06347850	1.47099200
2.52475795	0.06347850	1.91656200
2.52975795	0.06347850	2.84432500
2.53475795	0.06347850	3.31431000
2.53975795	0.06347850	3.31431000
2.54475795	0.06347850	2.84432500
2.54975795	0.06347850	1.91656200
2.55475795	0.06347850	1.47099200
2.55975795	0.06347850	1.56254800
2.56475795	0.06347850	1.58696200
2.56975795	0.06347850	1.58696200
2.57475795	0.06347850	1.58696200
2.57975795	0.06347850	1.58696200
2.58475795	0.06347850	1.58696200
2.58975795	0.06347850	1.58696200
2.59475795	0.06347850	1.58696200
2.59975795	0.06347850	1.58696200
2.60475795	0.06347850	1.58696200
2.60975795	0.06347850	1.58696200
2.61475795	0.06360057	1.61137700
2.61975795	0.06405835	1.70293300
2.62475795	0.06183050	1.23294800
2.62975795	0.05719168	0.21362960
2.63475795	0.05484176	0.21362960
2.63975795	0.05484176	1.23294800
2.64475795	0.05719168	1.70293300
2.64975795	0.06183050	1.61137700
2.65475795	0.06418043	1.56254800
2.65975795	0.06418043	1.47099200
2.66475795	0.06183050	1.94097700
2.66975795	0.05719168	2.96029500
2.67475795	0.05496383	2.96029500
2.67975795	0.05542161	1.94097700
2.68475795	0.05554369	1.44657700
2.68975795	0.05554369	1.44657700
2.69475795	0.05554369	1.91656200
2.69975795	0.05554369	2.84432500
2.70475795	0.05554369	3.28989500
2.70975795	0.05554369	3.19834000
2.71475795	0.05554369	3.17392500
2.71975795	0.05554369	3.17392500
2.72475795	0.05554369	3.17392500
2.72975795	0.05554369	3.17392500
2.73475795	0.05554369	3.17392500
2.73975795	0.05554369	3.17392500
2.74475795	0.05554369	3.19834000
2.74975795	0.05554369	3.28989500
2.75475795	0.05554369	2.84432500
2.75975795	0.05554369	1.91656200
2.76475795	0.05554369	1.47099200
2.76975795	0.05554369	1.56254800
2.77475795	0.05554369	1.61137700
2.77975795	0.05554369	1.70293300
2.78475795	0.05554369	1.23294800
2.78975795	0.05554369	0.21362960
2.79475795	0.05554369	0.21362960
2.79975795	0.05554369	1.23294800
2.80475795	0.05554369	1.70293300
2.80975795	0.05554369	1.61137700
2.81475795	0.05554369	1.58696200
2.81975795	0.05554369	1.58696200
2.82475795	0.05554369	1.58696200
2.82975795	0.05554369	1.58696200
2.83475795	0.05554369	1.58696200
2.83975795	0.05554369	1.58696200
2.84475795	0.05554369	1.56254800
2.84975795	0.05554369	1.47099200
2.85475795	0.05554369	1.94097700
2.85975795	0.05554369	2.96029500
2.86475795	0.05554369	2.93588100
2.86975795	0.05554369	1.82500700
2.87475795	0.05554369	1.82500700
2.87975795	0.05554369	2.93588100
2.88475795	0.05554369	2.93588100
2.88975795	0.05554369	1.82500700
2.89475795	0.05566576	1.80059200
2.89975795	0.05612354	2.81991000
2.90475795	0.05377361	3.28989500
2.90975795	0.04867702	3.19834000
2.91475795	0.04867702	3.19834000
2.91975795	0.05377361	3.28989500
2.92475795	0.05624561	2.81991000
2.92975795	0.05624561	1.80059200
2.93475795	0.05389569	1.80059200
2.93975795	0.04925688	2.81991000
2.94475795	0.04702902	3.28989500
2.94975795	0.04748680	3.19834000
2.95475795	0.04760887	3.17392500
2.95975795	0.04760887	3.17392500
2.96475795	0.04760887	3.19834000
2.96975795	0.04760887	3.28989500
2.97475795	0.04760887	2.84432500
2.97975795	0.04760887	1.91656200
2.98475795	0.04760887	1.47099200
2.98975795	0.04760887	1.56254800
2.99475795	0.04760887	1.58696200
2.99975795	0.04760887	1.58696200
3.00475795	0.04760887	1.58696200
3.00975795	0.04760887	1.58696200
3.01475795	0.04760887	1.58696200
3.01975795	0.04760887	1.58696200
3.02475795	0.04760887	1.61137700
3.02975795	0.04760887	1.70293300
3.03475795	0.04760887	1.23294800
3.03975795	0.04760887	0.21362960
3.04475795	0.04760887	0.21362960
3.04975795	0.04760887	1.23294800
3.05475795	0.04760887	1.67851800
3.05975795	0.04760887	1.49540700
3.06475795	0.04760887	1.94097700
3.06975795	0.04760887	2.96029500
3.07475795	0.04760887	2.93588100
3.07975795	0.04760887	1.82500700
3.08475795	0.04760887	1.82500700
3.08975795	0.04760887	2.93588100
3.09475795	0.04760887	2.96029500
3.09975795	0.04760887	1.94097700
3.10475795	0.04760887	1.47099200
3.10975795	0.04760887	1.56254800
3.11475795	0.04760887	1.56254800
3.11975795	0.04760887	1.47099200
3.12475795	0.04760887	1.94097700
3.12975795	0.04760887	2.96029500
3.13475795	0.04760887	2.96029500
3.13975795	0.04760887	1.94097700
3.14475795	0.04760887	1.47099200
3.14975795	0.04760887	1.56254800
3.15475795	0.04760887	1.61137700
3.15975795	0.04760887	1.70293300
3.16475795	0.04760887	1.23294800
3.16975795	0.04760887	0.21362960
3.17475795	0.04760887	0.21362960
3.17975795	0.04760887	1.23294800
3.18475795	0.04760887	1.67851800
3.18975795	0.04760887	1.49540700
3.19475795	0.04760887	1.91656200
3.19975795	0.04760887	2.84432500
3.20475795	0.04760887	3.31431000
3.20975795	0.04760887	3.31431000
3.21475795	0.04760887	2.84432500
3.21975795	0.04760887	1.91656200
3.22475795	0.04760887	1.44657700
3.22975795	0.04760887	1.44657700
3.23475795	0.04773095	1.91656200
3.23975795	0.04818873	2.84432500
3.24475795	0.04596087	3.28989500
3.24975795	0.04132206	3.19834000
3.25475795	0.03897214	3.17392500
3.25975795	0.03897214	3.17392500
3.26475795	0.04144414	3.17392500
3.26975795	0.04654073	3.17392500
3.27475795	0.04654073	3.14951000
3.27975795	0.04144414	3.05795500
3.28475795	0.03909421	3.50352500
3.28975795	0.03955199	4.43128700
3.29475795	0.03967406	4.87685800
3.29975795	0.03967406	4.78530200
3.30475795	0.03967406	4.78530200
3.30975795	0.03967406	4.87685800
3.31475795	0.03967406	4.43128700
3.31975795	0.03967406	3.50352500
3.32475795	0.03967406	3.05795500
3.32975795	0.03967406	3.14951000
3.33475795	0.03967406	3.19834000
3.33975795	0.03967406	3.28989500
3.34475795	0.03967406	2.81991000
3.34975795	0.03967406	1.80059200
3.35475795	0.03967406	1.80059200
3.35975795	0.03967406	2.81991000
3.36475795	0.03967406	3.31431000
3.36975795	0.03967406	3.31431000
3.37475795	0.03967406	2.84432500
3.37975795	0.03967406	1.91656200
3.38475795	0.03967406	1.44657700
3.38975795	0.03967406	1.44657700
3.39475795	0.03967406	1.94097700
3.39975795	0.03967406	2.96029500
3.40475795	0.03967406	2.96029500
3.40975795	0.03967406	1.94097700
3.41475795	0.03967406	1.44657700
3.41975795	0.03967406	1.44657700
3.42475795	0.03967406	1.94097700
3.42975795	0.03967406	2.96029500
3.43475795	0.03967406	2.96029500
3.43975795	0.03967406	1.94097700
3.44475795	0.03967406	1.47099200
3.44975795	0.03967406	1.56254800
3.45475795	0.03967406	1.56254800
3.45975795	0.03967406	1.47099200
3.46475795	0.03967406	1.94097700
3.46975795	0.03967406	2.96029500
3.47475795	0.03967406	2.96029500
3.47975795	0.03967406	1.94097700
3.48475795	0.03967406	1.44657700
3.48975795	0.03967406	1.44657700
3.49475795	0.03967406	1.91656200
3.49975795	0.03967406	2.84432500
3.50475795	0.03967406	3.26548100
3.50975795	0.03967406	3.08237000
3.51475795	0.03967406	3.50352500
3.51975795	0.03967406	4.43128700
3.52475795	0.03967406	4.87685800
3.52975795	0.03967406	4.78530200
3.53475795	0.03967406	4.78530200
3.53975795	0.03967406	4.87685800
3.54475795	0.03967406	4.40687300
3.54975795	0.03967406	3.38755500
3.55475795	0.03967406	3.38755500
3.55975795	0.03967406	4.40687300
3.56475795	0.03967406	4.87685800
3.56975795	0.03967406	4.78530200
3.57475795	0.03967406	4.76088700
3.57975795	0.03967406	4.76088700
3.58475795	0.03967406	4.78530200
3.58975795	0.03967406	4.87685800
3.59475795	0.03967406	4.45570200
3.59975795	0.03967406	3.61949500
3.60475795	0.03967406	2.70394000
3.60975795	0.03967406	1.77617700
3.61475795	0.03967406	1.82500700
3.61975795	0.03967406	2.93588100
3.62475795	0.03979614	2.96029500
3.62975795	0.04025391	1.94097700
3.63475795	0.03790399	1.47099200
3.63975795	0.03280740	1.56254800
3.64475795	0.03292947	1.58696200
3.64975795	0.03848384	1.58696200
3.65475795	0.03848384	1.58696200
3.65975795	0.03292947	1.58696200
3.66475795	0.03292947	1.58696200
3.66975795	0.03848384	1.58696200
3.67475795	0.03860591	1.58696200
3.67975795	0.03350932	1.58696200
3.68475795	0.03115940	1.56254800
3.68975795	0.03161718	1.47099200
3.69475795	0.03173925	1.89214800
3.69975795	0.03173925	2.72835500
3.70475795	0.03173925	3.57676900
3.70975795	0.03173925	4.21765800
3.71475795	0.03173925	5.46891700
3.71975795	0.03173925	6.94601200
3.72475795	0.03173925	9.01516700
3.72975795	0.03173925	11.04770000
3.73475795	0.03173925	14.88693000
3.73975795	0.03173925	19.60509000
3.74475795	0.03173925	24.71389000
3.74975795	0.03173925	28.96817000
3.75475795	0.03173925	34.87655000
3.75975795	0.03173925	40.88870000
3.76475795	0.03173925	48.11548000
3.76975795	0.03173925	54.77462000
3.77475795	0.03173925	62.87423000
3.77975795	0.03173925	70.45503000
3.78475795	0.03173925	78.53023000
3.78975795	0.03173925	85.09781000
3.79475795	0.03173925	92.75185000
3.79975795	0.03173925	99.58800000
3.80475795	0.03173925	106.39360000
3.80975795	0.03173925	111.48410000
3.81475795	0.03173925	116.97130000
3.81975795	0.03173925	121.40260000
3.82475795	0.03173925	126.09030000
3.82975795	0.03173925	129.88070000
3.83475795	0.03173925	133.27430000
3.83975795	0.03173925	135.39840000
3.84475795	0.03173925	137.49200000
3.84975795	0.03173925	138.96910000
3.85475795	0.03173925	140.26310000
3.85975795	0.03173925	141.09930000
3.86475795	0.03173925	141.07490000
3.86975795	0.03173925	140.14710000
3.87475795	0.03173925	139.29870000
3.87975795	0.03173925	138.74940000
3.88475795	0.03173925	137.00370000
3.88975795	0.03173925	134.41570000
3.89475795	0.03173925	132.76770000
3.89975795	0.03173925	132.58460000
3.90475795	0.03173925	130.04550000
3.90975795	0.03173925	125.78510000
3.91475795	0.03173925	122.32430000
3.91975795	0.03173925	120.38940000
3.92475795	0.03173925	117.41690000
3.92975795	0.03173925	114.17580000
3.93475795	0.03173925	111.65500000
3.93975795	0.03173925	110.55020000
3.94475795	0.03173925	108.05990000
3.94975795	0.03173925	104.91040000
3.95475795	0.03173925	101.47400000
3.95975795	0.03173925	98.51985000
3.96475795	0.03173925	95.08347000
3.96975795	0.03173925	91.93396000
3.97475795	0.03173925	89.44365000
3.97975795	0.03173925	88.33887000
3.98475795	0.03173925	85.81805000
3.98975795	0.03173925	82.57699000
3.99475795	0.03173925	79.53734000
3.99975795	0.03173925	77.31560000
4.00475795	0.03173925	75.22202000
4.00975795	0.03173925	73.83648000
4.01475795	0.03173925	72.23730000
4.01975795	0.03173925	71.03488000
4.02475795	0.03173925	68.00134000
4.02975795	0.03173925	63.74096000
4.03475795	0.03173925	60.70742000
4.03975795	0.03173925	59.50499000
4.04475795	0.03186132	57.88140000
4.04975795	0.03231910	56.39820000
4.05475795	0.02996918	54.70138000
4.05975795	0.02487259	53.22428000
4.06475795	0.02487259	51.50304000
4.06975795	0.02996918	49.93438000
4.07475795	0.03231910	48.65871000
4.07975795	0.03186132	48.01782000
4.08475795	0.03173925	47.21213000
4.08975795	0.03173925	46.57124000
4.09475795	0.03186132	45.27116000
4.09975795	0.03231910	43.61095000
4.10475795	0.03009125	42.33528000
4.10975795	0.02545244	41.78594000
4.11475795	0.02322458	40.49196000
4.11975795	0.02368236	38.72799000
4.12475794	0.02368236	37.88568000
4.12975794	0.02322458	38.16034000
4.13475794	0.02545244	37.76360000
4.13975794	0.03009125	36.83584000
4.14475794	0.03231910	36.41468000
4.14975794	0.03186132	36.59780000
4.15475794	0.03173925	36.20105000
4.15975794	0.03173925	35.36485000
4.16475794	0.03186132	34.47371000
4.16975794	0.03231910	33.63750000
4.17475794	0.03009125	33.24076000
4.17975794	0.02545244	33.42387000
4.18475794	0.02322458	33.00272000
4.18975794	0.02368236	32.07495000
4.19475794	0.02380444	31.65380000
4.19975794	0.02380444	31.83691000
4.20475794	0.02380444	31.44017000
4.20975794	0.02380444	30.60396000
4.21475794	0.02380444	29.71282000
4.21975794	0.02380444	28.87661000
4.22475794	0.02380444	28.47987000
4.22975794	0.02380444	28.66298000
4.23475794	0.02380444	28.26624000
4.23975794	0.02380444	27.43003000
4.24475794	0.02380444	26.55110000
4.24975794	0.02380444	25.81256000
4.25475794	0.02380444	24.94583000
4.25975794	0.02380444	24.10962000
4.26475794	0.02380444	23.68847000
4.26975794	0.02380444	23.78002000
4.27475794	0.02380444	23.82885000
4.27975794	0.02380444	23.92041000
4.28475794	0.02380444	23.47484000
4.28975794	0.02380444	22.54707000
4.29475794	0.02380444	22.12592000
4.29975794	0.02380444	22.30903000
4.30475794	0.02380444	21.86346000
4.30975794	0.02380444	20.84414000
4.31475794	0.02380444	20.86856000
4.31975794	0.02380444	21.97943000
4.32475794	0.02380444	22.00385000
4.32975794	0.02380444	20.98453000
4.33475794	0.02380444	20.53896000
4.33975794	0.02380444	20.72207000
4.34475794	0.02380444	20.30091000
4.34975794	0.02380444	19.37315000
4.35475794	0.02380444	18.92758000
4.35975794	0.02380444	19.01913000
4.36475794	0.02380444	19.06796000
4.36975794	0.02380444	19.15952000
4.37475794	0.02380444	18.71395000
4.37975794	0.02380444	17.78619000
4.38475794	0.02380444	17.34062000
4.38975794	0.02380444	17.43217000
4.39475794	0.02380444	17.48100000
4.39975794	0.02380444	17.57256000
4.40475794	0.02380444	17.12699000
4.40975794	0.02380444	16.19922000
4.41475794	0.02380444	15.77807000
4.41975794	0.02380444	15.96118000
4.42475794	0.02380444	15.51561000
4.42975794	0.02380444	14.49629000
4.43475794	0.02380444	14.52071000
4.43975794	0.02380444	15.63158000
4.44475794	0.02380444	15.65600000
4.44975794	0.02380444	14.63668000
4.45475794	0.02380444	14.16669000
4.45975794	0.02380444	14.25825000
4.46475794	0.02380444	14.30708000
4.46975794	0.02380444	14.39863000
4.47475794	0.02380444	13.95306000
4.47975794	0.02380444	13.02530000
4.48475794	0.02380444	12.57973000
4.48975794	0.02380444	12.67128000
4.49475794	0.02380444	12.69570000
4.49975794	0.02380444	12.69570000
4.50475794	0.02380444	12.72011000
4.50975794	0.02380444	12.81167000
4.51475794	0.02380444	12.36610000
4.51975794	0.02380444	11.43834000
4.52475794	0.02380444	10.99277000
4.52975794	0.02380444	11.08432000
4.53475794	0.02380444	11.10874000
4.53975794	0.02380444	11.10874000
4.54475794	0.02380444	11.08432000
4.54975794	0.02380444	10.99277000
4.55475794	0.02380444	11.46275000
4.55975794	0.02380444	12.48207000
4.56475794	0.02380444	12.45765000
4.56975794	0.02380444	11.34678000
4.57475794	0.02380444	11.32237000
4.57975794	0.02380444	12.34169000
4.58475794	0.02380444	12.83609000
4.58975794	0.02380444	12.83609000
4.59475794	0.02380444	12.34169000
4.59975794	0.02380444	11.32237000
4.60475794	0.02380444	11.37120000
4.60975794	0.02380444	12.57363000
4.61475794	0.02380444	12.15247000
4.61975794	0.02380444	10.20539000
4.62475794	0.02380444	9.24100500
4.62975794	0.02380444	9.24100500
4.63475794	0.02380444	10.22980000
4.63975794	0.02380444	12.26844000
4.64475794	0.02380444	12.26844000
4.64975794	0.02380444	10.22980000
4.65475794	0.02380444	9.28983400
4.65975794	0.02380444	9.47294500
4.66475794	0.02380444	9.52177400
4.66975794	0.02380444	9.52177400
4.67475794	0.02380444	9.52177400
4.67975794	0.02380444	9.52177400
4.68475794	0.02380444	9.49735900
4.68975794	0.02380444	9.40580500
4.69475794	0.02380444	9.85137500
4.69975794	0.02380444	10.77914000
4.70475794	0.02392651	11.20029000
4.70975794	0.02438429	11.01718000
4.71475794	0.02203436	11.43834000
4.71975794	0.01693777	12.36610000
4.72475794	0.01693777	12.83609000
4.72975794	0.02203436	12.83609000
4.73475794	0.02438429	12.36610000
4.73975794	0.02392651	11.43834000
4.74475794	0.02380444	10.96835000
4.74975794	0.02380444	10.96835000
4.75475794	0.02380444	11.43834000
4.75975794	0.02380444	12.36610000
4.76475794	0.02392651	12.83609000
4.76975794	0.02438429	12.83609000
4.77475794	0.02215644	12.36610000
4.77975794	0.01751762	11.43834000
4.78475794	0.01516770	11.01718000
4.78975794	0.01516770	11.20029000
4.79475794	0.01751762	10.77914000
4.79975794	0.02215644	9.85137500
4.80475794	0.02438429	9.43021900
4.80975794	0.02392651	9.61333000
4.81475794	0.02392651	9.19217500
4.81975794	0.02438429	8.26441300
4.82475794	0.02215644	7.79442700
4.82975794	0.01751762	7.79442700
4.83475794	0.01528977	8.28882700
4.83975794	0.01574755	9.30814500
4.84475794	0.01586962	9.30814500
4.84975794	0.01586962	8.28882700
4.85475794	0.01586962	7.81884200
4.85975794	0.01586962	7.91039800
4.86475794	0.01586962	7.93481200
4.86975794	0.01586962	7.93481200
4.87475794	0.01586962	7.93481200
4.87975794	0.01586962	7.93481200
4.88475794	0.01586962	7.93481200
4.88975794	0.01586962	7.93481200
4.89475794	0.01586962	7.93481200
4.89975794	0.01586962	7.93481200
4.90475794	0.01586962	7.93481200
4.90975794	0.01586962	7.93481200
4.91475794	0.01586962	7.93481200
4.91975794	0.01586962	7.93481200
4.92475794	0.01586962	7.93481200
4.92975794	0.01586962	7.93481200
4.93475794	0.01586962	7.93481200
4.93975794	0.01586962	7.93481200
4.94475794	0.01586962	7.95922800
4.94975794	0.01586962	8.05078300
4.95475794	0.01586962	7.60521200
4.95975794	0.01586962	6.67745000
4.96475794	0.01586962	6.23187900
4.96975794	0.01586962	6.32343500
4.97475794	0.01586962	6.32343500
4.97975794	0.01586962	6.23187900
4.98475794	0.01586962	6.67745000
4.98975794	0.01586962	7.60521200
4.99475794	0.01586962	8.05078300
4.99975794	0.01586962	7.95922800
5.00475794	0.01586962	7.93481200
5.00975794	0.01586962	7.93481200
5.01475794	0.01586962	7.93481200
5.01975794	0.01586962	7.93481200
5.02475794	0.01586962	7.93481200
5.02975794	0.01586962	7.93481200
5.03475794	0.01586962	7.93481200
5.03975794	0.01586962	7.93481200
5.04475794	0.01586962	7.93481200
5.04975794	0.01586962	7.93481200
5.05475794	0.01586962	7.91039800
5.05975794	0.01586962	7.81884200
5.06475794	0.01586962	8.31324200
5.06975794	0.01586962	9.42411600
5.07475794	0.01586962	8.97854500
5.07975794	0.01586962	7.03146500
5.08475794	0.01586962	6.11590900
5.08975794	0.01586962	6.29902000
5.09475794	0.01586962	6.34785000
5.09975794	0.01586962	6.34785000
5.10475794	0.01586962	6.34785000
5.10975794	0.01586962	6.34785000
5.11475794	0.01586962	6.34785000
5.11975794	0.01586962	6.34785000
5.12475794	0.01586962	6.34785000
5.12975794	0.01586962	6.34785000
5.13475794	0.01586962	6.34785000
5.13975794	0.01586962	6.34785000
5.14475794	0.01586962	6.34785000
5.14975794	0.01586962	6.34785000
5.15475794	0.01586962	6.34785000
5.15975794	0.01586962	6.34785000
5.16475794	0.01586962	6.37226500
5.16975794	0.01586962	6.46382000
5.17475794	0.01586962	5.99383500
5.17975794	0.01586962	4.97451700
5.18475794	0.01586962	4.97451700
5.18975794	0.01586962	5.99383500
5.19475794	0.01586962	6.48823500
5.19975794	0.01586962	6.48823500
5.20475794	0.01586962	6.01825000
5.20975794	0.01586962	5.09048700
5.21475794	0.01586962	4.64491700
5.21975794	0.01586962	4.73647300
5.22475794	0.01586962	4.76088700
5.22975794	0.01586962	4.76088700
5.23475794	0.01586962	4.78530200
5.23975794	0.01586962	4.87685800
5.24475794	0.01586962	4.40687300
5.24975794	0.01586962	3.38755500
5.25475794	0.01586962	3.41196900
5.25975794	0.01586962	4.52284300
5.26475794	0.01586962	4.52284300
5.26975794	0.01586962	3.41196900
5.27475794	0.01586962	3.38755500
5.27975794	0.01586962	4.40687300
5.28475794	0.01586962	4.87685800
5.28975794	0.01586962	4.78530200
5.29475794	0.01586962	4.76088700
5.29975794	0.01586962	4.76088700
5.30475794	0.01586962	4.76088700
5.30975794	0.01586962	4.76088700
5.31475794	0.01586962	4.73647300
5.31975794	0.01586962	4.64491700
5.32475794	0.01586962	5.09048700
5.32975794	0.01586962	6.01825000
5.33475794	0.01586962	6.46382000
5.33975794	0.01586962	6.37226500
5.34475794	0.01586962	6.32343500
5.34975794	0.01586962	6.23187900
5.35475794	0.01586962	6.67745000
5.35975794	0.01586962	7.60521200
5.36475794	0.01586962	8.05078300
5.36975794	0.01586962	7.95922800
5.37475794	0.01586962	7.93481200
5.37975794	0.01586962	7.93481200
5.38475794	0.01586962	7.93481200
5.38975794	0.01586962	7.93481200
5.39475794	0.01586962	7.93481200
5.39975794	0.01586962	7.93481200
5.40475794	0.01586962	7.95922800
5.40975794	0.01586962	8.05078300
5.41475794	0.01586962	7.60521200
5.41975794	0.01586962	6.67745000
5.42475794	0.01586962	6.23187900
5.42975794	0.01586962	6.32343500
5.43475794	0.01586962	6.37226500
5.43975794	0.01586962	6.46382000
5.44475794	0.01586962	6.01825000
5.44975794	0.01586962	5.09048700
5.45475794	0.01586962	4.62050200
5.45975794	0.01586962	4.62050200
5.46475794	0.01586962	5.11490200
5.46975794	0.01586962	6.13422100
5.47475794	0.01586962	6.10980600
5.47975794	0.01586962	4.99893200
5.48475794	0.01586962	4.99893200
5.48975794	0.01586962	6.10980600
5.49475794	0.01586962	6.13422100
5.49975794	0.01586962	5.11490200
5.50475794	0.01586962	4.64491700
5.50975794	0.01586962	4.73647300
5.51475794	0.01586962	4.76088700
5.51975794	0.01586962	4.76088700
5.52475794	0.01586962	4.76088700
5.52975794	0.01586962	4.76088700
5.53475794	0.01586962	4.73647300
5.53975794	0.01586962	4.64491700
5.54475794	0.01586962	5.11490200
5.54975794	0.01586962	6.13422100
5.55475794	0.01586962	6.13422100
5.55975794	0.01586962	5.11490200
5.56475794	0.01586962	4.64491700
5.56975794	0.01586962	4.73647300
5.57475794	0.01586962	4.76088700
5.57975794	0.01586962	4.76088700
5.58475794	0.01586962	4.78530200
5.58975794	0.01586962	4.87685800
5.59475794	0.01586962	4.40687300
5.59975794	0.01586962	3.38755500
5.60475794	0.01586962	3.41196900
5.60975794	0.01586962	4.52284300
5.61475794	0.01586962	4.52284300
5.61975794	0.01586962	3.41196900
5.62475794	0.01586962	3.38755500
5.62975794	0.01586962	4.40687300
5.63475794	0.01586962	4.85244300
5.63975794	0.01586962	4.66933200
5.64475794	0.01586962	5.09048700
5.64975794	0.01586962	6.01825000
5.65475794	0.01586962	6.48823500
5.65975794	0.01586962	6.48823500
5.66475794	0.01599170	6.01825000
5.66975794	0.01644948	5.09048700
5.67475794	0.01409955	4.64491700
5.67975794	0.00900296	4.73647300
5.68475794	0.00900296	4.76088700
5.68975794	0.01409955	4.76088700
5.69475794	0.01644948	4.78530200
5.69975794	0.01599170	4.87685800
5.70475794	0.01586962	4.40687300
5.70975794	0.01586962	3.38755500
5.71475794	0.01586962	3.38755500
5.71975794	0.01586962	4.40687300
5.72475794	0.01586962	4.87685800
5.72975794	0.01586962	4.78530200
5.73475794	0.01586962	4.78530200
5.73975794	0.01586962	4.87685800
5.74475794	0.01586962	4.43128700
5.74975794	0.01586962	3.50352500
5.75475794	0.01586962	3.05795500
5.75975794	0.01586962	3.14951000
5.76475794	0.01599170	3.14951000
5.76975793	0.01644948	3.05795500
5.77475793	0.01409955	3.50352500
5.77975793	0.00900296	4.43128700
5.78475793	0.00912503	4.87685800
5.78975793	0.01467940	4.78530200
5.79475793	0.01480148	4.76088700
5.79975793	0.00970489	4.76088700
5.80475793	0.00723289	4.73647300
5.80975793	0.00723289	4.64491700
5.81475793	0.00958281	5.13931700
5.81975793	0.01422163	6.25019100
5.82475793	0.01657155	5.75579100
5.82975793	0.01657155	3.62559900
5.83475793	0.01422163	3.62559900
5.83975793	0.00958281	5.75579100
5.84475793	0.00723289	6.27460500
5.84975793	0.00723289	5.25528700
5.85475793	0.00958281	4.29090200
5.85975793	0.01422163	3.36314000
5.86475793	0.01657155	3.41196900
5.86975793	0.01657155	4.52284300
5.87475793	0.01422163	4.52284300
5.87975793	0.00958281	3.41196900
5.88475793	0.00735496	3.41196900
5.88975793	0.00781274	4.52284300
5.89475793	0.00793481	4.52284300
5.89975793	0.00793481	3.41196900
5.90475793	0.00793481	3.38755500
5.90975793	0.00793481	4.40687300
5.91475793	0.00793481	4.87685800
5.91975793	0.00793481	4.78530200
5.92475793	0.00793481	4.76088700
5.92975793	0.00793481	4.76088700
5.93475793	0.00793481	4.73647300
5.93975793	0.00793481	4.64491700
5.94475793	0.00793481	5.09048700
5.94975793	0.00793481	6.01825000
5.95475793	0.00793481	6.48823500
5.95975793	0.00793481	6.48823500
5.96475793	0.00793481	6.01825000
5.96975793	0.00793481	5.09048700
5.97475793	0.00793481	4.64491700
5.97975793	0.00793481	4.73647300
5.98475793	0.00793481	4.78530200
5.98975793	0.00793481	4.87685800
5.99475793	0.00793481	4.40687300
5.99975793	0.00793481	3.38755500
6.00475793	0.00793481	3.41196900
6.00975793	0.00793481	4.52284300
6.01475793	0.00793481	4.52284300
6.01975793	0.00793481	3.41196900
6.02475793	0.00793481	3.41196900
6.02975793	0.00793481	4.52284300
6.03475793	0.00793481	4.54725700
6.03975793	0.00793481	3.52794000
6.04475793	0.00793481	3.03354000
6.04975793	0.00793481	3.03354000
6.05475793	0.00793481	3.50352500
6.05975793	0.00793481	4.43128700
6.06475793	0.00793481	4.87685800
6.06975793	0.00793481	4.78530200
6.07475793	0.00793481	4.76088700
6.07975793	0.00793481	4.76088700
6.08475793	0.00793481	4.76088700
6.08975793	0.00793481	4.76088700
6.09475793	0.00793481	4.76088700
6.09975793	0.00793481	4.76088700
6.10475793	0.00793481	4.76088700
6.10975793	0.00793481	4.76088700
6.11475793	0.00793481	4.78530200
6.11975793	0.00793481	4.87685800
6.12475793	0.00793481	4.43128700
6.12975793	0.00793481	3.50352500
6.13475793	0.00793481	3.05795500
6.13975793	0.00793481	3.14951000
6.14475793	0.00793481	3.17392500
6.14975793	0.00793481	3.17392500
6.15475793	0.00793481	3.17392500
6.15975793	0.00793481	3.17392500
6.16475793	0.00793481	3.14951000
6.16975793	0.00793481	3.05795500
6.17475793	0.00793481	3.50352500
6.17975793	0.00793481	4.43128700
6.18475793	0.00793481	4.90127200
6.18975793	0.00793481	4.90127200
6.19475793	0.00793481	4.43128700
6.19975793	0.00793481	3.50352500
6.20475793	0.00793481	3.03354000
6.20975793	0.00793481	3.03354000
6.21475793	0.00793481	3.50352500
6.21975793	0.00793481	4.43128700
6.22475793	0.00793481	4.87685800
6.22975793	0.00793481	4.78530200
6.23475793	0.00793481	4.78530200
6.23975793	0.00793481	4.87685800
6.24475793	0.00793481	4.43128700
6.24975793	0.00793481	3.50352500
6.25475793	0.00793481	3.08237000
6.25975793	0.00793481	3.26548100
6.26475793	0.00793481	2.81991000
6.26975793	0.00793481	1.80059200
6.27475793	0.00793481	1.80059200
6.27975793	0.00793481	2.81991000
6.28475793	0.00793481	3.28989500
6.28975793	0.00793481	3.19834000
6.29475793	0.00793481	3.19834000
6.29975793	0.00793481	3.28989500
6.30475793	0.00793481	2.84432500
6.30975793	0.00793481	1.91656200
6.31475793	0.00793481	1.47099200
6.31975793	0.00793481	1.56254800
6.32475793	0.00793481	1.56254800
6.32975793	0.00793481	1.47099200
6.33475793	0.00793481	1.94097700
6.33975793	0.00793481	2.96029500
6.34475793	0.00793481	2.91146600
6.34975793	0.00793481	1.70903700
6.35475793	0.00793481	2.15460700
6.35975793	0.00793481	4.19324400
6.36475793	0.00793481	4.63881300
6.36975793	0.00793481	3.43638400
6.37475793	0.00793481	3.38755500
6.37975793	0.00793481	4.40687300
6.38475793	0.00793481	4.87685800
6.38975793	0.00793481	4.78530200
6.39475793	0.00793481	4.78530200
6.39975793	0.00793481	4.87685800
6.40475793	0.00793481	4.38245800
6.40975793	0.00793481	3.27158400
6.41475793	0.00793481	3.76598400
6.41975793	0.00793481	5.89617600
6.42475793	0.00793481	5.89617600
6.42975793	0.00793481	3.76598400
6.43475793	0.00793481	3.27158400
6.43975793	0.00793481	4.38245800
6.44475793	0.00793481	4.87685800
6.44975793	0.00793481	4.78530200
6.45475793	0.00793481	4.76088700
6.45975793	0.00793481	4.76088700
6.46475793	0.00793481	4.73647300
6.46975793	0.00793481	4.64491700
6.47475793	0.00793481	5.11490200
6.47975793	0.00793481	6.13422100
6.48475793	0.00793481	6.13422100
6.48975793	0.00793481	5.11490200
6.49475793	0.00793481	4.64491700
6.49975793	0.00793481	4.73647300
6.50475793	0.00793481	4.76088700
6.50975793	0.00793481	4.76088700
6.51475793	0.00793481	4.76088700
6.51975793	0.00793481	4.76088700
6.52475793	0.00793481	4.78530200
6.52975793	0.00793481	4.87685800
6.53475793	0.00793481	4.40687300
6.53975793	0.00793481	3.38755500
6.54475793	0.00793481	3.38755500
6.54975793	0.00793481	4.40687300
6.55475793	0.00793481	4.87685800
6.55975793	0.00793481	4.78530200
6.56475793	0.00793481	4.76088700
6.56975793	0.00793481	4.76088700
6.57475793	0.00793481	4.76088700
6.57975793	0.00793481	4.76088700
6.58475793	0.00793481	4.76088700
6.58975793	0.00793481	4.76088700
6.59475793	0.00793481	4.78530200
6.59975793	0.00793481	4.87685800
6.60475793	0.00793481	4.43128700
6.60975793	0.00793481	3.50352500
6.61475793	0.00793481	3.05795500
6.61975793	0.00793481	3.14951000
6.62475793	0.00793481	3.17392500
6.62975793	0.00793481	3.17392500
6.63475793	0.00793481	3.17392500
6.63975793	0.00793481	3.17392500
6.64475793	0.00793481	3.17392500
6.64975793	0.00793481	3.17392500
6.65475793	0.00793481	3.17392500
6.65975793	0.00793481	3.17392500
6.66475793	0.00793481	3.17392500
6.66975793	0.00793481	3.17392500
6.67475793	0.00793481	3.17392500
6.67975793	0.00793481	3.17392500
6.68475793	0.00793481	3.14951000
6.68975793	0.00793481	3.05795500
6.69475793	0.00793481	3.52794000
6.69975793	0.00793481	4.54725700
6.70475793	0.00793481	4.54725700
6.70975793	0.00793481	3.52794000
6.71475793	0.00793481	3.05795500
6.71975793	0.00793481	3.14951000
6.72475793	0.00793481	3.17392500
6.72975793	0.00793481	3.17392500
6.73475793	0.00793481	3.14951000
6.73975793	0.00793481	3.05795500
6.74475793	0.00793481	3.50352500
6.74975793	0.00793481	4.43128700
6.75475793	0.00793481	4.87685800
6.75975793	0.00793481	4.78530200
6.76475793	0.00793481	4.76088700
6.76975793	0.00793481	4.76088700
6.77475793	0.00793481	4.78530200
6.77975793	0.00793481	4.87685800
6.78475793	0.00793481	4.40687300
6.78975793	0.00793481	3.38755500
6.79475793	0.00793481	3.41196900
6.79975793	0.00793481	4.52284300
6.80475793	0.00793481	4.52284300
6.80975793	0.00793481	3.41196900
6.81475793	0.00793481	3.38755500
6.81975793	0.00793481	4.40687300
6.82475793	0.00793481	4.87685800
6.82975793	0.00793481	4.78530200
6.83475793	0.00793481	4.78530200
6.83975793	0.00793481	4.87685800
6.84475793	0.00793481	4.43128700
6.84975793	0.00793481	3.50352500
6.85475793	0.00793481	3.05795500
6.85975793	0.00793481	3.14951000
6.86475793	0.00793481	3.17392500
6.86975793	0.00793481	3.17392500
6.87475793	0.00793481	3.17392500
6.87975793	0.00793481	3.17392500
6.88475793	0.00793481	3.17392500
6.88975793	0.00793481	3.17392500
6.89475793	0.00793481	3.17392500
6.89975793	0.00793481	3.17392500
6.90475793	0.00793481	3.19834000
6.90975793	0.00793481	3.28989500
6.91475793	0.00793481	2.84432500
6.91975793	0.00793481	1.91656200
6.92475793	0.00793481	1.44657700
6.92975793	0.00793481	1.44657700
6.93475793	0.00793481	1.91656200
6.93975793	0.00793481	2.84432500
6.94475793	0.00793481	3.28989500
6.94975793	0.00793481	3.19834000
6.95475793	0.00793481	3.17392500
6.95975793	0.00793481	3.17392500
6.96475793	0.00793481	3.14951000
6.96975793	0.00793481	3.05795500
6.97475793	0.00793481	3.52794000
6.97975793	0.00793481	4.54725700
6.98475793	0.00793481	4.54725700
6.98975793	0.00793481	3.52794000
6.99475793	0.00793481	3.03354000
6.99975793	0.00793481	3.03354000
7.00475793	0.00793481	3.52794000
7.00975793	0.00793481	4.54725700
7.01475793	0.00793481	4.52284300
7.01975793	0.00793481	3.41196900
7.02475793	0.00793481	3.38755500
7.02975793	0.00793481	4.40687300
7.03475793	0.00793481	4.90127200
7.03975793	0.00793481	4.90127200
7.04475793	0.00793481	4.40687300
7.04975793	0.00793481	3.38755500
7.05475793	0.00793481	3.41196900
7.05975793	0.00793481	4.52284300
7.06475793	0.00793481	4.57167300
7.06975793	0.00793481	3.64391000
7.07475793	0.00793481	2.70394000
7.07975793	0.00793481	1.77617700
7.08475793	0.00793481	1.80059200
7.08975793	0.00793481	2.81991000
7.09475793	0.00793481	3.28989500
7.09975793	0.00793481	3.19834000
7.10475793	0.00793481	3.17392500
7.10975793	0.00793481	3.17392500
7.11475793	0.00793481	3.17392500
7.11975793	0.00793481	3.17392500
7.12475793	0.00793481	3.19834000
7.12975793	0.00793481	3.28989500
7.13475793	0.00793481	2.81991000
7.13975793	0.00793481	1.80059200
7.14475793	0.00793481	1.82500700
7.14975793	0.00793481	2.93588100
7.15475793	0.00793481	2.93588100
7.15975793	0.00793481	1.82500700
7.16475793	0.00793481	1.80059200
7.16975793	0.00793481	2.81991000
7.17475793	0.00793481	3.31431000
7.17975793	0.00793481	3.31431000
7.18475793	0.00793481	2.84432500
7.18975793	0.00793481	1.91656200
7.19475793	0.00793481	1.44657700
7.19975793	0.00793481	1.44657700
7.20475793	0.00793481	1.91656200
7.20975793	0.00793481	2.84432500
7.21475793	0.00793481	3.31431000
7.21975793	0.00793481	3.31431000
7.22475793	0.00793481	2.84432500
7.22975793	0.00793481	1.91656200
7.23475793	0.00793481	1.44657700
7.23975793	0.00793481	1.44657700
7.24475793	0.00793481	1.94097700
7.24975793	0.00793481	2.96029500
7.25475793	0.00793481	2.93588100
7.25975793	0.00793481	1.82500700
7.26475793	0.00793481	1.80059200
7.26975793	0.00793481	2.81991000
7.27475793	0.00793481	3.31431000
7.27975793	0.00793481	3.31431000
7.28475793	0.00793481	2.84432500
7.28975793	0.00793481	1.91656200
7.29475793	0.00793481	1.44657700
7.29975793	0.00793481	1.44657700
7.30475793	0.00793481	1.94097700
7.30975793	0.00793481	2.96029500
7.31475793	0.00793481	2.96029500
7.31975793	0.00793481	1.94097700
7.32475793	0.00793481	1.47099200
7.32975793	0.00793481	1.56254800
7.33475793	0.00793481	1.58696200
7.33975793	0.00793481	1.58696200
7.34475793	0.00793481	1.58696200
7.34975793	0.00793481	1.58696200
7.35475793	0.00793481	1.58696200
7.35975793	0.00793481	1.58696200
7.36475793	0.00793481	1.56254800
7.36975793	0.00793481	1.47099200
7.37475793	0.00793481	1.91656200
7.37975793	0.00793481	2.84432500
7.38475793	0.00793481	3.31431000
7.38975793	0.00793481	3.31431000
7.39475793	0.00793481	2.84432500
7.39975793	0.00793481	1.91656200
7.40475793	0.00793481	1.47099200
7.40975793	0.00793481	1.56254800
7.41475792	0.00793481	1.58696200
7.41975792	0.00793481	1.58696200
7.42475792	0.00793481	1.56254800
7.42975792	0.00793481	1.47099200
7.43475792	0.00793481	1.94097700
7.43975792	0.00793481	2.96029500
7.44475792	0.00793481	2.96029500
7.44975792	0.00793481	1.94097700
7.45475792	0.00793481	1.47099200
7.45975792	0.00793481	1.56254800
7.46475792	0.00793481	1.58696200
7.46975792	0.00793481	1.58696200
7.47475792	0.00793481	1.58696200
7.47975792	0.00793481	1.58696200
7.48475792	0.00793481	1.58696200
7.48975792	0.00793481	1.58696200
7.49475792	0.00793481	1.58696200
7.49975792	0.00793481	1.58696200
7.50475792	0.00793481	1.56254800
7.50975792	0.00793481	1.47099200
7.51475792	0.00793481	1.91656200
7.51975792	0.00793481	2.84432500
7.52475792	0.00793481	3.28989500
7.52975792	0.00793481	3.19834000
7.53475792	0.00793481	3.19834000
7.53975792	0.00793481	3.28989500
7.54475792	0.00793481	2.81991000
7.54975792	0.00793481	1.80059200
7.55475792	0.00793481	1.77617700
7.55975792	0.00793481	2.70394000
7.56475792	0.00793481	3.61949500
7.56975792	0.00793481	4.45570200
7.57475792	0.00793481	4.90127200
7.57975792	0.00793481	4.90127200
7.58475792	0.00793481	4.43128700
7.58975792	0.00793481	3.50352500
7.59475792	0.00793481	3.05795500
7.59975792	0.00793481	3.14951000
7.60475792	0.00793481	3.19834000
7.60975792	0.00793481	3.28989500
7.61475792	0.00793481	2.84432500
7.61975792	0.00793481	1.91656200
7.62475792	0.00793481	1.47099200
7.62975792	0.00793481	1.56254800
7.63475792	0.00793481	1.58696200
7.63975792	0.00793481	1.58696200
7.64475792	0.00793481	1.58696200
7.64975792	0.00793481	1.58696200
7.65475792	0.00793481	1.58696200
7.65975792	0.00793481	1.58696200
7.66475792	0.00793481	1.58696200
7.66975792	0.00793481	1.58696200
7.67475792	0.00793481	1.58696200
7.67975792	0.00793481	1.58696200
7.68475792	0.00793481	1.58696200
7.68975792	0.00793481	1.58696200
7.69475792	0.00793481	1.58696200
7.69975792	0.00793481	1.58696200
7.70475792	0.00793481	1.58696200
7.70975792	0.00793481	1.58696200
7.71475792	0.00793481	1.58696200
7.71975792	0.00793481	1.58696200
7.72475792	0.00793481	1.58696200
7.72975792	0.00793481	1.58696200
7.73475792	0.00793481	1.58696200
7.73975792	0.00793481	1.58696200
7.74475792	0.00793481	1.58696200
7.74975792	0.00793481	1.58696200
7.75475792	0.00793481	1.58696200
7.75975792	0.00793481	1.58696200
7.76475792	0.00793481	1.58696200
7.76975792	0.00793481	1.58696200
7.77475792	0.00793481	1.58696200
7.77975792	0.00793481	1.58696200
7.78475792	0.00793481	1.58696200
7.78975792	0.00793481	1.58696200
7.79475792	0.00793481	1.58696200
7.79975792	0.00793481	1.58696200
7.80475792	0.00793481	1.58696200
7.80975792	0.00793481	1.58696200
7.81475792	0.00793481	1.58696200
7.81975792	0.00793481	1.58696200
7.82475792	0.00793481	1.56254800
7.82975792	0.00793481	1.47099200
7.83475792	0.00793481	1.91656200
7.83975792	0.00793481	2.84432500
7.84475792	0.00793481	3.28989500
7.84975792	0.00793481	3.19834000
7.85475792	0.00793481	3.19834000
7.85975792	0.00793481	3.28989500
7.86475792	0.00793481	2.84432500
7.86975792	0.00793481	1.91656200
7.87475792	0.00793481	1.47099200
7.87975792	0.00793481	1.56254800
7.88475792	0.00793481	1.58696200
7.88975792	0.00793481	1.58696200
7.89475792	0.00793481	1.58696200
7.89975792	0.00793481	1.58696200
7.90475792	0.00793481	1.61137700
7.90975792	0.00793481	1.70293300
7.91475792	0.00793481	1.25736300
7.91975792	0.00793481	0.32959990
7.92475792	0.00793481	-0.14038510
7.92975792	0.00793481	-0.14038510
7.93475792	0.00793481	0.32959990
7.93975792	0.00793481	1.25736300
7.94475792	0.00793481	1.70293300
7.94975792	0.00793481	1.61137700
7.95475792	0.00793481	1.58696200
7.95975792	0.00793481	1.58696200
7.96475792	0.00805689	1.58696200
7.96975792	0.00851466	1.58696200
7.97475792	0.00616474	1.61137700
7.97975792	0.00106815	1.70293300
7.98475792	0.00106815	1.23294800
7.98975792	0.00616474	0.21362960
7.99475792	0.00851466	0.26245920
7.99975792	0.00805689	1.46488800
8.00475792	0.00793481	0.99490340
8.00975792	0.00793481	-1.13528900
8.01475792	0.00805689	-1.18411800
8.01975792	0.00851466	0.76296280
8.02475792	0.00616474	2.17291800
8.02975792	0.00106815	3.00912500
8.03475792	0.00106815	2.93588100
8.03975792	0.00616474	1.82500700
8.04475792	0.00851466	1.80059200
8.04975792	0.00805689	2.81991000
8.05475792	0.00805689	3.28989500
8.05975792	0.00851466	3.19834000
8.06475792	0.00628681	3.17392500
8.06975792	0.00164800	3.17392500
8.07475792	-0.00070193	3.17392500
8.07975792	-0.00070193	3.17392500
8.08475792	0.00177007	3.17392500
8.08975792	0.00686667	3.17392500
8.09475792	0.00674459	3.19834000
8.09975792	0.00119022	3.28989500
8.10475792	0.00106815	2.84432500
8.10975792	0.00616474	1.91656200
8.11475792	0.00851466	1.47099200
8.11975792	0.00805689	1.56254800
8.12475792	0.00793481	1.58696200
8.12975792	0.00793481	1.58696200
8.13475792	0.00805689	1.58696200
8.13975792	0.00851466	1.58696200
8.14475792	0.00616474	1.58696200
8.14975792	0.00106815	1.58696200
8.15475792	0.00106815	1.58696200
8.15975792	0.00616474	1.58696200
8.16475792	0.00863674	1.58696200
8.16975792	0.00863674	1.58696200
8.17475792	0.00628681	1.56254800
8.17975792	0.00164800	1.47099200
8.18475792	-0.00070193	1.91656200
8.18975792	-0.00070193	2.84432500
8.19475792	0.00177007	3.31431000
8.19975792	0.00686667	3.31431000
8.20475792	0.00686667	2.84432500
8.20975792	0.00177007	1.91656200
8.21475792	-0.00057985	1.44657700
8.21975792	-0.00012207	1.44657700
8.22475792	0.00000000	1.94097700
8.22975792	0.00000000	2.96029500
8.23475792	-0.00012207	2.96029500
8.23975792	-0.00057985	1.94097700
8.24475792	0.00177007	1.49540700
8.24975792	0.00686667	1.67851800
8.25475792	0.00686667	1.25736300
8.25975792	0.00177007	0.32959990
8.26475792	-0.00057985	-0.11597030
8.26975792	-0.00012207	-0.02441481
8.27475792	-0.00012207	0.00000000
8.27975792	-0.00057985	0.00000000
8.28475792	0.00164800	0.00000000
8.28975792	0.00628681	0.00000000
8.29475792	0.00863674	-0.02441481
8.29975792	0.00863674	-0.11597030
8.30475792	0.00628681	0.35401470
8.30975792	0.00164800	1.37333300
8.31475792	-0.00070193	1.37333300
8.31975792	-0.00070193	0.35401470
8.32475792	0.00177007	-0.14038510
8.32975792	0.00686667	-0.14038510
8.33475792	0.00686667	0.32959990
8.33975792	0.00177007	1.25736300
8.34475792	-0.00057985	1.70293300
8.34975792	-0.00012207	1.61137700
8.35475792	0.00000000	1.58696200
8.35975792	0.00000000	1.58696200
8.36475792	0.00000000	1.56254800
8.36975792	0.00000000	1.47099200
8.37475792	0.00000000	1.94097700
8.37975792	0.00000000	2.96029500
8.38475792	0.00000000	2.93588100
8.38975792	0.00000000	1.82500700
8.39475792	-0.00012207	1.82500700
8.39975792	-0.00057985	2.93588100
8.40475792	0.00177007	2.93588100
8.40975792	0.00686667	1.82500700
8.41475792	0.00686667	1.77617700
8.41975792	0.00177007	2.70394000
8.42475792	-0.00057985	3.64391000
8.42975792	-0.00012207	4.57167300
8.43475792	0.00000000	4.52284300
8.43975792	0.00000000	3.41196900
8.44475792	0.00000000	3.38755500
8.44975792	0.00000000	4.40687300
8.45475792	0.00000000	4.87685800
8.45975792	0.00000000	4.78530200
8.46475792	0.00000000	4.76088700
8.46975792	0.00000000	4.76088700
8.47475792	0.00000000	4.76088700
8.47975792	0.00000000	4.76088700
8.48475792	0.00000000	4.78530200
8.48975792	0.00000000	4.87685800
8.49475792	0.00000000	4.40687300
8.49975792	0.00000000	3.38755500
8.50475792	-0.00012207	3.41196900
8.50975792	-0.00057985	4.52284300
8.51475792	0.00177007	4.54725700
8.51975792	0.00686667	3.52794000
8.52475792	0.00686667	3.08237000
8.52975792	0.00177007	3.26548100
8.53475792	-0.00070193	2.81991000
8.53975792	-0.00070193	1.80059200
8.54475792	0.00177007	1.82500700
8.54975792	0.00686667	2.93588100
8.55475792	0.00686667	2.96029500
8.55975792	0.00177007	1.94097700
8.56475792	-0.00057985	1.47099200
8.56975792	-0.00012207	1.56254800
8.57475792	0.00000000	1.56254800
8.57975792	0.00000000	1.47099200
8.58475792	0.00000000	1.91656200
8.58975792	0.00000000	2.84432500
8.59475792	0.00000000	3.28989500
8.59975792	0.00000000	3.19834000
8.60475792	0.00000000	3.17392500
8.60975792	0.00000000	3.17392500
8.61475792	-0.00012207	3.17392500
8.61975792	-0.00057985	3.17392500
8.62475792	0.00177007	3.14951000
8.62975792	0.00686667	3.05795500
8.63475792	0.00686667	3.50352500
8.63975792	0.00177007	4.43128700
8.64475792	-0.00057985	4.90127200
8.64975792	-0.00012207	4.90127200
8.65475792	0.00000000	4.43128700
8.65975792	0.00000000	3.50352500
8.66475792	0.00000000	3.05795500
8.66975792	0.00000000	3.14951000
8.67475792	0.00000000	3.17392500
8.67975792	0.00000000	3.17392500
8.68475792	0.00000000	3.17392500
8.68975792	0.00000000	3.17392500
8.69475792	0.00000000	3.17392500
8.69975792	0.00000000	3.17392500
8.70475792	0.00000000	3.17392500
8.70975792	0.00000000	3.17392500
8.71475792	0.00000000	3.17392500
8.71975792	0.00000000	3.17392500
8.72475792	0.00000000	3.17392500
8.72975792	0.00000000	3.17392500
8.73475792	0.00000000	3.14951000
8.73975792	0.00000000	3.05795500
8.74475792	0.00000000	3.52794000
8.74975792	0.00000000	4.54725700
8.75475792	-0.00012207	4.54725700
8.75975792	-0.00057985	3.52794000
8.76475792	0.00177007	3.05795500
8.76975792	0.00686667	3.14951000
8.77475792	0.00674459	3.17392500
8.77975792	0.00119022	3.17392500
8.78475792	0.00119022	3.17392500
8.78975792	0.00674459	3.17392500
8.79475792	0.00686667	3.17392500
8.79975792	0.00177007	3.17392500
8.80475792	-0.00070193	3.17392500
8.80975792	-0.00070193	3.17392500
8.81475792	0.00177007	3.19834000
8.81975792	0.00686667	3.28989500
8.82475792	0.00674459	2.81991000
8.82975792	0.00119022	1.80059200
8.83475792	0.00119022	1.82500700
8.83975792	0.00674459	2.93588100
8.84475792	0.00686667	2.96029500
8.84975792	0.00177007	1.94097700
8.85475792	-0.00057985	1.44657700
8.85975792	-0.00012207	1.44657700
8.86475792	0.00000000	1.91656200
8.86975792	0.00000000	2.84432500
8.87475792	0.00000000	3.31431000
8.87975792	0.00000000	3.31431000
8.88475792	0.00000000	2.84432500
8.88975792	0.00000000	1.91656200
8.89475792	0.00000000	1.44657700
8.89975792	0.00000000	1.44657700
8.90475792	0.00000000	1.91656200
8.90975792	0.00000000	2.84432500
8.91475792	0.00000000	3.28989500
8.91975792	0.00000000	3.19834000
8.92475792	0.00000000	3.17392500
8.92975792	0.00000000	3.17392500
8.93475792	0.00000000	3.17392500
8.93975792	0.00000000	3.17392500
8.94475792	0.00000000	3.17392500
8.94975792	0.00000000	3.17392500
8.95475792	0.00000000	3.19834000
8.95975792	0.00000000	3.28989500
8.96475792	0.00000000	2.81991000
8.96975792	0.00000000	1.80059200
8.97475792	0.00000000	1.80059200
8.97975792	0.00000000	2.81991000
8.98475792	0.00000000	3.28989500
8.98975792	0.00000000	3.19834000
8.99475792	0.00000000	3.17392500
8.99975792	0.00000000	3.17392500
9.00475792	0.00000000	3.17392500
9.00975792	0.00000000	3.17392500
9.01475792	0.00000000	3.17392500
9.01975792	0.00000000	3.17392500
9.02475792	0.00000000	3.17392500
9.02975792	0.00000000	3.17392500
