Time	Channel A	Channel B
(us)	(V)	(mV)

-1.00594904	0.00793481	17.45659000
-1.00094904	0.00793481	17.45659000
-0.99594904	0.00793481	17.48100000
-0.99094904	0.00793481	17.57256000
-0.98594904	0.00793481	17.10257000
-0.98094904	0.00793481	16.08325000
-0.97594904	0.00793481	16.10767000
-0.97094904	0.00793481	17.21854000
-0.96594904	0.00793481	17.21854000
-0.96094904	0.00793481	16.10767000
-0.95594904	0.00793481	16.08325000
-0.95094904	0.00793481	17.10257000
-0.94594904	0.00793481	17.59697000
-0.94094904	0.00793481	17.59697000
-0.93594904	0.00793481	17.12699000
-0.93094904	0.00793481	16.19922000
-0.92594904	0.00793481	15.72924000
-0.92094904	0.00793481	15.72924000
-0.91594904	0.00793481	16.22364000
-0.91094904	0.00793481	17.24296000
-0.90594904	0.00793481	17.21854000
-0.90094904	0.00793481	16.10767000
-0.89594904	0.00793481	16.10767000
-0.89094904	0.00793481	17.21854000
-0.88594904	0.00793481	17.24296000
-0.88094904	0.00793481	16.22364000
-0.87594904	0.00793481	15.75365000
-0.87094904	0.00793481	15.84521000
-0.86594904	0.00793481	15.84521000
-0.86094904	0.00793481	15.75365000
-0.85594904	0.00793481	16.22364000
-0.85094904	0.00793481	17.24296000
-0.84594904	0.00793481	17.21854000
-0.84094904	0.00793481	16.10767000
-0.83594904	0.00793481	16.08325000
-0.83094904	0.00793481	17.10257000
-0.82594904	0.00793481	17.57256000
-0.82094904	0.00793481	17.48100000
-0.81594904	0.00793481	17.48100000
-0.81094904	0.00793481	17.57256000
-0.80594904	0.00793481	17.12699000
-0.80094904	0.00793481	16.19922000
-0.79594904	0.00793481	15.75365000
-0.79094904	0.00793481	15.84521000
-0.78594904	0.00793481	15.84521000
-0.78094904	0.00793481	15.75365000
-0.77594904	0.00793481	16.19922000
-0.77094904	0.00793481	17.12699000
-0.76594904	0.00793481	17.62139000
-0.76094904	0.00793481	17.71294000
-0.75594904	0.00793481	16.77297000
-0.75094904	0.00793481	14.82589000
-0.74594904	0.00793481	14.38032000
-0.74094904	0.00793481	15.49119000
-0.73594904	0.00793481	16.01001000
-0.73094904	0.00793481	16.01001000
-0.72594904	0.00793481	15.49119000
-0.72094904	0.00793481	14.38032000
-0.71594904	0.00793481	14.82589000
-0.71094904	0.00793481	16.77297000
-0.70594904	0.00793481	17.68853000
-0.70094904	0.00793481	17.50542000
-0.69594904	0.00793481	17.45659000
-0.69094904	0.00793481	17.45659000
-0.68594904	0.00793481	17.48100000
-0.68094904	0.00793481	17.57256000
-0.67594904	0.00793481	17.12699000
-0.67094904	0.00793481	16.19922000
-0.66594904	0.00793481	15.72924000
-0.66094904	0.00793481	15.72924000
-0.65594904	0.00793481	16.19922000
-0.65094904	0.00793481	17.12699000
-0.64594904	0.00793481	17.57256000
-0.64094904	0.00793481	17.48100000
-0.63594904	0.00793481	17.45659000
-0.63094904	0.00793481	17.45659000
-0.62594904	0.00793481	17.45659000
-0.62094904	0.00793481	17.45659000
-0.61594904	0.00781274	17.45659000
-0.61094904	0.00735496	17.45659000
-0.60594904	0.00970489	17.45659000
-0.60094904	0.01480148	17.45659000
-0.59594904	0.01480148	17.45659000
-0.59094904	0.00970489	17.45659000
-0.58594904	0.00735496	17.43217000
-0.58094904	0.00781274	17.34062000
-0.57594904	0.00793481	17.81060000
-0.57094904	0.00793481	18.82992000
-0.56594904	0.00793481	18.85434000
-0.56094904	0.00793481	17.92657000
-0.55594905	0.00793481	16.98660000
-0.55094905	0.00793481	16.05884000
-0.54594905	0.00793481	16.10767000
-0.54094905	0.00793481	17.21854000
-0.53594905	0.00793481	17.24296000
-0.53094905	0.00793481	16.22364000
-0.52594905	0.00793481	15.77807000
-0.52094905	0.00793481	15.96118000
-0.51594905	0.00793481	15.54002000
-0.51094905	0.00793481	14.61226000
-0.50594905	0.00793481	14.14228000
-0.50094905	0.00793481	14.14228000
-0.49594905	0.00793481	14.61226000
-0.49094905	0.00793481	15.54002000
-0.48594905	0.00793481	15.98559000
-0.48094905	0.00793481	15.89404000
-0.47594905	0.00793481	15.89404000
-0.47094905	0.00793481	15.98559000
-0.46594905	0.00793481	15.49119000
-0.46094905	0.00793481	14.38032000
-0.45594905	0.00793481	14.82589000
-0.45094905	0.00793481	16.77297000
-0.44594905	0.00793481	17.68853000
-0.44094905	0.00793481	17.50542000
-0.43594905	0.00793481	17.45659000
-0.43094905	0.00793481	17.45659000
-0.42594905	0.00793481	17.48100000
-0.42094905	0.00793481	17.57256000
-0.41594905	0.00793481	17.10257000
-0.41094905	0.00793481	16.08325000
-0.40594905	0.00793481	16.05884000
-0.40094905	0.00793481	16.98660000
-0.39594905	0.00793481	17.92657000
-0.39094905	0.00793481	18.85434000
-0.38594905	0.00793481	18.82992000
-0.38094905	0.00793481	17.81060000
-0.37594905	0.00793481	17.34062000
-0.37094905	0.00793481	17.43217000
-0.36594905	0.00793481	17.45659000
-0.36094905	0.00793481	17.45659000
-0.35594905	0.00793481	17.43217000
-0.35094905	0.00793481	17.34062000
-0.34594905	0.00793481	17.76177000
-0.34094905	0.00793481	18.59798000
-0.33594905	0.00793481	19.53795000
-0.33094905	0.00793481	20.55727000
-0.32594905	0.00793481	20.08728000
-0.32094905	0.00793481	18.14020000
-0.31594905	0.00793481	17.20023000
-0.31094905	0.00793481	17.29179000
-0.30594905	0.00793481	17.81060000
-0.30094905	0.00793481	18.82992000
-0.29594905	0.00793481	18.82992000
-0.29094905	0.00793481	17.81060000
-0.28594905	0.00793481	17.36503000
-0.28094905	0.00793481	17.54814000
-0.27594905	0.00793481	17.10257000
-0.27094905	0.00793481	16.08325000
-0.26594905	0.00793481	16.10767000
-0.26094905	0.00793481	17.21854000
-0.25594905	0.00793481	17.24296000
-0.25094905	0.00793481	16.22364000
-0.24594905	0.00793481	15.75365000
-0.24094905	0.00793481	15.84521000
-0.23594905	0.00793481	15.86962000
-0.23094905	0.00793481	15.86962000
-0.22594905	0.00793481	15.86962000
-0.22094905	0.00793481	15.86962000
-0.21594905	0.00793481	15.86962000
-0.21094905	0.00793481	15.86962000
-0.20594905	0.00793481	15.86962000
-0.20094905	0.00793481	15.86962000
-0.19594905	0.00793481	15.84521000
-0.19094905	0.00793481	15.75365000
-0.18594905	0.00793481	16.19922000
-0.18094905	0.00793481	17.12699000
-0.17594905	0.00793481	17.59697000
-0.17094905	0.00793481	17.59697000
-0.16594905	0.00793481	17.12699000
-0.16094905	0.00793481	16.19922000
-0.15594905	0.00793481	15.72924000
-0.15094905	0.00793481	15.72924000
-0.14594905	0.00793481	16.19922000
-0.14094905	0.00793481	17.12699000
-0.13594905	0.00793481	17.59697000
-0.13094905	0.00793481	17.59697000
-0.12594905	0.00793481	17.12699000
-0.12094905	0.00793481	16.19922000
-0.11594905	0.00793481	15.75365000
-0.11094905	0.00793481	15.84521000
-0.10594905	0.00793481	15.86962000
-0.10094905	0.00793481	15.86962000
-0.09594905	0.00793481	15.89404000
-0.09094905	0.00793481	15.98559000
-0.08594905	0.00781274	15.54002000
-0.08094905	0.00735496	14.61226000
-0.07594905	0.00946074	14.19111000
-0.07094905	0.01364177	14.37422000
-0.06594905	0.01797540	14.00189000
-0.06094905	0.02169866	13.25724000
-0.05594905	0.02581866	11.96326000
-0.05094905	0.02902310	10.39460000
-0.04594905	0.03540147	8.67336000
-0.04094905	0.04324473	7.19626400
-0.03594905	0.05197302	5.47502000
-0.03094905	0.05981628	3.90636900
-0.02594905	0.06607258	2.61238400
-0.02094905	0.06881924	1.86773300
-0.01594905	0.07507554	1.47099200
-0.01094905	0.08291879	1.56254800
-0.00594905	0.09164708	1.61137700
-0.00094905	0.09949034	1.70293300
0.00405095	0.10574660	1.25736300
0.00905095	0.10849330	0.32959990
0.01405095	0.11474960	-0.11597030
0.01905095	0.12259290	-0.02441481
0.02405095	0.13132110	-0.02441481
0.02905095	0.13919490	-0.11597030
0.03405095	0.14545120	0.32959990
0.03905095	0.14819790	1.25736300
0.04405095	0.15457630	1.67851800
0.04905095	0.16287730	1.49540700
0.05405095	0.16937770	1.91656200
0.05905095	0.17258220	2.84432500
0.06405095	0.17661060	3.26548100
0.06905095	0.17981510	3.08237000
0.07405095	0.18631550	3.50352500
0.07905095	0.19461650	4.43128700
0.08405095	0.20111700	4.85244300
0.08905095	0.20432140	4.66933200
0.09405095	0.20844140	5.11490200
0.09905095	0.21216470	6.13422100
0.10405095	0.21637620	6.13422100
0.10905095	0.22009950	5.11490200
0.11405095	0.22431100	4.64491700
0.11905095	0.22803430	4.73647300
0.12405095	0.23224590	4.76088700
0.12905095	0.23596910	4.76088700
0.13405095	0.24018070	4.78530200
0.13905095	0.24390390	4.87685800
0.14405095	0.24811550	4.45570200
0.14905095	0.25183870	3.61949500
0.15405095	0.25605030	2.70394000
0.15905095	0.25977360	1.77617700
0.16405095	0.26410720	1.80059200
0.16905095	0.26828820	2.81991000
0.17405095	0.27027190	3.28989500
0.17905095	0.26935640	3.19834000
0.18405095	0.27146210	3.14951000
0.18905095	0.27610100	3.05795500
0.19405095	0.27832880	3.52794000
0.19905095	0.27787100	4.54725700
0.20405095	0.27762690	4.52284300
0.20905095	0.27716910	3.41196900
0.21405095	0.27939700	3.38755500
0.21905095	0.28406630	4.40687300
0.22405095	0.28617210	4.90127200
0.22905095	0.28525650	4.90127200
0.23405095	0.28736230	4.40687300
0.23905095	0.29200110	3.38755500
0.24405095	0.29410690	3.41196900
0.24905095	0.29319130	4.52284300
0.25405095	0.29529710	4.57167300
0.25905095	0.29993590	3.64391000
0.26405095	0.30216370	2.70394000
0.26905095	0.30170600	1.77617700
0.27405095	0.30146180	1.77617700
0.27905095	0.30100410	2.70394000
0.28405095	0.30323190	3.61949500
0.28905095	0.30787070	4.45570200
0.29405095	0.31009860	4.87685800
0.29905095	0.30964080	4.78530200
0.30405095	0.30951870	4.78530200
0.30905095	0.30951870	4.87685800
0.31405095	0.30951870	4.43128700
0.31905095	0.30951870	3.50352500
0.32405095	0.30951870	3.03354000
0.32905095	0.30951870	3.03354000
0.33405095	0.30951870	3.50352500
0.33905095	0.30951870	4.43128700
0.34405095	0.30951870	4.92568700
0.34905095	0.30951870	5.01724300
0.35405095	0.30951870	4.07727300
0.35905095	0.30951870	2.13019200
0.36405095	0.30951870	1.68462200
0.36905095	0.30951870	2.79549500
0.37405095	0.30951870	3.28989500
0.37905095	0.30951870	3.19834000
0.38405095	0.30951870	3.17392500
0.38905095	0.30951870	3.17392500
0.39405095	0.30951870	3.17392500
0.39905095	0.30951870	3.17392500
0.40405095	0.30951870	3.14951000
0.40905095	0.30951870	3.05795500
0.41405095	0.30964080	3.47911000
0.41905095	0.31009860	4.31531700
0.42405095	0.30787070	5.20645800
0.42905095	0.30323190	6.04266500
0.43405095	0.30112610	6.46382000
0.43905095	0.30204170	6.37226500
0.44405095	0.29993590	6.32343500
0.44905095	0.29529710	6.23187900
0.45405095	0.29306920	6.65303500
0.45905095	0.29352700	7.48924200
0.46405095	0.29377120	8.38038300
0.46905095	0.29422890	9.21658900
0.47405095	0.29200110	9.61333000
0.47905095	0.28736230	9.43021900
0.48405095	0.28525650	9.87579000
0.48905095	0.28617210	10.89511000
0.49405095	0.28406630	10.89511000
0.49905095	0.27939700	9.87579000
0.50405095	0.27716910	9.40580500
0.50905095	0.27762690	9.49735900
0.51405095	0.27787100	9.52177400
0.51905095	0.27832880	9.52177400
0.52405095	0.27610100	9.49735900
0.52905095	0.27146210	9.40580500
0.53405095	0.26935640	9.85137500
0.53905095	0.27027190	10.77914000
0.54405095	0.26816620	11.24912000
0.54905095	0.26352730	11.24912000
0.55405095	0.26129950	10.77914000
0.55905095	0.26175730	9.85137500
0.56405095	0.26187930	9.40580500
0.56905095	0.26187930	9.49735900
0.57405095	0.26200140	9.49735900
0.57905095	0.26245920	9.40580500
0.58405095	0.26023130	9.87579000
0.58905095	0.25559250	10.89511000
0.59405095	0.25336470	10.89511000
0.59905095	0.25382240	9.87579000
0.60405095	0.25394450	9.40580500
0.60905095	0.25394450	9.49735900
0.61405095	0.25406660	9.52177400
0.61905095	0.25452440	9.52177400
0.62405095	0.25229650	9.54619000
0.62905095	0.24765770	9.63774600
0.63405095	0.24542990	9.19217500
0.63905095	0.24588760	8.26441300
0.64405095	0.24600970	7.79442700
0.64905095	0.24600970	7.79442700
0.65405095	0.24600970	8.26441300
0.65905095	0.24600970	9.19217500
0.66405095	0.24600970	9.63774600
0.66905095	0.24600970	9.54619000
0.67405095	0.24613180	9.49735900
0.67905095	0.24658960	9.40580500
0.68405095	0.24436170	9.85137500
0.68905095	0.23972290	10.77914000
0.69405095	0.23749500	11.22471000
0.69905095	0.23795280	11.13315000
0.70405095	0.23807490	11.10874000
0.70905095	0.23807490	11.10874000
0.71405095	0.23807490	11.10874000
0.71905095	0.23807490	11.10874000
0.72405095	0.23807490	11.10874000
0.72905095	0.23807490	11.10874000
0.73405095	0.23819700	11.10874000
0.73905095	0.23865470	11.10874000
0.74405095	0.23642690	11.08432000
0.74905095	0.23178810	10.99277000
0.75405095	0.22956020	11.43834000
0.75905095	0.23001800	12.36610000
0.76405095	0.23014010	12.81167000
0.76905095	0.23014010	12.72011000
0.77405095	0.23014010	12.69570000
0.77905095	0.23014010	12.69570000
0.78405095	0.23014010	12.69570000
0.78905095	0.23014010	12.69570000
0.79405095	0.23014010	12.69570000
0.79905095	0.23014010	12.69570000
0.80405095	0.23014010	12.69570000
0.80905095	0.23014010	12.69570000
0.81405095	0.23026220	12.69570000
0.81905095	0.23071990	12.69570000
0.82405095	0.22849210	12.69570000
0.82905095	0.22385330	12.69570000
0.83405095	0.22162540	12.69570000
0.83905095	0.22208320	12.69570000
0.84405095	0.22220530	12.67128000
0.84905095	0.22220530	12.57973000
0.85405095	0.22220530	13.02530000
0.85905095	0.22220530	13.95306000
0.86405095	0.22220530	14.39863000
0.86905095	0.22220530	14.30708000
0.87405095	0.22232730	14.25825000
0.87905095	0.22278510	14.16669000
0.88405095	0.22055730	14.66109000
0.88905095	0.21591850	15.77197000
0.89405095	0.21369060	15.30198000
0.89905095	0.21414840	13.26334000
0.90405095	0.21427050	12.79336000
0.90905095	0.21427050	13.90423000
0.91405095	0.21427050	14.42305000
0.91905095	0.21427050	14.42305000
0.92405095	0.21427050	13.95306000
0.92905095	0.21427050	13.02530000
0.93405095	0.21427050	12.57973000
0.93905095	0.21427050	12.67128000
0.94405095	0.21427050	12.69570000
0.94905095	0.21427050	12.69570000
0.95405095	0.21439250	12.67128000
0.95905095	0.21485030	12.57973000
0.96405095	0.21262240	13.02530000
0.96905095	0.20798360	13.95306000
0.97405095	0.20575580	14.39863000
0.97905095	0.20621360	14.30708000
0.98405095	0.20633560	14.28266000
0.98905095	0.20633560	14.28266000
0.99405095	0.20633560	14.28266000
0.99905095	0.20633560	14.28266000
1.00405095	0.20633560	14.28266000
1.00905095	0.20633560	14.28266000
1.01405095	0.20633560	14.25825000
1.01905095	0.20633560	14.16669000
1.02405095	0.20633560	14.61226000
1.02905095	0.20633560	15.54002000
1.03405095	0.20633560	16.01001000
1.03905095	0.20633560	16.01001000
1.04405095	0.20645770	15.54002000
1.04905095	0.20691550	14.61226000
1.05405095	0.20468760	14.16669000
1.05905095	0.20004880	14.25825000
1.06405095	0.19782100	14.28266000
1.06905095	0.19827880	14.28266000
1.07405095	0.19840080	14.28266000
1.07905095	0.19840080	14.28266000
1.08405095	0.19840080	14.28266000
1.08905094	0.19840080	14.28266000
1.09405094	0.19840080	14.30708000
1.09905094	0.19840080	14.39863000
1.10405094	0.19840080	13.95306000
1.10905094	0.19840080	13.02530000
1.11405094	0.19852290	12.55531000
1.11905094	0.19898070	12.55531000
1.12405094	0.19675280	13.02530000
1.12905094	0.19211400	13.95306000
1.13405094	0.18988620	14.39863000
1.13905094	0.19034390	14.30708000
1.14405094	0.19046600	14.28266000
1.14905094	0.19046600	14.28266000
1.15405094	0.19046600	14.30708000
1.15905094	0.19046600	14.39863000
1.16405094	0.19046600	13.95306000
1.16905094	0.19046600	13.02530000
1.17405094	0.19046600	12.57973000
1.17905094	0.19046600	12.67128000
1.18405094	0.19046600	12.67128000
1.18905094	0.19046600	12.57973000
1.19405094	0.19058810	13.04971000
1.19905094	0.19104590	14.06903000
1.20405094	0.18881800	14.06903000
1.20905094	0.18417920	13.04971000
1.21405094	0.18195140	12.53090000
1.21905094	0.18240910	12.43934000
1.22405094	0.18253120	13.35490000
1.22905094	0.18253120	15.21042000
1.23405094	0.18253120	16.12598000
1.23905094	0.18253120	16.03443000
1.24405094	0.18253120	15.54002000
1.24905094	0.18253120	14.61226000
1.25405094	0.18253120	14.14228000
1.25905094	0.18253120	14.14228000
1.26405094	0.18253120	14.63668000
1.26905094	0.18253120	15.65600000
1.27405094	0.18253120	15.65600000
1.27905094	0.18253120	14.63668000
1.28405094	0.18265330	14.16669000
1.28905094	0.18311110	14.25825000
1.29405094	0.18088320	14.28266000
1.29905094	0.17624440	14.28266000
1.30405094	0.17401650	14.28266000
1.30905094	0.17447430	14.28266000
1.31405094	0.17459640	14.28266000
1.31905094	0.17459640	14.28266000
1.32405094	0.17459640	14.28266000
1.32905094	0.17459640	14.28266000
1.33405094	0.17459640	14.28266000
1.33905094	0.17459640	14.28266000
1.34405094	0.17459640	14.28266000
1.34905094	0.17459640	14.28266000
1.35405094	0.17459640	14.25825000
1.35905094	0.17459640	14.16669000
1.36405094	0.17459640	14.61226000
1.36905094	0.17459640	15.54002000
1.37405094	0.17459640	15.98559000
1.37905094	0.17459640	15.89404000
1.38405094	0.17471850	15.89404000
1.38905094	0.17517620	15.98559000
1.39405094	0.17294840	15.51561000
1.39905094	0.16830960	14.49629000
1.40405094	0.16608170	14.49629000
1.40905094	0.16653950	15.51561000
1.41405094	0.16666160	15.96118000
1.41905094	0.16666160	15.77807000
1.42405094	0.16666160	16.22364000
1.42905094	0.16666160	17.24296000
1.43405094	0.16666160	17.24296000
1.43905094	0.16666160	16.22364000
1.44405094	0.16666160	15.75365000
1.44905094	0.16666160	15.84521000
1.45405094	0.16666160	15.86962000
1.45905094	0.16666160	15.86962000
1.46405094	0.16666160	15.89404000
1.46905094	0.16666160	15.98559000
1.47405094	0.16678370	15.54002000
1.47905094	0.16724140	14.61226000
1.48405094	0.16501360	14.16669000
1.48905094	0.16037480	14.25825000
1.49405094	0.15814690	14.28266000
1.49905094	0.15860470	14.28266000
1.50405094	0.15872680	14.28266000
1.50905094	0.15872680	14.28266000
1.51405094	0.15872680	14.25825000
1.51905094	0.15872680	14.16669000
1.52405094	0.15872680	14.61226000
1.52905094	0.15872680	15.54002000
1.53405094	0.15872680	15.98559000
1.53905094	0.15872680	15.89404000
1.54405094	0.15872680	15.89404000
1.54905094	0.15872680	15.98559000
1.55405094	0.15872680	15.54002000
1.55905094	0.15872680	14.61226000
1.56405094	0.15872680	14.14228000
1.56905094	0.15872680	14.14228000
1.57405094	0.15884880	14.61226000
1.57905094	0.15930660	15.54002000
1.58405094	0.15707880	15.98559000
1.58905094	0.15244000	15.89404000
1.59405094	0.15021210	15.84521000
1.59905094	0.15066990	15.75365000
1.60405094	0.15079200	16.22364000
1.60905094	0.15079200	17.24296000
1.61405094	0.15079200	17.24296000
1.61905094	0.15079200	16.22364000
1.62405094	0.15079200	15.72924000
1.62905094	0.15079200	15.72924000
1.63405094	0.15079200	16.19922000
1.63905094	0.15079200	17.12699000
1.64405094	0.15079200	17.57256000
1.64905094	0.15079200	17.48100000
1.65405094	0.15079200	17.45659000
1.65905094	0.15079200	17.45659000
1.66405094	0.15079200	17.48100000
1.66905094	0.15079200	17.57256000
1.67405094	0.15079200	17.12699000
1.67905094	0.15079200	16.19922000
1.68405094	0.15091400	15.75365000
1.68905094	0.15137180	15.84521000
1.69405094	0.14914390	15.89404000
1.69905094	0.14450510	15.98559000
1.70405094	0.14227730	15.54002000
1.70905094	0.14273510	14.61226000
1.71405094	0.14285710	14.16669000
1.71905094	0.14285710	14.25825000
1.72405094	0.14285710	14.28266000
1.72905094	0.14285710	14.28266000
1.73405094	0.14285710	14.28266000
1.73905094	0.14285710	14.28266000
1.74405094	0.14285710	14.28266000
1.74905094	0.14285710	14.28266000
1.75405094	0.14285710	14.25825000
1.75905094	0.14285710	14.16669000
1.76405094	0.14285710	14.61226000
1.76905094	0.14285710	15.54002000
1.77405094	0.14285710	15.98559000
1.77905094	0.14285710	15.89404000
1.78405094	0.14285710	15.86962000
1.78905094	0.14285710	15.86962000
1.79405094	0.14285710	15.86962000
1.79905094	0.14285710	15.86962000
1.80405094	0.14297920	15.86962000
1.80905094	0.14343700	15.86962000
1.81405094	0.14108710	15.84521000
1.81905094	0.13596000	15.75365000
1.82405094	0.13608200	16.22364000
1.82905094	0.14166690	17.24296000
1.83405094	0.14178900	17.24296000
1.83905094	0.13666190	16.22364000
1.84405094	0.13431200	15.75365000
1.84905094	0.13476970	15.84521000
1.85405094	0.13489180	15.89404000
1.85905094	0.13489180	15.98559000
1.86405094	0.13489180	15.51561000
1.86905094	0.13489180	14.49629000
1.87405094	0.13489180	14.49629000
1.87905094	0.13489180	15.51561000
1.88405094	0.13489180	16.01001000
1.88905094	0.13489180	16.01001000
1.89405094	0.13489180	15.54002000
1.89905094	0.13489180	14.61226000
1.90405094	0.13489180	14.14228000
1.90905094	0.13489180	14.14228000
1.91405094	0.13489180	14.63668000
1.91905094	0.13489180	15.65600000
1.92405094	0.13501390	15.63158000
1.92905094	0.13547170	14.52071000
1.93405094	0.13324380	14.49629000
1.93905094	0.12860500	15.51561000
1.94405094	0.12637720	15.98559000
1.94905094	0.12683490	15.89404000
1.95405094	0.12695700	15.86962000
1.95905094	0.12695700	15.86962000
1.96405094	0.12695700	15.86962000
1.96905094	0.12695700	15.86962000
1.97405094	0.12695700	15.86962000
1.97905094	0.12695700	15.86962000
1.98405094	0.12695700	15.86962000
1.98905094	0.12695700	15.86962000
1.99405094	0.12695700	15.86962000
1.99905094	0.12695700	15.86962000
2.00405094	0.12695700	15.86962000
2.00905094	0.12695700	15.86962000
2.01405094	0.12695700	15.86962000
2.01905094	0.12695700	15.86962000
2.02405094	0.12695700	15.86962000
2.02905094	0.12695700	15.86962000
2.03405094	0.12707910	15.86962000
2.03905094	0.12753680	15.86962000
2.04405094	0.12530900	15.86962000
2.04905094	0.12067020	15.86962000
2.05405094	0.11844230	15.84521000
2.05905094	0.11890010	15.75365000
2.06405094	0.11902220	16.22364000
2.06905094	0.11902220	17.24296000
2.07405094	0.11902220	17.21854000
2.07905094	0.11902220	16.10767000
2.08405094	0.11902220	16.10767000
2.08905094	0.11902220	17.21854000
2.09405094	0.11902220	17.26737000
2.09905094	0.11902220	16.33961000
2.10405094	0.11902220	15.42405000
2.10905094	0.11902220	14.58785000
2.11405094	0.11902220	14.14228000
2.11905094	0.11902220	14.14228000
2.12405094	0.11902220	14.61226000
2.12905094	0.11902220	15.54002000
2.13405094	0.11902220	15.98559000
2.13905094	0.11902220	15.89404000
2.14405094	0.11902220	15.86962000
2.14905094	0.11902220	15.86962000
2.15405094	0.11902220	15.86962000
2.15905094	0.11902220	15.86962000
2.16405094	0.11902220	15.86962000
2.16905094	0.11902220	15.86962000
2.17405094	0.11902220	15.84521000
2.17905094	0.11902220	15.75365000
2.18405094	0.11902220	16.22364000
2.18905094	0.11902220	17.24296000
2.19405094	0.11914430	17.24296000
2.19905094	0.11960200	16.22364000
2.20405094	0.11737420	15.75365000
2.20905094	0.11273540	15.84521000
2.21405094	0.11050750	15.84521000
2.21905094	0.11096530	15.75365000
2.22405094	0.11108740	16.22364000
2.22905094	0.11108740	17.24296000
2.23405094	0.11108740	17.21854000
2.23905094	0.11108740	16.10767000
2.24405094	0.11108740	16.08325000
2.24905094	0.11108740	17.10257000
2.25405094	0.11108740	17.59697000
2.25905094	0.11108740	17.59697000
2.26405094	0.11108740	17.12699000
2.26905094	0.11108740	16.19922000
2.27405094	0.11108740	15.75365000
2.27905094	0.11108740	15.84521000
2.28405094	0.11108740	15.86962000
2.28905094	0.11108740	15.86962000
2.29405094	0.11108740	15.86962000
2.29905094	0.11108740	15.86962000
2.30405094	0.11108740	15.86962000
2.30905094	0.11108740	15.86962000
2.31405094	0.11108740	15.86962000
2.31905094	0.11108740	15.86962000
2.32405094	0.11108740	15.86962000
2.32905094	0.11108740	15.86962000
2.33405094	0.11120950	15.86962000
2.33905094	0.11166720	15.86962000
2.34405094	0.10943940	15.86962000
2.34905094	0.10480060	15.86962000
2.35405094	0.10257270	15.84521000
2.35905094	0.10303050	15.75365000
2.36405094	0.10315260	16.22364000
2.36905094	0.10315260	17.24296000
2.37405094	0.10315260	17.21854000
2.37905094	0.10315260	16.10767000
2.38405094	0.10315260	16.08325000
2.38905094	0.10315260	17.10257000
2.39405094	0.10315260	17.59697000
2.39905094	0.10315260	17.59697000
2.40405094	0.10315260	17.12699000
2.40905094	0.10315260	16.19922000
2.41405094	0.10315260	15.72924000
2.41905094	0.10315260	15.72924000
2.42405094	0.10315260	16.22364000
2.42905094	0.10315260	17.24296000
2.43405094	0.10315260	17.24296000
2.43905094	0.10315260	16.22364000
2.44405094	0.10315260	15.75365000
2.44905094	0.10315260	15.84521000
2.45405094	0.10315260	15.84521000
2.45905094	0.10315260	15.75365000
2.46405094	0.10315260	16.19922000
2.46905094	0.10315260	17.12699000
2.47405094	0.10315260	17.59697000
2.47905094	0.10315260	17.59697000
2.48405094	0.10315260	17.10257000
2.48905094	0.10315260	16.08325000
2.49405094	0.10315260	16.08325000
2.49905094	0.10315260	17.10257000
2.50405094	0.10315260	17.59697000
2.50905094	0.10315260	17.59697000
2.51405094	0.10327460	17.10257000
2.51905094	0.10373240	16.08325000
2.52405094	0.10150460	16.10767000
2.52905094	0.09686575	17.21854000
2.53405094	0.09463790	17.24296000
2.53905094	0.09509568	16.22364000
2.54405094	0.09521775	15.75365000
2.54905094	0.09521775	15.84521000
2.55405094	0.09521775	15.86962000
2.55905094	0.09521775	15.86962000
2.56405094	0.09521775	15.86962000
2.56905094	0.09521775	15.86962000
2.57405094	0.09521775	15.86962000
2.57905094	0.09521775	15.86962000
2.58405094	0.09521775	15.89404000
2.58905094	0.09521775	15.98559000
2.59405094	0.09521775	15.51561000
2.59905094	0.09521775	14.49629000
2.60405094	0.09521775	14.49629000
2.60905094	0.09521775	15.51561000
2.61405094	0.09521775	15.98559000
2.61905094	0.09521775	15.89404000
2.62405094	0.09521775	15.89404000
2.62905094	0.09521775	15.98559000
2.63405094	0.09521775	15.51561000
2.63905094	0.09521775	14.49629000
2.64405094	0.09521775	14.49629000
2.64905094	0.09521775	15.51561000
2.65405094	0.09521775	15.98559000
2.65905094	0.09521775	15.89404000
2.66405094	0.09521775	15.86962000
2.66905094	0.09521775	15.86962000
2.67405094	0.09521775	15.84521000
2.67905094	0.09521775	15.75365000
2.68405094	0.09521775	16.19922000
2.68905094	0.09521775	17.12699000
2.69405094	0.09533982	17.57256000
2.69905094	0.09579760	17.48100000
2.70405094	0.09356975	17.45659000
2.70905094	0.08893093	17.45659000
2.71405094	0.08670308	17.45659000
2.71905094	0.08716086	17.45659000
2.72405094	0.08728294	17.48100000
2.72905094	0.08728294	17.57256000
2.73405093	0.08728294	17.10257000
2.73905093	0.08728294	16.08325000
2.74405093	0.08728294	16.10767000
2.74905093	0.08728294	17.21854000
2.75405093	0.08728294	17.24296000
2.75905093	0.08728294	16.22364000
2.76405093	0.08728294	15.75365000
2.76905093	0.08728294	15.84521000
2.77405093	0.08728294	15.84521000
2.77905093	0.08728294	15.75365000
2.78405093	0.08728294	16.24805000
2.78905093	0.08728294	17.35893000
2.79405093	0.08728294	16.88894000
2.79905093	0.08728294	14.85031000
2.80405093	0.08728294	14.38032000
2.80905093	0.08728294	15.49119000
2.81405093	0.08728294	15.98559000
2.81905093	0.08728294	15.89404000
2.82405093	0.08728294	15.86962000
2.82905093	0.08728294	15.86962000
2.83405093	0.08728294	15.86962000
2.83905093	0.08728294	15.86962000
2.84405093	0.08728294	15.86962000
2.84905093	0.08728294	15.86962000
2.85405093	0.08728294	15.86962000
2.85905093	0.08728294	15.86962000
2.86405093	0.08728294	15.86962000
2.86905093	0.08728294	15.86962000
2.87405093	0.08728294	15.86962000
2.87905093	0.08728294	15.86962000
2.88405093	0.08728294	15.86962000
2.88905093	0.08728294	15.86962000
2.89405093	0.08728294	15.86962000
2.89905093	0.08728294	15.86962000
2.90405093	0.08728294	15.89404000
2.90905093	0.08728294	15.98559000
2.91405093	0.08740501	15.54002000
2.91905093	0.08786279	14.61226000
2.92405093	0.08563494	14.14228000
2.92905093	0.08099613	14.14228000
2.93405093	0.07876828	14.63668000
2.93905093	0.07922605	15.65600000
2.94405093	0.07934812	15.65600000
2.94905093	0.07934812	14.63668000
2.95405093	0.07934812	14.14228000
2.95905093	0.07934812	14.14228000
2.96405093	0.07934812	14.61226000
2.96905093	0.07934812	15.54002000
2.97405093	0.07934812	15.98559000
2.97905093	0.07934812	15.89404000
2.98405093	0.07934812	15.84521000
2.98905093	0.07934812	15.75365000
2.99405093	0.07934812	16.17481000
2.99905093	0.07934812	17.01102000
3.00405093	0.07934812	17.95099000
3.00905093	0.07934812	18.97031000
3.01405093	0.07934812	18.47591000
3.01905093	0.07934812	16.43727000
3.02405093	0.07934812	15.96728000
3.02905093	0.07934812	17.07816000
3.03405093	0.07934812	17.54814000
3.03905093	0.07934812	17.36503000
3.04405093	0.07934812	17.69463000
3.04905093	0.07934812	18.24397000
3.05405093	0.07934812	20.31922000
3.05905093	0.07934812	23.27341000
3.06405093	0.07934812	27.91223000
3.06905093	0.07934812	32.99661000
3.07405093	0.07934812	40.60793000
3.07905093	0.07934812	48.73806000
3.08405093	0.07934812	59.82849000
3.08905093	0.07934812	71.20578000
3.09405093	0.07934812	84.46303000
3.09905093	0.07934812	96.48122000
3.10405093	0.07934812	109.64690000
3.10905093	0.07934812	120.64580000
3.11405093	0.07934812	133.36590000
3.11905093	0.07934812	144.54790000
3.12405093	0.07947020	156.96280000
3.12905093	0.07992797	167.69310000
3.13405093	0.07770012	177.44070000
3.13905093	0.07306131	183.72140000
3.14405093	0.07083346	190.99700000
3.14905093	0.07129124	Infinity
3.15405093	0.07141331	Infinity
3.15905093	0.07141331	Infinity
3.16405093	0.07141331	Infinity
3.16905093	0.07141331	Infinity
3.17405093	0.07141331	Infinity
3.17905093	0.07141331	Infinity
3.18405093	0.07141331	Infinity
3.18905093	0.07141331	Infinity
3.19405093	0.07141331	Infinity
3.19905093	0.07141331	Infinity
3.20405093	0.07141331	Infinity
3.20905093	0.07141331	Infinity
3.21405093	0.07141331	Infinity
3.21905093	0.07141331	Infinity
3.22405093	0.07141331	196.75280000
3.22905093	0.07141331	192.68780000
3.23405093	0.07141331	188.35410000
3.23905093	0.07141331	184.65530000
3.24405093	0.07141331	180.44370000
3.24905093	0.07141331	176.83650000
3.25405093	0.07141331	172.17320000
3.25905093	0.07141331	167.64430000
3.26405093	0.07141331	162.50500000
3.26905093	0.07141331	157.97600000
3.27405093	0.07141331	153.34330000
3.27905093	0.07141331	149.83370000
3.28405093	0.07141331	145.14600000
3.28905093	0.07141331	140.42180000
3.29405093	0.07141331	136.16140000
3.29905093	0.07141331	133.39030000
3.30405093	0.07141331	130.04550000
3.30905093	0.07141331	127.09130000
3.31405093	0.07141331	123.69760000
3.31905093	0.07141331	120.74340000
3.32405093	0.07141331	117.34980000
3.32905093	0.07141331	114.38950000
3.33405093	0.07141331	110.94700000
3.33905093	0.07141331	107.80360000
3.34405093	0.07141331	105.31330000
3.34905093	0.07141331	104.20240000
3.35405093	0.07141331	101.68770000
3.35905093	0.07141331	98.44661000
3.36405093	0.07141331	95.41307000
3.36905093	0.07141331	93.19132000
3.37405093	0.07153539	91.09776000
3.37905093	0.07199316	89.71221000
3.38405093	0.06964324	88.06421000
3.38905093	0.06454664	86.67867000
3.39405093	0.06466872	84.56068000
3.39905093	0.07022309	82.24128000
3.40405093	0.07034516	79.62890000
3.40905093	0.06524857	77.22404000
3.41405093	0.06289865	75.52721000
3.41905093	0.06335643	74.97787000
3.42405093	0.06347850	74.22101000
3.42905093	0.06347850	73.67168000
3.43405093	0.06347850	71.95044000
3.43905093	0.06347850	69.45403000
3.44405093	0.06347850	67.26279000
3.44905093	0.06347850	65.78570000
3.45405093	0.06347850	64.53444000
3.45905093	0.06347850	63.89355000
3.46405093	0.06347850	63.06955000
3.46905093	0.06347850	62.32490000
3.47405093	0.06347850	61.48259000
3.47905093	0.06347850	60.73794000
3.48405093	0.06347850	59.91394000
3.48905093	0.06347850	59.27305000
3.49405093	0.06347850	57.97296000
3.49905093	0.06347850	56.30665000
3.50405093	0.06347850	54.98214000
3.50905093	0.06347850	54.24360000
3.51405093	0.06347850	53.89569000
3.51905093	0.06347850	54.17035000
3.52405093	0.06347850	53.32804000
3.52905093	0.06347850	51.56407000
3.53405093	0.06347850	50.24567000
3.53905093	0.06347850	49.60479000
3.54405093	0.06347850	48.75637000
3.54905093	0.06347850	47.92017000
3.55405093	0.06347850	47.49900000
3.55905093	0.06347850	47.59056000
3.56405093	0.06347850	47.63939000
3.56905093	0.06347850	47.73095000
3.57405093	0.06347850	47.30980000
3.57905093	0.06347850	46.47359000
3.58405093	0.06347850	45.58244000
3.58905093	0.06347850	44.74623000
3.59405093	0.06347850	44.34949000
3.59905093	0.06347850	44.53261000
3.60405093	0.06347850	44.11145000
3.60905093	0.06347850	43.18369000
3.61405093	0.06347850	42.73812000
3.61905093	0.06347850	42.82967000
3.62405093	0.06347850	42.87851000
3.62905093	0.06347850	42.97006000
3.63405093	0.06347850	42.52449000
3.63905093	0.06347850	41.59673000
3.64405093	0.06347850	41.15116000
3.64905093	0.06347850	41.24271000
3.65405093	0.06347850	41.29154000
3.65905093	0.06347850	41.38309000
3.66405093	0.06347850	40.96194000
3.66905093	0.06347850	40.12574000
3.67405093	0.06347850	39.23460000
3.67905093	0.06347850	38.39839000
3.68405093	0.06360057	38.00165000
3.68905093	0.06405835	38.18476000
3.69405093	0.06170843	37.78802000
3.69905093	0.05661184	36.95181000
3.70405093	0.05673391	36.06067000
3.70905093	0.06228828	35.22446000
3.71405093	0.06241035	34.80331000
3.71905093	0.05731376	34.89486000
3.72405093	0.05496383	34.94370000
3.72905093	0.05542161	35.03525000
3.73405093	0.05554369	34.58968000
3.73905093	0.05554369	33.66191000
3.74405093	0.05554369	33.24076000
3.74905093	0.05554369	33.42387000
3.75405093	0.05554369	32.97830000
3.75905093	0.05554369	31.95898000
3.76405093	0.05554369	31.98340000
3.76905093	0.05554369	33.09427000
3.77405093	0.05554369	33.14310000
3.77905093	0.05554369	32.21534000
3.78405093	0.05554369	31.27537000
3.78905093	0.05554369	30.34761000
3.79405093	0.05554369	30.39643000
3.79905093	0.05554369	31.50731000
3.80405093	0.05554369	31.53172000
3.80905093	0.05554369	30.51241000
3.81405093	0.05554369	30.04242000
3.81905093	0.05554369	30.13398000
3.82405093	0.05554369	30.18280000
3.82905093	0.05554369	30.27436000
3.83405093	0.05554369	29.80437000
3.83905093	0.05554369	28.78506000
3.84405093	0.05554369	28.80947000
3.84905093	0.05554369	29.92035000
3.85405093	0.05554369	29.92035000
3.85905093	0.05554369	28.80947000
3.86405093	0.05554369	28.78506000
3.86905093	0.05554369	29.80437000
3.87405093	0.05554369	30.24995000
3.87905093	0.05554369	30.06684000
3.88405093	0.05554369	30.51241000
3.88905093	0.05554369	31.53172000
3.89405093	0.05554369	31.53172000
3.89905093	0.05554369	30.51241000
3.90405093	0.05554369	30.04242000
3.90905093	0.05554369	30.13398000
3.91405093	0.05554369	30.13398000
3.91905093	0.05554369	30.04242000
3.92405093	0.05554369	30.51241000
3.92905093	0.05554369	31.53172000
3.93405093	0.05554369	31.55614000
3.93905093	0.05554369	30.62838000
3.94405093	0.05554369	29.68840000
3.94905093	0.05554369	28.76064000
3.95405093	0.05554369	28.80947000
3.95905093	0.05554369	29.92035000
3.96405093	0.05554369	29.94476000
3.96905093	0.05554369	28.92544000
3.97405093	0.05554369	28.45546000
3.97905093	0.05554369	28.54701000
3.98405093	0.05554369	28.59584000
3.98905093	0.05554369	28.68740000
3.99405093	0.05554369	28.24183000
3.99905093	0.05554369	27.30796000
4.00405093	0.05554369	26.83798000
4.00905093	0.05554369	26.83798000
4.01405093	0.05554369	27.33238000
4.01905093	0.05554369	28.35780000
4.02405093	0.05554369	28.35780000
4.02905093	0.05554369	27.33238000
4.03405093	0.05554369	26.83798000
4.03905093	0.05554369	26.83798000
4.04405093	0.05566576	27.30796000
4.04905093	0.05612354	28.24183000
4.05405093	0.05377361	28.68740000
4.05905093	0.04867702	28.59584000
4.06405093	0.04879910	28.59584000
4.06905093	0.05435346	28.68740000
4.07405093	0.05447554	28.24183000
4.07905093	0.04937895	27.30796000
4.08405093	0.04702902	26.86239000
4.08905093	0.04748680	26.95395000
4.09405093	0.04748680	26.97836000
4.09905093	0.04702902	26.97836000
4.10405093	0.04937895	26.97836000
4.10905093	0.05447554	26.97836000
4.11405093	0.05447554	26.97836000
4.11905093	0.04937895	26.97836000
4.12405093	0.04702902	26.97836000
4.12905093	0.04748680	26.97836000
4.13405093	0.04760887	27.00278000
4.13905093	0.04760887	27.09433000
4.14405093	0.04760887	26.62435000
4.14905093	0.04760887	25.60503000
4.15405093	0.04760887	25.60503000
4.15905093	0.04760887	26.62435000
4.16405093	0.04760887	27.09433000
4.16905093	0.04760887	27.00278000
4.17405093	0.04760887	26.97836000
4.17905093	0.04760887	26.97836000
4.18405093	0.04760887	27.00278000
4.18905093	0.04760887	27.09433000
4.19405093	0.04760887	26.64876000
4.19905093	0.04760887	25.72100000
4.20405093	0.04760887	25.27543000
4.20905093	0.04760887	25.36699000
4.21405093	0.04760887	25.41581000
4.21905093	0.04760887	25.50737000
4.22405093	0.04760887	25.03738000
4.22905093	0.04760887	24.01807000
4.23405093	0.04760887	24.04248000
4.23905093	0.04760887	25.15336000
4.24405093	0.04760887	25.17777000
4.24905093	0.04760887	24.15845000
4.25405093	0.04760887	23.66405000
4.25905093	0.04760887	23.66405000
4.26405093	0.04760887	24.15845000
4.26905093	0.04760887	25.17777000
4.27405093	0.04760887	25.15336000
4.27905093	0.04760887	24.04248000
4.28405093	0.04760887	24.04248000
4.28905093	0.04760887	25.15336000
4.29405093	0.04760887	25.17777000
4.29905093	0.04760887	24.15845000
4.30405093	0.04760887	23.68847000
4.30905093	0.04760887	23.78002000
4.31405093	0.04760887	23.78002000
4.31905093	0.04760887	23.68847000
4.32405093	0.04760887	24.13404000
4.32905093	0.04760887	25.06180000
4.33405093	0.04760887	25.48295000
4.33905093	0.04760887	25.29984000
4.34405093	0.04760887	25.76983000
4.34905093	0.04760887	26.88070000
4.35405093	0.04760887	26.41072000
4.35905093	0.04760887	24.37208000
4.36405093	0.04760887	23.90210000
4.36905093	0.04760887	25.01297000
4.37405093	0.04760887	25.50737000
4.37905092	0.04760887	25.41581000
4.38405092	0.04760887	25.39140000
4.38905092	0.04760887	25.39140000
4.39405092	0.04760887	25.39140000
4.39905092	0.04760887	25.39140000
4.40405092	0.04760887	25.39140000
4.40905092	0.04760887	25.39140000
4.41405092	0.04760887	25.39140000
4.41905092	0.04760887	25.39140000
4.42405092	0.04760887	25.39140000
4.42905092	0.04760887	25.39140000
4.43405092	0.04760887	25.39140000
4.43905092	0.04760887	25.39140000
4.44405092	0.04760887	25.39140000
4.44905092	0.04760887	25.39140000
4.45405092	0.04760887	25.39140000
4.45905092	0.04760887	25.39140000
4.46405092	0.04773095	25.39140000
4.46905092	0.04818873	25.39140000
4.47405092	0.04596087	25.39140000
4.47905092	0.04132206	25.39140000
4.48405092	0.03897214	25.36699000
4.48905092	0.03897214	25.27543000
4.49405092	0.04144414	25.72100000
4.49905092	0.04654073	26.64876000
4.50405092	0.04641865	27.14316000
4.50905092	0.04086429	27.23472000
4.51405092	0.04086429	26.31916000
4.51905092	0.04641865	24.46364000
4.52405092	0.04654073	23.57250000
4.52905092	0.04144414	23.75561000
4.53405092	0.03909421	23.82885000
4.53905092	0.03955199	23.92041000
4.54405092	0.03967406	23.45042000
4.54905092	0.03967406	22.43110000
4.55405092	0.03967406	22.45552000
4.55905092	0.03967406	23.56639000
4.56405092	0.03967406	23.56639000
4.56905092	0.03967406	22.45552000
4.57405092	0.03967406	22.45552000
4.57905092	0.03967406	23.56639000
4.58405092	0.03967406	23.56639000
4.58905092	0.03967406	22.45552000
4.59405092	0.03967406	22.43110000
4.59905092	0.03967406	23.45042000
4.60405092	0.03967406	23.94482000
4.60905092	0.03967406	23.94482000
4.61405092	0.03967406	23.45042000
4.61905092	0.03967406	22.43110000
4.62405092	0.03967406	22.45552000
4.62905092	0.03967406	23.56639000
4.63405092	0.03967406	23.56639000
4.63905092	0.03967406	22.45552000
4.64405092	0.03967406	22.43110000
4.64905092	0.03967406	23.45042000
4.65405092	0.03967406	23.94482000
4.65905092	0.03967406	23.94482000
4.66405092	0.03967406	23.49925000
4.66905092	0.03967406	22.66304000
4.67405092	0.03967406	21.74749000
4.67905092	0.03967406	20.81973000
4.68405092	0.03967406	20.81973000
4.68905092	0.03967406	21.74749000
4.69405092	0.03967406	22.68746000
4.69905092	0.03967406	23.61522000
4.70405092	0.03967406	23.59081000
4.70905092	0.03967406	22.57149000
4.71405092	0.03967406	22.10150000
4.71905092	0.03967406	22.19306000
4.72405092	0.03967406	22.21748000
4.72905092	0.03967406	22.21748000
4.73405092	0.03967406	22.21748000
4.73905092	0.03967406	22.21748000
4.74405092	0.03967406	22.21748000
4.74905092	0.03967406	22.21748000
4.75405092	0.03967406	22.21748000
4.75905092	0.03967406	22.21748000
4.76405092	0.03967406	22.21748000
4.76905092	0.03967406	22.21748000
4.77405092	0.03967406	22.24189000
4.77905092	0.03967406	22.33344000
4.78405092	0.03967406	21.86346000
4.78905092	0.03967406	20.84414000
4.79405092	0.03967406	20.84414000
4.79905092	0.03967406	21.86346000
4.80405092	0.03967406	22.33344000
4.80905092	0.03967406	22.24189000
4.81405092	0.03967406	22.21748000
4.81905092	0.03967406	22.21748000
4.82405092	0.03967406	22.21748000
4.82905092	0.03967406	22.21748000
4.83405092	0.03967406	22.21748000
4.83905092	0.03967406	22.21748000
4.84405092	0.03967406	22.21748000
4.84905092	0.03967406	22.21748000
4.85405092	0.03967406	22.21748000
4.85905092	0.03967406	22.21748000
4.86405092	0.03967406	22.21748000
4.86905092	0.03967406	22.21748000
4.87405092	0.03967406	22.21748000
4.87905092	0.03967406	22.21748000
4.88405092	0.03967406	22.24189000
4.88905092	0.03967406	22.33344000
4.89405092	0.03967406	21.86346000
4.89905092	0.03967406	20.84414000
4.90405092	0.03967406	20.86856000
4.90905092	0.03967406	21.97943000
4.91405092	0.03967406	21.97943000
4.91905092	0.03967406	20.86856000
4.92405092	0.03967406	20.84414000
4.92905092	0.03967406	21.86346000
4.93405092	0.03967406	22.35786000
4.93905092	0.03967406	22.35786000
4.94405092	0.03967406	21.86346000
4.94905092	0.03967406	20.84414000
4.95405092	0.03967406	20.84414000
4.95905092	0.03967406	21.86346000
4.96405092	0.03967406	22.33344000
4.96905092	0.03967406	22.24189000
4.97405092	0.03967406	22.21748000
4.97905092	0.03967406	22.21748000
4.98405092	0.03967406	22.21748000
4.98905092	0.03967406	22.21748000
4.99405092	0.03967406	22.19306000
4.99905092	0.03967406	22.10150000
5.00405092	0.03967406	22.54707000
5.00905092	0.03967406	23.47484000
5.01405092	0.03967406	23.94482000
5.01905092	0.03967406	23.94482000
5.02405092	0.03967406	23.47484000
5.02905092	0.03967406	22.54707000
5.03405092	0.03979614	22.10150000
5.03905092	0.04025391	22.19306000
5.04405092	0.03790399	22.24189000
5.04905092	0.03280740	22.33344000
5.05405092	0.03280740	21.88787000
5.05905092	0.03790399	20.96011000
5.06405092	0.04037599	20.49013000
5.06905092	0.04037599	20.49013000
5.07405092	0.03790399	20.96011000
5.07905092	0.03280740	21.88787000
5.08405092	0.03292947	22.35786000
5.08905092	0.03848384	22.35786000
5.09405092	0.03860591	21.86346000
5.09905092	0.03350932	20.84414000
5.10405092	0.03115940	20.86856000
5.10905092	0.03161718	21.97943000
5.11405092	0.03173925	22.02826000
5.11905092	0.03173925	21.10050000
5.12405092	0.03173925	20.18494000
5.12905092	0.03173925	19.34873000
5.13405092	0.03173925	18.92758000
5.13905092	0.03173925	19.01913000
5.14405092	0.03173925	19.04355000
5.14905092	0.03173925	19.04355000
5.15405092	0.03161718	19.06796000
5.15905092	0.03115940	19.15952000
5.16405092	0.03350932	18.71395000
5.16905092	0.03860591	17.78619000
5.17405092	0.03860591	17.36503000
5.17905092	0.03350932	17.54814000
5.18405092	0.03115940	17.10257000
5.18905092	0.03161718	16.08325000
5.19405092	0.03173925	16.08325000
5.19905092	0.03173925	17.10257000
5.20405092	0.03173925	17.57256000
5.20905092	0.03173925	17.48100000
5.21405092	0.03173925	17.43217000
5.21905092	0.03173925	17.34062000
5.22405092	0.03173925	17.81060000
5.22905092	0.03173925	18.82992000
5.23405092	0.03173925	18.80550000
5.23905092	0.03173925	17.69463000
5.24405092	0.03173925	17.64580000
5.24905092	0.03173925	18.57356000
5.25405092	0.03173925	19.48912000
5.25905092	0.03173925	20.32533000
5.26405092	0.03173925	20.77090000
5.26905092	0.03173925	20.77090000
5.27405092	0.03173925	20.30091000
5.27905092	0.03173925	19.37315000
5.28405092	0.03173925	18.95199000
5.28905092	0.03173925	19.13511000
5.29405092	0.03173925	18.68954000
5.29905092	0.03173925	17.67022000
5.30405092	0.03173925	17.67022000
5.30905092	0.03173925	18.68954000
5.31405092	0.03173925	19.15952000
5.31905092	0.03173925	19.06796000
5.32405092	0.03173925	19.06796000
5.32905092	0.03173925	19.15952000
5.33405092	0.03173925	18.71395000
5.33905092	0.03173925	17.78619000
5.34405092	0.03173925	17.34062000
5.34905092	0.03173925	17.43217000
5.35405092	0.03173925	17.43217000
5.35905092	0.03173925	17.34062000
5.36405092	0.03173925	17.78619000
5.36905092	0.03173925	18.71395000
5.37405092	0.03173925	19.15952000
5.37905092	0.03173925	19.06796000
5.38405092	0.03173925	19.04355000
5.38905092	0.03173925	19.04355000
5.39405092	0.03173925	19.04355000
5.39905092	0.03173925	19.04355000
5.40405092	0.03173925	19.04355000
5.40905092	0.03173925	19.04355000
5.41405092	0.03173925	19.04355000
5.41905092	0.03173925	19.04355000
5.42405092	0.03173925	19.04355000
5.42905092	0.03173925	19.04355000
5.43405092	0.03173925	19.04355000
5.43905092	0.03173925	19.04355000
5.44405092	0.03173925	19.04355000
5.44905092	0.03173925	19.04355000
5.45405092	0.03173925	19.04355000
5.45905092	0.03173925	19.04355000
5.46405092	0.03173925	19.04355000
5.46905092	0.03173925	19.04355000
5.47405092	0.03173925	19.04355000
5.47905092	0.03173925	19.04355000
5.48405092	0.03173925	19.01913000
5.48905092	0.03173925	18.92758000
5.49405092	0.03173925	19.37315000
5.49905092	0.03173925	20.30091000
5.50405092	0.03173925	20.74648000
5.50905092	0.03173925	20.65493000
5.51405092	0.03173925	20.63051000
5.51905092	0.03173925	20.63051000
5.52405092	0.03173925	20.63051000
5.52905092	0.03173925	20.63051000
5.53405092	0.03173925	20.63051000
5.53905092	0.03173925	20.63051000
5.54405092	0.03173925	20.63051000
5.54905092	0.03173925	20.63051000
5.55405092	0.03173925	20.63051000
5.55905092	0.03173925	20.63051000
5.56405092	0.03173925	20.65493000
5.56905092	0.03173925	20.74648000
5.57405092	0.03173925	20.30091000
5.57905092	0.03173925	19.37315000
5.58405092	0.03173925	18.95199000
5.58905092	0.03173925	19.13511000
5.59405092	0.03173925	18.71395000
5.59905092	0.03173925	17.78619000
5.60405092	0.03173925	17.31620000
5.60905092	0.03173925	17.31620000
5.61405092	0.03173925	17.78619000
5.61905092	0.03173925	18.71395000
5.62405092	0.03173925	19.15952000
5.62905092	0.03173925	19.06796000
5.63405092	0.03173925	19.01913000
5.63905092	0.03173925	18.92758000
5.64405092	0.03173925	19.37315000
5.64905092	0.03173925	20.30091000
5.65405092	0.03173925	20.74648000
5.65905092	0.03173925	20.65493000
5.66405092	0.03173925	20.65493000
5.66905092	0.03173925	20.74648000
5.67405092	0.03173925	20.30091000
5.67905092	0.03173925	19.37315000
5.68405092	0.03173925	18.90317000
5.68905092	0.03173925	18.90317000
5.69405092	0.03173925	19.34873000
5.69905092	0.03173925	20.18494000
5.70405092	0.03173925	21.12491000
5.70905092	0.03173925	22.14423000
5.71405092	0.03173925	21.67424000
5.71905092	0.03173925	19.72716000
5.72405092	0.03173925	18.78720000
5.72905092	0.03173925	18.87875000
5.73405092	0.03173925	19.39757000
5.73905092	0.03173925	20.41688000
5.74405092	0.03173925	20.41688000
5.74905092	0.03173925	19.39757000
5.75405092	0.03173925	18.92758000
5.75905092	0.03173925	19.01913000
5.76405092	0.03173925	19.04355000
5.76905092	0.03173925	19.04355000
5.77405092	0.03173925	19.04355000
5.77905092	0.03173925	19.04355000
5.78405092	0.03173925	19.01913000
5.78905092	0.03173925	18.92758000
5.79405092	0.03173925	19.39757000
5.79905092	0.03173925	20.41688000
5.80405092	0.03173925	20.41688000
5.80905092	0.03173925	19.39757000
5.81405092	0.03173925	18.92758000
5.81905092	0.03173925	19.01913000
5.82405092	0.03173925	19.04355000
5.82905092	0.03173925	19.04355000
5.83405092	0.03173925	19.01913000
5.83905092	0.03173925	18.92758000
5.84405092	0.03173925	19.37315000
5.84905092	0.03173925	20.30091000
5.85405092	0.03186132	20.77090000
5.85905092	0.03231910	20.77090000
5.86405092	0.03009125	20.27650000
5.86905092	0.02545244	19.25718000
5.87405092	0.02310251	19.28160000
5.87905092	0.02310251	20.39247000
5.88405092	0.02545244	20.41688000
5.88905092	0.03009125	19.39757000
5.89405092	0.03244118	18.92758000
5.89905092	0.03244118	19.01913000
5.90405092	0.02996918	19.01913000
5.90905092	0.02487259	18.92758000
5.91405092	0.02487259	19.37315000
5.91905092	0.02996918	20.30091000
5.92405092	0.03231910	20.74648000
5.92905092	0.03186132	20.65493000
5.93405092	0.03186132	20.65493000
5.93905092	0.03231910	20.74648000
5.94405092	0.03009125	20.30091000
5.94905092	0.02545244	19.37315000
5.95405092	0.02310251	18.92758000
5.95905092	0.02310251	19.01913000
5.96405092	0.02557451	19.04355000
5.96905092	0.03067110	19.04355000
5.97405092	0.03067110	19.06796000
5.97905092	0.02557451	19.15952000
5.98405092	0.02322458	18.71395000
5.98905092	0.02368236	17.78619000
5.99405092	0.02380444	17.31620000
5.99905092	0.02380444	17.31620000
6.00405092	0.02368236	17.78619000
6.00905092	0.02322458	18.71395000
6.01405092	0.02557451	19.18394000
6.01905092	0.03067110	19.18394000
6.02405091	0.03067110	18.71395000
6.02905091	0.02557451	17.78619000
6.03405091	0.02322458	17.34062000
6.03905091	0.02368236	17.43217000
6.04405091	0.02380444	17.43217000
6.04905091	0.02380444	17.34062000
6.05405091	0.02380444	17.78619000
6.05905091	0.02380444	18.71395000
6.06405091	0.02380444	19.13511000
6.06905091	0.02380444	18.95199000
6.07405091	0.02380444	19.39757000
6.07905091	0.02380444	20.41688000
6.08405091	0.02380444	20.39247000
6.08905091	0.02380444	19.28160000
6.09405091	0.02380444	19.28160000
6.09905091	0.02380444	20.39247000
6.10405091	0.02380444	20.39247000
6.10905091	0.02380444	19.28160000
6.11405091	0.02380444	19.25718000
6.11905091	0.02380444	20.27650000
6.12405091	0.02380444	20.74648000
6.12905091	0.02380444	20.65493000
6.13405091	0.02380444	20.63051000
6.13905091	0.02380444	20.63051000
6.14405091	0.02380444	20.65493000
6.14905091	0.02380444	20.74648000
6.15405091	0.02380444	20.30091000
6.15905091	0.02380444	19.37315000
6.16405091	0.02380444	18.92758000
6.16905091	0.02380444	19.01913000
6.17405091	0.02380444	19.04355000
6.17905091	0.02380444	19.04355000
6.18405091	0.02380444	19.04355000
6.18905091	0.02380444	19.04355000
6.19405091	0.02380444	19.04355000
6.19905091	0.02380444	19.04355000
6.20405091	0.02380444	19.06796000
6.20905091	0.02380444	19.15952000
6.21405091	0.02380444	18.66512000
6.21905091	0.02380444	17.55425000
6.22405091	0.02380444	18.02423000
6.22905091	0.02380444	20.06287000
6.23405091	0.02380444	20.53285000
6.23905091	0.02380444	19.42198000
6.24405091	0.02380444	18.95199000
6.24905091	0.02380444	19.13511000
6.25405091	0.02380444	18.71395000
6.25905091	0.02380444	17.78619000
6.26405091	0.02380444	17.34062000
6.26905091	0.02380444	17.43217000
6.27405091	0.02380444	17.45659000
6.27905091	0.02380444	17.45659000
6.28405091	0.02380444	17.45659000
6.28905091	0.02380444	17.45659000
6.29405091	0.02380444	17.45659000
6.29905091	0.02380444	17.45659000
6.30405091	0.02380444	17.45659000
6.30905091	0.02380444	17.45659000
6.31405091	0.02380444	17.45659000
6.31905091	0.02380444	17.45659000
6.32405091	0.02380444	17.45659000
6.32905091	0.02380444	17.45659000
6.33405091	0.02380444	17.45659000
6.33905091	0.02380444	17.45659000
6.34405091	0.02380444	17.45659000
6.34905091	0.02380444	17.45659000
6.35405091	0.02380444	17.43217000
6.35905091	0.02380444	17.34062000
6.36405091	0.02380444	17.78619000
6.36905091	0.02380444	18.71395000
6.37405091	0.02380444	19.15952000
6.37905091	0.02380444	19.06796000
6.38405091	0.02380444	19.06796000
6.38905091	0.02380444	19.15952000
6.39405091	0.02380444	18.68954000
6.39905091	0.02380444	17.67022000
6.40405091	0.02380444	17.67022000
6.40905091	0.02380444	18.68954000
6.41405091	0.02380444	19.15952000
6.41905091	0.02380444	19.06796000
6.42405091	0.02380444	19.04355000
6.42905091	0.02380444	19.04355000
6.43405091	0.02380444	19.04355000
6.43905091	0.02380444	19.04355000
6.44405091	0.02380444	19.04355000
6.44905091	0.02380444	19.04355000
6.45405091	0.02380444	19.01913000
6.45905091	0.02380444	18.92758000
6.46405091	0.02380444	19.39757000
6.46905091	0.02380444	20.41688000
6.47405091	0.02380444	20.41688000
6.47905091	0.02380444	19.39757000
6.48405091	0.02380444	18.92758000
6.48905091	0.02380444	19.01913000
6.49405091	0.02380444	19.04355000
6.49905091	0.02380444	19.04355000
6.50405091	0.02380444	19.06796000
6.50905091	0.02380444	19.15952000
6.51405091	0.02380444	18.68954000
6.51905091	0.02380444	17.67022000
6.52405091	0.02380444	17.69463000
6.52905091	0.02380444	18.80550000
6.53405091	0.02380444	18.82992000
6.53905091	0.02380444	17.81060000
6.54405091	0.02380444	17.34062000
6.54905091	0.02380444	17.43217000
6.55405091	0.02380444	17.45659000
6.55905091	0.02380444	17.45659000
6.56405091	0.02380444	17.45659000
6.56905091	0.02380444	17.45659000
6.57405091	0.02380444	17.45659000
6.57905091	0.02380444	17.45659000
6.58405091	0.02380444	17.45659000
6.58905091	0.02380444	17.45659000
6.59405091	0.02380444	17.45659000
6.59905091	0.02380444	17.45659000
6.60405091	0.02380444	17.45659000
6.60905091	0.02380444	17.45659000
6.61405091	0.02380444	17.48100000
6.61905091	0.02380444	17.57256000
6.62405091	0.02380444	17.10257000
6.62905091	0.02380444	16.08325000
6.63405091	0.02380444	16.10767000
6.63905091	0.02380444	17.21854000
6.64405091	0.02380444	17.24296000
6.64905091	0.02380444	16.22364000
6.65405091	0.02380444	15.75365000
6.65905091	0.02380444	15.84521000
6.66405091	0.02380444	15.84521000
6.66905091	0.02380444	15.75365000
6.67405091	0.02380444	16.22364000
6.67905091	0.02380444	17.24296000
6.68405091	0.02380444	17.19413000
6.68905091	0.02380444	15.99170000
6.69405091	0.02380444	16.46169000
6.69905091	0.02380444	18.59188000
6.70405091	0.02380444	18.59188000
6.70905091	0.02380444	16.46169000
6.71405091	0.02380444	15.96728000
6.71905091	0.02380444	17.07816000
6.72405091	0.02380444	17.54814000
6.72905091	0.02380444	17.36503000
6.73405091	0.02380444	17.78619000
6.73905091	0.02380444	18.71395000
6.74405091	0.02380444	19.18394000
6.74905091	0.02380444	19.18394000
6.75405091	0.02380444	18.68954000
6.75905091	0.02380444	17.67022000
6.76405091	0.02380444	17.67022000
6.76905091	0.02380444	18.68954000
6.77405091	0.02380444	19.18394000
6.77905091	0.02380444	19.18394000
6.78405091	0.02380444	18.71395000
6.78905091	0.02380444	17.78619000
6.79405091	0.02380444	17.34062000
6.79905091	0.02380444	17.43217000
6.80405091	0.02380444	17.48100000
6.80905091	0.02380444	17.57256000
6.81405091	0.02380444	17.12699000
6.81905091	0.02380444	16.19922000
6.82405091	0.02380444	15.75365000
6.82905091	0.02380444	15.84521000
6.83405091	0.02380444	15.86962000
6.83905091	0.02380444	15.86962000
6.84405091	0.02380444	15.86962000
6.84905091	0.02380444	15.86962000
6.85405091	0.02380444	15.89404000
6.85905091	0.02380444	15.98559000
6.86405091	0.02380444	15.49119000
6.86905091	0.02380444	14.38032000
6.87405091	0.02380444	14.82589000
6.87905091	0.02380444	16.77297000
6.88405091	0.02380444	17.68853000
6.88905091	0.02380444	17.50542000
6.89405091	0.02380444	17.48100000
6.89905091	0.02380444	17.57256000
6.90405091	0.02380444	17.12699000
6.90905091	0.02380444	16.19922000
6.91405091	0.02380444	15.72924000
6.91905091	0.02380444	15.72924000
6.92405091	0.02380444	16.22364000
6.92905091	0.02380444	17.24296000
6.93405091	0.02380444	17.24296000
6.93905091	0.02380444	16.22364000
6.94405091	0.02380444	15.72924000
6.94905091	0.02380444	15.72924000
6.95405091	0.02380444	16.22364000
6.95905091	0.02380444	17.24296000
6.96405091	0.02380444	17.19413000
6.96905091	0.02380444	15.99170000
6.97405091	0.02380444	16.43727000
6.97905091	0.02380444	18.47591000
6.98405091	0.02380444	18.97031000
6.98905091	0.02380444	17.95099000
6.99405091	0.02380444	16.98660000
6.99905091	0.02380444	16.05884000
7.00405091	0.02380444	16.08325000
7.00905091	0.02380444	17.10257000
7.01405091	0.02380444	17.57256000
7.01905091	0.02380444	17.48100000
7.02405091	0.02380444	17.48100000
7.02905091	0.02380444	17.57256000
7.03405091	0.02380444	17.12699000
7.03905091	0.02380444	16.19922000
7.04405091	0.02380444	15.75365000
7.04905091	0.02380444	15.84521000
7.05405091	0.02380444	15.84521000
7.05905091	0.02380444	15.75365000
7.06405091	0.02380444	16.22364000
7.06905091	0.02380444	17.24296000
7.07405091	0.02380444	17.24296000
7.07905091	0.02380444	16.22364000
7.08405091	0.02380444	15.75365000
7.08905091	0.02380444	15.84521000
7.09405091	0.02380444	15.86962000
7.09905091	0.02380444	15.86962000
7.10405091	0.02380444	15.86962000
7.10905091	0.02380444	15.86962000
7.11405091	0.02380444	15.84521000
7.11905091	0.02380444	15.75365000
7.12405091	0.02380444	16.19922000
7.12905091	0.02380444	17.12699000
7.13405091	0.02380444	17.59697000
7.13905091	0.02380444	17.59697000
7.14405091	0.02380444	17.10257000
7.14905091	0.02380444	16.08325000
7.15405091	0.02380444	16.10767000
7.15905091	0.02380444	17.21854000
7.16405091	0.02380444	17.24296000
7.16905091	0.02380444	16.22364000
7.17405091	0.02380444	15.72924000
7.17905091	0.02380444	15.72924000
7.18405091	0.02392651	16.22364000
7.18905091	0.02438429	17.24296000
7.19405091	0.02203436	17.21854000
7.19905091	0.01693777	16.10767000
7.20405091	0.01693777	16.10767000
7.20905091	0.02203436	17.21854000
7.21405091	0.02438429	17.24296000
7.21905091	0.02392651	16.22364000
7.22405091	0.02380444	15.75365000
7.22905091	0.02380444	15.84521000
7.23405091	0.02380444	15.84521000
7.23905091	0.02380444	15.75365000
7.24405091	0.02392651	16.22364000
7.24905091	0.02438429	17.24296000
7.25405091	0.02203436	17.21854000
7.25905091	0.01693777	16.10767000
7.26405091	0.01693777	16.08325000
7.26905091	0.02203436	17.10257000
7.27405091	0.02438429	17.57256000
7.27905091	0.02392651	17.48100000
7.28405091	0.02392651	17.45659000
7.28905091	0.02438429	17.45659000
7.29405091	0.02215644	17.43217000
7.29905091	0.01751762	17.34062000
7.30405091	0.01516770	17.81060000
7.30905091	0.01516770	18.82992000
7.31405091	0.01763970	18.82992000
7.31905091	0.02273629	17.81060000
7.32405091	0.02261421	17.34062000
7.32905091	0.01705985	17.43217000
7.33405091	0.01705985	17.45659000
7.33905091	0.02261421	17.45659000
7.34405091	0.02261421	17.43217000
7.34905091	0.01705985	17.34062000
7.35405091	0.01705985	17.78619000
7.35905091	0.02261421	18.71395000
7.36405091	0.02261421	19.18394000
7.36905091	0.01705985	19.18394000
7.37405091	0.01693777	18.71395000
7.37905091	0.02203436	17.78619000
7.38405091	0.02438429	17.34062000
7.38905091	0.02392651	17.43217000
7.39405091	0.02380444	17.45659000
7.39905091	0.02380444	17.45659000
7.40405091	0.02392651	17.48100000
7.40905091	0.02438429	17.57256000
7.41405091	0.02215644	17.10257000
7.41905091	0.01751762	16.08325000
7.42405091	0.01528977	16.10767000
7.42905091	0.01574755	17.21854000
7.43405091	0.01586962	17.24296000
7.43905091	0.01586962	16.22364000
7.44405091	0.01586962	15.72924000
7.44905091	0.01586962	15.72924000
7.45405091	0.01586962	16.19922000
7.45905091	0.01586962	17.12699000
7.46405091	0.01574755	17.59697000
7.46905091	0.01528977	17.59697000
7.47405091	0.01763970	17.10257000
7.47905091	0.02273629	16.08325000
7.48405091	0.02261421	16.08325000
7.48905091	0.01705985	17.10257000
7.49405091	0.01705985	17.57256000
7.49905091	0.02261421	17.48100000
7.50405091	0.02273629	17.43217000
7.50905091	0.01763970	17.34062000
7.51405091	0.01528977	17.83502000
7.51905091	0.01574755	18.94589000
7.52405091	0.01574755	18.47591000
7.52905091	0.01528977	16.43727000
7.53405091	0.01763970	15.96728000
7.53905091	0.02273629	17.07816000
7.54405091	0.02273629	17.59697000
7.54905091	0.01763970	17.59697000
7.55405091	0.01528977	17.10257000
7.55905091	0.01574755	16.08325000
7.56405091	0.01586962	16.08325000
7.56905091	0.01586962	17.10257000
7.57405091	0.01586962	17.57256000
7.57905091	0.01586962	17.48100000
7.58405091	0.01586962	17.48100000
7.58905091	0.01586962	17.57256000
7.59405091	0.01586962	17.12699000
7.59905091	0.01586962	16.19922000
7.60405091	0.01586962	15.75365000
7.60905091	0.01586962	15.84521000
7.61405091	0.01574755	15.84521000
7.61905091	0.01528977	15.75365000
7.62405091	0.01763970	16.22364000
7.62905091	0.02273629	17.24296000
7.63405091	0.02273629	17.24296000
7.63905091	0.01763970	16.22364000
7.64405091	0.01528977	15.75365000
7.64905091	0.01574755	15.84521000
7.65405091	0.01586962	15.86962000
7.65905091	0.01586962	15.86962000
7.66405091	0.01586962	15.84521000
7.66905090	0.01586962	15.75365000
7.67405090	0.01586962	16.22364000
7.67905090	0.01586962	17.24296000
7.68405090	0.01586962	17.26737000
7.68905090	0.01586962	16.33961000
7.69405090	0.01586962	15.39964000
7.69905090	0.01586962	14.47188000
7.70405090	0.01586962	14.49629000
7.70905090	0.01586962	15.51561000
7.71405090	0.01586962	15.98559000
7.71905090	0.01586962	15.89404000
7.72405090	0.01586962	15.86962000
7.72905090	0.01586962	15.86962000
7.73405090	0.01586962	15.84521000
7.73905090	0.01586962	15.75365000
7.74405090	0.01586962	16.22364000
7.74905090	0.01586962	17.24296000
7.75405090	0.01586962	17.21854000
7.75905090	0.01586962	16.10767000
7.76405090	0.01586962	16.10767000
7.76905090	0.01586962	17.21854000
7.77405090	0.01586962	17.24296000
7.77905090	0.01586962	16.22364000
7.78405090	0.01586962	15.75365000
7.78905090	0.01586962	15.84521000
7.79405090	0.01586962	15.84521000
7.79905090	0.01586962	15.75365000
7.80405090	0.01586962	16.24805000
7.80905090	0.01586962	17.35893000
7.81405090	0.01586962	16.88894000
7.81905090	0.01586962	14.85031000
7.82405090	0.01586962	14.35591000
7.82905090	0.01586962	15.37523000
7.83405090	0.01586962	16.36402000
7.83905090	0.01586962	17.38334000
7.84405090	0.01586962	16.91336000
7.84905090	0.01586962	14.96628000
7.85405090	0.01586962	14.02631000
7.85905090	0.01586962	14.11786000
7.86405090	0.01586962	14.61226000
7.86905090	0.01586962	15.54002000
7.87405090	0.01586962	15.96118000
7.87905090	0.01586962	15.77807000
7.88405090	0.01586962	16.19922000
7.88905090	0.01586962	17.12699000
7.89405090	0.01586962	17.54814000
7.89905090	0.01586962	17.36503000
7.90405090	0.01586962	17.81060000
7.90905090	0.01586962	18.82992000
7.91405090	0.01586962	18.82992000
7.91905090	0.01586962	17.81060000
7.92405090	0.01586962	17.31620000
7.92905090	0.01586962	17.31620000
7.93405090	0.01586962	17.81060000
7.93905090	0.01586962	18.82992000
7.94405090	0.01586962	18.82992000
7.94905090	0.01586962	17.81060000
7.95405090	0.01586962	17.34062000
7.95905090	0.01586962	17.43217000
7.96405090	0.01586962	17.48100000
7.96905090	0.01586962	17.57256000
7.97405090	0.01586962	17.12699000
7.97905090	0.01586962	16.19922000
7.98405090	0.01586962	15.75365000
7.98905090	0.01586962	15.84521000
7.99405090	0.01586962	15.86962000
7.99905090	0.01586962	15.86962000
8.00405090	0.01586962	15.86962000
8.00905090	0.01586962	15.86962000
8.01405090	0.01586962	15.86962000
8.01905090	0.01586962	15.86962000
8.02405090	0.01586962	15.89404000
8.02905090	0.01586962	15.98559000
8.03405090	0.01586962	15.51561000
8.03905090	0.01586962	14.49629000
8.04405090	0.01586962	14.49629000
8.04905090	0.01586962	15.51561000
8.05405090	0.01586962	15.98559000
8.05905090	0.01586962	15.89404000
8.06405090	0.01586962	15.89404000
8.06905090	0.01586962	15.98559000
8.07405090	0.01586962	15.51561000
8.07905090	0.01586962	14.49629000
8.08405090	0.01586962	14.52071000
8.08905090	0.01586962	15.63158000
8.09405090	0.01586962	15.63158000
8.09905090	0.01586962	14.52071000
8.10405090	0.01586962	14.52071000
8.10905090	0.01586962	15.63158000
8.11405090	0.01586962	15.65600000
8.11905090	0.01586962	14.63668000
8.12405090	0.01586962	14.16669000
8.12905090	0.01586962	14.25825000
8.13405090	0.01586962	14.28266000
8.13905090	0.01586962	14.28266000
8.14405090	0.01586962	14.28266000
8.14905090	0.01586962	14.28266000
8.15405090	0.01586962	14.25825000
8.15905090	0.01586962	14.16669000
8.16405090	0.01586962	14.63668000
8.16905090	0.01586962	15.65600000
8.17405090	0.01586962	15.63158000
8.17905090	0.01586962	14.52071000
8.18405090	0.01586962	14.49629000
8.18905090	0.01586962	15.51561000
8.19405090	0.01586962	15.98559000
8.19905090	0.01586962	15.89404000
8.20405090	0.01586962	15.86962000
8.20905090	0.01586962	15.86962000
8.21405090	0.01586962	15.86962000
8.21905090	0.01586962	15.86962000
8.22405090	0.01586962	15.86962000
8.22905090	0.01586962	15.86962000
8.23405090	0.01586962	15.89404000
8.23905090	0.01586962	15.98559000
8.24405090	0.01586962	15.51561000
8.24905090	0.01586962	14.49629000
8.25405090	0.01586962	14.52071000
8.25905090	0.01586962	15.63158000
8.26405090	0.01586962	15.65600000
8.26905090	0.01586962	14.63668000
8.27405090	0.01586962	14.14228000
8.27905090	0.01586962	14.14228000
8.28405090	0.01586962	14.63668000
8.28905090	0.01586962	15.65600000
8.29405090	0.01586962	15.63158000
8.29905090	0.01586962	14.52071000
8.30405090	0.01586962	14.49629000
8.30905090	0.01586962	15.51561000
8.31405090	0.01586962	15.98559000
8.31905090	0.01586962	15.89404000
8.32405090	0.01586962	15.86962000
8.32905090	0.01586962	15.86962000
8.33405090	0.01586962	15.86962000
8.33905090	0.01586962	15.86962000
8.34405090	0.01586962	15.86962000
8.34905090	0.01586962	15.86962000
8.35405090	0.01586962	15.86962000
8.35905090	0.01586962	15.86962000
8.36405090	0.01586962	15.86962000
8.36905090	0.01586962	15.86962000
8.37405090	0.01586962	15.86962000
8.37905090	0.01586962	15.86962000
8.38405090	0.01586962	15.86962000
8.38905090	0.01586962	15.86962000
8.39405090	0.01586962	15.86962000
8.39905090	0.01586962	15.86962000
8.40405090	0.01586962	15.86962000
8.40905090	0.01586962	15.86962000
8.41405090	0.01586962	15.86962000
8.41905090	0.01586962	15.86962000
8.42405090	0.01586962	15.86962000
8.42905090	0.01586962	15.86962000
8.43405090	0.01586962	15.84521000
8.43905090	0.01586962	15.75365000
8.44405090	0.01586962	16.19922000
8.44905090	0.01586962	17.12699000
8.45405090	0.01586962	17.59697000
8.45905090	0.01586962	17.59697000
8.46405090	0.01586962	17.10257000
8.46905090	0.01586962	16.08325000
8.47405090	0.01586962	16.08325000
8.47905090	0.01586962	17.10257000
8.48405090	0.01586962	17.57256000
8.48905090	0.01586962	17.48100000
8.49405090	0.01586962	17.45659000
8.49905090	0.01586962	17.45659000
8.50405090	0.01586962	17.48100000
8.50905090	0.01586962	17.57256000
8.51405090	0.01586962	17.12699000
8.51905090	0.01586962	16.19922000
8.52405090	0.01586962	15.72924000
8.52905090	0.01586962	15.72924000
8.53405090	0.01586962	16.22364000
8.53905090	0.01586962	17.24296000
8.54405090	0.01586962	17.21854000
8.54905090	0.01586962	16.10767000
8.55405090	0.01586962	16.08325000
8.55905090	0.01586962	17.10257000
8.56405090	0.01586962	17.57256000
8.56905090	0.01586962	17.48100000
8.57405090	0.01586962	17.45659000
8.57905090	0.01586962	17.45659000
8.58405090	0.01586962	17.48100000
8.58905090	0.01586962	17.57256000
8.59405090	0.01586962	17.12699000
8.59905090	0.01586962	16.19922000
8.60405090	0.01586962	15.72924000
8.60905090	0.01586962	15.72924000
8.61405090	0.01586962	16.22364000
8.61905090	0.01586962	17.24296000
8.62405090	0.01586962	17.24296000
8.62905090	0.01586962	16.22364000
8.63405090	0.01586962	15.75365000
8.63905090	0.01586962	15.84521000
8.64405090	0.01586962	15.86962000
8.64905090	0.01586962	15.86962000
8.65405090	0.01586962	15.86962000
8.65905090	0.01586962	15.86962000
8.66405090	0.01586962	15.86962000
8.66905090	0.01586962	15.86962000
8.67405090	0.01586962	15.86962000
8.67905090	0.01586962	15.86962000
8.68405090	0.01586962	15.86962000
8.68905090	0.01586962	15.86962000
8.69405090	0.01586962	15.86962000
8.69905090	0.01586962	15.86962000
8.70405090	0.01586962	15.84521000
8.70905090	0.01586962	15.75365000
8.71405090	0.01586962	16.19922000
8.71905090	0.01586962	17.12699000
8.72405090	0.01586962	17.57256000
8.72905090	0.01586962	17.48100000
8.73405090	0.01586962	17.45659000
8.73905090	0.01586962	17.45659000
8.74405090	0.01586962	17.48100000
8.74905090	0.01586962	17.57256000
8.75405090	0.01586962	17.10257000
8.75905090	0.01586962	16.08325000
8.76405090	0.01586962	16.10767000
8.76905090	0.01586962	17.21854000
8.77405090	0.01586962	17.24296000
8.77905090	0.01586962	16.22364000
8.78405090	0.01586962	15.75365000
8.78905090	0.01586962	15.84521000
8.79405090	0.01586962	15.89404000
8.79905090	0.01586962	15.98559000
8.80405090	0.01586962	15.54002000
8.80905090	0.01586962	14.61226000
8.81405090	0.01586962	14.16669000
8.81905090	0.01586962	14.25825000
8.82405090	0.01586962	14.28266000
8.82905090	0.01586962	14.28266000
8.83405090	0.01586962	14.30708000
8.83905090	0.01586962	14.39863000
8.84405090	0.01586962	13.92865000
8.84905090	0.01586962	12.90933000
8.85405090	0.01586962	12.93374000
8.85905090	0.01586962	14.04462000
8.86405090	0.01586962	14.04462000
8.86905090	0.01586962	12.93374000
8.87405090	0.01586962	12.90933000
8.87905090	0.01586962	13.92865000
8.88405090	0.01586962	14.42305000
8.88905090	0.01586962	14.42305000
8.89405090	0.01586962	13.95306000
8.89905090	0.01586962	13.02530000
8.90405090	0.01586962	12.57973000
8.90905090	0.01586962	12.67128000
8.91405090	0.01586962	12.69570000
8.91905090	0.01586962	12.69570000
8.92405090	0.01586962	12.67128000
8.92905090	0.01586962	12.57973000
8.93405090	0.01586962	13.02530000
8.93905090	0.01586962	13.95306000
8.94405090	0.01586962	14.39863000
8.94905090	0.01586962	14.30708000
8.95405090	0.01586962	14.28266000
8.95905090	0.01586962	14.28266000
8.96405090	0.01586962	14.25825000
8.96905090	0.01586962	14.16669000
8.97405090	0.01586962	14.63668000
8.97905090	0.01586962	15.65600000
8.98405090	0.01586962	15.65600000
8.98905090	0.01586962	14.63668000
8.99405090	0.01586962	14.14228000
8.99905090	0.01586962	14.14228000
9.00405090	0.01586962	14.58785000
9.00905090	0.01586962	15.42405000
9.01405090	0.01586962	16.36402000
9.01905090	0.01586962	17.38334000
9.02405090	0.01586962	16.91336000
9.02905090	0.01586962	14.96628000
