Time	Channel A	Channel B
(us)	(V)	(mV)

-1.00578101	0.00000000	1.25736300
-1.00078101	0.00000000	0.32959990
-0.99578101	0.00000000	-0.14038510
-0.99078101	0.00000000	-0.14038510
-0.98578101	0.00000000	0.35401470
-0.98078101	0.00000000	1.37333300
-0.97578101	0.00000000	1.39774800
-0.97078101	0.00000000	0.46998500
-0.96578101	0.00000000	-0.46998500
-0.96078101	0.00000000	-1.39774800
-0.95578101	0.00000000	-1.37333300
-0.95078101	0.00000000	-0.35401470
-0.94578101	0.00000000	0.11597030
-0.94078101	0.00000000	0.02441481
-0.93578101	0.00000000	-0.02441481
-0.93078101	0.00000000	-0.11597030
-0.92578101	0.00000000	0.35401470
-0.92078101	0.00000000	1.37333300
-0.91578101	0.00000000	1.34891800
-0.91078101	0.00000000	0.23804440
-0.90578101	0.00000000	0.21362960
-0.90078101	0.00000000	1.23294800
-0.89578101	0.00000000	1.67851800
-0.89078101	0.00000000	1.49540700
-0.88578101	0.00000000	1.94097700
-0.88078101	0.00000000	2.96029500
-0.87578101	0.00000000	2.96029500
-0.87078101	0.00000000	1.94097700
-0.86578101	0.00000000	1.47099200
-0.86078101	0.00000000	1.56254800
-0.85578101	0.00000000	1.61137700
-0.85078101	0.00000000	1.70293300
-0.84578101	0.00000000	1.25736300
-0.84078101	0.00000000	0.32959990
-0.83578101	0.00000000	-0.11597030
-0.83078101	0.00000000	-0.02441481
-0.82578101	0.00000000	0.00000000
-0.82078101	0.00000000	0.00000000
-0.81578101	0.00000000	0.02441481
-0.81078101	0.00000000	0.11597030
-0.80578101	0.00000000	-0.35401470
-0.80078101	0.00000000	-1.37333300
-0.79578101	0.00000000	-1.37333300
-0.79078101	0.00000000	-0.35401470
-0.78578101	0.00000000	0.11597030
-0.78078101	0.00000000	0.02441481
-0.77578101	0.00000000	0.00000000
-0.77078101	0.00000000	0.00000000
-0.76578101	0.00000000	0.00000000
-0.76078101	0.00000000	0.00000000
-0.75578101	0.00000000	0.00000000
-0.75078101	0.00000000	0.00000000
-0.74578101	0.00000000	0.00000000
-0.74078101	0.00000000	0.00000000
-0.73578101	0.00000000	-0.02441481
-0.73078101	0.00000000	-0.11597030
-0.72578101	0.00000000	0.35401470
-0.72078101	0.00000000	1.37333300
-0.71578101	0.00000000	1.34891800
-0.71078101	0.00000000	0.23804440
-0.70578101	0.00000000	0.21362960
-0.70078101	0.00000000	1.23294800
-0.69578102	0.00000000	1.70293300
-0.69078102	0.00000000	1.61137700
-0.68578102	0.00000000	1.61137700
-0.68078102	0.00000000	1.70293300
-0.67578102	0.00000000	1.23294800
-0.67078102	0.00000000	0.21362960
-0.66578102	0.00000000	0.21362960
-0.66078102	0.00000000	1.23294800
-0.65578102	0.00000000	1.70293300
-0.65078102	0.00000000	1.61137700
-0.64578102	0.00000000	1.58696200
-0.64078102	0.00000000	1.58696200
-0.63578102	0.00000000	1.58696200
-0.63078102	0.00000000	1.58696200
-0.62578102	0.00000000	1.61137700
-0.62078102	0.00000000	1.70293300
-0.61578102	0.00000000	1.23294800
-0.61078102	0.00000000	0.21362960
-0.60578102	0.00000000	0.23804440
-0.60078102	0.00000000	1.34891800
-0.59578102	0.00000000	1.37333300
-0.59078102	0.00000000	0.35401470
-0.58578102	0.00000000	-0.11597030
-0.58078102	0.00000000	-0.02441481
-0.57578102	0.00000000	0.02441481
-0.57078102	0.00000000	0.11597030
-0.56578102	0.00000000	-0.32959990
-0.56078102	0.00000000	-1.25736300
-0.55578102	0.00000000	-1.72734800
-0.55078102	0.00000000	-1.72734800
-0.54578102	0.00000000	-1.25736300
-0.54078102	0.00000000	-0.32959990
-0.53578102	0.00000000	0.11597030
-0.53078102	0.00000000	0.02441481
-0.52578102	0.00000000	0.00000000
-0.52078102	0.00000000	0.00000000
-0.51578102	0.00000000	0.00000000
-0.51078102	0.00000000	0.00000000
-0.50578102	0.00000000	0.00000000
-0.50078102	0.00000000	0.00000000
-0.49578102	0.00000000	0.00000000
-0.49078102	0.00000000	0.00000000
-0.48578102	0.00000000	0.00000000
-0.48078102	0.00000000	0.00000000
-0.47578102	0.00000000	0.00000000
-0.47078102	0.00000000	0.00000000
-0.46578102	0.00000000	0.00000000
-0.46078102	0.00000000	0.00000000
-0.45578102	0.00000000	0.00000000
-0.45078102	0.00000000	0.00000000
-0.44578102	0.00000000	0.00000000
-0.44078102	0.00000000	0.00000000
-0.43578102	0.00000000	0.02441481
-0.43078102	0.00000000	0.11597030
-0.42578102	0.00000000	-0.32959990
-0.42078102	0.00000000	-1.25736300
-0.41578102	0.00000000	-1.72734800
-0.41078102	0.00000000	-1.72734800
-0.40578102	0.00000000	-1.25736300
-0.40078102	0.00000000	-0.32959990
-0.39578102	0.00000000	0.14038510
-0.39078102	0.00000000	0.14038510
-0.38578102	0.00000000	-0.32959990
-0.38078102	0.00000000	-1.25736300
-0.37578102	0.00000000	-1.72734800
-0.37078102	0.00000000	-1.72734800
-0.36578102	0.00000000	-1.23294800
-0.36078102	0.00000000	-0.21362960
-0.35578102	0.00000000	-0.23804440
-0.35078102	0.00000000	-1.34891800
-0.34578102	0.00000000	-1.34891800
-0.34078102	0.00000000	-0.23804440
-0.33578102	0.00000000	-0.23804440
-0.33078102	0.00000000	-1.34891800
-0.32578102	0.00000000	-1.37333300
-0.32078102	0.00000000	-0.35401470
-0.31578102	0.00000000	0.11597030
-0.31078102	0.00000000	0.02441481
-0.30578102	0.00000000	0.00000000
-0.30078102	0.00000000	0.00000000
-0.29578102	0.00000000	0.00000000
-0.29078102	0.00000000	0.00000000
-0.28578102	0.00000000	-0.02441481
-0.28078102	0.00000000	-0.11597030
-0.27578102	0.00000000	0.32959990
-0.27078102	0.00000000	1.25736300
-0.26578102	0.00000000	1.70293300
-0.26078102	0.00000000	1.61137700
-0.25578102	0.00000000	1.61137700
-0.25078102	0.00000000	1.70293300
-0.24578102	0.00000000	1.23294800
-0.24078102	0.00000000	0.21362960
-0.23578102	0.00000000	0.21362960
-0.23078102	0.00000000	1.23294800
-0.22578102	0.00000000	1.70293300
-0.22078102	0.00000000	1.61137700
-0.21578102	0.00000000	1.58696200
-0.21078102	0.00000000	1.58696200
-0.20578102	0.00000000	1.61137700
-0.20078102	0.00000000	1.70293300
-0.19578102	0.00000000	1.25736300
-0.19078102	0.00000000	0.32959990
-0.18578102	0.00000000	-0.11597030
-0.18078102	0.00000000	-0.02441481
-0.17578102	0.00000000	0.00000000
-0.17078102	0.00000000	0.00000000
-0.16578102	0.00000000	0.00000000
-0.16078102	0.00000000	0.00000000
-0.15578102	0.00000000	-0.02441481
-0.15078102	0.00000000	-0.11597030
-0.14578102	0.00000000	0.32959990
-0.14078102	0.00000000	1.25736300
-0.13578102	0.00000000	1.72734800
-0.13078102	0.00000000	1.72734800
-0.12578102	0.00000000	1.23294800
-0.12078102	0.00000000	0.21362960
-0.11578102	0.00000000	0.23804440
-0.11078102	0.00000000	1.34891800
-0.10578102	0.00000000	1.39774800
-0.10078102	0.00000000	0.46998500
-0.09578102	-0.00024415	-0.42115540
-0.09078102	-0.00115970	-1.16580700
-0.08578102	0.00317393	-2.00811800
-0.08078102	0.01199377	-2.75276900
-0.07578102	0.01858577	-3.59508000
-0.07078102	0.02179022	-4.33973200
-0.06578102	0.02581866	-5.18204300
-0.06078102	0.02902310	-5.92669400
-0.05578102	0.03552354	-6.75069400
-0.05078102	0.04382458	-7.39158200
-0.04578102	0.05020295	-8.70998300
-0.04078102	0.05294961	-10.47395000
-0.03578102	0.05932798	-11.34068000
-0.03078102	0.06762902	-11.15757000
-0.02578102	0.07400738	-11.10874000
-0.02078102	0.07675405	-11.10874000
-0.01578102	0.08313242	-11.08432000
-0.01078102	0.09143345	-10.99277000
-0.00578102	0.09793390	-11.43834000
-0.00078102	0.10113830	-12.36610000
0.00421898	0.10516680	-12.81167000
0.00921898	0.10837120	-12.72011000
0.01421898	0.11487170	-12.72011000
0.01921898	0.12317270	-12.81167000
0.02421898	0.12967320	-12.36610000
0.02921898	0.13287760	-11.43834000
0.03421898	0.13702810	-11.01718000
0.03921898	0.14072080	-11.20029000
0.04421898	0.14487140	-10.77914000
0.04921898	0.14807580	-9.85137500
0.05421898	0.15457630	-9.40580500
0.05921898	0.16287730	-9.49735900
0.06421898	0.16937770	-9.52177400
0.06921898	0.17258220	-9.52177400
0.07421898	0.17670220	-9.52177400
0.07921898	0.18042540	-9.52177400
0.08421898	0.18463700	-9.52177400
0.08921898	0.18836020	-9.52177400
0.09421898	0.19257180	-9.49735900
0.09921898	0.19629510	-9.40580500
0.10421898	0.20050660	-9.85137500
0.10921898	0.20422990	-10.77914000
0.11421898	0.20844140	-11.22471000
0.11921898	0.21216470	-11.13315000
0.12421898	0.21649830	-11.10874000
0.12921898	0.22067930	-11.10874000
0.13421898	0.22266300	-11.10874000
0.13921898	0.22174750	-11.10874000
0.14421898	0.22385330	-11.13315000
0.14921898	0.22849210	-11.22471000
0.15421898	0.23059790	-10.75472000
0.15921898	0.22968230	-9.73540400
0.16421898	0.23166600	-9.73540400
0.16921898	0.23584700	-10.75472000
0.17421898	0.24030270	-11.22471000
0.17921898	0.24448380	-11.13315000
0.18421898	0.24658960	-11.13315000
0.18921898	0.24613180	-11.22471000
0.19421898	0.24588760	-10.77914000
0.19921898	0.24542990	-9.85137500
0.20421898	0.24765770	-9.38139000
0.20921898	0.25229650	-9.38139000
0.21421898	0.25452440	-9.85137500
0.21921898	0.25406660	-10.77914000
0.22421898	0.25382240	-11.22471000
0.22921898	0.25336470	-11.13315000
0.23421898	0.25559250	-11.10874000
0.23921898	0.26023130	-11.10874000
0.24421898	0.26245920	-11.08432000
0.24921898	0.26200140	-10.99277000
0.25421898	0.26175730	-11.46275000
0.25921898	0.26129950	-12.48207000
0.26421898	0.26352730	-12.48207000
0.26921898	0.26816620	-11.46275000
0.27421898	0.27039400	-10.99277000
0.27921898	0.26993620	-11.08432000
0.28421898	0.26981410	-11.10874000
0.28921898	0.26981410	-11.10874000
0.29421898	0.26981410	-11.10874000
0.29921898	0.26981410	-11.10874000
0.30421898	0.26981410	-11.10874000
0.30921898	0.26981410	-11.10874000
0.31421898	0.26981410	-11.10874000
0.31921898	0.26981410	-11.10874000
0.32421898	0.26981410	-11.10874000
0.32921898	0.26981410	-11.10874000
0.33421898	0.26981410	-11.10874000
0.33921898	0.26981410	-11.10874000
0.34421898	0.26981410	-11.10874000
0.34921898	0.26981410	-11.10874000
0.35421898	0.26981410	-11.13315000
0.35921898	0.26981410	-11.22471000
0.36421898	0.26981410	-10.77914000
0.36921898	0.26981410	-9.85137500
0.37421898	0.26993620	-9.40580500
0.37921898	0.27039400	-9.49735900
0.38421898	0.26816620	-9.54619000
0.38921898	0.26352730	-9.63774600
0.39421898	0.26129950	-9.19217500
0.39921898	0.26175730	-8.26441300
0.40421898	0.26187930	-7.81884200
0.40921898	0.26187930	-7.91039800
0.41421898	0.26200140	-7.93481200
0.41921898	0.26245920	-7.93481200
0.42421898	0.26023130	-7.95922800
0.42921898	0.25559250	-8.05078300
0.43421898	0.25348680	-7.60521200
0.43921898	0.25440230	-6.67745000
0.44421898	0.25229650	-6.25629500
0.44921898	0.24765770	-6.43940500
0.45421898	0.24542990	-6.01825000
0.45921898	0.24588760	-5.09048700
0.46421898	0.24613180	-4.64491700
0.46921898	0.24658960	-4.73647300
0.47421898	0.24436170	-4.76088700
0.47921898	0.23972290	-4.76088700
0.48421898	0.23749500	-4.73647300
0.48921898	0.23795280	-4.64491700
0.49421898	0.23819700	-5.11490200
0.49921898	0.23865470	-6.13422100
0.50421898	0.23642690	-6.10980600
0.50921898	0.23178810	-4.99893200
0.51421898	0.22956020	-4.99893200
0.51921898	0.23001800	-6.10980600
0.52421898	0.23026220	-6.10980600
0.52921898	0.23071990	-4.99893200
0.53421898	0.22849210	-4.97451700
0.53921898	0.22385330	-5.99383500
0.54421898	0.22162540	-6.46382000
0.54921898	0.22208320	-6.37226500
0.55421898	0.22220530	-6.37226500
0.55921898	0.22220530	-6.46382000
0.56421898	0.22220530	-5.99383500
0.56921898	0.22220530	-4.97451700
0.57421898	0.22232730	-4.97451700
0.57921898	0.22278510	-5.99383500
0.58421898	0.22055730	-6.46382000
0.58921898	0.21591850	-6.37226500
0.59421898	0.21369060	-6.37226500
0.59921898	0.21414840	-6.46382000
0.60421898	0.21427050	-6.01825000
0.60921898	0.21427050	-5.09048700
0.61421898	0.21427050	-4.62050200
0.61921898	0.21427050	-4.62050200
0.62421898	0.21439250	-5.11490200
0.62921898	0.21485030	-6.13422100
0.63421898	0.21262240	-6.13422100
0.63921898	0.20798360	-5.11490200
0.64421898	0.20575580	-4.64491700
0.64921898	0.20621360	-4.73647300
0.65421898	0.20633560	-4.76088700
0.65921898	0.20633560	-4.76088700
0.66421898	0.20633560	-4.76088700
0.66921898	0.20633560	-4.76088700
0.67421898	0.20633560	-4.76088700
0.67921898	0.20633560	-4.76088700
0.68421898	0.20645770	-4.76088700
0.68921898	0.20691550	-4.76088700
0.69421898	0.20468760	-4.78530200
0.69921898	0.20004880	-4.87685800
0.70421898	0.19782100	-4.43128700
0.70921898	0.19827880	-3.50352500
0.71421898	0.19840080	-3.05795500
0.71921898	0.19840080	-3.14951000
0.72421898	0.19840080	-3.19834000
0.72921898	0.19840080	-3.28989500
0.73421898	0.19840080	-2.84432500
0.73921898	0.19840080	-1.91656200
0.74421898	0.19840080	-1.47099200
0.74921898	0.19840080	-1.56254800
0.75421898	0.19840080	-1.58696200
0.75921898	0.19840080	-1.58696200
0.76421898	0.19852290	-1.58696200
0.76921898	0.19898070	-1.58696200
0.77421898	0.19675280	-1.58696200
0.77921898	0.19211400	-1.58696200
0.78421898	0.18988620	-1.58696200
0.78921898	0.19034390	-1.58696200
0.79421898	0.19046600	-1.58696200
0.79921898	0.19046600	-1.58696200
0.80421898	0.19046600	-1.58696200
0.80921898	0.19046600	-1.58696200
0.81421898	0.19046600	-1.58696200
0.81921898	0.19046600	-1.58696200
0.82421898	0.19046600	-1.58696200
0.82921898	0.19046600	-1.58696200
0.83421898	0.19046600	-1.58696200
0.83921898	0.19046600	-1.58696200
0.84421898	0.19058810	-1.58696200
0.84921898	0.19104590	-1.58696200
0.85421898	0.18881800	-1.61137700
0.85921898	0.18417920	-1.70293300
0.86421898	0.18195140	-1.25736300
0.86921898	0.18240910	-0.32959990
0.87421898	0.18253120	0.11597030
0.87921898	0.18253120	0.02441481
0.88421898	0.18253120	0.00000000
0.88921898	0.18253120	0.00000000
0.89421898	0.18253120	0.00000000
0.89921898	0.18253120	0.00000000
0.90421898	0.18253120	0.00000000
0.90921898	0.18253120	0.00000000
0.91421898	0.18265330	0.00000000
0.91921898	0.18311110	0.00000000
0.92421898	0.18076110	0.00000000
0.92921898	0.17566450	0.00000000
0.93421898	0.17578660	0.00000000
0.93921898	0.18134100	0.00000000
0.94421898	0.18146310	0.00000000
0.94921897	0.17636650	0.00000000
0.95421897	0.17401650	0.00000000
0.95921897	0.17447430	0.00000000
0.96421897	0.17459640	0.00000000
0.96921897	0.17459640	0.00000000
0.97421897	0.17459640	-0.02441481
0.97921897	0.17459640	-0.11597030
0.98421897	0.17459640	0.35401470
0.98921897	0.17459640	1.37333300
0.99421897	0.17459640	1.37333300
0.99921897	0.17459640	0.35401470
1.00421897	0.17459640	-0.14038510
1.00921897	0.17459640	-0.14038510
1.01421897	0.17471850	0.35401470
1.01921897	0.17517620	1.37333300
1.02421897	0.17294840	1.37333300
1.02921897	0.16830960	0.35401470
1.03421897	0.16608170	-0.11597030
1.03921897	0.16653950	-0.02441481
1.04421897	0.16666160	0.02441481
1.04921897	0.16666160	0.11597030
1.05421897	0.16666160	-0.32959990
1.05921897	0.16666160	-1.25736300
1.06421897	0.16666160	-1.72734800
1.06921897	0.16666160	-1.72734800
1.07421897	0.16666160	-1.23294800
1.07921897	0.16666160	-0.21362960
1.08421897	0.16666160	-0.23804440
1.08921897	0.16666160	-1.34891800
1.09421897	0.16666160	-1.37333300
1.09921897	0.16666160	-0.35401470
1.10421897	0.16678370	0.11597030
1.10921897	0.16724140	0.02441481
1.11421897	0.16501360	0.00000000
1.11921897	0.16037480	0.00000000
1.12421897	0.15814690	0.00000000
1.12921897	0.15860470	0.00000000
1.13421897	0.15872680	0.00000000
1.13921897	0.15872680	0.00000000
1.14421897	0.15872680	0.00000000
1.14921897	0.15872680	0.00000000
1.15421897	0.15872680	-0.02441481
1.15921897	0.15872680	-0.11597030
1.16421897	0.15872680	0.35401470
1.16921897	0.15872680	1.37333300
1.17421897	0.15872680	1.37333300
1.17921897	0.15872680	0.35401470
1.18421897	0.15872680	-0.11597030
1.18921897	0.15872680	-0.02441481
1.19421897	0.15872680	0.00000000
1.19921897	0.15872680	0.00000000
1.20421897	0.15884880	0.00000000
1.20921897	0.15930660	0.00000000
1.21421897	0.15707880	-0.02441481
1.21921897	0.15244000	-0.11597030
1.22421897	0.15021210	0.32959990
1.22921897	0.15066990	1.25736300
1.23421897	0.15079200	1.70293300
1.23921897	0.15079200	1.61137700
1.24421897	0.15079200	1.58696200
1.24921897	0.15079200	1.58696200
1.25421897	0.15079200	1.58696200
1.25921897	0.15079200	1.58696200
1.26421897	0.15079200	1.58696200
1.26921897	0.15079200	1.58696200
1.27421897	0.15079200	1.58696200
1.27921897	0.15079200	1.58696200
1.28421897	0.15079200	1.58696200
1.28921897	0.15079200	1.58696200
1.29421897	0.15091400	1.58696200
1.29921897	0.15137180	1.58696200
1.30421897	0.14914390	1.58696200
1.30921897	0.14450510	1.58696200
1.31421897	0.14227730	1.58696200
1.31921897	0.14273510	1.58696200
1.32421897	0.14285710	1.56254800
1.32921897	0.14285710	1.47099200
1.33421897	0.14285710	1.91656200
1.33921897	0.14285710	2.84432500
1.34421897	0.14285710	3.31431000
1.34921897	0.14285710	3.31431000
1.35421897	0.14285710	2.81991000
1.35921897	0.14285710	1.80059200
1.36421897	0.14285710	1.82500700
1.36921897	0.14285710	2.93588100
1.37421897	0.14285710	2.93588100
1.37921897	0.14285710	1.82500700
1.38421897	0.14285710	1.80059200
1.38921897	0.14285710	2.81991000
1.39421897	0.14285710	3.28989500
1.39921897	0.14285710	3.19834000
1.40421897	0.14297920	3.19834000
1.40921897	0.14343700	3.28989500
1.41421897	0.14120910	2.84432500
1.41921897	0.13653980	1.91656200
1.42421897	0.13431200	1.47099200
1.42921897	0.13476970	1.56254800
1.43421897	0.13489180	1.58696200
1.43921897	0.13489180	1.58696200
1.44421897	0.13489180	1.58696200
1.44921897	0.13489180	1.58696200
1.45421897	0.13489180	1.58696200
1.45921897	0.13489180	1.58696200
1.46421897	0.13489180	1.58696200
1.46921897	0.13489180	1.58696200
1.47421897	0.13489180	1.58696200
1.47921897	0.13489180	1.58696200
1.48421897	0.13489180	1.58696200
1.48921897	0.13489180	1.58696200
1.49421897	0.13489180	1.58696200
1.49921897	0.13489180	1.58696200
1.50421897	0.13489180	1.58696200
1.50921897	0.13489180	1.58696200
1.51421897	0.13489180	1.56254800
1.51921897	0.13489180	1.47099200
1.52421897	0.13501390	1.94097700
1.52921897	0.13547170	2.96029500
1.53421897	0.13324380	2.96029500
1.53921897	0.12860500	1.94097700
1.54421897	0.12637720	1.47099200
1.54921897	0.12683490	1.56254800
1.55421897	0.12695700	1.58696200
1.55921897	0.12695700	1.58696200
1.56421897	0.12695700	1.58696200
1.56921897	0.12695700	1.58696200
1.57421897	0.12695700	1.56254800
1.57921897	0.12695700	1.47099200
1.58421897	0.12695700	1.91656200
1.58921897	0.12695700	2.84432500
1.59421897	0.12695700	3.28989500
1.59921897	0.12695700	3.19834000
1.60421897	0.12695700	3.17392500
1.60921897	0.12695700	3.17392500
1.61421897	0.12695700	3.17392500
1.61921897	0.12695700	3.17392500
1.62421897	0.12707910	3.19834000
1.62921897	0.12753680	3.28989500
1.63421897	0.12530900	2.81991000
1.63921897	0.12067020	1.80059200
1.64421897	0.11844230	1.80059200
1.64921897	0.11890010	2.81991000
1.65421897	0.11902220	3.31431000
1.65921897	0.11902220	3.31431000
1.66421897	0.11902220	2.81991000
1.66921897	0.11902220	1.80059200
1.67421897	0.11902220	1.82500700
1.67921897	0.11902220	2.93588100
1.68421897	0.11902220	2.93588100
1.68921897	0.11902220	1.82500700
1.69421897	0.11902220	1.80059200
1.69921897	0.11902220	2.81991000
1.70421897	0.11902220	3.31431000
1.70921897	0.11902220	3.31431000
1.71421897	0.11902220	2.81991000
1.71921897	0.11902220	1.80059200
1.72421897	0.11902220	1.82500700
1.72921897	0.11902220	2.93588100
1.73421897	0.11902220	2.96029500
1.73921897	0.11902220	1.94097700
1.74421897	0.11914430	1.49540700
1.74921897	0.11960200	1.67851800
1.75421897	0.11737420	1.23294800
1.75921897	0.11273540	0.21362960
1.76421897	0.11050750	0.21362960
1.76921897	0.11096530	1.23294800
1.77421897	0.11108740	1.70293300
1.77921897	0.11108740	1.61137700
1.78421897	0.11108740	1.56254800
1.78921897	0.11108740	1.47099200
1.79421897	0.11108740	1.91656200
1.79921897	0.11108740	2.84432500
1.80421897	0.11108740	3.31431000
1.80921897	0.11108740	3.31431000
1.81421897	0.11108740	2.81991000
1.81921897	0.11108740	1.80059200
1.82421897	0.11108740	1.80059200
1.82921897	0.11108740	2.81991000
1.83421897	0.11108740	3.28989500
1.83921897	0.11108740	3.19834000
1.84421897	0.11108740	3.19834000
1.84921897	0.11108740	3.28989500
1.85421897	0.11108740	2.81991000
1.85921897	0.11108740	1.80059200
1.86421897	0.11120950	1.82500700
1.86921897	0.11166720	2.93588100
1.87421897	0.10943940	2.93588100
1.87921897	0.10480060	1.82500700
1.88421897	0.10257270	1.82500700
1.88921897	0.10303050	2.93588100
1.89421897	0.10315260	2.93588100
1.89921897	0.10315260	1.82500700
1.90421897	0.10315260	1.80059200
1.90921897	0.10315260	2.81991000
1.91421897	0.10315260	3.26548100
1.91921897	0.10315260	3.08237000
1.92421897	0.10315260	3.52794000
1.92921897	0.10315260	4.54725700
1.93421897	0.10315260	4.52284300
1.93921897	0.10315260	3.41196900
1.94421897	0.10315260	3.41196900
1.94921897	0.10315260	4.52284300
1.95421897	0.10315260	4.52284300
1.95921897	0.10315260	3.41196900
1.96421897	0.10315260	3.41196900
1.96921897	0.10315260	4.52284300
1.97421897	0.10315260	4.52284300
1.97921897	0.10315260	3.41196900
1.98421897	0.10315260	3.43638400
1.98921897	0.10315260	4.63881300
1.99421897	0.10315260	4.19324400
1.99921897	0.10315260	2.15460700
2.00421897	0.10315260	1.68462200
2.00921897	0.10315260	2.79549500
2.01421897	0.10315260	3.28989500
2.01921897	0.10315260	3.19834000
2.02421897	0.10327460	3.17392500
2.02921897	0.10373240	3.17392500
2.03421897	0.10150460	3.14951000
2.03921897	0.09686575	3.05795500
2.04421897	0.09463790	3.52794000
2.04921897	0.09509568	4.54725700
2.05421897	0.09521775	4.57167300
2.05921897	0.09521775	3.64391000
2.06421897	0.09521775	2.70394000
2.06921897	0.09521775	1.77617700
2.07421897	0.09521775	1.80059200
2.07921897	0.09521775	2.81991000
2.08421897	0.09521775	3.28989500
2.08921897	0.09521775	3.19834000
2.09421897	0.09521775	3.19834000
2.09921897	0.09521775	3.28989500
2.10421897	0.09521775	2.84432500
2.10921897	0.09521775	1.91656200
2.11421897	0.09521775	1.44657700
2.11921897	0.09521775	1.44657700
2.12421897	0.09521775	1.91656200
2.12921897	0.09521775	2.84432500
2.13421897	0.09521775	3.31431000
2.13921897	0.09521775	3.31431000
2.14421897	0.09521775	2.81991000
2.14921897	0.09521775	1.80059200
2.15421897	0.09533982	1.77617700
2.15921897	0.09579760	2.70394000
2.16421897	0.09344768	3.64391000
2.16921897	0.08835109	4.57167300
2.17421897	0.08835109	4.52284300
2.17921897	0.09344768	3.41196900
2.18421897	0.09591968	3.38755500
2.18921897	0.09591968	4.40687300
2.19421897	0.09356975	4.90127200
2.19921897	0.08893093	4.90127200
2.20421897	0.08670308	4.43128700
2.20921897	0.08716086	3.50352500
2.21421897	0.08728294	3.05795500
2.21921897	0.08728294	3.14951000
2.22421897	0.08728294	3.17392500
2.22921897	0.08728294	3.17392500
2.23421897	0.08728294	3.19834000
2.23921897	0.08728294	3.28989500
2.24421897	0.08728294	2.81991000
2.24921897	0.08728294	1.80059200
2.25421897	0.08728294	1.80059200
2.25921897	0.08728294	2.81991000
2.26421897	0.08728294	3.28989500
2.26921897	0.08728294	3.19834000
2.27421897	0.08728294	3.17392500
2.27921897	0.08728294	3.17392500
2.28421897	0.08728294	3.19834000
2.28921897	0.08728294	3.28989500
2.29421897	0.08728294	2.84432500
2.29921897	0.08728294	1.91656200
2.30421897	0.08728294	1.47099200
2.30921897	0.08728294	1.56254800
2.31421897	0.08728294	1.56254800
2.31921897	0.08728294	1.47099200
2.32421897	0.08728294	1.94097700
2.32921897	0.08728294	2.96029500
2.33421897	0.08728294	2.96029500
2.33921897	0.08728294	1.94097700
2.34421897	0.08728294	1.47099200
2.34921897	0.08728294	1.56254800
2.35421897	0.08740501	1.58696200
2.35921897	0.08786279	1.58696200
2.36421897	0.08563494	1.58696200
2.36921897	0.08099613	1.58696200
2.37421897	0.07876828	1.58696200
2.37921897	0.07922605	1.58696200
2.38421897	0.07934812	1.58696200
2.38921897	0.07934812	1.58696200
2.39421897	0.07934812	1.58696200
2.39921897	0.07934812	1.58696200
2.40421897	0.07934812	1.56254800
2.40921897	0.07934812	1.47099200
2.41421897	0.07934812	1.94097700
2.41921897	0.07934812	2.96029500
2.42421897	0.07934812	2.96029500
2.42921897	0.07934812	1.94097700
2.43421897	0.07934812	1.44657700
2.43921897	0.07934812	1.44657700
2.44421897	0.07934812	1.91656200
2.44921897	0.07934812	2.84432500
2.45421897	0.07934812	3.28989500
2.45921897	0.07934812	3.19834000
2.46421897	0.07934812	3.19834000
2.46921897	0.07934812	3.28989500
2.47421897	0.07934812	2.84432500
2.47921897	0.07934812	1.91656200
2.48421897	0.07934812	1.47099200
2.48921897	0.07934812	1.56254800
2.49421897	0.07934812	1.58696200
2.49921897	0.07934812	1.58696200
2.50421897	0.07934812	1.58696200
2.50921897	0.07934812	1.58696200
2.51421897	0.07934812	1.56254800
2.51921897	0.07934812	1.47099200
2.52421897	0.07934812	1.94097700
2.52921897	0.07934812	2.96029500
2.53421897	0.07947020	2.93588100
2.53921897	0.07992797	1.82500700
2.54421897	0.07770012	1.82500700
2.54921897	0.07306131	2.93588100
2.55421897	0.07083346	2.93588100
2.55921897	0.07129124	1.82500700
2.56421897	0.07141331	1.80059200
2.56921897	0.07141331	2.81991000
2.57421897	0.07141331	3.28989500
2.57921897	0.07141331	3.19834000
2.58421897	0.07141331	3.17392500
2.58921897	0.07141331	3.17392500
2.59421896	0.07141331	3.17392500
2.59921896	0.07141331	3.17392500
2.60421896	0.07141331	3.17392500
2.60921896	0.07141331	3.17392500
2.61421896	0.07141331	3.19834000
2.61921896	0.07141331	3.28989500
2.62421896	0.07141331	2.84432500
2.62921896	0.07141331	1.91656200
2.63421896	0.07141331	1.44657700
2.63921896	0.07141331	1.44657700
2.64421896	0.07141331	1.94097700
2.64921896	0.07141331	2.96029500
2.65421896	0.07141331	2.93588100
2.65921896	0.07141331	1.82500700
2.66421896	0.07141331	1.80059200
2.66921896	0.07141331	2.81991000
2.67421896	0.07141331	3.28989500
2.67921896	0.07141331	3.19834000
2.68421896	0.07141331	3.17392500
2.68921896	0.07141331	3.17392500
2.69421896	0.07141331	3.14951000
2.69921896	0.07141331	3.05795500
2.70421896	0.07141331	3.52794000
2.70921896	0.07141331	4.54725700
2.71421896	0.07141331	4.52284300
2.71921896	0.07141331	3.41196900
2.72421896	0.07141331	3.38755500
2.72921896	0.07141331	4.40687300
2.73421896	0.07141331	4.90127200
2.73921896	0.07141331	4.90127200
2.74421896	0.07153539	4.40687300
2.74921896	0.07199316	3.38755500
2.75421896	0.06964324	3.41196900
2.75921896	0.06454664	4.52284300
2.76421896	0.06466872	4.54725700
2.76921896	0.07022309	3.52794000
2.77421896	0.07034516	3.03354000
2.77921896	0.06524857	3.03354000
2.78421896	0.06289865	3.52794000
2.78921896	0.06335643	4.54725700
2.79421896	0.06347850	4.54725700
2.79921896	0.06347850	3.52794000
2.80421896	0.06347850	3.05795500
2.80921896	0.06347850	3.14951000
2.81421896	0.06347850	3.17392500
2.81921896	0.06347850	3.17392500
2.82421896	0.06347850	3.17392500
2.82921896	0.06347850	3.17392500
2.83421896	0.06347850	3.14951000
2.83921896	0.06347850	3.05795500
2.84421896	0.06347850	3.50352500
2.84921896	0.06347850	4.43128700
2.85421896	0.06347850	4.90127200
2.85921896	0.06347850	4.90127200
2.86421896	0.06347850	4.43128700
2.86921896	0.06347850	3.50352500
2.87421896	0.06347850	3.03354000
2.87921896	0.06347850	3.03354000
2.88421896	0.06347850	3.55235400
2.88921896	0.06347850	4.66322800
2.89421896	0.06347850	4.21765800
2.89921896	0.06347850	2.27057700
2.90421896	0.06347850	1.35502200
2.90921896	0.06347850	1.53813300
2.91421896	0.06347850	1.56254800
2.91921896	0.06347850	1.47099200
2.92421896	0.06347850	1.94097700
2.92921896	0.06347850	2.96029500
2.93421896	0.06347850	2.93588100
2.93921896	0.06347850	1.82500700
2.94421896	0.06347850	1.82500700
2.94921896	0.06347850	2.93588100
2.95421896	0.06347850	2.93588100
2.95921896	0.06347850	1.82500700
2.96421896	0.06347850	1.77617700
2.96921896	0.06347850	2.70394000
2.97421896	0.06360057	3.57676900
2.97921896	0.06405835	4.21765800
2.98421896	0.06183050	5.49333200
2.98921896	0.05719168	7.06198300
2.99421896	0.05496383	8.73439700
2.99921896	0.05542161	10.02838000
3.00421896	0.05554369	12.47597000
3.00921896	0.05554369	15.24705000
3.01421896	0.05554369	20.35585000
3.01921896	0.05554369	26.55721000
3.02421896	0.05554369	33.71075000
3.02921896	0.05554369	39.89990000
3.03421896	0.05554369	50.07477000
3.03921896	0.05554369	61.63518000
3.04421896	0.05554369	74.94125000
3.04921896	0.05554369	86.95944000
3.05421896	0.05554369	100.10070000
3.05921896	0.05554369	111.00800000
3.06421896	0.05554369	124.17370000
3.06921896	0.05554369	136.28340000
3.07421896	0.05554369	149.09510000
3.07921896	0.05554369	159.53860000
3.08421896	0.05554369	170.15900000
3.08921896	0.05554369	178.29520000
3.09421896	0.05554369	186.39480000
3.09921896	0.05554369	192.49860000
3.10421896	0.05554369	197.16180000
3.10921896	0.05554369	Infinity
3.11421896	0.05554369	Infinity
3.11921896	0.05554369	Infinity
3.12421896	0.05554369	Infinity
3.12921896	0.05554369	Infinity
3.13421896	0.05554369	Infinity
3.13921896	0.05554369	Infinity
3.14421896	0.05554369	Infinity
3.14921896	0.05554369	Infinity
3.15421896	0.05554369	Infinity
3.15921896	0.05554369	Infinity
3.16421896	0.05554369	196.73450000
3.16921896	0.05554369	192.56570000
3.17421896	0.05554369	188.70810000
3.17921896	0.05554369	186.02860000
3.18421896	0.05554369	181.79260000
3.18921896	0.05554369	177.07450000
3.19421896	0.05554369	172.43570000
3.19921896	0.05554369	169.10920000
3.20421896	0.05554369	163.54870000
3.20921896	0.05554369	157.07880000
3.21421896	0.05566576	151.51830000
3.21921896	0.05612354	148.19790000
3.22421896	0.05377361	143.58350000
3.22921896	0.04867702	138.95080000
3.23421896	0.04867702	134.28750000
3.23921896	0.05377361	130.77790000
3.24421896	0.05612354	126.09640000
3.24921896	0.05566576	121.37820000
3.25421896	0.05554369	117.14220000
3.25921896	0.05554369	114.45660000
3.26421896	0.05566576	110.66620000
3.26921896	0.05612354	106.78430000
3.27421896	0.05389569	102.92060000
3.27921896	0.04925688	99.96643000
3.28421896	0.04702902	97.04276000
3.28921896	0.04748680	95.01633000
3.29421896	0.04760887	92.04993000
3.29921896	0.04760887	88.90042000
3.30421896	0.04760887	85.90960000
3.30921896	0.04760887	83.78551000
3.31421896	0.04748680	81.26469000
3.31921896	0.04702902	79.04294000
3.32421896	0.04937895	76.47939000
3.32921896	0.05447554	74.16608000
3.33421896	0.05447554	72.04810000
3.33921896	0.04937895	70.66255000
3.34421896	0.04702902	68.99014000
3.34921896	0.04748680	67.51305000
3.35421896	0.04760887	65.79180000
3.35921896	0.04760887	64.22315000
3.36421896	0.04760887	62.97189000
3.36921896	0.04760887	62.42256000
3.37421896	0.04760887	61.17130000
3.37921896	0.04760887	59.60265000
3.38421896	0.04760887	57.85699000
3.38921896	0.04760887	56.28223000
3.39421896	0.04760887	55.00656000
3.39921896	0.04760887	54.36567000
3.40421896	0.04760887	53.55998000
3.40921896	0.04760887	52.91909000
3.41421896	0.04760887	51.60070000
3.41921896	0.04760887	49.83673000
3.42421896	0.04760887	49.01273000
3.42921896	0.04760887	49.39116000
3.43421896	0.04760887	48.56715000
3.43921896	0.04760887	46.80318000
3.44421896	0.04760887	45.48479000
3.44921896	0.04760887	44.84390000
3.45421896	0.04760887	44.01990000
3.45921896	0.04760887	43.27525000
3.46421896	0.04760887	42.40852000
3.46921896	0.04760887	41.57231000
3.47421896	0.04760887	41.17557000
3.47921896	0.04760887	41.35868000
3.48421896	0.04760887	40.96194000
3.48921896	0.04760887	40.12574000
3.49421896	0.04760887	39.25901000
3.49921896	0.04760887	38.51436000
3.50421896	0.04760887	37.64763000
3.50921896	0.04760887	36.81142000
3.51421896	0.04760887	36.41468000
3.51921896	0.04760887	36.59780000
3.52421896	0.04760887	36.20105000
3.52921896	0.04760887	35.36485000
3.53421896	0.04760887	34.47371000
3.53921896	0.04760887	33.63750000
3.54421896	0.04760887	33.24076000
3.54921896	0.04760887	33.42387000
3.55421896	0.04760887	33.00272000
3.55921896	0.04760887	32.07495000
3.56421896	0.04760887	31.62938000
3.56921896	0.04760887	31.72094000
3.57421896	0.04773095	31.74535000
3.57921896	0.04818873	31.74535000
3.58421896	0.04583880	31.76977000
3.58921896	0.04074221	31.86132000
3.59421896	0.04086429	31.41575000
3.59921896	0.04641865	30.48799000
3.60421896	0.04654073	30.04242000
3.60921896	0.04144414	30.13398000
3.61421896	0.03909421	30.18280000
3.61921896	0.03955199	30.27436000
3.62421896	0.03967406	29.82879000
3.62921896	0.03967406	28.90103000
3.63421896	0.03967406	28.45546000
3.63921896	0.03967406	28.54701000
3.64421896	0.03967406	28.57143000
3.64921896	0.03967406	28.57143000
3.65421896	0.03967406	28.59584000
3.65921896	0.03967406	28.68740000
3.66421896	0.03967406	28.24183000
3.66921896	0.03967406	27.30796000
3.67421896	0.03967406	26.88681000
3.67921896	0.03967406	27.06992000
3.68421896	0.03967406	26.67318000
3.68921896	0.03967406	25.83697000
3.69421896	0.03967406	24.94583000
3.69921896	0.03967406	24.10962000
3.70421896	0.03967406	23.68847000
3.70921896	0.03967406	23.78002000
3.71421896	0.03967406	23.80444000
3.71921896	0.03967406	23.80444000
3.72421896	0.03967406	23.85327000
3.72921896	0.03967406	24.03638000
3.73421896	0.03967406	23.14524000
3.73921896	0.03967406	21.28971000
3.74421896	0.03967406	20.39857000
3.74921896	0.03967406	20.58168000
3.75421896	0.03967406	20.63051000
3.75921896	0.03967406	20.63051000
3.76421896	0.03967406	20.63051000
3.76921896	0.03967406	20.63051000
3.77421896	0.03967406	20.63051000
3.77921896	0.03967406	20.63051000
3.78421896	0.03967406	20.65493000
3.78921896	0.03967406	20.74648000
3.79421896	0.03967406	20.27650000
3.79921896	0.03967406	19.25718000
3.80421896	0.03967406	19.28160000
3.80921896	0.03967406	20.39247000
3.81421896	0.03967406	20.39247000
3.81921896	0.03967406	19.28160000
3.82421896	0.03967406	19.25718000
3.82921896	0.03967406	20.27650000
3.83421896	0.03967406	20.77090000
3.83921896	0.03967406	20.77090000
3.84421896	0.03967406	20.30091000
3.84921896	0.03967406	19.37315000
3.85421896	0.03967406	18.92758000
3.85921896	0.03967406	19.01913000
3.86421896	0.03967406	19.04355000
3.86921896	0.03967406	19.04355000
3.87421896	0.03967406	19.04355000
3.87921896	0.03967406	19.04355000
3.88421896	0.03967406	19.04355000
3.88921896	0.03967406	19.04355000
3.89421896	0.03967406	19.04355000
3.89921896	0.03967406	19.04355000
3.90421896	0.03967406	19.06796000
3.90921896	0.03967406	19.15952000
3.91421896	0.03967406	18.68954000
3.91921896	0.03967406	17.67022000
3.92421896	0.03967406	17.67022000
3.92921896	0.03967406	18.68954000
3.93421896	0.03967406	19.18394000
3.93921896	0.03967406	19.18394000
3.94421896	0.03967406	18.68954000
3.94921896	0.03967406	17.67022000
3.95421896	0.03967406	17.69463000
3.95921896	0.03967406	18.80550000
3.96421896	0.03979614	18.82992000
3.96921896	0.04025391	17.81060000
3.97421896	0.03790399	17.36503000
3.97921896	0.03280740	17.54814000
3.98421896	0.03280740	17.10257000
3.98921896	0.03790399	16.08325000
3.99421896	0.04037599	16.08325000
3.99921896	0.04037599	17.10257000
4.00421896	0.03802606	17.57256000
4.00921896	0.03338725	17.48100000
4.01421896	0.03115940	17.45659000
4.01921896	0.03161718	17.45659000
4.02421896	0.03161718	17.45659000
4.02921896	0.03115940	17.45659000
4.03421896	0.03350932	17.48100000
4.03921896	0.03860591	17.57256000
4.04421896	0.03848384	17.10257000
4.04921896	0.03292947	16.08325000
4.05421896	0.03292947	16.10767000
4.05921896	0.03848384	17.21854000
4.06421896	0.03860591	17.24296000
4.06921896	0.03350932	16.22364000
4.07421896	0.03115940	15.75365000
4.07921896	0.03161718	15.84521000
4.08421896	0.03173925	15.89404000
4.08921896	0.03173925	15.98559000
4.09421896	0.03173925	15.54002000
4.09921896	0.03173925	14.61226000
4.10421896	0.03173925	14.16669000
4.10921896	0.03173925	14.25825000
4.11421896	0.03173925	14.28266000
4.11921896	0.03173925	14.28266000
4.12421896	0.03173925	14.28266000
4.12921896	0.03173925	14.28266000
4.13421896	0.03173925	14.28266000
4.13921896	0.03173925	14.28266000
4.14421896	0.03173925	14.28266000
4.14921896	0.03173925	14.28266000
4.15421896	0.03173925	14.30708000
4.15921896	0.03173925	14.39863000
4.16421896	0.03173925	13.92865000
4.16921896	0.03173925	12.90933000
4.17421896	0.03173925	12.90933000
4.17921896	0.03173925	13.92865000
4.18421896	0.03173925	14.42305000
4.18921896	0.03173925	14.42305000
4.19421896	0.03173925	13.95306000
4.19921896	0.03173925	13.02530000
4.20421896	0.03173925	12.55531000
4.20921896	0.03173925	12.55531000
4.21421896	0.03173925	13.04971000
4.21921896	0.03173925	14.06903000
4.22421896	0.03173925	14.06903000
4.22921896	0.03173925	13.04971000
4.23421896	0.03173925	12.57973000
4.23921895	0.03173925	12.67128000
4.24421895	0.03173925	12.69570000
4.24921895	0.03173925	12.69570000
4.25421895	0.03173925	12.69570000
4.25921895	0.03173925	12.69570000
4.26421895	0.03173925	12.69570000
4.26921895	0.03173925	12.69570000
4.27421895	0.03173925	12.69570000
4.27921895	0.03173925	12.69570000
4.28421895	0.03173925	12.67128000
4.28921895	0.03173925	12.57973000
4.29421895	0.03173925	13.04971000
4.29921895	0.03173925	14.06903000
4.30421895	0.03173925	14.06903000
4.30921895	0.03173925	13.04971000
4.31421895	0.03173925	12.57973000
4.31921895	0.03173925	12.67128000
4.32421895	0.03173925	12.67128000
4.32921895	0.03173925	12.57973000
4.33421895	0.03173925	13.04971000
4.33921895	0.03173925	14.06903000
4.34421895	0.03173925	14.06903000
4.34921895	0.03173925	13.04971000
4.35421895	0.03173925	12.57973000
4.35921895	0.03173925	12.67128000
4.36421895	0.03173925	12.67128000
4.36921895	0.03173925	12.57973000
4.37421895	0.03173925	13.07413000
4.37921895	0.03173925	14.18500000
4.38421895	0.03173925	13.71502000
4.38921895	0.03173925	11.67638000
4.39421895	0.03173925	11.20640000
4.39921895	0.03173925	12.31727000
4.40421895	0.03173925	12.81167000
4.40921895	0.03173925	12.72011000
4.41421895	0.03173925	12.67128000
4.41921895	0.03173925	12.57973000
4.42421895	0.03173925	13.04971000
4.42921895	0.03173925	14.06903000
4.43421895	0.03173925	14.06903000
4.43921895	0.03173925	13.04971000
4.44421895	0.03173925	12.57973000
4.44921895	0.03173925	12.67128000
4.45421895	0.03173925	12.67128000
4.45921895	0.03173925	12.57973000
4.46421895	0.03173925	13.04971000
4.46921895	0.03173925	14.06903000
4.47421895	0.03173925	14.06903000
4.47921895	0.03173925	13.04971000
4.48421895	0.03173925	12.57973000
4.48921895	0.03173925	12.67128000
4.49421895	0.03173925	12.69570000
4.49921895	0.03173925	12.69570000
4.50421895	0.03173925	12.69570000
4.50921895	0.03173925	12.69570000
4.51421895	0.03173925	12.69570000
4.51921895	0.03173925	12.69570000
4.52421895	0.03186132	12.69570000
4.52921895	0.03231910	12.69570000
4.53421895	0.02996918	12.69570000
4.53921895	0.02487259	12.69570000
4.54421895	0.02499466	12.69570000
4.54921895	0.03054903	12.69570000
4.55421895	0.03067110	12.69570000
4.55921895	0.02557451	12.69570000
4.56421895	0.02310251	12.72011000
4.56921895	0.02310251	12.81167000
4.57421895	0.02557451	12.36610000
4.57921895	0.03067110	11.43834000
4.58421895	0.03067110	10.99277000
4.58921895	0.02557451	11.08432000
4.59421895	0.02322458	11.10874000
4.59921895	0.02368236	11.10874000
4.60421895	0.02380444	11.10874000
4.60921895	0.02380444	11.10874000
4.61421895	0.02380444	11.10874000
4.61921895	0.02380444	11.10874000
4.62421895	0.02380444	11.08432000
4.62921895	0.02380444	10.99277000
4.63421895	0.02380444	11.46275000
4.63921895	0.02380444	12.48207000
4.64421895	0.02380444	12.48207000
4.64921895	0.02380444	11.46275000
4.65421895	0.02380444	10.99277000
4.65921895	0.02380444	11.08432000
4.66421895	0.02380444	11.08432000
4.66921895	0.02380444	10.99277000
4.67421895	0.02380444	11.46275000
4.67921895	0.02380444	12.48207000
4.68421895	0.02380444	12.48207000
4.68921895	0.02380444	11.46275000
4.69421895	0.02380444	10.99277000
4.69921895	0.02380444	11.08432000
4.70421895	0.02380444	11.10874000
4.70921895	0.02380444	11.10874000
4.71421895	0.02380444	11.10874000
4.71921895	0.02380444	11.10874000
4.72421895	0.02380444	11.10874000
4.72921895	0.02380444	11.10874000
4.73421895	0.02380444	11.10874000
4.73921895	0.02380444	11.10874000
4.74421895	0.02380444	11.10874000
4.74921895	0.02380444	11.10874000
4.75421895	0.02380444	11.08432000
4.75921895	0.02380444	10.99277000
4.76421895	0.02380444	11.43834000
4.76921895	0.02380444	12.36610000
4.77421895	0.02380444	12.83609000
4.77921895	0.02380444	12.83609000
4.78421895	0.02380444	12.34169000
4.78921895	0.02380444	11.32237000
4.79421895	0.02380444	11.34678000
4.79921895	0.02380444	12.45765000
4.80421895	0.02380444	12.45765000
4.80921895	0.02380444	11.34678000
4.81421895	0.02380444	11.34678000
4.81921895	0.02380444	12.45765000
4.82421895	0.02380444	12.48207000
4.82921895	0.02380444	11.46275000
4.83421895	0.02380444	10.99277000
4.83921895	0.02380444	11.08432000
4.84421895	0.02380444	11.08432000
4.84921895	0.02380444	10.99277000
4.85421895	0.02380444	11.43834000
4.85921895	0.02380444	12.36610000
4.86421895	0.02380444	12.83609000
4.86921895	0.02380444	12.83609000
4.87421895	0.02380444	12.36610000
4.87921895	0.02380444	11.43834000
4.88421895	0.02380444	10.99277000
4.88921895	0.02380444	11.08432000
4.89421895	0.02380444	11.10874000
4.89921895	0.02380444	11.10874000
4.90421895	0.02380444	11.10874000
4.90921895	0.02380444	11.10874000
4.91421895	0.02380444	11.13315000
4.91921895	0.02380444	11.22471000
4.92421895	0.02380444	10.75472000
4.92921895	0.02380444	9.73540400
4.93421895	0.02380444	9.73540400
4.93921895	0.02380444	10.75472000
4.94421895	0.02380444	11.22471000
4.94921895	0.02380444	11.13315000
4.95421895	0.02380444	11.13315000
4.95921895	0.02380444	11.22471000
4.96421895	0.02380444	10.77914000
4.96921895	0.02380444	9.85137500
4.97421895	0.02380444	9.40580500
4.97921895	0.02380444	9.49735900
4.98421895	0.02380444	9.49735900
4.98921895	0.02380444	9.40580500
4.99421895	0.02380444	9.87579000
4.99921895	0.02380444	10.89511000
5.00421895	0.02380444	10.87069000
5.00921895	0.02380444	9.75981900
5.01421895	0.02380444	9.73540400
5.01921895	0.02380444	10.75472000
5.02421895	0.02380444	11.22471000
5.02921895	0.02380444	11.13315000
5.03421895	0.02380444	11.13315000
5.03921895	0.02380444	11.22471000
5.04421895	0.02380444	10.75472000
5.04921895	0.02380444	9.73540400
5.05421895	0.02380444	9.73540400
5.05921895	0.02380444	10.75472000
5.06421895	0.02380444	11.22471000
5.06921895	0.02380444	11.13315000
5.07421895	0.02380444	11.10874000
5.07921895	0.02380444	11.10874000
5.08421895	0.02380444	11.13315000
5.08921895	0.02380444	11.22471000
5.09421895	0.02380444	10.77914000
5.09921895	0.02380444	9.85137500
5.10421895	0.02380444	9.43021900
5.10921895	0.02380444	9.61333000
5.11421895	0.02380444	9.16776000
5.11921895	0.02380444	8.14844100
5.12421895	0.02380444	8.14844100
5.12921895	0.02380444	9.16776000
5.13421895	0.02380444	9.66216000
5.13921895	0.02380444	9.66216000
5.14421895	0.02380444	9.19217500
5.14921895	0.02380444	8.26441300
5.15421895	0.02380444	7.81884200
5.15921895	0.02380444	7.91039800
5.16421895	0.02392651	7.93481200
5.16921895	0.02438429	7.93481200
5.17421895	0.02203436	7.93481200
5.17921895	0.01693777	7.93481200
5.18421895	0.01693777	7.93481200
5.18921895	0.02203436	7.93481200
5.19421895	0.02450636	7.93481200
5.19921895	0.02450636	7.93481200
5.20421895	0.02203436	7.93481200
5.20921895	0.01693777	7.93481200
5.21421895	0.01693777	7.91039800
5.21921895	0.02203436	7.81884200
5.22421895	0.02438429	8.26441300
5.22921895	0.02392651	9.19217500
5.23421895	0.02380444	9.63774600
5.23921895	0.02380444	9.54619000
5.24421895	0.02392651	9.52177400
5.24921895	0.02438429	9.52177400
5.25421895	0.02215644	9.52177400
5.25921895	0.01751762	9.52177400
5.26421895	0.01528977	9.52177400
5.26921895	0.01574755	9.52177400
5.27421895	0.01586962	9.52177400
5.27921895	0.01586962	9.52177400
5.28421895	0.01586962	9.52177400
5.28921895	0.01586962	9.52177400
5.29421895	0.01586962	9.52177400
5.29921895	0.01586962	9.52177400
5.30421895	0.01586962	9.52177400
5.30921895	0.01586962	9.52177400
5.31421895	0.01586962	9.52177400
5.31921895	0.01586962	9.52177400
5.32421895	0.01586962	9.52177400
5.32921895	0.01586962	9.52177400
5.33421895	0.01586962	9.52177400
5.33921895	0.01586962	9.52177400
5.34421895	0.01586962	9.52177400
5.34921895	0.01586962	9.52177400
5.35421895	0.01586962	9.52177400
5.35921895	0.01586962	9.52177400
5.36421895	0.01586962	9.52177400
5.36921895	0.01586962	9.52177400
5.37421895	0.01586962	9.52177400
5.37921895	0.01586962	9.52177400
5.38421895	0.01586962	9.52177400
5.38921895	0.01586962	9.52177400
5.39421895	0.01586962	9.54619000
5.39921895	0.01586962	9.63774600
5.40421895	0.01586962	9.19217500
5.40921895	0.01586962	8.26441300
5.41421895	0.01586962	7.79442700
5.41921895	0.01586962	7.79442700
5.42421895	0.01586962	8.28882700
5.42921895	0.01586962	9.30814500
5.43421895	0.01586962	9.30814500
5.43921895	0.01586962	8.28882700
5.44421895	0.01586962	7.81884200
5.44921895	0.01586962	7.91039800
5.45421895	0.01586962	7.93481200
5.45921895	0.01586962	7.93481200
5.46421895	0.01586962	7.93481200
5.46921895	0.01586962	7.93481200
5.47421895	0.01586962	7.93481200
5.47921895	0.01586962	7.93481200
5.48421895	0.01586962	7.93481200
5.48921895	0.01586962	7.93481200
5.49421895	0.01586962	7.93481200
5.49921895	0.01586962	7.93481200
5.50421895	0.01586962	7.91039800
5.50921895	0.01586962	7.81884200
5.51421895	0.01586962	8.28882700
5.51921895	0.01586962	9.30814500
5.52421895	0.01586962	9.30814500
5.52921895	0.01586962	8.28882700
5.53421895	0.01586962	7.81884200
5.53921895	0.01586962	7.91039800
5.54421895	0.01586962	7.93481200
5.54921895	0.01586962	7.93481200
5.55421895	0.01586962	7.93481200
5.55921895	0.01586962	7.93481200
5.56421895	0.01586962	7.93481200
5.56921895	0.01586962	7.93481200
5.57421895	0.01586962	7.93481200
5.57921895	0.01586962	7.93481200
5.58421895	0.01586962	7.93481200
5.58921895	0.01586962	7.93481200
5.59421895	0.01586962	7.93481200
5.59921895	0.01586962	7.93481200
5.60421895	0.01586962	7.93481200
5.60921895	0.01586962	7.93481200
5.61421895	0.01586962	7.91039800
5.61921895	0.01586962	7.81884200
5.62421895	0.01586962	8.26441300
5.62921895	0.01586962	9.19217500
5.63421895	0.01586962	9.63774600
5.63921895	0.01586962	9.54619000
5.64421895	0.01586962	9.52177400
5.64921895	0.01586962	9.52177400
5.65421895	0.01586962	9.52177400
5.65921895	0.01586962	9.52177400
5.66421895	0.01586962	9.52177400
5.66921895	0.01586962	9.52177400
5.67421895	0.01586962	9.52177400
5.67921895	0.01586962	9.52177400
5.68421895	0.01586962	9.54619000
5.68921895	0.01586962	9.63774600
5.69421895	0.01586962	9.19217500
5.69921895	0.01586962	8.26441300
5.70421895	0.01586962	7.84325600
5.70921895	0.01586962	8.02636700
5.71421895	0.01586962	7.60521200
5.71921895	0.01586962	6.67745000
5.72421895	0.01586962	6.23187900
5.72921895	0.01586962	6.32343500
5.73421895	0.01586962	6.32343500
5.73921895	0.01586962	6.23187900
5.74421895	0.01586962	6.70186400
5.74921895	0.01586962	7.72118300
5.75421895	0.01586962	7.69676800
5.75921895	0.01586962	6.58589400
5.76421895	0.01586962	6.56148000
5.76921895	0.01586962	7.58079800
5.77421895	0.01586962	8.05078300
5.77921895	0.01586962	7.95922800
5.78421895	0.01586962	7.93481200
5.78921895	0.01586962	7.93481200
5.79421895	0.01586962	7.91039800
5.79921895	0.01586962	7.81884200
5.80421895	0.01586962	8.28882700
5.80921895	0.01586962	9.30814500
5.81421895	0.01586962	9.28373100
5.81921895	0.01586962	8.17285700
5.82421895	0.01586962	8.17285700
5.82921895	0.01586962	9.28373100
5.83421895	0.01586962	9.30814500
5.83921895	0.01586962	8.28882700
5.84421895	0.01586962	7.81884200
5.84921895	0.01586962	7.91039800
5.85421895	0.01586962	7.93481200
5.85921895	0.01586962	7.93481200
5.86421895	0.01586962	7.93481200
5.86921895	0.01586962	7.93481200
5.87421895	0.01586962	7.91039800
5.87921895	0.01586962	7.81884200
5.88421894	0.01586962	8.28882700
5.88921894	0.01586962	9.30814500
5.89421894	0.01586962	9.30814500
5.89921894	0.01586962	8.28882700
5.90421894	0.01586962	7.79442700
5.90921894	0.01586962	7.79442700
5.91421894	0.01586962	8.28882700
5.91921894	0.01586962	9.30814500
5.92421894	0.01586962	9.28373100
5.92921894	0.01586962	8.17285700
5.93421894	0.01586962	8.14844100
5.93921894	0.01586962	9.16776000
5.94421894	0.01586962	9.66216000
5.94921894	0.01586962	9.66216000
5.95421894	0.01586962	9.19217500
5.95921894	0.01586962	8.26441300
5.96421894	0.01586962	7.81884200
5.96921894	0.01586962	7.91039800
5.97421894	0.01586962	7.93481200
5.97921894	0.01586962	7.93481200
5.98421894	0.01586962	7.95922800
5.98921894	0.01586962	8.05078300
5.99421894	0.01586962	7.58079800
5.99921894	0.01586962	6.56148000
6.00421894	0.01586962	6.56148000
6.00921894	0.01586962	7.58079800
6.01421894	0.01586962	8.05078300
6.01921894	0.01586962	7.95922800
6.02421894	0.01586962	7.93481200
6.02921894	0.01586962	7.93481200
6.03421894	0.01586962	7.93481200
6.03921894	0.01586962	7.93481200
6.04421894	0.01586962	7.93481200
6.04921894	0.01586962	7.93481200
6.05421894	0.01586962	7.93481200
6.05921894	0.01586962	7.93481200
6.06421894	0.01586962	7.93481200
6.06921894	0.01586962	7.93481200
6.07421894	0.01586962	7.91039800
6.07921894	0.01586962	7.81884200
6.08421894	0.01586962	8.26441300
6.08921894	0.01586962	9.19217500
6.09421894	0.01586962	9.63774600
6.09921894	0.01586962	9.54619000
6.10421894	0.01586962	9.54619000
6.10921894	0.01586962	9.63774600
6.11421894	0.01586962	9.19217500
6.11921894	0.01586962	8.26441300
6.12421894	0.01586962	7.84325600
6.12921894	0.01586962	8.02636700
6.13421894	0.01586962	7.58079800
6.13921894	0.01586962	6.56148000
6.14421894	0.01586962	6.56148000
6.14921894	0.01586962	7.58079800
6.15421894	0.01586962	8.05078300
6.15921894	0.01586962	7.95922800
6.16421894	0.01586962	7.93481200
6.16921894	0.01586962	7.93481200
6.17421894	0.01586962	7.93481200
6.17921894	0.01586962	7.93481200
6.18421894	0.01586962	7.95922800
6.18921894	0.01586962	8.05078300
6.19421894	0.01586962	7.58079800
6.19921894	0.01586962	6.56148000
6.20421894	0.01586962	6.56148000
6.20921894	0.01586962	7.58079800
6.21421894	0.01586962	8.05078300
6.21921894	0.01586962	7.95922800
6.22421894	0.01586962	7.93481200
6.22921894	0.01586962	7.93481200
6.23421894	0.01586962	7.93481200
6.23921894	0.01586962	7.93481200
6.24421894	0.01586962	7.93481200
6.24921894	0.01586962	7.93481200
6.25421894	0.01586962	7.95922800
6.25921894	0.01586962	8.05078300
6.26421894	0.01586962	7.58079800
6.26921894	0.01586962	6.56148000
6.27421894	0.01586962	6.56148000
6.27921894	0.01586962	7.58079800
6.28421894	0.01586962	8.05078300
6.28921894	0.01586962	7.95922800
6.29421894	0.01586962	7.93481200
6.29921894	0.01586962	7.93481200
6.30421894	0.01586962	7.93481200
6.30921894	0.01586962	7.93481200
6.31421894	0.01586962	7.93481200
6.31921894	0.01586962	7.93481200
6.32421894	0.01586962	7.91039800
6.32921894	0.01586962	7.81884200
6.33421894	0.01586962	8.28882700
6.33921894	0.01586962	9.30814500
6.34421894	0.01586962	9.30814500
6.34921894	0.01586962	8.28882700
6.35421894	0.01586962	7.84325600
6.35921894	0.01586962	8.02636700
6.36421894	0.01586962	7.60521200
6.36921894	0.01586962	6.67745000
6.37421894	0.01586962	6.20746500
6.37921894	0.01586962	6.20746500
6.38421894	0.01586962	6.67745000
6.38921894	0.01586962	7.60521200
6.39421894	0.01586962	8.05078300
6.39921894	0.01586962	7.95922800
6.40421894	0.01586962	7.91039800
6.40921894	0.01586962	7.81884200
6.41421894	0.01599170	8.26441300
6.41921894	0.01644948	9.19217500
6.42421894	0.01409955	9.66216000
6.42921894	0.00900296	9.66216000
6.43421894	0.00900296	9.16776000
6.43921894	0.01409955	8.14844100
6.44421894	0.01644948	8.14844100
6.44921894	0.01599170	9.16776000
6.45421894	0.01586962	9.63774600
6.45921894	0.01586962	9.54619000
6.46421894	0.01599170	9.52177400
6.46921894	0.01644948	9.52177400
6.47421894	0.01422163	9.52177400
6.47921894	0.00958281	9.52177400
6.48421894	0.00735496	9.52177400
6.48921894	0.00781274	9.52177400
6.49421894	0.00781274	9.54619000
6.49921894	0.00735496	9.63774600
6.50421894	0.00970489	9.16776000
6.50921894	0.01480148	8.14844100
6.51421894	0.01480148	8.14844100
6.51921894	0.00970489	9.16776000
6.52421894	0.00735496	9.63774600
6.52921894	0.00781274	9.54619000
6.53421894	0.00793481	9.52177400
6.53921894	0.00793481	9.52177400
6.54421894	0.00793481	9.54619000
6.54921894	0.00793481	9.63774600
6.55421894	0.00793481	9.19217500
6.55921894	0.00793481	8.26441300
6.56421894	0.00793481	7.81884200
6.56921894	0.00793481	7.91039800
6.57421894	0.00793481	7.93481200
6.57921894	0.00793481	7.93481200
6.58421894	0.00793481	7.93481200
6.58921894	0.00793481	7.93481200
6.59421894	0.00793481	7.95922800
6.59921894	0.00793481	8.05078300
6.60421894	0.00793481	7.58079800
6.60921894	0.00793481	6.56148000
6.61421894	0.00793481	6.58589400
6.61921894	0.00793481	7.69676800
6.62421894	0.00793481	7.72118300
6.62921894	0.00793481	6.70186400
6.63421894	0.00793481	6.23187900
6.63921894	0.00793481	6.32343500
6.64421894	0.00793481	6.34785000
6.64921894	0.00793481	6.34785000
6.65421894	0.00793481	6.32343500
6.65921894	0.00793481	6.23187900
6.66421894	0.00793481	6.67745000
6.66921894	0.00793481	7.60521200
6.67421894	0.00793481	8.07519700
6.67921894	0.00793481	8.07519700
6.68421894	0.00793481	7.62962700
6.68921894	0.00793481	6.79342000
6.69421894	0.00793481	5.87786500
6.69921894	0.00793481	4.95010200
6.70421894	0.00793481	4.95010200
6.70921894	0.00793481	5.87786500
6.71421894	0.00793481	6.76900500
6.71921894	0.00793481	7.51365700
6.72421894	0.00793481	8.40479800
6.72921894	0.00793481	9.33256100
6.73421894	0.00793481	9.30814500
6.73921894	0.00793481	8.28882700
6.74421894	0.00793481	7.79442700
6.74921894	0.00793481	7.79442700
6.75421894	0.00793481	8.28882700
6.75921894	0.00793481	9.30814500
6.76421894	0.00793481	9.30814500
6.76921894	0.00793481	8.28882700
6.77421894	0.00793481	7.84325600
6.77921894	0.00793481	8.02636700
6.78421894	0.00793481	7.60521200
6.78921894	0.00793481	6.67745000
6.79421894	0.00793481	6.23187900
6.79921894	0.00793481	6.32343500
6.80421894	0.00793481	6.34785000
6.80921894	0.00793481	6.34785000
6.81421894	0.00793481	6.34785000
6.81921894	0.00793481	6.34785000
6.82421894	0.00793481	6.32343500
6.82921894	0.00793481	6.23187900
6.83421894	0.00793481	6.65303500
6.83921894	0.00793481	7.48924200
6.84421894	0.00793481	8.40479800
6.84921894	0.00793481	9.33256100
6.85421894	0.00793481	9.30814500
6.85921894	0.00793481	8.28882700
6.86421894	0.00793481	7.81884200
6.86921894	0.00793481	7.91039800
6.87421894	0.00793481	7.93481200
6.87921894	0.00793481	7.93481200
6.88421894	0.00793481	7.93481200
6.88921894	0.00793481	7.93481200
6.89421894	0.00793481	7.95922800
6.89921894	0.00793481	8.05078300
6.90421894	0.00793481	7.58079800
6.90921894	0.00793481	6.56148000
6.91421894	0.00793481	6.58589400
6.91921894	0.00793481	7.69676800
6.92421894	0.00793481	7.69676800
6.92921894	0.00793481	6.58589400
6.93421894	0.00793481	6.56148000
6.93921894	0.00793481	7.58079800
6.94421894	0.00793481	8.05078300
6.94921894	0.00793481	7.95922800
6.95421894	0.00793481	7.93481200
6.95921894	0.00793481	7.93481200
6.96421894	0.00793481	7.91039800
6.96921894	0.00793481	7.81884200
6.97421894	0.00793481	8.28882700
6.97921894	0.00793481	9.30814500
6.98421894	0.00793481	9.30814500
6.98921894	0.00793481	8.28882700
6.99421894	0.00793481	7.81884200
6.99921894	0.00793481	7.91039800
7.00421894	0.00793481	7.93481200
7.00921894	0.00793481	7.93481200
7.01421894	0.00793481	7.91039800
7.01921894	0.00793481	7.81884200
7.02421894	0.00793481	8.28882700
7.02921894	0.00793481	9.30814500
7.03421894	0.00793481	9.30814500
7.03921894	0.00793481	8.28882700
7.04421894	0.00793481	7.81884200
7.04921894	0.00793481	7.91039800
7.05421894	0.00793481	7.93481200
7.05921894	0.00793481	7.93481200
7.06421894	0.00793481	7.91039800
7.06921894	0.00793481	7.81884200
7.07421894	0.00793481	8.26441300
7.07921894	0.00793481	9.19217500
7.08421894	0.00793481	9.66216000
7.08921894	0.00793481	9.66216000
7.09421894	0.00793481	9.19217500
7.09921894	0.00793481	8.26441300
7.10421894	0.00793481	7.79442700
7.10921894	0.00793481	7.79442700
7.11421894	0.00793481	8.26441300
7.11921894	0.00793481	9.19217500
7.12421894	0.00793481	9.66216000
7.12921894	0.00793481	9.66216000
7.13421894	0.00793481	9.16776000
7.13921894	0.00793481	8.14844100
7.14421894	0.00793481	8.17285700
7.14921894	0.00793481	9.28373100
7.15421894	0.00793481	9.30814500
7.15921894	0.00793481	8.28882700
7.16421894	0.00793481	7.84325600
7.16921894	0.00793481	8.02636700
7.17421894	0.00793481	7.60521200
7.17921894	0.00793481	6.67745000
7.18421894	0.00793481	6.23187900
7.18921894	0.00793481	6.32343500
7.19421894	0.00793481	6.34785000
7.19921894	0.00793481	6.34785000
7.20421894	0.00793481	6.34785000
7.20921894	0.00793481	6.34785000
7.21421894	0.00793481	6.32343500
7.21921894	0.00793481	6.23187900
7.22421894	0.00793481	6.70186400
7.22921894	0.00793481	7.72118300
7.23421894	0.00793481	7.72118300
7.23921894	0.00793481	6.70186400
7.24421894	0.00793481	6.23187900
7.24921894	0.00793481	6.32343500
7.25421894	0.00793481	6.34785000
7.25921894	0.00793481	6.34785000
7.26421894	0.00793481	6.34785000
7.26921894	0.00793481	6.34785000
7.27421894	0.00793481	6.34785000
7.27921894	0.00793481	6.34785000
7.28421894	0.00793481	6.34785000
7.28921894	0.00793481	6.34785000
7.29421894	0.00793481	6.34785000
7.29921894	0.00793481	6.34785000
7.30421894	0.00793481	6.34785000
7.30921894	0.00793481	6.34785000
7.31421894	0.00793481	6.34785000
7.31921894	0.00793481	6.34785000
7.32421894	0.00793481	6.34785000
7.32921894	0.00793481	6.34785000
7.33421894	0.00793481	6.34785000
7.33921894	0.00793481	6.34785000
7.34421894	0.00793481	6.34785000
7.34921894	0.00793481	6.34785000
7.35421894	0.00793481	6.34785000
7.35921894	0.00793481	6.34785000
7.36421894	0.00793481	6.34785000
7.36921894	0.00793481	6.34785000
7.37421894	0.00793481	6.34785000
7.37921894	0.00793481	6.34785000
7.38421894	0.00793481	6.34785000
7.38921894	0.00793481	6.34785000
7.39421894	0.00793481	6.34785000
7.39921894	0.00793481	6.34785000
7.40421894	0.00793481	6.32343500
7.40921894	0.00793481	6.23187900
7.41421894	0.00793481	6.70186400
7.41921894	0.00793481	7.72118300
7.42421894	0.00793481	7.72118300
7.42921894	0.00793481	6.70186400
7.43421894	0.00793481	6.20746500
7.43921894	0.00793481	6.20746500
7.44421894	0.00793481	6.70186400
7.44921894	0.00793481	7.72118300
7.45421894	0.00793481	7.69676800
7.45921894	0.00793481	6.58589400
7.46421894	0.00793481	6.56148000
7.46921894	0.00793481	7.58079800
7.47421894	0.00793481	8.05078300
7.47921894	0.00793481	7.95922800
7.48421894	0.00793481	7.93481200
7.48921894	0.00793481	7.93481200
7.49421894	0.00793481	7.93481200
7.49921894	0.00793481	7.93481200
7.50421894	0.00793481	7.93481200
7.50921894	0.00793481	7.93481200
7.51421894	0.00793481	7.93481200
7.51921894	0.00793481	7.93481200
7.52421894	0.00793481	7.91039800
7.52921893	0.00793481	7.81884200
7.53421893	0.00793481	8.28882700
7.53921893	0.00793481	9.30814500
7.54421893	0.00793481	9.30814500
7.54921893	0.00793481	8.28882700
7.55421893	0.00793481	7.84325600
7.55921893	0.00793481	8.02636700
7.56421893	0.00793481	7.58079800
7.56921893	0.00793481	6.56148000
7.57421893	0.00793481	6.58589400
7.57921893	0.00793481	7.69676800
7.58421893	0.00793481	7.69676800
7.58921893	0.00793481	6.58589400
7.59421893	0.00793481	6.56148000
7.59921893	0.00793481	7.58079800
7.60421893	0.00793481	8.05078300
7.60921893	0.00793481	7.95922800
7.61421893	0.00793481	7.93481200
7.61921893	0.00793481	7.93481200
7.62421893	0.00793481	7.91039800
7.62921893	0.00793481	7.81884200
7.63421893	0.00793481	8.28882700
7.63921893	0.00793481	9.30814500
7.64421893	0.00793481	9.30814500
7.64921893	0.00793481	8.28882700
7.65421893	0.00793481	7.84325600
7.65921893	0.00793481	8.02636700
7.66421893	0.00793481	7.58079800
7.66921893	0.00793481	6.56148000
7.67421893	0.00793481	6.56148000
7.67921893	0.00793481	7.58079800
7.68421893	0.00793481	8.05078300
7.68921893	0.00793481	7.95922800
7.69421893	0.00793481	7.93481200
7.69921893	0.00793481	7.93481200
7.70421893	0.00793481	7.93481200
7.70921893	0.00793481	7.93481200
7.71421893	0.00793481	7.95922800
7.71921893	0.00793481	8.05078300
7.72421893	0.00793481	7.60521200
7.72921893	0.00793481	6.67745000
7.73421893	0.00793481	6.23187900
7.73921893	0.00793481	6.32343500
7.74421893	0.00793481	6.34785000
7.74921893	0.00793481	6.34785000
7.75421893	0.00793481	6.34785000
7.75921893	0.00793481	6.34785000
7.76421893	0.00793481	6.32343500
7.76921893	0.00793481	6.23187900
7.77421893	0.00793481	6.70186400
7.77921893	0.00793481	7.72118300
7.78421893	0.00793481	7.72118300
7.78921893	0.00793481	6.70186400
7.79421893	0.00793481	6.20746500
7.79921893	0.00793481	6.20746500
7.80421893	0.00793481	6.67745000
7.80921893	0.00793481	7.60521200
7.81421893	0.00793481	8.05078300
7.81921893	0.00793481	7.95922800
7.82421893	0.00793481	7.95922800
7.82921893	0.00793481	8.05078300
7.83421893	0.00793481	7.58079800
7.83921893	0.00793481	6.56148000
7.84421893	0.00793481	6.58589400
7.84921893	0.00793481	7.69676800
7.85421893	0.00793481	7.69676800
7.85921893	0.00793481	6.58589400
7.86421893	0.00793481	6.56148000
7.86921893	0.00793481	7.58079800
7.87421893	0.00793481	8.05078300
7.87921893	0.00793481	7.95922800
7.88421893	0.00793481	7.93481200
7.88921893	0.00793481	7.93481200
7.89421893	0.00793481	7.91039800
7.89921893	0.00793481	7.81884200
7.90421893	0.00793481	8.28882700
7.90921893	0.00793481	9.30814500
7.91421893	0.00793481	9.28373100
7.91921893	0.00793481	8.17285700
7.92421893	0.00793481	8.17285700
7.92921893	0.00793481	9.28373100
7.93421893	0.00793481	9.30814500
7.93921893	0.00793481	8.28882700
7.94421893	0.00793481	7.81884200
7.94921893	0.00793481	7.91039800
7.95421893	0.00793481	7.93481200
7.95921893	0.00793481	7.93481200
7.96421893	0.00793481	7.95922800
7.96921893	0.00793481	8.05078300
7.97421893	0.00793481	7.62962700
7.97921893	0.00793481	6.79342000
7.98421893	0.00793481	5.87786500
7.98921893	0.00793481	4.95010200
7.99421893	0.00793481	4.97451700
7.99921893	0.00793481	5.99383500
8.00421893	0.00793481	6.43940500
8.00921893	0.00793481	6.25629500
8.01421893	0.00793481	6.67745000
8.01921893	0.00793481	7.60521200
8.02421893	0.00793481	8.07519700
8.02921893	0.00793481	8.07519700
8.03421893	0.00793481	7.58079800
8.03921893	0.00793481	6.56148000
8.04421893	0.00793481	6.56148000
8.04921893	0.00793481	7.58079800
8.05421893	0.00793481	8.05078300
8.05921893	0.00793481	7.95922800
8.06421893	0.00793481	7.93481200
8.06921893	0.00793481	7.93481200
8.07421893	0.00793481	7.93481200
8.07921893	0.00793481	7.93481200
8.08421893	0.00793481	7.93481200
8.08921893	0.00793481	7.93481200
8.09421893	0.00793481	7.93481200
8.09921893	0.00793481	7.93481200
8.10421893	0.00793481	7.93481200
8.10921893	0.00793481	7.93481200
8.11421893	0.00793481	7.93481200
8.11921893	0.00793481	7.93481200
8.12421893	0.00793481	7.93481200
8.12921893	0.00793481	7.93481200
8.13421893	0.00793481	7.93481200
8.13921893	0.00793481	7.93481200
8.14421893	0.00793481	7.93481200
8.14921893	0.00793481	7.93481200
8.15421893	0.00793481	7.95922800
8.15921893	0.00793481	8.05078300
8.16421893	0.00793481	7.58079800
8.16921893	0.00793481	6.56148000
8.17421893	0.00793481	6.56148000
8.17921893	0.00793481	7.58079800
8.18421893	0.00793481	8.05078300
8.18921893	0.00793481	7.95922800
8.19421893	0.00793481	7.95922800
8.19921893	0.00793481	8.05078300
8.20421893	0.00793481	7.60521200
8.20921893	0.00793481	6.67745000
8.21421893	0.00793481	6.25629500
8.21921893	0.00793481	6.43940500
8.22421893	0.00793481	5.99383500
8.22921893	0.00793481	4.97451700
8.23421893	0.00793481	4.97451700
8.23921893	0.00793481	5.99383500
8.24421893	0.00793481	6.48823500
8.24921893	0.00793481	6.48823500
8.25421893	0.00793481	5.99383500
8.25921893	0.00793481	4.97451700
8.26421893	0.00793481	4.97451700
8.26921893	0.00793481	5.99383500
8.27421893	0.00793481	6.46382000
8.27921893	0.00793481	6.37226500
8.28421893	0.00793481	6.34785000
8.28921893	0.00793481	6.34785000
8.29421893	0.00793481	6.37226500
8.29921893	0.00793481	6.46382000
8.30421893	0.00793481	5.99383500
8.30921893	0.00793481	4.97451700
8.31421893	0.00793481	4.95010200
8.31921893	0.00793481	5.87786500
8.32421893	0.00793481	6.79342000
8.32921893	0.00793481	7.62962700
8.33421893	0.00793481	8.07519700
8.33921893	0.00793481	8.07519700
8.34421893	0.00793481	7.60521200
8.34921893	0.00793481	6.67745000
8.35421893	0.00793481	6.23187900
8.35921893	0.00793481	6.32343500
8.36421893	0.00793481	6.34785000
8.36921893	0.00793481	6.34785000
8.37421893	0.00793481	6.34785000
8.37921893	0.00793481	6.34785000
8.38421893	0.00793481	6.34785000
8.38921893	0.00793481	6.34785000
8.39421893	0.00793481	6.32343500
8.39921893	0.00793481	6.23187900
8.40421893	0.00793481	6.70186400
8.40921893	0.00793481	7.72118300
8.41421893	0.00793481	7.69676800
8.41921893	0.00793481	6.58589400
8.42421893	0.00793481	6.56148000
8.42921893	0.00793481	7.58079800
8.43421893	0.00793481	8.05078300
8.43921893	0.00793481	7.95922800
8.44421893	0.00793481	7.95922800
8.44921893	0.00793481	8.05078300
8.45421893	0.00793481	7.58079800
8.45921893	0.00793481	6.56148000
8.46421893	0.00793481	6.56148000
8.46921893	0.00793481	7.58079800
8.47421893	0.00793481	8.05078300
8.47921893	0.00793481	7.95922800
8.48421893	0.00793481	7.95922800
8.48921893	0.00793481	8.05078300
8.49421893	0.00793481	7.60521200
8.49921893	0.00793481	6.67745000
8.50421893	0.00793481	6.23187900
8.50921893	0.00793481	6.32343500
8.51421893	0.00793481	6.34785000
8.51921893	0.00793481	6.34785000
8.52421893	0.00793481	6.34785000
8.52921893	0.00793481	6.34785000
8.53421893	0.00793481	6.37226500
8.53921893	0.00793481	6.46382000
8.54421893	0.00793481	5.99383500
8.54921893	0.00793481	4.97451700
8.55421893	0.00793481	4.97451700
8.55921893	0.00793481	5.99383500
8.56421893	0.00793481	6.46382000
8.56921893	0.00793481	6.37226500
8.57421893	0.00793481	6.34785000
8.57921893	0.00793481	6.34785000
8.58421893	0.00805689	6.34785000
8.58921893	0.00851466	6.34785000
8.59421893	0.00616474	6.34785000
8.59921893	0.00106815	6.34785000
8.60421893	0.00106815	6.37226500
8.60921893	0.00616474	6.46382000
8.61421893	0.00851466	6.01825000
8.61921893	0.00805689	5.09048700
8.62421893	0.00793481	4.64491700
8.62921893	0.00793481	4.73647300
8.63421893	0.00793481	4.76088700
8.63921893	0.00793481	4.76088700
8.64421893	0.00793481	4.76088700
8.64921893	0.00793481	4.76088700
8.65421893	0.00793481	4.73647300
8.65921893	0.00793481	4.64491700
8.66421893	0.00793481	5.11490200
8.66921893	0.00793481	6.13422100
8.67421893	0.00793481	6.15863500
8.67921893	0.00793481	5.23087300
8.68421893	0.00793481	4.26648800
8.68921893	0.00793481	3.24716900
8.69421893	0.00793481	3.71715500
8.69921893	0.00793481	5.66423500
8.70421893	0.00805689	6.60420600
8.70921893	0.00851466	6.51265000
8.71421893	0.00616474	5.99383500
8.71921893	0.00106815	4.97451700
8.72421893	0.00106815	4.95010200
8.72921893	0.00616474	5.87786500
8.73421893	0.00851466	6.79342000
8.73921893	0.00805689	7.62962700
8.74421893	0.00793481	8.07519700
8.74921893	0.00793481	8.07519700
8.75421893	0.00793481	7.60521200
8.75921893	0.00793481	6.67745000
8.76421893	0.00793481	6.23187900
8.76921893	0.00793481	6.32343500
8.77421893	0.00793481	6.34785000
8.77921893	0.00793481	6.34785000
8.78421893	0.00793481	6.34785000
8.78921893	0.00793481	6.34785000
8.79421893	0.00793481	6.34785000
8.79921893	0.00793481	6.34785000
8.80421893	0.00793481	6.37226500
8.80921893	0.00793481	6.46382000
8.81421893	0.00793481	5.99383500
8.81921893	0.00793481	4.97451700
8.82421893	0.00793481	4.99893200
8.82921893	0.00793481	6.10980600
8.83421893	0.00793481	6.10980600
8.83921893	0.00793481	4.99893200
8.84421893	0.00793481	4.95010200
8.84921893	0.00793481	5.87786500
8.85421893	0.00793481	6.79342000
8.85921893	0.00793481	7.62962700
8.86421893	0.00793481	8.07519700
8.86921893	0.00793481	8.07519700
8.87421893	0.00793481	7.60521200
8.87921893	0.00793481	6.67745000
8.88421893	0.00793481	6.20746500
8.88921893	0.00793481	6.20746500
8.89421893	0.00793481	6.67745000
8.89921893	0.00793481	7.60521200
8.90421893	0.00793481	8.05078300
8.90921893	0.00793481	7.95922800
8.91421893	0.00793481	7.93481200
8.91921893	0.00793481	7.93481200
8.92421893	0.00793481	7.93481200
8.92921893	0.00793481	7.93481200
8.93421893	0.00793481	7.93481200
8.93921893	0.00793481	7.93481200
8.94421893	0.00793481	7.93481200
8.94921893	0.00793481	7.93481200
8.95421893	0.00793481	7.93481200
8.95921893	0.00793481	7.93481200
8.96421893	0.00793481	7.93481200
8.96921893	0.00793481	7.93481200
8.97421893	0.00793481	7.93481200
8.97921893	0.00793481	7.93481200
8.98421893	0.00793481	7.93481200
8.98921893	0.00793481	7.93481200
8.99421893	0.00805689	7.93481200
8.99921893	0.00851466	7.93481200
9.00421893	0.00616474	7.93481200
9.00921893	0.00106815	7.93481200
9.01421893	0.00106815	7.93481200
9.01921893	0.00616474	7.93481200
9.02421893	0.00851466	7.93481200
9.02921893	0.00805689	7.93481200
