Time	Channel A	Channel B
(us)	(V)	(mV)

-1.00438005	0.00000000	1.58696200
-0.99938005	0.00000000	1.58696200
-0.99438005	0.00000000	1.58696200
-0.98938005	0.00000000	1.58696200
-0.98438005	0.00000000	1.56254800
-0.97938005	0.00000000	1.47099200
-0.97438005	0.00000000	1.91656200
-0.96938005	0.00000000	2.84432500
-0.96438005	0.00000000	3.28989500
-0.95938005	0.00000000	3.19834000
-0.95438005	0.00000000	3.19834000
-0.94938005	0.00000000	3.28989500
-0.94438005	0.00000000	2.84432500
-0.93938005	0.00000000	1.91656200
-0.93438005	0.00000000	1.47099200
-0.92938005	0.00000000	1.56254800
-0.92438005	0.00000000	1.61137700
-0.91938005	0.00000000	1.70293300
-0.91438005	0.00000000	1.25736300
-0.90938005	0.00000000	0.32959990
-0.90438005	0.00000000	-0.11597030
-0.89938005	0.00000000	-0.02441481
-0.89438005	0.00000000	0.00000000
-0.88938005	0.00000000	0.00000000
-0.88438005	0.00000000	0.02441481
-0.87938005	0.00000000	0.11597030
-0.87438005	0.00000000	-0.35401470
-0.86938005	0.00000000	-1.37333300
-0.86438005	0.00000000	-1.37333300
-0.85938005	0.00000000	-0.35401470
-0.85438005	0.00000000	0.11597030
-0.84938005	0.00000000	0.02441481
-0.84438005	0.00000000	-0.02441481
-0.83938005	0.00000000	-0.11597030
-0.83438005	0.00000000	0.35401470
-0.82938005	0.00000000	1.37333300
-0.82438005	0.00000000	1.37333300
-0.81938005	0.00000000	0.35401470
-0.81438005	0.00000000	-0.14038510
-0.80938005	0.00000000	-0.14038510
-0.80438005	0.00000000	0.32959990
-0.79938005	0.00000000	1.25736300
-0.79438005	0.00000000	1.72734800
-0.78938005	0.00000000	1.72734800
-0.78438005	0.00000000	1.25736300
-0.77938005	0.00000000	0.32959990
-0.77438005	0.00000000	-0.14038510
-0.76938005	0.00000000	-0.14038510
-0.76438005	0.00000000	0.35401470
-0.75938005	0.00000000	1.37333300
-0.75438005	0.00000000	1.39774800
-0.74938005	0.00000000	0.46998500
-0.74438005	0.00000000	-0.46998500
-0.73938005	0.00000000	-1.39774800
-0.73438005	0.00000000	-1.37333300
-0.72938005	0.00000000	-0.35401470
-0.72438005	0.00000000	0.11597030
-0.71938005	0.00000000	0.02441481
-0.71438005	0.00000000	0.00000000
-0.70938005	0.00000000	0.00000000
-0.70438005	0.00000000	0.00000000
-0.69938005	0.00000000	0.00000000
-0.69438005	0.00000000	0.00000000
-0.68938005	0.00000000	0.00000000
-0.68438005	0.00000000	0.00000000
-0.67938005	0.00000000	0.00000000
-0.67438005	0.00000000	-0.02441481
-0.66938005	0.00000000	-0.11597030
-0.66438005	0.00000000	0.32959990
-0.65938005	0.00000000	1.25736300
-0.65438005	0.00000000	1.72734800
-0.64938005	0.00000000	1.72734800
-0.64438005	0.00000000	1.23294800
-0.63938005	0.00000000	0.21362960
-0.63438005	0.00000000	0.23804440
-0.62938005	0.00000000	1.34891800
-0.62438005	0.00000000	1.37333300
-0.61938005	0.00000000	0.35401470
-0.61438005	0.00000000	-0.09155553
-0.60938005	0.00000000	0.09155553
-0.60438005	0.00000000	-0.32959990
-0.59938005	0.00000000	-1.25736300
-0.59438005	0.00000000	-1.70293300
-0.58938005	0.00000000	-1.61137700
-0.58438005	0.00000000	-1.61137700
-0.57938005	0.00000000	-1.70293300
-0.57438005	0.00000000	-1.23294800
-0.56938005	0.00000000	-0.21362960
-0.56438005	0.00000000	-0.21362960
-0.55938005	0.00000000	-1.23294800
-0.55438005	0.00000000	-1.70293300
-0.54938005	0.00000000	-1.61137700
-0.54438005	0.00000000	-1.58696200
-0.53938005	0.00000000	-1.58696200
-0.53438005	0.00000000	-1.58696200
-0.52938005	0.00000000	-1.58696200
-0.52438005	0.00000000	-1.58696200
-0.51938005	0.00000000	-1.58696200
-0.51438005	0.00000000	-1.61137700
-0.50938005	0.00000000	-1.70293300
-0.50438005	0.00000000	-1.25736300
-0.49938005	0.00000000	-0.32959990
-0.49438005	0.00000000	0.11597030
-0.48938005	0.00000000	0.02441481
-0.48438005	0.00000000	0.00000000
-0.47938005	0.00000000	0.00000000
-0.47438005	0.00000000	-0.02441481
-0.46938005	0.00000000	-0.11597030
-0.46438005	0.00000000	0.35401470
-0.45938005	0.00000000	1.37333300
-0.45438005	0.00000000	1.34891800
-0.44938005	0.00000000	0.23804440
-0.44438005	0.00000000	0.21362960
-0.43938005	0.00000000	1.23294800
-0.43438005	0.00000000	1.72734800
-0.42938005	0.00000000	1.72734800
-0.42438005	0.00000000	1.23294800
-0.41938005	0.00000000	0.21362960
-0.41438005	0.00000000	0.21362960
-0.40938005	0.00000000	1.23294800
-0.40438005	0.00000000	1.70293300
-0.39938005	0.00000000	1.61137700
-0.39438005	0.00000000	1.58696200
-0.38938005	0.00000000	1.58696200
-0.38438005	0.00000000	1.58696200
-0.37938005	0.00000000	1.58696200
-0.37438005	0.00000000	1.61137700
-0.36938005	0.00000000	1.70293300
-0.36438005	0.00000000	1.25736300
-0.35938005	0.00000000	0.32959990
-0.35438005	0.00000000	-0.11597030
-0.34938005	0.00000000	-0.02441481
-0.34438005	0.00000000	0.00000000
-0.33938005	0.00000000	0.00000000
-0.33438005	0.00000000	0.00000000
-0.32938005	0.00000000	0.00000000
-0.32438005	0.00000000	0.00000000
-0.31938005	0.00000000	0.00000000
-0.31438005	0.00000000	0.00000000
-0.30938005	0.00000000	0.00000000
-0.30438005	0.00000000	0.00000000
-0.29938005	0.00000000	0.00000000
-0.29438005	0.00000000	0.00000000
-0.28938005	0.00000000	0.00000000
-0.28438005	0.00000000	-0.02441481
-0.27938005	0.00000000	-0.11597030
-0.27438005	0.00000000	0.32959990
-0.26938005	0.00000000	1.25736300
-0.26438005	0.00000000	1.70293300
-0.25938005	0.00000000	1.61137700
-0.25438005	0.00000000	1.58696200
-0.24938005	0.00000000	1.58696200
-0.24438005	0.00000000	1.58696200
-0.23938005	0.00000000	1.58696200
-0.23438005	0.00000000	1.61137700
-0.22938005	0.00000000	1.70293300
-0.22438005	0.00000000	1.23294800
-0.21938006	0.00000000	0.21362960
-0.21438006	0.00000000	0.21362960
-0.20938006	0.00000000	1.23294800
-0.20438006	0.00000000	1.67851800
-0.19938006	0.00000000	1.49540700
-0.19438006	0.00000000	1.94097700
-0.18938006	0.00000000	2.96029500
-0.18438006	0.00000000	2.96029500
-0.17938006	0.00000000	1.94097700
-0.17438006	0.00000000	1.47099200
-0.16938006	0.00000000	1.56254800
-0.16438006	0.00000000	1.58696200
-0.15938006	0.00000000	1.58696200
-0.15438006	0.00000000	1.58696200
-0.14938006	0.00000000	1.58696200
-0.14438006	0.00000000	1.56254800
-0.13938006	0.00000000	1.47099200
-0.13438006	0.00000000	1.94097700
-0.12938006	0.00000000	2.96029500
-0.12438006	0.00000000	2.96029500
-0.11938006	0.00000000	1.94097700
-0.11438006	0.00000000	1.51982200
-0.10938006	0.00000000	1.79448800
-0.10438006	-0.00012207	0.95217750
-0.09938006	-0.00057985	-0.81179230
-0.09438006	0.00152593	-2.13019200
-0.08938006	0.00570696	-2.77108000
-0.08438006	0.00994903	-3.61949500
-0.07938006	0.01315348	-4.45570200
-0.07438006	0.01965392	-4.82802800
-0.06938006	0.02795495	-4.55336100
-0.06438006	0.03445540	-5.39567200
-0.05938006	0.03765984	-7.15964200
-0.05438006	0.04168829	-8.49635300
-0.04938006	0.04489273	-9.24100500
-0.04438006	0.05139317	-9.63774600
-0.03938006	0.05969420	-9.54619000
-0.03438006	0.06619465	-9.52177400
-0.02938006	0.06939909	-9.52177400
-0.02438006	0.07342754	-9.49735900
-0.01938006	0.07663198	-9.40580500
-0.01438006	0.08313242	-9.85137500
-0.00938006	0.09143345	-10.77914000
-0.00438006	0.09793390	-11.22471000
0.00061994	0.10113830	-11.13315000
0.00561994	0.10525830	-11.13315000
0.01061994	0.10898160	-11.22471000
0.01561994	0.11310160	-10.77914000
0.02061994	0.11630600	-9.85137500
0.02561994	0.12280650	-9.40580500
0.03061994	0.13110750	-9.49735900
0.03561994	0.13760800	-9.52177400
0.04061994	0.14084290	-9.52177400
0.04561994	0.14499340	-9.54619000
0.05061994	0.14868620	-9.63774600
0.05561994	0.15280620	-9.19217500
0.06061994	0.15601060	-8.26441300
0.06561994	0.16251110	-7.81884200
0.07061994	0.17081210	-7.91039800
0.07561994	0.17740410	-7.93481200
0.08061994	0.18112740	-7.93481200
0.08561994	0.18298900	-7.91039800
0.09061994	0.18207340	-7.81884200
0.09561994	0.18405710	-8.26441300
0.10061994	0.18823820	-9.19217500
0.10561994	0.19257180	-9.61333000
0.11061994	0.19629510	-9.43021900
0.11561994	0.20050660	-9.82696000
0.12061994	0.20422990	-10.66317000
0.12561994	0.20844140	-11.57872000
0.13061994	0.21216470	-12.50648000
0.13561994	0.21637620	-12.45765000
0.14061994	0.22009950	-11.34678000
0.14561994	0.22443310	-11.34678000
0.15061994	0.22861420	-12.45765000
0.15561994	0.23059790	-12.45765000
0.16061994	0.22968230	-11.34678000
0.16561994	0.23178810	-11.29795000
0.17061994	0.23642690	-12.22571000
0.17561994	0.23853270	-13.16568000
0.18061994	0.23761710	-14.09345000
0.18561994	0.23960080	-14.04462000
0.19061994	0.24378180	-12.93374000
0.19561994	0.24823760	-12.93374000
0.20061994	0.25241860	-14.04462000
0.20561994	0.25452440	-14.06903000
0.21061994	0.25406660	-13.04971000
0.21561994	0.25382240	-12.55531000
0.22061994	0.25336470	-12.55531000
0.22561994	0.25547050	-13.07413000
0.23061994	0.25965150	-14.18500000
0.23561994	0.26410720	-13.71502000
0.24061994	0.26828820	-11.67638000
0.24561994	0.27039400	-11.20640000
0.25061994	0.26993620	-12.31727000
0.25561994	0.26981410	-12.81167000
0.26061994	0.26981410	-12.72011000
0.26561994	0.26969210	-12.72011000
0.27061994	0.26923430	-12.81167000
0.27561994	0.27146210	-12.34169000
0.28061994	0.27610100	-11.32237000
0.28561994	0.27832880	-11.34678000
0.29061994	0.27787100	-12.45765000
0.29561994	0.27774890	-12.45765000
0.30061994	0.27774890	-11.34678000
0.30561994	0.27774890	-11.32237000
0.31061994	0.27774890	-12.34169000
0.31561994	0.27774890	-12.81167000
0.32061994	0.27774890	-12.72011000
0.32561994	0.27774890	-12.72011000
0.33061994	0.27774890	-12.81167000
0.33561994	0.27774890	-12.39052000
0.34061994	0.27774890	-11.55431000
0.34561994	0.27774890	-10.66317000
0.35061994	0.27774890	-9.82696000
0.35561994	0.27774890	-9.40580500
0.36061994	0.27774890	-9.49735900
0.36561994	0.27787100	-9.54619000
0.37061994	0.27832880	-9.63774600
0.37561994	0.27610100	-9.19217500
0.38061994	0.27146210	-8.26441300
0.38561994	0.26923430	-7.84325600
0.39061994	0.26969210	-8.02636700
0.39561994	0.26993620	-7.60521200
0.40061994	0.27039400	-6.67745000
0.40561994	0.26816620	-6.23187900
0.41061994	0.26352730	-6.32343500
0.41561994	0.26129950	-6.34785000
0.42061994	0.26175730	-6.34785000
0.42561994	0.26200140	-6.32343500
0.43061994	0.26245920	-6.23187900
0.43561994	0.26023130	-6.70186400
0.44061994	0.25559250	-7.72118300
0.44561994	0.25336470	-7.72118300
0.45061994	0.25382240	-6.70186400
0.45561994	0.25406660	-6.23187900
0.46061994	0.25452440	-6.32343500
0.46561994	0.25229650	-6.34785000
0.47061994	0.24765770	-6.34785000
0.47561994	0.24555190	-6.34785000
0.48061994	0.24646750	-6.34785000
0.48561994	0.24436170	-6.34785000
0.49061994	0.23972290	-6.34785000
0.49561994	0.23749500	-6.34785000
0.50061994	0.23795280	-6.34785000
0.50561994	0.23819700	-6.32343500
0.51061994	0.23865470	-6.23187900
0.51561994	0.23642690	-6.70186400
0.52061994	0.23178810	-7.72118300
0.52561994	0.22956020	-7.69676800
0.53061994	0.23001800	-6.58589400
0.53561994	0.23026220	-6.56148000
0.54061994	0.23071990	-7.58079800
0.54561994	0.22849210	-8.07519700
0.55061994	0.22385330	-8.07519700
0.55561994	0.22162540	-7.58079800
0.56061994	0.22208320	-6.56148000
0.56561994	0.22220530	-6.58589400
0.57061994	0.22220530	-7.69676800
0.57561994	0.22220530	-7.69676800
0.58061994	0.22220530	-6.58589400
0.58561994	0.22232730	-6.56148000
0.59061994	0.22278510	-7.58079800
0.59561994	0.22055730	-8.05078300
0.60061994	0.21591850	-7.95922800
0.60561994	0.21369060	-7.93481200
0.61061994	0.21414840	-7.93481200
0.61561994	0.21427050	-7.98364200
0.62061994	0.21427050	-8.16675300
0.62561994	0.21427050	-7.27561200
0.63061994	0.21427050	-5.42008700
0.63561994	0.21427050	-4.55336100
0.64061994	0.21427050	-4.82802800
0.64561994	0.21439250	-4.40687300
0.65061994	0.21485030	-3.38755500
0.65561994	0.21262240	-3.38755500
0.66061994	0.20798360	-4.40687300
0.66561994	0.20575580	-4.90127200
0.67061994	0.20621360	-4.90127200
0.67561994	0.20633560	-4.40687300
0.68061994	0.20633560	-3.38755500
0.68561994	0.20633560	-3.41196900
0.69061994	0.20633560	-4.52284300
0.69561994	0.20633560	-4.54725700
0.70061994	0.20633560	-3.52794000
0.70561994	0.20633560	-3.05795500
0.71061994	0.20633560	-3.14951000
0.71561994	0.20645770	-3.14951000
0.72061994	0.20691550	-3.05795500
0.72561994	0.20468760	-3.52794000
0.73061994	0.20004880	-4.54725700
0.73561994	0.19782100	-4.54725700
0.74061994	0.19827880	-3.52794000
0.74561994	0.19840080	-3.05795500
0.75061994	0.19840080	-3.14951000
0.75561994	0.19840080	-3.19834000
0.76061994	0.19840080	-3.28989500
0.76561994	0.19840080	-2.84432500
0.77061994	0.19840080	-1.91656200
0.77561994	0.19840080	-1.44657700
0.78061994	0.19840080	-1.44657700
0.78561994	0.19852290	-1.94097700
0.79061994	0.19898070	-2.96029500
0.79561994	0.19675280	-2.93588100
0.80061994	0.19211400	-1.82500700
0.80561994	0.18988620	-1.80059200
0.81061994	0.19034390	-2.81991000
0.81561994	0.19046600	-3.28989500
0.82061994	0.19046600	-3.19834000
0.82561994	0.19046600	-3.19834000
0.83061994	0.19046600	-3.28989500
0.83561994	0.19046600	-2.84432500
0.84061994	0.19046600	-1.91656200
0.84561994	0.19046600	-1.47099200
0.85061994	0.19046600	-1.56254800
0.85561994	0.19046600	-1.56254800
0.86061994	0.19046600	-1.47099200
0.86561994	0.19058810	-1.94097700
0.87061994	0.19104590	-2.96029500
0.87561994	0.18881800	-2.96029500
0.88061994	0.18417920	-1.94097700
0.88561994	0.18195140	-1.47099200
0.89061994	0.18240910	-1.56254800
0.89561994	0.18253120	-1.58696200
0.90061994	0.18253120	-1.58696200
0.90561994	0.18253120	-1.58696200
0.91061994	0.18253120	-1.58696200
0.91561994	0.18253120	-1.58696200
0.92061994	0.18253120	-1.58696200
0.92561994	0.18253120	-1.61137700
0.93061994	0.18253120	-1.70293300
0.93561994	0.18253120	-1.25736300
0.94061994	0.18253120	-0.32959990
0.94561994	0.18265330	0.14038510
0.95061994	0.18311110	0.14038510
0.95561994	0.18088320	-0.35401470
0.96061994	0.17624440	-1.37333300
0.96561994	0.17401650	-1.39774800
0.97061994	0.17447430	-0.46998500
0.97561994	0.17459640	0.46998500
0.98061994	0.17459640	1.39774800
0.98561994	0.17459640	1.37333300
0.99061994	0.17459640	0.35401470
0.99561994	0.17459640	-0.11597030
1.00061994	0.17459640	-0.02441481
1.00561994	0.17459640	0.00000000
1.01061994	0.17459640	0.00000000
1.01561994	0.17459640	0.00000000
1.02061994	0.17459640	0.00000000
1.02561994	0.17471850	-0.02441481
1.03061994	0.17517620	-0.11597030
1.03561994	0.17294840	0.35401470
1.04061994	0.16830960	1.37333300
1.04561994	0.16608170	1.37333300
1.05061994	0.16653950	0.35401470
1.05561994	0.16666160	-0.09155553
1.06061994	0.16666160	0.09155553
1.06561994	0.16666160	-0.35401470
1.07061994	0.16666160	-1.37333300
1.07561994	0.16666160	-1.37333300
1.08061994	0.16666160	-0.35401470
1.08561994	0.16666160	0.14038510
1.09061994	0.16666160	0.14038510
1.09561994	0.16666160	-0.32959990
1.10061994	0.16666160	-1.25736300
1.10561994	0.16666160	-1.70293300
1.11061994	0.16666160	-1.61137700
1.11561994	0.16678370	-1.58696200
1.12061994	0.16724140	-1.58696200
1.12561994	0.16501360	-1.58696200
1.13061994	0.16037480	-1.58696200
1.13561994	0.15814690	-1.58696200
1.14061994	0.15860470	-1.58696200
1.14561994	0.15872680	-1.58696200
1.15061994	0.15872680	-1.58696200
1.15561994	0.15872680	-1.58696200
1.16061994	0.15872680	-1.58696200
1.16561994	0.15872680	-1.61137700
1.17061994	0.15872680	-1.70293300
1.17561994	0.15872680	-1.25736300
1.18061994	0.15872680	-0.32959990
1.18561994	0.15872680	0.14038510
1.19061994	0.15872680	0.14038510
1.19561994	0.15872680	-0.35401470
1.20061994	0.15872680	-1.37333300
1.20561994	0.15872680	-1.37333300
1.21061994	0.15872680	-0.35401470
1.21561994	0.15884880	0.11597030
1.22061994	0.15930660	0.02441481
1.22561994	0.15707880	0.00000000
1.23061994	0.15244000	0.00000000
1.23561994	0.15021210	0.02441481
1.24061994	0.15066990	0.11597030
1.24561994	0.15079200	-0.35401470
1.25061994	0.15079200	-1.37333300
1.25561994	0.15079200	-1.37333300
1.26061994	0.15079200	-0.35401470
1.26561994	0.15079200	0.09155553
1.27061994	0.15079200	-0.09155553
1.27561994	0.15079200	0.35401470
1.28061994	0.15079200	1.37333300
1.28561994	0.15079200	1.37333300
1.29061994	0.15079200	0.35401470
1.29561994	0.15079200	-0.11597030
1.30061994	0.15079200	-0.02441481
1.30561994	0.15091400	-0.02441481
1.31061994	0.15137180	-0.11597030
1.31561994	0.14902190	0.35401470
1.32061994	0.14392530	1.37333300
1.32561994	0.14404740	1.34891800
1.33061994	0.14960170	0.23804440
1.33561994	0.14972380	0.21362960
1.34061994	0.14462720	1.23294800
1.34561994	0.14227730	1.72734800
1.35061994	0.14273510	1.72734800
1.35561994	0.14285710	1.23294800
1.36061994	0.14285710	0.21362960
1.36561994	0.14285710	0.21362960
1.37061994	0.14285710	1.23294800
1.37561994	0.14285710	1.72734800
1.38061994	0.14285710	1.72734800
1.38561994	0.14285710	1.25736300
1.39061994	0.14285710	0.32959990
1.39561994	0.14285710	-0.11597030
1.40061994	0.14285710	-0.02441481
1.40561994	0.14285710	-0.02441481
1.41061994	0.14285710	-0.11597030
1.41561994	0.14285710	0.35401470
1.42061994	0.14285710	1.37333300
1.42561993	0.14285710	1.34891800
1.43061993	0.14285710	0.23804440
1.43561993	0.14297920	0.23804440
1.44061993	0.14343700	1.34891800
1.44561993	0.14120910	1.34891800
1.45061993	0.13653980	0.23804440
1.45561993	0.13431200	0.23804440
1.46061993	0.13476970	1.34891800
1.46561993	0.13489180	1.39774800
1.47061993	0.13489180	0.46998500
1.47561993	0.13489180	-0.46998500
1.48061993	0.13489180	-1.39774800
1.48561993	0.13489180	-1.34891800
1.49061993	0.13489180	-0.23804440
1.49561993	0.13489180	-0.21362960
1.50061993	0.13489180	-1.23294800
1.50561993	0.13489180	-1.72734800
1.51061993	0.13489180	-1.72734800
1.51561993	0.13489180	-1.25736300
1.52061993	0.13489180	-0.32959990
1.52561993	0.13501390	0.14038510
1.53061993	0.13547170	0.14038510
1.53561993	0.13324380	-0.35401470
1.54061993	0.12860500	-1.37333300
1.54561993	0.12637720	-1.39774800
1.55061993	0.12683490	-0.46998500
1.55561993	0.12695700	0.44557020
1.56061993	0.12695700	1.28177700
1.56561993	0.12695700	1.70293300
1.57061993	0.12695700	1.61137700
1.57561993	0.12695700	1.58696200
1.58061993	0.12695700	1.58696200
1.58561993	0.12695700	1.58696200
1.59061993	0.12695700	1.58696200
1.59561993	0.12695700	1.58696200
1.60061993	0.12695700	1.58696200
1.60561993	0.12695700	1.56254800
1.61061993	0.12695700	1.47099200
1.61561993	0.12695700	1.94097700
1.62061993	0.12695700	2.96029500
1.62561993	0.12695700	2.96029500
1.63061993	0.12695700	1.94097700
1.63561993	0.12707910	1.47099200
1.64061993	0.12753680	1.56254800
1.64561993	0.12530900	1.58696200
1.65061993	0.12067020	1.58696200
1.65561993	0.11844230	1.58696200
1.66061993	0.11890010	1.58696200
1.66561993	0.11902220	1.58696200
1.67061993	0.11902220	1.58696200
1.67561993	0.11902220	1.58696200
1.68061993	0.11902220	1.58696200
1.68561993	0.11902220	1.58696200
1.69061993	0.11902220	1.58696200
1.69561993	0.11902220	1.58696200
1.70061993	0.11902220	1.58696200
1.70561993	0.11902220	1.56254800
1.71061993	0.11902220	1.47099200
1.71561993	0.11902220	1.94097700
1.72061993	0.11902220	2.96029500
1.72561993	0.11902220	2.93588100
1.73061993	0.11902220	1.82500700
1.73561993	0.11902220	1.80059200
1.74061993	0.11902220	2.81991000
1.74561993	0.11902220	3.28989500
1.75061993	0.11902220	3.19834000
1.75561993	0.11902220	3.17392500
1.76061993	0.11902220	3.17392500
1.76561993	0.11914430	3.19834000
1.77061993	0.11960200	3.28989500
1.77561993	0.11737420	2.84432500
1.78061993	0.11273540	1.91656200
1.78561993	0.11050750	1.47099200
1.79061993	0.11096530	1.56254800
1.79561993	0.11108740	1.58696200
1.80061993	0.11108740	1.58696200
1.80561993	0.11108740	1.58696200
1.81061993	0.11108740	1.58696200
1.81561993	0.11108740	1.58696200
1.82061993	0.11108740	1.58696200
1.82561993	0.11108740	1.58696200
1.83061993	0.11108740	1.58696200
1.83561993	0.11108740	1.58696200
1.84061993	0.11108740	1.58696200
1.84561993	0.11108740	1.58696200
1.85061993	0.11108740	1.58696200
1.85561993	0.11108740	1.58696200
1.86061993	0.11108740	1.58696200
1.86561993	0.11108740	1.58696200
1.87061993	0.11108740	1.58696200
1.87561993	0.11108740	1.58696200
1.88061993	0.11108740	1.58696200
1.88561993	0.11120950	1.61137700
1.89061993	0.11166720	1.70293300
1.89561993	0.10931730	1.25736300
1.90061993	0.10422070	0.32959990
1.90561993	0.10434280	-0.11597030
1.91061993	0.10989720	-0.02441481
1.91561993	0.11001920	0.00000000
1.92061993	0.10492260	0.00000000
1.92561993	0.10257270	0.00000000
1.93061993	0.10303050	0.00000000
1.93561993	0.10315260	-0.02441481
1.94061993	0.10315260	-0.11597030
1.94561993	0.10315260	0.35401470
1.95061993	0.10315260	1.37333300
1.95561993	0.10315260	1.34891800
1.96061993	0.10315260	0.23804440
1.96561993	0.10315260	0.21362960
1.97061993	0.10315260	1.23294800
1.97561993	0.10315260	1.70293300
1.98061993	0.10315260	1.61137700
1.98561993	0.10315260	1.58696200
1.99061993	0.10315260	1.58696200
1.99561993	0.10315260	1.58696200
2.00061993	0.10315260	1.58696200
2.00561993	0.10315260	1.58696200
2.01061993	0.10315260	1.58696200
2.01561993	0.10315260	1.56254800
2.02061993	0.10315260	1.47099200
2.02561993	0.10315260	1.94097700
2.03061993	0.10315260	2.96029500
2.03561993	0.10315260	2.96029500
2.04061993	0.10315260	1.94097700
2.04561993	0.10327460	1.47099200
2.05061993	0.10373240	1.56254800
2.05561993	0.10150460	1.58696200
2.06061993	0.09686575	1.58696200
2.06561993	0.09463790	1.58696200
2.07061993	0.09509568	1.58696200
2.07561993	0.09521775	1.61137700
2.08061993	0.09521775	1.70293300
2.08561993	0.09521775	1.23294800
2.09061993	0.09521775	0.21362960
2.09561993	0.09521775	0.21362960
2.10061993	0.09521775	1.23294800
2.10561993	0.09521775	1.70293300
2.11061993	0.09521775	1.61137700
2.11561993	0.09521775	1.58696200
2.12061993	0.09521775	1.58696200
2.12561993	0.09521775	1.58696200
2.13061993	0.09521775	1.58696200
2.13561993	0.09521775	1.61137700
2.14061993	0.09521775	1.70293300
2.14561993	0.09521775	1.25736300
2.15061993	0.09521775	0.32959990
2.15561993	0.09521775	-0.11597030
2.16061993	0.09521775	-0.02441481
2.16561993	0.09521775	0.00000000
2.17061993	0.09521775	0.00000000
2.17561993	0.09521775	-0.02441481
2.18061993	0.09521775	-0.11597030
2.18561993	0.09521775	0.32959990
2.19061993	0.09521775	1.25736300
2.19561993	0.09521775	1.72734800
2.20061993	0.09521775	1.72734800
2.20561993	0.09521775	1.23294800
2.21061993	0.09521775	0.21362960
2.21561993	0.09521775	0.23804440
2.22061993	0.09521775	1.34891800
2.22561993	0.09533982	1.37333300
2.23061993	0.09579760	0.35401470
2.23561993	0.09356975	-0.14038510
2.24061993	0.08893093	-0.14038510
2.24561993	0.08670308	0.35401470
2.25061993	0.08716086	1.37333300
2.25561993	0.08728294	1.37333300
2.26061993	0.08728294	0.35401470
2.26561993	0.08728294	-0.11597030
2.27061993	0.08728294	-0.02441481
2.27561993	0.08728294	0.00000000
2.28061993	0.08728294	0.00000000
2.28561993	0.08728294	0.00000000
2.29061993	0.08728294	0.00000000
2.29561993	0.08728294	0.00000000
2.30061993	0.08728294	0.00000000
2.30561993	0.08728294	-0.02441481
2.31061993	0.08728294	-0.11597030
2.31561993	0.08728294	0.32959990
2.32061993	0.08728294	1.25736300
2.32561993	0.08728294	1.72734800
2.33061993	0.08728294	1.72734800
2.33561993	0.08728294	1.23294800
2.34061993	0.08728294	0.21362960
2.34561993	0.08728294	0.21362960
2.35061993	0.08728294	1.23294800
2.35561993	0.08728294	1.70293300
2.36061993	0.08728294	1.61137700
2.36561993	0.08728294	1.56254800
2.37061993	0.08728294	1.47099200
2.37561993	0.08740501	1.94097700
2.38061993	0.08786279	2.96029500
2.38561993	0.08563494	2.96029500
2.39061993	0.08099613	1.94097700
2.39561993	0.07876828	1.42216300
2.40061993	0.07922605	1.33060700
2.40561993	0.07934812	2.27057700
2.41061993	0.07934812	4.21765800
2.41561993	0.07934812	4.66322800
2.42061993	0.07934812	3.55235400
2.42561993	0.07934812	3.05795500
2.43061993	0.07934812	3.14951000
2.43561993	0.07934812	3.14951000
2.44061993	0.07934812	3.05795500
2.44561993	0.07934812	3.52794000
2.45061993	0.07934812	4.54725700
2.45561993	0.07934812	4.57167300
2.46061993	0.07934812	3.64391000
2.46561993	0.07934812	2.70394000
2.47061993	0.07934812	1.77617700
2.47561993	0.07934812	1.82500700
2.48061993	0.07934812	2.93588100
2.48561993	0.07934812	2.96029500
2.49061993	0.07934812	1.94097700
2.49561993	0.07934812	1.47099200
2.50061993	0.07934812	1.56254800
2.50561993	0.07934812	1.58696200
2.51061993	0.07934812	1.58696200
2.51561993	0.07934812	1.61137700
2.52061993	0.07934812	1.70293300
2.52561993	0.07934812	1.25736300
2.53061993	0.07934812	0.32959990
2.53561993	0.07934812	-0.11597030
2.54061993	0.07934812	-0.02441481
2.54561993	0.07934812	0.00000000
2.55061993	0.07934812	0.00000000
2.55561993	0.07947020	-0.02441481
2.56061993	0.07992797	-0.11597030
2.56561993	0.07770012	0.35401470
2.57061993	0.07306131	1.37333300
2.57561993	0.07083346	1.34891800
2.58061993	0.07129124	0.23804440
2.58561993	0.07141331	0.23804440
2.59061993	0.07141331	1.34891800
2.59561993	0.07141331	1.34891800
2.60061993	0.07141331	0.23804440
2.60561993	0.07141331	0.18921480
2.61061993	0.07141331	1.11697700
2.61561993	0.07141331	2.05694700
2.62061993	0.07141331	2.98471000
2.62561993	0.07141331	2.93588100
2.63061993	0.07141331	1.82500700
2.63561993	0.07141331	1.80059200
2.64061993	0.07141331	2.81991000
2.64561993	0.07141331	3.28989500
2.65061993	0.07141331	3.19834000
2.65561993	0.07141331	3.17392500
2.66061993	0.07141331	3.17392500
2.66561993	0.07141331	3.19834000
2.67061993	0.07141331	3.28989500
2.67561993	0.07141331	2.81991000
2.68061993	0.07141331	1.80059200
2.68561993	0.07141331	1.82500700
2.69061993	0.07141331	2.93588100
2.69561993	0.07141331	2.96029500
2.70061993	0.07141331	1.94097700
2.70561993	0.07141331	1.47099200
2.71061993	0.07141331	1.56254800
2.71561993	0.07141331	1.58696200
2.72061993	0.07141331	1.58696200
2.72561993	0.07141331	1.58696200
2.73061993	0.07141331	1.58696200
2.73561993	0.07141331	1.58696200
2.74061993	0.07141331	1.58696200
2.74561993	0.07153539	1.58696200
2.75061993	0.07199316	1.58696200
2.75561993	0.06976531	1.58696200
2.76061993	0.06512650	1.58696200
2.76561993	0.06289865	1.58696200
2.77061993	0.06335643	1.58696200
2.77561993	0.06347850	1.56254800
2.78061993	0.06347850	1.47099200
2.78561993	0.06347850	1.91656200
2.79061993	0.06347850	2.84432500
2.79561993	0.06347850	3.28989500
2.80061993	0.06347850	3.19834000
2.80561993	0.06347850	3.17392500
2.81061993	0.06347850	3.17392500
2.81561993	0.06347850	3.17392500
2.82061993	0.06347850	3.17392500
2.82561993	0.06347850	3.19834000
2.83061993	0.06347850	3.28989500
2.83561993	0.06347850	2.84432500
2.84061993	0.06347850	1.91656200
2.84561993	0.06347850	1.44657700
2.85061993	0.06347850	1.44657700
2.85561993	0.06347850	1.94097700
2.86061993	0.06347850	2.96029500
2.86561993	0.06347850	2.98471000
2.87061993	0.06347850	2.05694700
2.87561993	0.06347850	1.09256300
2.88061993	0.06347850	0.07324442
2.88561993	0.06347850	0.56764430
2.89061993	0.06347850	2.60628100
2.89561993	0.06347850	3.07626600
2.90061993	0.06347850	1.96539200
2.90561993	0.06347850	1.44657700
2.91061993	0.06347850	1.44657700
2.91561993	0.06347850	1.91656200
2.92061993	0.06347850	2.84432500
2.92561993	0.06347850	3.28989500
2.93061993	0.06347850	3.19834000
2.93561993	0.06347850	3.17392500
2.94061993	0.06347850	3.17392500
2.94561993	0.06347850	3.17392500
2.95061993	0.06347850	3.17392500
2.95561993	0.06347850	3.19834000
2.96061993	0.06347850	3.28989500
2.96561993	0.06347850	2.79549500
2.97061993	0.06347850	1.68462200
2.97561993	0.06347850	2.13019200
2.98061993	0.06347850	4.07727300
2.98561993	0.06347850	4.95010200
2.99061993	0.06347850	4.57167300
2.99561993	0.06360057	5.30411700
3.00061993	0.06405835	6.68965700
3.00561993	0.06183050	9.55839600
3.01061993	0.05719168	12.97647000
3.01561993	0.05496383	19.75768000
3.02061993	0.05542161	28.17469000
3.02561993	0.05554369	38.81954000
3.03061993	0.05554369	49.07986000
3.03561993	0.05554369	62.70943000
3.04061993	0.05554369	76.39394000
3.04561993	0.05554369	91.75085000
3.05061993	0.05554369	105.06300000
3.05561993	0.05554369	120.37110000
3.06061993	0.05554369	133.86640000
3.06561993	0.05554369	148.35050000
3.07061992	0.05554369	160.27710000
3.07561992	0.05554369	172.64320000
3.08061992	0.05554369	182.44580000
3.08561992	0.05554369	191.46700000
3.09061992	0.05554369	Infinity
3.09561992	0.05554369	Infinity
3.10061992	0.05554369	Infinity
3.10561992	0.05554369	Infinity
3.11061992	0.05554369	Infinity
3.11561992	0.05554369	Infinity
3.12061992	0.05554369	Infinity
3.12561992	0.05554369	Infinity
3.13061992	0.05554369	Infinity
3.13561992	0.05554369	Infinity
3.14061992	0.05554369	Infinity
3.14561992	0.05554369	Infinity
3.15061992	0.05554369	Infinity
3.15561992	0.05554369	Infinity
3.16061992	0.05554369	Infinity
3.16561992	0.05554369	Infinity
3.17061992	0.05554369	199.43850000
3.17561992	0.05554369	196.44760000
3.18061992	0.05554369	191.54640000
3.18561992	0.05554369	186.33990000
3.19061992	0.05554369	181.90860000
3.19561992	0.05554369	176.79370000
3.20061992	0.05554369	172.26480000
3.20561992	0.05554369	167.64430000
3.21061992	0.05554369	164.23230000
3.21561992	0.05554369	159.14180000
3.22061992	0.05554369	153.69120000
3.22561992	0.05554369	148.10630000
3.23061992	0.05554369	143.66890000
3.23561992	0.05554369	139.04840000
3.24061992	0.05554369	135.53880000
3.24561992	0.05566576	130.88170000
3.25061992	0.05612354	126.25510000
3.25561992	0.05389569	121.54910000
3.26061992	0.04925688	117.85030000
3.26561992	0.04702902	114.05990000
3.27061992	0.04748680	111.19110000
3.27561992	0.04760887	107.84630000
3.28061992	0.04760887	104.98370000
3.28561992	0.04760887	101.12000000
3.29061992	0.04760887	97.14652000
3.29561992	0.04760887	93.72845000
3.30061992	0.04760887	91.70202000
3.30561992	0.04760887	89.20560000
3.31061992	0.04760887	86.98386000
3.31561992	0.04760887	84.44471000
3.32061992	0.04760887	82.21686000
3.32561992	0.04760887	79.67773000
3.33061992	0.04760887	77.45598000
3.33561992	0.04760887	74.86800000
3.34061992	0.04760887	72.46315000
3.34561992	0.04760887	70.79073000
3.35061992	0.04760887	70.33295000
3.35561992	0.04760887	69.10611000
3.36061992	0.04760887	67.53746000
3.36561992	0.04760887	65.81622000
3.37061992	0.04760887	64.33912000
3.37561992	0.04760887	62.61788000
3.38061992	0.04760887	61.04922000
3.38561992	0.04760887	59.79797000
3.39061992	0.04760887	59.24863000
3.39561992	0.04760887	57.97296000
3.40061992	0.04760887	56.30665000
3.40561992	0.04760887	55.03098000
3.41061992	0.04760887	54.48164000
3.41561992	0.04760887	53.20597000
3.42061992	0.04760887	51.54576000
3.42561992	0.04760887	50.24567000
3.43061992	0.04760887	49.60479000
3.43561992	0.04760887	48.78078000
3.44061992	0.04760887	48.03613000
3.44561992	0.04760887	47.19382000
3.45061992	0.04760887	46.44917000
3.45561992	0.04760887	45.60686000
3.46061992	0.04760887	44.86221000
3.46561992	0.04760887	44.01990000
3.47061992	0.04760887	43.27525000
3.47561992	0.04760887	42.43293000
3.48061992	0.04760887	41.68828000
3.48561992	0.04760887	40.84597000
3.49061992	0.04760887	40.10132000
3.49561992	0.04760887	39.23460000
3.50061992	0.04760887	38.39839000
3.50561992	0.04760887	38.02606000
3.51061992	0.04760887	38.30073000
3.51561992	0.04760887	37.43400000
3.52061992	0.04760887	35.57848000
3.52561992	0.04760887	34.68734000
3.53061992	0.04760887	34.87045000
3.53561992	0.04760887	34.94370000
3.54061992	0.04760887	35.03525000
3.54561992	0.04760887	34.58968000
3.55061992	0.04760887	33.66191000
3.55561992	0.04760887	33.24076000
3.56061992	0.04760887	33.42387000
3.56561992	0.04760887	33.00272000
3.57061992	0.04760887	32.07495000
3.57561992	0.04773095	31.65380000
3.58061992	0.04818873	31.83691000
3.58561992	0.04596087	31.41575000
3.59061992	0.04132206	30.48799000
3.59561992	0.03909421	30.06684000
3.60061992	0.03955199	30.24995000
3.60561992	0.03967406	29.82879000
3.61061992	0.03967406	28.90103000
3.61561992	0.03967406	28.47987000
3.62061992	0.03967406	28.66298000
3.62561992	0.03967406	28.24183000
3.63061992	0.03967406	27.30796000
3.63561992	0.03967406	26.86239000
3.64061992	0.03967406	26.95395000
3.64561992	0.03967406	27.00278000
3.65061992	0.03967406	27.09433000
3.65561992	0.03967406	26.64876000
3.66061992	0.03967406	25.72100000
3.66561992	0.03967406	25.29984000
3.67061992	0.03967406	25.48295000
3.67561992	0.03967406	25.06180000
3.68061992	0.03967406	24.13404000
3.68561992	0.03967406	23.68847000
3.69061992	0.03967406	23.78002000
3.69561992	0.03967406	23.82885000
3.70061992	0.03967406	23.92041000
3.70561992	0.03967406	23.47484000
3.71061992	0.03967406	22.54707000
3.71561992	0.03967406	22.10150000
3.72061992	0.03967406	22.19306000
3.72561992	0.03967406	22.24189000
3.73061992	0.03967406	22.33344000
3.73561992	0.03967406	21.88787000
3.74061992	0.03967406	20.96011000
3.74561992	0.03967406	20.51454000
3.75061992	0.03967406	20.60610000
3.75561992	0.03967406	20.63051000
3.76061992	0.03967406	20.63051000
3.76561992	0.03967406	20.63051000
3.77061992	0.03967406	20.63051000
3.77561992	0.03967406	20.63051000
3.78061992	0.03967406	20.63051000
3.78561992	0.03967406	20.63051000
3.79061992	0.03967406	20.63051000
3.79561992	0.03967406	20.60610000
3.80061992	0.03967406	20.51454000
3.80561992	0.03967406	20.96011000
3.81061992	0.03967406	21.88787000
3.81561992	0.03967406	22.33344000
3.82061992	0.03967406	22.24189000
3.82561992	0.03967406	22.21748000
3.83061992	0.03967406	22.21748000
3.83561992	0.03967406	22.24189000
3.84061992	0.03967406	22.33344000
3.84561992	0.03967406	21.88787000
3.85061992	0.03967406	20.96011000
3.85561992	0.03967406	20.51454000
3.86061992	0.03967406	20.60610000
3.86561992	0.03967406	20.65493000
3.87061992	0.03967406	20.74648000
3.87561992	0.03967406	20.30091000
3.88061992	0.03967406	19.37315000
3.88561992	0.03967406	18.92758000
3.89061992	0.03967406	19.01913000
3.89561992	0.03967406	19.04355000
3.90061992	0.03967406	19.04355000
3.90561992	0.03967406	19.04355000
3.91061992	0.03967406	19.04355000
3.91561992	0.03967406	19.06796000
3.92061992	0.03967406	19.15952000
3.92561992	0.03967406	18.68954000
3.93061992	0.03967406	17.67022000
3.93561992	0.03967406	17.67022000
3.94061992	0.03967406	18.68954000
3.94561992	0.03979614	19.15952000
3.95061992	0.04025391	19.06796000
3.95561992	0.03790399	19.06796000
3.96061992	0.03280740	19.15952000
3.96561992	0.03292947	18.71395000
3.97061992	0.03848384	17.78619000
3.97561992	0.03848384	17.31620000
3.98061992	0.03292947	17.31620000
3.98561992	0.03292947	17.78619000
3.99061992	0.03848384	18.71395000
3.99561992	0.03860591	19.18394000
4.00061992	0.03350932	19.18394000
4.00561992	0.03115940	18.71395000
4.01061992	0.03161718	17.78619000
4.01561992	0.03173925	17.34062000
4.02061992	0.03173925	17.43217000
4.02561992	0.03173925	17.48100000
4.03061992	0.03173925	17.57256000
4.03561992	0.03173925	17.10257000
4.04061992	0.03173925	16.08325000
4.04561992	0.03173925	16.10767000
4.05061992	0.03173925	17.21854000
4.05561992	0.03173925	17.24296000
4.06061992	0.03173925	16.22364000
4.06561992	0.03173925	15.75365000
4.07061992	0.03173925	15.84521000
4.07561992	0.03173925	15.84521000
4.08061992	0.03173925	15.75365000
4.08561992	0.03173925	16.19922000
4.09061992	0.03173925	17.12699000
4.09561992	0.03173925	17.59697000
4.10061992	0.03173925	17.59697000
4.10561992	0.03173925	17.10257000
4.11061992	0.03173925	16.08325000
4.11561992	0.03173925	16.10767000
4.12061992	0.03173925	17.21854000
4.12561992	0.03173925	17.26737000
4.13061992	0.03173925	16.33961000
4.13561992	0.03173925	15.42405000
4.14061992	0.03173925	14.58785000
4.14561992	0.03173925	14.16669000
4.15061992	0.03173925	14.25825000
4.15561992	0.03173925	14.28266000
4.16061992	0.03173925	14.28266000
4.16561992	0.03173925	14.30708000
4.17061992	0.03173925	14.39863000
4.17561992	0.03173925	13.97748000
4.18061992	0.03173925	13.14127000
4.18561992	0.03173925	12.22571000
4.19061992	0.03173925	11.29795000
4.19561992	0.03173925	11.29795000
4.20061992	0.03173925	12.22571000
4.20561992	0.03173925	13.16568000
4.21061992	0.03173925	14.09345000
4.21561992	0.03173925	14.04462000
4.22061992	0.03173925	12.93374000
4.22561992	0.03173925	12.90933000
4.23061992	0.03173925	13.92865000
4.23561992	0.03173925	14.39863000
4.24061992	0.03173925	14.30708000
4.24561992	0.03173925	14.28266000
4.25061992	0.03173925	14.28266000
4.25561992	0.03173925	14.28266000
4.26061992	0.03173925	14.28266000
4.26561992	0.03173925	14.28266000
4.27061992	0.03173925	14.28266000
4.27561992	0.03173925	14.25825000
4.28061992	0.03173925	14.16669000
4.28561992	0.03173925	14.63668000
4.29061992	0.03173925	15.65600000
4.29561992	0.03173925	15.68041000
4.30061992	0.03173925	14.75265000
4.30561992	0.03173925	13.83709000
4.31061992	0.03173925	13.00089000
4.31561992	0.03173925	12.57973000
4.32061992	0.03173925	12.67128000
4.32561992	0.03173925	12.69570000
4.33061992	0.03173925	12.69570000
4.33561992	0.03173925	12.69570000
4.34061992	0.03173925	12.69570000
4.34561992	0.03173925	12.69570000
4.35061992	0.03173925	12.69570000
4.35561992	0.03173925	12.69570000
4.36061992	0.03173925	12.69570000
4.36561992	0.03173925	12.67128000
4.37061992	0.03173925	12.57973000
4.37561992	0.03173925	13.04971000
4.38061992	0.03173925	14.06903000
4.38561992	0.03173925	14.04462000
4.39061992	0.03173925	12.93374000
4.39561992	0.03173925	12.93374000
4.40061992	0.03173925	14.04462000
4.40561992	0.03173925	14.06903000
4.41061992	0.03173925	13.04971000
4.41561992	0.03173925	12.60414000
4.42061992	0.03173925	12.78726000
4.42561992	0.03173925	12.36610000
4.43061992	0.03173925	11.43834000
4.43561992	0.03186132	10.96835000
4.44061992	0.03231910	10.96835000
4.44561992	0.02996918	11.43834000
4.45061992	0.02487259	12.36610000
4.45561992	0.02487259	12.83609000
4.46061992	0.02996918	12.83609000
4.46561992	0.03231910	12.36610000
4.47061992	0.03186132	11.43834000
4.47561992	0.03173925	10.99277000
4.48061992	0.03173925	11.08432000
4.48561992	0.03186132	11.08432000
4.49061992	0.03231910	10.99277000
4.49561992	0.03009125	11.46275000
4.50061992	0.02545244	12.48207000
4.50561992	0.02310251	12.48207000
4.51061992	0.02310251	11.46275000
4.51561992	0.02557451	10.99277000
4.52061992	0.03067110	11.08432000
4.52561992	0.03067110	11.10874000
4.53061992	0.02557451	11.10874000
4.53561992	0.02322458	11.10874000
4.54061992	0.02368236	11.10874000
4.54561992	0.02380444	11.10874000
4.55061992	0.02380444	11.10874000
4.55561992	0.02380444	11.10874000
4.56061992	0.02380444	11.10874000
4.56561992	0.02380444	11.10874000
4.57061992	0.02380444	11.10874000
4.57561992	0.02380444	11.10874000
4.58061992	0.02380444	11.10874000
4.58561992	0.02380444	11.10874000
4.59061992	0.02380444	11.10874000
4.59561992	0.02380444	11.10874000
4.60061992	0.02380444	11.10874000
4.60561992	0.02380444	11.08432000
4.61061992	0.02380444	10.99277000
4.61561992	0.02380444	11.46275000
4.62061992	0.02380444	12.48207000
4.62561992	0.02380444	12.48207000
4.63061992	0.02380444	11.46275000
4.63561992	0.02380444	10.96835000
4.64061992	0.02380444	10.96835000
4.64561992	0.02380444	11.46275000
4.65061992	0.02380444	12.48207000
4.65561992	0.02380444	12.45765000
4.66061992	0.02380444	11.34678000
4.66561992	0.02380444	11.34678000
4.67061992	0.02380444	12.45765000
4.67561992	0.02380444	12.48207000
4.68061992	0.02380444	11.46275000
4.68561992	0.02380444	10.99277000
4.69061992	0.02380444	11.08432000
4.69561992	0.02380444	11.10874000
4.70061992	0.02380444	11.10874000
4.70561992	0.02380444	11.08432000
4.71061992	0.02380444	10.99277000
4.71561991	0.02380444	11.43834000
4.72061991	0.02380444	12.36610000
4.72561991	0.02380444	12.81167000
4.73061991	0.02380444	12.72011000
4.73561991	0.02380444	12.69570000
4.74061991	0.02380444	12.69570000
4.74561991	0.02380444	12.69570000
4.75061991	0.02380444	12.69570000
4.75561991	0.02380444	12.72011000
4.76061991	0.02380444	12.81167000
4.76561991	0.02380444	12.34169000
4.77061991	0.02380444	11.32237000
4.77561991	0.02380444	11.32237000
4.78061991	0.02380444	12.34169000
4.78561991	0.02380444	12.81167000
4.79061991	0.02380444	12.72011000
4.79561991	0.02380444	12.72011000
4.80061991	0.02380444	12.81167000
4.80561991	0.02380444	12.34169000
4.81061991	0.02380444	11.32237000
4.81561991	0.02380444	11.32237000
4.82061991	0.02380444	12.34169000
4.82561991	0.02380444	12.81167000
4.83061991	0.02380444	12.72011000
4.83561991	0.02380444	12.69570000
4.84061991	0.02380444	12.69570000
4.84561991	0.02380444	12.69570000
4.85061991	0.02380444	12.69570000
4.85561991	0.02380444	12.69570000
4.86061991	0.02380444	12.69570000
4.86561991	0.02380444	12.67128000
4.87061991	0.02380444	12.57973000
4.87561991	0.02380444	13.07413000
4.88061991	0.02380444	14.18500000
4.88561991	0.02380444	13.71502000
4.89061991	0.02380444	11.67638000
4.89561991	0.02380444	11.20640000
4.90061991	0.02380444	12.31727000
4.90561991	0.02380444	12.83609000
4.91061991	0.02380444	12.83609000
4.91561991	0.02380444	12.36610000
4.92061991	0.02380444	11.43834000
4.92561991	0.02380444	10.99277000
4.93061991	0.02380444	11.08432000
4.93561991	0.02380444	11.10874000
4.94061991	0.02380444	11.10874000
4.94561991	0.02380444	11.10874000
4.95061991	0.02380444	11.10874000
4.95561991	0.02380444	11.10874000
4.96061991	0.02380444	11.10874000
4.96561991	0.02380444	11.13315000
4.97061991	0.02380444	11.22471000
4.97561991	0.02380444	10.77914000
4.98061991	0.02380444	9.85137500
4.98561991	0.02380444	9.40580500
4.99061991	0.02380444	9.49735900
4.99561991	0.02380444	9.52177400
5.00061991	0.02380444	9.52177400
5.00561991	0.02380444	9.49735900
5.01061991	0.02380444	9.40580500
5.01561991	0.02380444	9.87579000
5.02061991	0.02380444	10.89511000
5.02561991	0.02380444	10.89511000
5.03061991	0.02380444	9.87579000
5.03561991	0.02380444	9.38139000
5.04061991	0.02380444	9.38139000
5.04561991	0.02380444	9.87579000
5.05061991	0.02380444	10.89511000
5.05561991	0.02380444	10.89511000
5.06061991	0.02380444	9.87579000
5.06561991	0.02380444	9.40580500
5.07061991	0.02380444	9.49735900
5.07561991	0.02380444	9.52177400
5.08061991	0.02380444	9.52177400
5.08561991	0.02380444	9.52177400
5.09061991	0.02380444	9.52177400
5.09561991	0.02380444	9.54619000
5.10061991	0.02380444	9.63774600
5.10561991	0.02380444	9.16776000
5.11061991	0.02380444	8.14844100
5.11561991	0.02380444	8.17285700
5.12061991	0.02380444	9.28373100
5.12561991	0.02380444	9.25931500
5.13061991	0.02380444	8.05688600
5.13561991	0.02392651	8.50245700
5.14061991	0.02438429	10.54109000
5.14561991	0.02203436	11.01108000
5.15061991	0.01693777	9.90020500
5.15561991	0.01705985	9.40580500
5.16061991	0.02261421	9.49735900
5.16561991	0.02261421	9.54619000
5.17061991	0.01705985	9.63774600
5.17561991	0.01705985	9.16776000
5.18061991	0.02261421	8.14844100
5.18561991	0.02273629	8.12402700
5.19061991	0.01763970	9.05179000
5.19561991	0.01528977	9.99175900
5.20061991	0.01574755	10.91952000
5.20561991	0.01586962	10.89511000
5.21061991	0.01586962	9.87579000
5.21561991	0.01574755	9.40580500
5.22061991	0.01528977	9.49735900
5.22561991	0.01763970	9.54619000
5.23061991	0.02273629	9.63774600
5.23561991	0.02273629	9.16776000
5.24061991	0.01763970	8.14844100
5.24561991	0.01528977	8.17285700
5.25061991	0.01574755	9.28373100
5.25561991	0.01574755	9.28373100
5.26061991	0.01528977	8.17285700
5.26561991	0.01763970	8.17285700
5.27061991	0.02273629	9.28373100
5.27561991	0.02273629	9.28373100
5.28061991	0.01763970	8.17285700
5.28561991	0.01528977	8.14844100
5.29061991	0.01574755	9.16776000
5.29561991	0.01586962	9.66216000
5.30061991	0.01586962	9.66216000
5.30561991	0.01586962	9.16776000
5.31061991	0.01586962	8.14844100
5.31561991	0.01586962	8.14844100
5.32061991	0.01586962	9.16776000
5.32561991	0.01586962	9.66216000
5.33061991	0.01586962	9.66216000
5.33561991	0.01586962	9.19217500
5.34061991	0.01586962	8.26441300
5.34561991	0.01586962	7.84325600
5.35061991	0.01586962	8.02636700
5.35561991	0.01586962	7.60521200
5.36061991	0.01586962	6.67745000
5.36561991	0.01586962	6.23187900
5.37061991	0.01586962	6.32343500
5.37561991	0.01586962	6.34785000
5.38061991	0.01586962	6.34785000
5.38561991	0.01586962	6.34785000
5.39061991	0.01586962	6.34785000
5.39561991	0.01586962	6.34785000
5.40061991	0.01586962	6.34785000
5.40561991	0.01586962	6.32343500
5.41061991	0.01586962	6.23187900
5.41561991	0.01586962	6.67745000
5.42061991	0.01586962	7.60521200
5.42561991	0.01586962	8.05078300
5.43061991	0.01586962	7.95922800
5.43561991	0.01586962	7.91039800
5.44061991	0.01586962	7.81884200
5.44561991	0.01586962	8.26441300
5.45061991	0.01586962	9.19217500
5.45561991	0.01586962	9.63774600
5.46061991	0.01586962	9.54619000
5.46561991	0.01586962	9.52177400
5.47061991	0.01586962	9.52177400
5.47561991	0.01586962	9.52177400
5.48061991	0.01586962	9.52177400
5.48561991	0.01586962	9.54619000
5.49061991	0.01586962	9.63774600
5.49561991	0.01586962	9.19217500
5.50061991	0.01586962	8.26441300
5.50561991	0.01586962	7.79442700
5.51061991	0.01586962	7.79442700
5.51561991	0.01586962	8.28882700
5.52061991	0.01586962	9.30814500
5.52561991	0.01586962	9.30814500
5.53061991	0.01586962	8.28882700
5.53561991	0.01586962	7.81884200
5.54061991	0.01586962	7.91039800
5.54561991	0.01586962	7.93481200
5.55061991	0.01586962	7.93481200
5.55561991	0.01586962	7.93481200
5.56061991	0.01586962	7.93481200
5.56561991	0.01586962	7.93481200
5.57061991	0.01586962	7.93481200
5.57561991	0.01586962	7.95922800
5.58061991	0.01586962	8.05078300
5.58561991	0.01586962	7.58079800
5.59061991	0.01586962	6.56148000
5.59561991	0.01586962	6.56148000
5.60061991	0.01586962	7.58079800
5.60561991	0.01586962	8.07519700
5.61061991	0.01586962	8.07519700
5.61561991	0.01586962	7.60521200
5.62061991	0.01586962	6.67745000
5.62561991	0.01586962	6.20746500
5.63061991	0.01586962	6.20746500
5.63561991	0.01586962	6.67745000
5.64061991	0.01586962	7.60521200
5.64561991	0.01586962	8.05078300
5.65061991	0.01586962	7.95922800
5.65561991	0.01586962	7.93481200
5.66061991	0.01586962	7.93481200
5.66561991	0.01586962	7.95922800
5.67061991	0.01586962	8.05078300
5.67561991	0.01586962	7.58079800
5.68061991	0.01586962	6.56148000
5.68561991	0.01586962	6.56148000
5.69061991	0.01586962	7.58079800
5.69561991	0.01586962	8.05078300
5.70061991	0.01586962	7.95922800
5.70561991	0.01586962	7.93481200
5.71061991	0.01586962	7.93481200
5.71561991	0.01586962	7.91039800
5.72061991	0.01586962	7.81884200
5.72561991	0.01586962	8.26441300
5.73061991	0.01586962	9.19217500
5.73561991	0.01586962	9.66216000
5.74061991	0.01586962	9.66216000
5.74561991	0.01586962	9.19217500
5.75061991	0.01586962	8.26441300
5.75561991	0.01586962	7.81884200
5.76061991	0.01586962	7.91039800
5.76561991	0.01586962	7.93481200
5.77061991	0.01586962	7.93481200
5.77561991	0.01586962	7.93481200
5.78061991	0.01586962	7.93481200
5.78561991	0.01586962	7.93481200
5.79061991	0.01586962	7.93481200
5.79561991	0.01586962	7.93481200
5.80061991	0.01586962	7.93481200
5.80561991	0.01586962	7.91039800
5.81061991	0.01586962	7.81884200
5.81561991	0.01586962	8.26441300
5.82061991	0.01586962	9.19217500
5.82561991	0.01586962	9.63774600
5.83061991	0.01586962	9.54619000
5.83561991	0.01586962	9.49735900
5.84061991	0.01586962	9.40580500
5.84561991	0.01586962	9.85137500
5.85061991	0.01586962	10.77914000
5.85561991	0.01586962	11.24912000
5.86061991	0.01586962	11.24912000
5.86561991	0.01586962	10.77914000
5.87061991	0.01586962	9.85137500
5.87561991	0.01586962	9.40580500
5.88061991	0.01586962	9.49735900
5.88561991	0.01586962	9.52177400
5.89061991	0.01586962	9.52177400
5.89561991	0.01586962	9.52177400
5.90061991	0.01586962	9.52177400
5.90561991	0.01586962	9.52177400
5.91061991	0.01586962	9.52177400
5.91561991	0.01586962	9.52177400
5.92061991	0.01586962	9.52177400
5.92561991	0.01586962	9.54619000
5.93061991	0.01586962	9.63774600
5.93561991	0.01586962	9.19217500
5.94061991	0.01586962	8.26441300
5.94561991	0.01586962	7.84325600
5.95061991	0.01586962	8.02636700
5.95561991	0.01586962	7.58079800
5.96061991	0.01586962	6.56148000
5.96561991	0.01586962	6.56148000
5.97061991	0.01586962	7.58079800
5.97561991	0.01586962	8.05078300
5.98061991	0.01586962	7.95922800
5.98561991	0.01586962	7.93481200
5.99061991	0.01586962	7.93481200
5.99561991	0.01586962	7.93481200
6.00061991	0.01586962	7.93481200
6.00561991	0.01586962	7.93481200
6.01061991	0.01586962	7.93481200
6.01561991	0.01586962	7.93481200
6.02061991	0.01586962	7.93481200
6.02561991	0.01586962	7.93481200
6.03061991	0.01586962	7.93481200
6.03561991	0.01586962	7.93481200
6.04061991	0.01586962	7.93481200
6.04561991	0.01586962	7.91039800
6.05061991	0.01586962	7.81884200
6.05561991	0.01586962	8.26441300
6.06061991	0.01586962	9.19217500
6.06561991	0.01586962	9.66216000
6.07061991	0.01586962	9.66216000
6.07561991	0.01586962	9.19217500
6.08061991	0.01586962	8.26441300
6.08561991	0.01586962	7.79442700
6.09061991	0.01586962	7.79442700
6.09561991	0.01586962	8.26441300
6.10061991	0.01586962	9.19217500
6.10561991	0.01586962	9.63774600
6.11061991	0.01586962	9.54619000
6.11561991	0.01586962	9.54619000
6.12061991	0.01586962	9.63774600
6.12561991	0.01586962	9.16776000
6.13061991	0.01586962	8.14844100
6.13561991	0.01586962	8.17285700
6.14061991	0.01586962	9.28373100
6.14561991	0.01599170	9.30814500
6.15061991	0.01644948	8.28882700
6.15561991	0.01409955	7.81884200
6.16061991	0.00900296	7.91039800
6.16561991	0.00912503	7.95922800
6.17061991	0.01467940	8.05078300
6.17561991	0.01467940	7.60521200
6.18061991	0.00912503	6.67745000
6.18561991	0.00900296	6.23187900
6.19061991	0.01409955	6.32343500
6.19561991	0.01644948	6.34785000
6.20061991	0.01599170	6.34785000
6.20561991	0.01586962	6.34785000
6.21061991	0.01586962	6.34785000
6.21561991	0.01586962	6.34785000
6.22061991	0.01586962	6.34785000
6.22561991	0.01586962	6.34785000
6.23061991	0.01586962	6.34785000
6.23561991	0.01599170	6.34785000
6.24061991	0.01644948	6.34785000
6.24561991	0.01409955	6.34785000
6.25061991	0.00900296	6.34785000
6.25561991	0.00912503	6.34785000
6.26061991	0.01467940	6.34785000
6.26561991	0.01480148	6.34785000
6.27061991	0.00970489	6.34785000
6.27561991	0.00735496	6.32343500
6.28061991	0.00781274	6.23187900
6.28561991	0.00793481	6.67745000
6.29061991	0.00793481	7.60521200
6.29561991	0.00793481	8.07519700
6.30061991	0.00793481	8.07519700
6.30561991	0.00793481	7.58079800
6.31061991	0.00793481	6.56148000
6.31561991	0.00793481	6.56148000
6.32061991	0.00793481	7.58079800
6.32561991	0.00793481	8.05078300
6.33061991	0.00793481	7.95922800
6.33561991	0.00793481	7.93481200
6.34061991	0.00793481	7.93481200
6.34561991	0.00793481	7.93481200
6.35061991	0.00793481	7.93481200
6.35561991	0.00793481	7.93481200
6.36061990	0.00793481	7.93481200
6.36561990	0.00793481	7.93481200
6.37061990	0.00793481	7.93481200
6.37561990	0.00793481	7.93481200
6.38061990	0.00793481	7.93481200
6.38561990	0.00793481	7.93481200
6.39061990	0.00793481	7.93481200
6.39561990	0.00793481	7.93481200
6.40061990	0.00793481	7.93481200
6.40561990	0.00793481	7.93481200
6.41061990	0.00793481	7.93481200
6.41561990	0.00793481	7.93481200
6.42061990	0.00793481	7.93481200
6.42561990	0.00793481	7.93481200
6.43061990	0.00793481	7.93481200
6.43561990	0.00793481	7.93481200
6.44061990	0.00793481	7.93481200
6.44561990	0.00793481	7.93481200
6.45061990	0.00793481	7.93481200
6.45561990	0.00793481	7.95922800
6.46061990	0.00793481	8.05078300
6.46561990	0.00793481	7.60521200
6.47061990	0.00793481	6.67745000
6.47561990	0.00781274	6.23187900
6.48061990	0.00735496	6.32343500
6.48561990	0.00970489	6.34785000
6.49061990	0.01480148	6.34785000
6.49561990	0.01480148	6.34785000
6.50061990	0.00970489	6.34785000
6.50561990	0.00735496	6.37226500
6.51061990	0.00781274	6.46382000
6.51561990	0.00793481	5.99383500
6.52061990	0.00793481	4.97451700
6.52561990	0.00793481	4.95010200
6.53061990	0.00793481	5.87786500
6.53561990	0.00793481	6.79342000
6.54061990	0.00793481	7.62962700
6.54561990	0.00793481	8.05078300
6.55061990	0.00793481	7.95922800
6.55561990	0.00793481	7.95922800
6.56061990	0.00793481	8.05078300
6.56561990	0.00793481	7.60521200
6.57061990	0.00793481	6.67745000
6.57561990	0.00793481	6.23187900
6.58061990	0.00793481	6.32343500
6.58561990	0.00793481	6.32343500
6.59061990	0.00793481	6.23187900
6.59561990	0.00793481	6.70186400
6.60061990	0.00793481	7.72118300
6.60561990	0.00793481	7.69676800
6.61061990	0.00793481	6.58589400
6.61561990	0.00793481	6.58589400
6.62061990	0.00793481	7.69676800
6.62561990	0.00793481	7.69676800
6.63061990	0.00793481	6.58589400
6.63561990	0.00793481	6.58589400
6.64061990	0.00793481	7.69676800
6.64561990	0.00793481	7.69676800
6.65061990	0.00793481	6.58589400
6.65561990	0.00793481	6.56148000
6.66061990	0.00793481	7.58079800
6.66561990	0.00793481	8.05078300
6.67061990	0.00793481	7.95922800
6.67561990	0.00793481	7.93481200
6.68061990	0.00793481	7.93481200
6.68561990	0.00793481	7.93481200
6.69061990	0.00793481	7.93481200
6.69561990	0.00793481	7.93481200
6.70061990	0.00793481	7.93481200
6.70561990	0.00793481	7.95922800
6.71061990	0.00793481	8.05078300
6.71561990	0.00793481	7.60521200
6.72061990	0.00793481	6.67745000
6.72561990	0.00793481	6.20746500
6.73061990	0.00793481	6.20746500
6.73561990	0.00793481	6.70186400
6.74061990	0.00793481	7.72118300
6.74561990	0.00793481	7.72118300
6.75061990	0.00793481	6.70186400
6.75561990	0.00793481	6.23187900
6.76061990	0.00793481	6.32343500
6.76561990	0.00793481	6.34785000
6.77061990	0.00793481	6.34785000
6.77561990	0.00793481	6.34785000
6.78061990	0.00793481	6.34785000
6.78561990	0.00793481	6.32343500
6.79061990	0.00793481	6.23187900
6.79561990	0.00793481	6.70186400
6.80061990	0.00793481	7.72118300
6.80561990	0.00793481	7.72118300
6.81061990	0.00793481	6.70186400
6.81561990	0.00793481	6.23187900
6.82061990	0.00793481	6.32343500
6.82561990	0.00793481	6.32343500
6.83061990	0.00793481	6.23187900
6.83561990	0.00793481	6.67745000
6.84061990	0.00793481	7.60521200
6.84561990	0.00793481	8.05078300
6.85061990	0.00793481	7.95922800
6.85561990	0.00793481	7.93481200
6.86061990	0.00793481	7.93481200
6.86561990	0.00793481	7.93481200
6.87061990	0.00793481	7.93481200
6.87561990	0.00793481	7.93481200
6.88061990	0.00793481	7.93481200
6.88561990	0.00793481	7.91039800
6.89061990	0.00793481	7.81884200
6.89561990	0.00793481	8.26441300
6.90061990	0.00793481	9.19217500
6.90561990	0.00793481	9.66216000
6.91061990	0.00793481	9.66216000
6.91561990	0.00793481	9.16776000
6.92061990	0.00793481	8.14844100
6.92561990	0.00793481	8.17285700
6.93061990	0.00793481	9.28373100
6.93561990	0.00793481	9.28373100
6.94061990	0.00793481	8.17285700
6.94561990	0.00793481	8.17285700
6.95061990	0.00793481	9.28373100
6.95561990	0.00793481	9.30814500
6.96061990	0.00793481	8.28882700
6.96561990	0.00793481	7.84325600
6.97061990	0.00793481	8.02636700
6.97561990	0.00793481	7.60521200
6.98061990	0.00793481	6.67745000
6.98561990	0.00793481	6.25629500
6.99061990	0.00793481	6.43940500
6.99561990	0.00793481	6.01825000
7.00061990	0.00793481	5.09048700
7.00561990	0.00793481	4.64491700
7.01061990	0.00793481	4.73647300
7.01561990	0.00793481	4.76088700
7.02061990	0.00793481	4.76088700
7.02561990	0.00793481	4.76088700
7.03061990	0.00793481	4.76088700
7.03561990	0.00793481	4.76088700
7.04061990	0.00793481	4.76088700
7.04561990	0.00793481	4.76088700
7.05061990	0.00793481	4.76088700
7.05561990	0.00793481	4.76088700
7.06061990	0.00793481	4.76088700
7.06561990	0.00793481	4.73647300
7.07061990	0.00793481	4.64491700
7.07561990	0.00793481	5.09048700
7.08061990	0.00793481	6.01825000
7.08561990	0.00793481	6.46382000
7.09061990	0.00793481	6.37226500
7.09561990	0.00793481	6.34785000
7.10061990	0.00793481	6.34785000
7.10561990	0.00793481	6.34785000
7.11061990	0.00793481	6.34785000
7.11561990	0.00793481	6.34785000
7.12061990	0.00793481	6.34785000
7.12561990	0.00793481	6.34785000
7.13061990	0.00793481	6.34785000
7.13561990	0.00793481	6.34785000
7.14061990	0.00793481	6.34785000
7.14561990	0.00793481	6.34785000
7.15061990	0.00793481	6.34785000
7.15561990	0.00793481	6.34785000
7.16061990	0.00793481	6.34785000
7.16561990	0.00793481	6.34785000
7.17061990	0.00793481	6.34785000
7.17561990	0.00793481	6.34785000
7.18061990	0.00793481	6.34785000
7.18561990	0.00793481	6.34785000
7.19061990	0.00793481	6.34785000
7.19561990	0.00793481	6.32343500
7.20061990	0.00793481	6.23187900
7.20561990	0.00793481	6.70186400
7.21061990	0.00793481	7.72118300
7.21561990	0.00793481	7.74559700
7.22061990	0.00793481	6.81783500
7.22561990	0.00793481	5.90228000
7.23061990	0.00793481	5.06607200
7.23561990	0.00793481	4.64491700
7.24061990	0.00793481	4.73647300
7.24561990	0.00793481	4.73647300
7.25061990	0.00793481	4.64491700
7.25561990	0.00793481	5.11490200
7.26061990	0.00793481	6.13422100
7.26561990	0.00793481	6.10980600
7.27061990	0.00793481	4.99893200
7.27561990	0.00793481	4.97451700
7.28061990	0.00793481	5.99383500
7.28561990	0.00793481	6.46382000
7.29061990	0.00793481	6.37226500
7.29561990	0.00793481	6.32343500
7.30061990	0.00793481	6.23187900
7.30561990	0.00793481	6.67745000
7.31061990	0.00793481	7.60521200
7.31561990	0.00793481	8.05078300
7.32061990	0.00793481	7.95922800
7.32561990	0.00793481	7.95922800
7.33061990	0.00793481	8.05078300
7.33561990	0.00793481	7.58079800
7.34061990	0.00793481	6.56148000
7.34561990	0.00793481	6.58589400
7.35061990	0.00793481	7.69676800
7.35561990	0.00793481	7.72118300
7.36061990	0.00793481	6.70186400
7.36561990	0.00793481	6.23187900
7.37061990	0.00793481	6.32343500
7.37561990	0.00793481	6.34785000
7.38061990	0.00793481	6.34785000
7.38561990	0.00793481	6.34785000
7.39061990	0.00793481	6.34785000
7.39561990	0.00793481	6.37226500
7.40061990	0.00793481	6.46382000
7.40561990	0.00793481	5.99383500
7.41061990	0.00793481	4.97451700
7.41561990	0.00793481	4.97451700
7.42061990	0.00793481	5.99383500
7.42561990	0.00793481	6.46382000
7.43061990	0.00793481	6.37226500
7.43561990	0.00793481	6.34785000
7.44061990	0.00793481	6.34785000
7.44561990	0.00793481	6.34785000
7.45061990	0.00793481	6.34785000
7.45561990	0.00793481	6.32343500
7.46061990	0.00793481	6.23187900
7.46561990	0.00793481	6.67745000
7.47061990	0.00793481	7.60521200
7.47561990	0.00793481	8.05078300
7.48061990	0.00793481	7.95922800
7.48561990	0.00793481	7.95922800
7.49061990	0.00793481	8.05078300
7.49561990	0.00793481	7.58079800
7.50061990	0.00793481	6.56148000
7.50561990	0.00793481	6.58589400
7.51061990	0.00793481	7.69676800
7.51561990	0.00793481	7.69676800
7.52061990	0.00793481	6.58589400
7.52561990	0.00793481	6.58589400
7.53061990	0.00793481	7.69676800
7.53561990	0.00793481	7.72118300
7.54061990	0.00793481	6.70186400
7.54561990	0.00793481	6.20746500
7.55061990	0.00793481	6.20746500
7.55561990	0.00793481	6.67745000
7.56061990	0.00793481	7.60521200
7.56561990	0.00793481	8.07519700
7.57061990	0.00793481	8.07519700
7.57561990	0.00793481	7.58079800
7.58061990	0.00793481	6.56148000
7.58561990	0.00793481	6.58589400
7.59061990	0.00793481	7.69676800
7.59561990	0.00793481	7.72118300
7.60061990	0.00793481	6.70186400
7.60561990	0.00793481	6.25629500
7.61061990	0.00793481	6.43940500
7.61561990	0.00793481	5.99383500
7.62061990	0.00793481	4.97451700
7.62561990	0.00793481	4.99893200
7.63061990	0.00793481	6.10980600
7.63561990	0.00793481	6.13422100
7.64061990	0.00793481	5.11490200
7.64561990	0.00793481	4.62050200
7.65061990	0.00793481	4.62050200
7.65561990	0.00793481	5.11490200
7.66061990	0.00793481	6.13422100
7.66561990	0.00793481	6.10980600
7.67061990	0.00793481	4.99893200
7.67561990	0.00793481	4.97451700
7.68061990	0.00793481	5.99383500
7.68561990	0.00793481	6.43940500
7.69061990	0.00793481	6.25629500
7.69561990	0.00793481	6.67745000
7.70061990	0.00793481	7.60521200
7.70561990	0.00793481	8.07519700
7.71061990	0.00793481	8.07519700
7.71561990	0.00793481	7.58079800
7.72061990	0.00793481	6.56148000
7.72561990	0.00793481	6.56148000
7.73061990	0.00793481	7.58079800
7.73561990	0.00793481	8.05078300
7.74061990	0.00793481	7.95922800
7.74561990	0.00793481	7.95922800
7.75061990	0.00793481	8.05078300
7.75561990	0.00793481	7.58079800
7.76061990	0.00793481	6.56148000
7.76561990	0.00793481	6.58589400
7.77061990	0.00793481	7.69676800
7.77561990	0.00793481	7.72118300
7.78061990	0.00793481	6.70186400
7.78561990	0.00793481	6.23187900
7.79061990	0.00793481	6.32343500
7.79561990	0.00793481	6.37226500
7.80061990	0.00793481	6.46382000
7.80561990	0.00793481	5.99383500
7.81061990	0.00793481	4.97451700
7.81561990	0.00793481	4.95010200
7.82061990	0.00793481	5.87786500
7.82561990	0.00793481	6.81783500
7.83061990	0.00793481	7.74559700
7.83561990	0.00793481	7.72118300
7.84061990	0.00793481	6.70186400
7.84561990	0.00793481	6.23187900
7.85061990	0.00793481	6.32343500
7.85561990	0.00793481	6.37226500
7.86061990	0.00793481	6.46382000
7.86561990	0.00793481	6.01825000
7.87061990	0.00793481	5.09048700
7.87561990	0.00793481	4.62050200
7.88061990	0.00793481	4.62050200
7.88561990	0.00793481	5.11490200
7.89061990	0.00793481	6.13422100
7.89561990	0.00793481	6.13422100
7.90061990	0.00793481	5.11490200
7.90561990	0.00793481	4.64491700
7.91061990	0.00793481	4.73647300
7.91561990	0.00793481	4.78530200
7.92061990	0.00793481	4.87685800
7.92561990	0.00793481	4.40687300
7.93061990	0.00793481	3.38755500
7.93561990	0.00793481	3.38755500
7.94061990	0.00793481	4.40687300
7.94561990	0.00793481	4.87685800
7.95061990	0.00793481	4.78530200
7.95561990	0.00793481	4.76088700
7.96061990	0.00793481	4.76088700
7.96561990	0.00793481	4.76088700
7.97061990	0.00793481	4.76088700
7.97561990	0.00793481	4.76088700
7.98061990	0.00793481	4.76088700
7.98561990	0.00793481	4.73647300
7.99061990	0.00793481	4.64491700
7.99561990	0.00793481	5.09048700
8.00061990	0.00793481	6.01825000
8.00561990	0.00793481	6.46382000
8.01061989	0.00793481	6.37226500
8.01561989	0.00793481	6.37226500
8.02061989	0.00793481	6.46382000
8.02561989	0.00793481	6.01825000
8.03061989	0.00793481	5.09048700
8.03561989	0.00793481	4.64491700
8.04061989	0.00793481	4.73647300
8.04561989	0.00793481	4.76088700
8.05061989	0.00793481	4.76088700
8.05561989	0.00793481	4.76088700
8.06061989	0.00793481	4.76088700
8.06561989	0.00793481	4.78530200
8.07061989	0.00793481	4.87685800
8.07561989	0.00793481	4.40687300
8.08061989	0.00793481	3.38755500
8.08561989	0.00793481	3.38755500
8.09061989	0.00793481	4.40687300
8.09561989	0.00793481	4.87685800
8.10061989	0.00793481	4.78530200
8.10561989	0.00793481	4.76088700
8.11061989	0.00793481	4.76088700
8.11561989	0.00793481	4.76088700
8.12061989	0.00793481	4.76088700
8.12561989	0.00793481	4.73647300
8.13061989	0.00793481	4.64491700
8.13561989	0.00793481	5.09048700
8.14061989	0.00793481	6.01825000
8.14561989	0.00793481	6.48823500
8.15061989	0.00793481	6.48823500
8.15561989	0.00793481	6.01825000
8.16061989	0.00793481	5.09048700
8.16561989	0.00793481	4.64491700
8.17061989	0.00793481	4.73647300
8.17561989	0.00793481	4.73647300
8.18061989	0.00793481	4.64491700
8.18561989	0.00793481	5.11490200
8.19061989	0.00793481	6.13422100
8.19561989	0.00793481	6.13422100
8.20061989	0.00793481	5.11490200
8.20561989	0.00793481	4.62050200
8.21061989	0.00793481	4.62050200
8.21561989	0.00793481	5.11490200
8.22061989	0.00793481	6.13422100
8.22561989	0.00793481	6.13422100
8.23061989	0.00793481	5.11490200
8.23561989	0.00793481	4.62050200
8.24061989	0.00793481	4.62050200
8.24561989	0.00793481	5.09048700
8.25061989	0.00793481	6.01825000
8.25561989	0.00793481	6.46382000
8.26061989	0.00793481	6.37226500
8.26561989	0.00793481	6.34785000
8.27061989	0.00793481	6.34785000
8.27561989	0.00793481	6.34785000
8.28061989	0.00793481	6.34785000
8.28561989	0.00793481	6.32343500
8.29061989	0.00793481	6.23187900
8.29561989	0.00793481	6.70186400
8.30061989	0.00793481	7.72118300
8.30561989	0.00793481	7.72118300
8.31061989	0.00793481	6.70186400
8.31561989	0.00793481	6.20746500
8.32061989	0.00793481	6.20746500
8.32561989	0.00793481	6.67745000
8.33061989	0.00793481	7.60521200
8.33561989	0.00793481	8.07519700
8.34061989	0.00793481	8.07519700
8.34561989	0.00793481	7.58079800
8.35061989	0.00793481	6.56148000
8.35561989	0.00793481	6.56148000
8.36061989	0.00793481	7.58079800
8.36561989	0.00793481	8.05078300
8.37061989	0.00793481	7.95922800
8.37561989	0.00793481	7.93481200
8.38061989	0.00793481	7.93481200
8.38561989	0.00793481	7.93481200
8.39061989	0.00793481	7.93481200
8.39561989	0.00793481	7.95922800
8.40061989	0.00793481	8.05078300
8.40561989	0.00793481	7.60521200
8.41061989	0.00793481	6.67745000
8.41561989	0.00793481	6.25629500
8.42061989	0.00793481	6.43940500
8.42561989	0.00793481	6.01825000
8.43061989	0.00793481	5.09048700
8.43561989	0.00793481	4.62050200
8.44061989	0.00793481	4.62050200
8.44561989	0.00793481	5.11490200
8.45061989	0.00793481	6.13422100
8.45561989	0.00793481	6.13422100
8.46061989	0.00793481	5.11490200
8.46561989	0.00793481	4.64491700
8.47061989	0.00793481	4.73647300
8.47561989	0.00793481	4.73647300
8.48061989	0.00793481	4.64491700
8.48561989	0.00793481	5.09048700
8.49061989	0.00793481	6.01825000
8.49561989	0.00793481	6.48823500
8.50061989	0.00793481	6.48823500
8.50561989	0.00793481	5.96942000
8.51061989	0.00793481	4.85854700
8.51561989	0.00793481	5.30411700
8.52061989	0.00793481	7.25119700
8.52561989	0.00793481	8.16675300
8.53061989	0.00793481	7.98364200
8.53561989	0.00793481	7.95922800
8.54061989	0.00793481	8.05078300
8.54561989	0.00793481	7.58079800
8.55061989	0.00793481	6.56148000
8.55561989	0.00793481	6.56148000
8.56061989	0.00793481	7.58079800
8.56561989	0.00793481	8.05078300
8.57061989	0.00793481	7.95922800
8.57561989	0.00793481	7.93481200
8.58061989	0.00793481	7.93481200
8.58561989	0.00793481	7.95922800
8.59061989	0.00793481	8.05078300
8.59561989	0.00793481	7.60521200
8.60061989	0.00793481	6.67745000
8.60561989	0.00793481	6.20746500
8.61061989	0.00793481	6.20746500
8.61561989	0.00793481	6.67745000
8.62061989	0.00793481	7.60521200
8.62561989	0.00793481	8.07519700
8.63061989	0.00793481	8.07519700
8.63561989	0.00793481	7.60521200
8.64061989	0.00793481	6.67745000
8.64561989	0.00793481	6.20746500
8.65061989	0.00793481	6.20746500
8.65561989	0.00793481	6.67745000
8.66061989	0.00793481	7.60521200
8.66561989	0.00793481	8.05078300
8.67061989	0.00793481	7.95922800
8.67561989	0.00793481	7.93481200
8.68061989	0.00793481	7.93481200
8.68561989	0.00793481	7.95922800
8.69061989	0.00793481	8.05078300
8.69561989	0.00793481	7.58079800
8.70061989	0.00793481	6.56148000
8.70561989	0.00793481	6.58589400
8.71061989	0.00793481	7.69676800
8.71561989	0.00793481	7.72118300
8.72061989	0.00793481	6.70186400
8.72561989	0.00805689	6.23187900
8.73061989	0.00851466	6.32343500
8.73561989	0.00616474	6.34785000
8.74061989	0.00106815	6.34785000
8.74561989	0.00106815	6.34785000
8.75061989	0.00616474	6.34785000
8.75561989	0.00851466	6.37226500
8.76061989	0.00805689	6.46382000
8.76561989	0.00793481	5.99383500
8.77061989	0.00793481	4.97451700
8.77561989	0.00805689	4.97451700
8.78061989	0.00851466	5.99383500
8.78561989	0.00616474	6.48823500
8.79061989	0.00106815	6.48823500
8.79561989	0.00106815	6.01825000
8.80061989	0.00616474	5.09048700
8.80561989	0.00851466	4.62050200
8.81061989	0.00805689	4.62050200
8.81561989	0.00793481	5.11490200
8.82061989	0.00793481	6.13422100
8.82561989	0.00805689	6.13422100
8.83061989	0.00851466	5.11490200
8.83561989	0.00616474	4.64491700
8.84061989	0.00106815	4.73647300
8.84561989	0.00106815	4.73647300
8.85061989	0.00616474	4.64491700
8.85561989	0.00863674	5.09048700
8.86061989	0.00863674	6.01825000
8.86561989	0.00616474	6.43940500
8.87061989	0.00106815	6.25629500
8.87561989	0.00106815	6.67745000
8.88061989	0.00616474	7.60521200
8.88561989	0.00851466	8.05078300
8.89061989	0.00805689	7.95922800
8.89561989	0.00793481	7.93481200
8.90061989	0.00793481	7.93481200
8.90561989	0.00793481	7.93481200
8.91061989	0.00793481	7.93481200
8.91561989	0.00793481	7.93481200
8.92061989	0.00793481	7.93481200
8.92561989	0.00793481	7.93481200
8.93061989	0.00793481	7.93481200
8.93561989	0.00793481	7.93481200
8.94061989	0.00793481	7.93481200
8.94561989	0.00793481	7.93481200
8.95061989	0.00793481	7.93481200
8.95561989	0.00793481	7.93481200
8.96061989	0.00793481	7.93481200
8.96561989	0.00793481	7.93481200
8.97061989	0.00793481	7.93481200
8.97561989	0.00793481	7.95922800
8.98061989	0.00793481	8.05078300
8.98561989	0.00793481	7.60521200
8.99061989	0.00793481	6.67745000
8.99561989	0.00793481	6.23187900
9.00061989	0.00793481	6.32343500
9.00561989	0.00793481	6.37226500
9.01061989	0.00793481	6.46382000
9.01561989	0.00793481	6.01825000
9.02061989	0.00793481	5.09048700
9.02561989	0.00793481	4.64491700
9.03061989	0.00793481	4.73647300
