Time	Channel A	Channel B
(us)	(V)	(mV)

-4.99605085	0.00000000	3.17392500
-4.95605085	0.00000000	4.76088700
-4.91605085	0.00000000	4.76088700
-4.87605085	0.00000000	4.76088700
-4.83605085	0.00000000	4.76088700
-4.79605085	0.00000000	1.58696200
-4.75605085	0.00000000	3.17392500
-4.71605085	0.00000000	4.76088700
-4.67605085	0.00000000	4.76088700
-4.63605085	0.00000000	4.76088700
-4.59605085	0.00000000	4.76088700
-4.55605085	0.00000000	3.17392500
-4.51605085	0.00000000	3.17392500
-4.47605085	0.00000000	4.76088700
-4.43605085	0.00000000	3.17392500
-4.39605085	0.00000000	3.17392500
-4.35605085	0.00000000	4.76088700
-4.31605085	0.00000000	1.58696200
-4.27605085	0.00000000	1.58696200
-4.23605085	0.00000000	1.58696200
-4.19605085	0.00000000	1.58696200
-4.15605085	0.00000000	3.17392500
-4.11605085	0.00000000	4.76088700
-4.07605085	0.00000000	6.34785000
-4.03605085	0.00000000	4.76088700
-3.99605085	0.00000000	3.17392500
-3.95605085	0.00000000	3.17392500
-3.91605085	0.00000000	3.17392500
-3.87605085	0.00000000	4.76088700
-3.83605085	0.00000000	6.34785000
-3.79605085	0.00000000	4.76088700
-3.75605086	0.00000000	3.17392500
-3.71605086	0.00000000	4.76088700
-3.67605086	0.00000000	4.76088700
-3.63605086	0.00000000	3.17392500
-3.59605086	0.00000000	4.76088700
-3.55605086	0.00000000	4.76088700
-3.51605086	0.00000000	6.34785000
-3.47605086	0.00000000	4.76088700
-3.43605086	0.00000000	4.76088700
-3.39605086	0.00000000	4.76088700
-3.35605086	0.00000000	4.76088700
-3.31605086	0.00000000	4.76088700
-3.27605086	0.00000000	7.93481200
-3.23605086	0.00000000	6.34785000
-3.19605086	0.00000000	4.76088700
-3.15605086	0.00000000	3.17392500
-3.11605086	0.00000000	6.34785000
-3.07605086	0.00000000	6.34785000
-3.03605086	0.00000000	4.76088700
-2.99605086	0.00000000	4.76088700
-2.95605086	0.00000000	3.17392500
-2.91605086	0.00000000	3.17392500
-2.87605086	0.00000000	4.76088700
-2.83605086	0.00000000	4.76088700
-2.79605086	0.00000000	4.76088700
-2.75605086	0.00000000	4.76088700
-2.71605086	0.00000000	6.34785000
-2.67605086	0.00000000	6.34785000
-2.63605086	0.00000000	4.76088700
-2.59605086	0.00000000	3.17392500
-2.55605086	0.00000000	4.76088700
-2.51605086	0.00000000	3.17392500
-2.47605086	0.00000000	3.17392500
-2.43605086	0.00000000	6.34785000
-2.39605086	0.00000000	3.17392500
-2.35605086	0.00000000	4.76088700
-2.31605086	0.00000000	6.34785000
-2.27605086	0.00000000	3.17392500
-2.23605086	0.00000000	3.17392500
-2.19605086	0.00000000	3.17392500
-2.15605086	0.00000000	4.76088700
-2.11605087	0.00000000	4.76088700
-2.07605087	0.00000000	4.76088700
-2.03605087	0.00000000	4.76088700
-1.99605087	0.00000000	4.76088700
-1.95605087	0.00000000	3.17392500
-1.91605087	0.00000000	6.34785000
-1.87605087	0.00000000	6.34785000
-1.83605087	0.00000000	6.34785000
-1.79605087	0.00000000	6.34785000
-1.75605087	0.00000000	7.93481200
-1.71605087	0.00000000	4.76088700
-1.67605087	0.00000000	6.34785000
-1.63605087	0.00000000	6.34785000
-1.59605087	0.00000000	4.76088700
-1.55605087	0.00000000	4.76088700
-1.51605087	0.00000000	4.76088700
-1.47605087	0.00000000	4.76088700
-1.43605087	0.00000000	3.17392500
-1.39605087	0.00000000	4.76088700
-1.35605087	0.00000000	4.76088700
-1.31605087	0.00000000	6.34785000
-1.27605087	0.00000000	6.34785000
-1.23605087	0.00000000	6.34785000
-1.19605087	0.00000000	7.93481200
-1.15605087	0.00000000	4.76088700
-1.11605087	0.00000000	4.76088700
-1.07605087	0.00000000	4.76088700
-1.03605087	0.00000000	6.34785000
-0.99605087	0.00000000	6.34785000
-0.95605087	0.00000000	6.34785000
-0.91605087	0.00000000	4.76088700
-0.87605087	0.00000000	4.76088700
-0.83605087	0.00000000	4.76088700
-0.79605087	0.00000000	4.76088700
-0.75605087	0.00000000	4.76088700
-0.71605087	0.00000000	3.17392500
-0.67605087	0.00000000	6.34785000
-0.63605087	0.00000000	6.34785000
-0.59605087	0.00000000	6.34785000
-0.55605087	0.00000000	4.76088700
-0.51605087	0.00000000	4.76088700
-0.47605088	0.00000000	4.76088700
-0.43605088	0.00000000	6.34785000
-0.39605088	0.00000000	6.34785000
-0.35605088	0.00000000	4.76088700
-0.31605088	0.00000000	6.34785000
-0.27605088	0.00000000	4.76088700
-0.23605088	0.00000000	4.76088700
-0.19605088	0.00793481	4.76088700
-0.15605088	0.02380444	3.17392500
-0.11605088	0.03173925	1.58696200
-0.07605088	0.05554369	-1.58696200
-0.03605088	0.07934812	-3.17392500
0.00394912	0.09521775	-4.76088700
0.04394912	0.11902220	-4.76088700
0.08394912	0.12695700	-1.58696200
0.12394912	0.11902220	1.58696200
0.16394912	0.11108740	1.58696200
0.20394912	0.10315260	0.00000000
0.24394912	0.09521775	-1.58696200
0.28394912	0.09521775	1.58696200
0.32394912	0.09521775	1.58696200
0.36394912	0.08728294	4.76088700
0.40394912	0.08728294	3.17392500
0.44394912	0.08728294	3.17392500
0.48394912	0.08728294	4.76088700
0.52394912	0.08728294	4.76088700
0.56394912	0.07934812	3.17392500
0.60394912	0.07934812	4.76088700
0.64394912	0.07934812	4.76088700
0.68394912	0.07934812	4.76088700
0.72394912	0.07934812	6.34785000
0.76394912	0.07141331	6.34785000
0.80394912	0.07141331	7.93481200
0.84394912	0.07141331	6.34785000
0.88394912	0.07141331	4.76088700
0.92394912	0.07141331	4.76088700
0.96394912	0.07141331	4.76088700
1.00394912	0.07141331	6.34785000
1.04394912	0.06347850	6.34785000
1.08394912	0.06347850	6.34785000
1.12394912	0.06347850	6.34785000
1.16394911	0.06347850	7.93481200
1.20394911	0.06347850	6.34785000
1.24394911	0.06347850	7.93481200
1.28394911	0.05554369	7.93481200
1.32394911	0.05554369	6.34785000
1.36394911	0.05554369	6.34785000
1.40394911	0.05554369	7.93481200
1.44394911	0.05554369	7.93481200
1.48394911	0.05554369	6.34785000
1.52394911	0.05554369	6.34785000
1.56394911	0.04760887	6.34785000
1.60394911	0.04760887	4.76088700
1.64394911	0.04760887	4.76088700
1.68394911	0.04760887	6.34785000
1.72394911	0.04760887	4.76088700
1.76394911	0.04760887	4.76088700
1.80394911	0.04760887	6.34785000
1.84394911	0.04760887	6.34785000
1.88394911	0.04760887	6.34785000
1.92394911	0.03967406	4.76088700
1.96394911	0.03967406	4.76088700
2.00394911	0.03967406	4.76088700
2.04394911	0.03967406	6.34785000
2.08394911	0.03967406	6.34785000
2.12394911	0.03967406	6.34785000
2.16394911	0.03967406	7.93481200
2.20394911	0.03967406	6.34785000
2.24394911	0.03967406	4.76088700
2.28394911	0.03967406	4.76088700
2.32394911	0.03967406	4.76088700
2.36394911	0.03967406	6.34785000
2.40394911	0.03967406	6.34785000
2.44394911	0.03173925	6.34785000
2.48394911	0.03173925	7.93481200
2.52394911	0.03173925	6.34785000
2.56394911	0.03173925	4.76088700
2.60394911	0.03173925	4.76088700
2.64394911	0.03173925	7.93481200
2.68394911	0.03173925	7.93481200
2.72394911	0.03173925	6.34785000
2.76394911	0.03173925	6.34785000
2.80394910	0.03173925	4.76088700
2.84394910	0.03173925	4.76088700
2.88394910	0.03173925	4.76088700
2.92394910	0.02380444	4.76088700
2.96394910	0.03173925	4.76088700
3.00394910	0.02380444	4.76088700
3.04394910	0.02380444	6.34785000
3.08394910	0.02380444	4.76088700
3.12394910	0.02380444	4.76088700
3.16394910	0.02380444	6.34785000
3.20394910	0.02380444	6.34785000
3.24394910	0.02380444	6.34785000
3.28394910	0.02380444	6.34785000
3.32394910	0.02380444	6.34785000
3.36394910	0.02380444	4.76088700
3.40394910	0.02380444	4.76088700
3.44394910	0.02380444	4.76088700
3.48394910	0.02380444	4.76088700
3.52394910	0.02380444	6.34785000
3.56394910	0.02380444	6.34785000
3.60394910	0.02380444	4.76088700
3.64394910	0.02380444	6.34785000
3.68394910	0.02380444	6.34785000
3.72394910	0.02380444	6.34785000
3.76394910	0.01586962	4.76088700
3.80394910	0.01586962	4.76088700
3.84394910	0.01586962	6.34785000
3.88394910	0.01586962	4.76088700
3.92394910	0.01586962	6.34785000
3.96394910	0.01586962	4.76088700
4.00394910	0.01586962	4.76088700
4.04394910	0.01586962	6.34785000
4.08394910	0.01586962	6.34785000
4.12394910	0.01586962	6.34785000
4.16394910	0.01586962	6.34785000
4.20394910	0.01586962	6.34785000
4.24394910	0.01586962	6.34785000
4.28394910	0.01586962	6.34785000
4.32394910	0.01586962	3.17392500
4.36394910	0.01586962	3.17392500
4.40394910	0.01586962	6.34785000
4.44394909	0.01586962	4.76088700
4.48394909	0.01586962	6.34785000
4.52394909	0.01586962	6.34785000
4.56394909	0.01586962	4.76088700
4.60394909	0.01586962	4.76088700
4.64394909	0.01586962	6.34785000
4.68394909	0.01586962	6.34785000
4.72394909	0.01586962	6.34785000
4.76394909	0.01586962	4.76088700
4.80394909	0.01586962	4.76088700
4.84394909	0.01586962	4.76088700
4.88394909	0.01586962	4.76088700
4.92394909	0.01586962	6.34785000
4.96394909	0.01586962	4.76088700
5.00394909	0.01586962	4.76088700
5.04394909	0.01586962	4.76088700
5.08394909	0.00793481	4.76088700
5.12394909	0.00793481	4.76088700
5.16394909	0.00793481	4.76088700
5.20394909	0.00793481	3.17392500
5.24394909	0.00793481	4.76088700
5.28394909	0.00793481	3.17392500
5.32394909	0.00793481	6.34785000
5.36394909	0.00793481	4.76088700
5.40394909	0.00793481	4.76088700
5.44394909	0.00793481	6.34785000
5.48394909	0.00793481	4.76088700
5.52394909	0.01586962	4.76088700
5.56394909	0.00793481	4.76088700
5.60394909	0.00793481	3.17392500
5.64394909	0.00793481	3.17392500
5.68394909	0.00793481	4.76088700
5.72394909	0.00793481	4.76088700
5.76394909	0.00793481	3.17392500
5.80394909	0.00793481	6.34785000
5.84394909	0.00793481	4.76088700
5.88394909	0.00793481	3.17392500
5.92394909	0.00793481	4.76088700
5.96394909	0.00793481	4.76088700
6.00394909	0.00793481	3.17392500
6.04394909	0.00793481	4.76088700
6.08394908	0.00793481	4.76088700
6.12394908	0.00793481	4.76088700
6.16394908	0.00793481	3.17392500
6.20394908	0.00793481	3.17392500
6.24394908	0.00793481	4.76088700
6.28394908	0.00793481	4.76088700
6.32394908	0.00793481	3.17392500
6.36394908	0.00793481	4.76088700
6.40394908	0.00793481	3.17392500
6.44394908	0.00793481	4.76088700
6.48394908	0.00793481	4.76088700
6.52394908	0.00793481	3.17392500
6.56394908	0.00793481	3.17392500
6.60394908	0.00793481	1.58696200
6.64394908	0.00793481	4.76088700
6.68394908	0.00793481	6.34785000
6.72394908	0.00793481	4.76088700
6.76394908	0.00793481	4.76088700
6.80394908	0.00793481	1.58696200
6.84394908	0.00793481	0.00000000
6.88394908	0.00793481	1.58696200
6.92394908	0.00793481	1.58696200
6.96394908	0.00793481	3.17392500
7.00394908	0.00793481	4.76088700
7.04394908	0.00793481	3.17392500
7.08394908	0.00793481	3.17392500
7.12394908	0.00793481	3.17392500
7.16394908	0.00793481	3.17392500
7.20394908	0.00793481	3.17392500
7.24394908	0.00793481	4.76088700
7.28394908	0.00793481	4.76088700
7.32394908	0.00793481	4.76088700
7.36394908	0.00793481	3.17392500
7.40394908	0.00793481	3.17392500
7.44394908	0.00793481	3.17392500
7.48394908	0.00793481	1.58696200
7.52394908	0.00793481	3.17392500
7.56394908	0.00793481	1.58696200
7.60394908	0.00793481	1.58696200
7.64394908	0.00000000	1.58696200
7.68394908	0.00000000	3.17392500
7.72394908	0.00793481	4.76088700
7.76394907	0.00000000	3.17392500
7.80394907	0.00000000	3.17392500
7.84394907	0.00000000	3.17392500
7.88394907	0.00000000	3.17392500
7.92394907	0.00000000	3.17392500
7.96394907	0.00000000	3.17392500
8.00394907	0.00000000	3.17392500
8.04394907	0.00793481	3.17392500
8.08394907	0.00000000	3.17392500
8.12394907	0.00793481	4.76088700
8.16394907	0.00000000	4.76088700
8.20394907	0.00000000	4.76088700
8.24394907	0.00793481	1.58696200
8.28394907	0.00000000	3.17392500
8.32394907	0.00000000	3.17392500
8.36394907	0.00000000	4.76088700
8.40394907	0.00000000	1.58696200
8.44394907	0.00000000	1.58696200
8.48394907	0.00000000	1.58696200
8.52394907	0.00000000	0.00000000
8.56394907	0.00000000	1.58696200
8.60394907	0.00793481	3.17392500
8.64394907	0.00000000	3.17392500
8.68394907	0.00000000	1.58696200
8.72394907	0.00000000	3.17392500
8.76394907	0.00000000	3.17392500
8.80394907	0.00793481	1.58696200
8.84394907	0.00000000	0.00000000
8.88394907	0.00000000	0.00000000
8.92394907	0.00793481	1.58696200
8.96394907	0.00000000	3.17392500
9.00394907	0.00000000	4.76088700
9.04394907	0.00793481	3.17392500
9.08394907	0.00793481	1.58696200
9.12394907	0.00000000	3.17392500
9.16394907	0.00000000	3.17392500
9.20394907	0.00000000	3.17392500
9.24394907	0.00000000	3.17392500
9.28394907	0.00000000	3.17392500
9.32394907	0.00000000	3.17392500
9.36394907	0.00000000	3.17392500
9.40394906	0.00000000	1.58696200
9.44394906	0.00000000	3.17392500
9.48394906	0.00000000	1.58696200
9.52394906	0.00000000	1.58696200
9.56394906	0.00000000	3.17392500
9.60394906	0.00000000	1.58696200
9.64394906	0.00000000	0.00000000
9.68394906	0.00000000	1.58696200
9.72394906	0.00000000	1.58696200
9.76394906	0.00000000	3.17392500
9.80394906	0.00000000	1.58696200
9.84394906	0.00000000	3.17392500
9.88394906	0.00000000	1.58696200
9.92394906	0.00000000	0.00000000
9.96394906	0.00000000	1.58696200
10.00394906	0.00000000	1.58696200
10.04394906	0.00000000	1.58696200
10.08394906	0.00000000	3.17392500
10.12394906	0.00000000	3.17392500
10.16394906	0.00000000	3.17392500
10.20394906	0.00000000	1.58696200
10.24394906	0.00000000	1.58696200
10.28394906	0.00000000	1.58696200
10.32394906	0.00000000	1.58696200
10.36394906	0.00000000	3.17392500
10.40394906	0.00000000	3.17392500
10.44394906	0.00000000	1.58696200
10.48394906	0.00000000	0.00000000
10.52394906	0.00000000	0.00000000
10.56394906	0.00000000	1.58696200
10.60394906	0.00000000	1.58696200
10.64394906	0.00000000	1.58696200
10.68394906	0.00000000	1.58696200
10.72394906	0.00000000	3.17392500
10.76394906	0.00000000	3.17392500
10.80394906	0.00000000	1.58696200
10.84394906	0.00000000	1.58696200
10.88394906	0.00000000	1.58696200
10.92394906	0.00000000	3.17392500
10.96394906	0.00000000	3.17392500
11.00394906	0.00000000	4.76088700
11.04394905	0.00000000	1.58696200
11.08394905	0.00000000	1.58696200
11.12394905	0.00000000	1.58696200
11.16394905	0.00000000	1.58696200
11.20394905	0.00000000	1.58696200
11.24394905	0.00000000	1.58696200
11.28394905	0.00000000	3.17392500
11.32394905	0.00000000	1.58696200
11.36394905	0.00000000	3.17392500
11.40394905	0.00000000	3.17392500
11.44394905	0.00000000	3.17392500
11.48394905	0.00000000	1.58696200
11.52394905	0.00000000	1.58696200
11.56394905	0.00000000	3.17392500
11.60394905	0.00000000	3.17392500
11.64394905	0.00000000	1.58696200
11.68394905	0.00000000	1.58696200
11.72394905	0.00000000	1.58696200
11.76394905	0.00000000	1.58696200
11.80394905	0.00000000	1.58696200
11.84394905	0.00000000	1.58696200
11.88394905	0.00000000	1.58696200
11.92394905	0.00000000	1.58696200
11.96394905	0.00000000	0.00000000
12.00394905	0.00000000	0.00000000
12.04394905	0.00000000	1.58696200
12.08394905	0.00000000	3.17392500
12.12394905	0.00000000	3.17392500
12.16394905	0.00000000	3.17392500
12.20394905	0.00000000	3.17392500
12.24394905	0.00000000	1.58696200
12.28394905	0.00000000	-1.58696200
12.32394905	0.00000000	0.00000000
12.36394905	0.00000000	1.58696200
12.40394905	0.00000000	1.58696200
12.44394905	0.00000000	1.58696200
12.48394905	0.00000000	1.58696200
12.52394905	0.00000000	1.58696200
12.56394905	0.00000000	0.00000000
12.60394905	0.00000000	1.58696200
12.64394905	0.00000000	3.17392500
12.68394904	0.00000000	3.17392500
12.72394904	0.00000000	1.58696200
12.76394904	0.00000000	1.58696200
12.80394904	0.00000000	1.58696200
12.84394904	0.00000000	1.58696200
12.88394904	0.00000000	1.58696200
12.92394904	0.00000000	1.58696200
12.96394904	0.00000000	1.58696200
13.00394904	0.00000000	1.58696200
13.04394904	0.00000000	0.00000000
13.08394904	0.00000000	1.58696200
13.12394904	0.00000000	1.58696200
13.16394904	0.00000000	1.58696200
13.20394904	0.00000000	3.17392500
13.24394904	0.00000000	3.17392500
13.28394904	0.00000000	3.17392500
13.32394904	0.00000000	1.58696200
13.36394904	0.00000000	1.58696200
13.40394904	0.00000000	4.76088700
13.44394904	0.00000000	4.76088700
13.48394904	0.00000000	3.17392500
13.52394904	0.00000000	3.17392500
13.56394904	0.00000000	3.17392500
13.60394904	0.00000000	1.58696200
13.64394904	0.00000000	1.58696200
13.68394904	0.00000000	1.58696200
13.72394904	0.00000000	3.17392500
13.76394904	0.00000000	1.58696200
13.80394904	0.00000000	3.17392500
13.84394904	0.00000000	3.17392500
13.88394904	0.00000000	1.58696200
13.92394904	0.00000000	1.58696200
13.96394904	0.00000000	1.58696200
14.00394904	0.00000000	1.58696200
14.04394904	0.00000000	1.58696200
14.08394904	0.00000000	3.17392500
14.12394904	0.00000000	3.17392500
14.16394904	0.00000000	1.58696200
14.20394904	0.00000000	3.17392500
14.24394904	0.00000000	1.58696200
14.28394904	0.00000000	3.17392500
14.32394903	0.00000000	1.58696200
14.36394903	0.00000000	1.58696200
14.40394903	0.00000000	1.58696200
14.44394903	0.00000000	1.58696200
14.48394903	0.00000000	1.58696200
14.52394903	0.00000000	1.58696200
14.56394903	0.00000000	3.17392500
14.60394903	0.00000000	1.58696200
14.64394903	0.00000000	3.17392500
14.68394903	0.00000000	3.17392500
14.72394903	0.00000000	1.58696200
14.76394903	0.00000000	3.17392500
14.80394903	0.00000000	3.17392500
14.84394903	0.00000000	1.58696200
14.88394903	0.00000000	3.17392500
14.92394903	0.00000000	1.58696200
14.96394903	0.00000000	3.17392500
15.00394903	0.00000000	3.17392500
15.04394903	0.00000000	4.76088700
15.08394903	0.00000000	3.17392500
15.12394903	0.00000000	0.00000000
15.16394903	0.00000000	1.58696200
15.20394903	0.00000000	3.17392500
15.24394903	0.00000000	3.17392500
15.28394903	0.00000000	4.76088700
15.32394903	0.00000000	4.76088700
15.36394903	0.00000000	3.17392500
15.40394903	0.00000000	1.58696200
15.44394903	0.00000000	3.17392500
15.48394903	0.00000000	3.17392500
15.52394903	0.00000000	3.17392500
15.56394903	0.00000000	3.17392500
15.60394903	0.00000000	3.17392500
15.64394903	0.00000000	3.17392500
15.68394903	0.00000000	3.17392500
15.72394903	0.00000000	3.17392500
15.76394903	0.00000000	1.58696200
15.80394903	0.00000000	3.17392500
15.84394903	0.00000000	3.17392500
15.88394903	0.00000000	1.58696200
15.92394903	0.00000000	1.58696200
15.96394902	0.00000000	3.17392500
16.00394902	0.00000000	1.58696200
16.04394902	0.00000000	1.58696200
16.08394902	0.00000000	3.17392500
16.12394902	0.00000000	3.17392500
16.16394902	0.00000000	1.58696200
16.20394902	0.00000000	1.58696200
16.24394902	0.00000000	1.58696200
16.28394902	0.00000000	1.58696200
16.32394902	0.00000000	1.58696200
16.36394902	0.00000000	1.58696200
16.40394902	0.00000000	0.00000000
16.44394902	0.00000000	1.58696200
16.48394902	0.00000000	3.17392500
16.52394902	0.00000000	1.58696200
16.56394902	0.00000000	1.58696200
16.60394902	0.00000000	1.58696200
16.64394902	0.00000000	1.58696200
16.68394902	0.00000000	3.17392500
16.72394902	0.00000000	3.17392500
16.76394902	0.00000000	1.58696200
16.80394902	0.00000000	1.58696200
16.84394902	0.00000000	1.58696200
16.88394902	0.00000000	1.58696200
16.92394902	0.00000000	3.17392500
16.96394902	0.00000000	1.58696200
17.00394902	0.00000000	1.58696200
17.04394902	0.00000000	1.58696200
17.08394902	0.00000000	1.58696200
17.12394902	0.00000000	1.58696200
17.16394902	0.00000000	1.58696200
17.20394902	0.00000000	3.17392500
17.24394902	0.00000000	4.76088700
17.28394902	0.00000000	3.17392500
17.32394902	0.00000000	3.17392500
17.36394902	0.00000000	1.58696200
17.40394902	0.00000000	1.58696200
17.44394902	0.00000000	0.00000000
17.48394902	0.00000000	1.58696200
17.52394902	0.00000000	1.58696200
17.56394902	0.00000000	1.58696200
17.60394901	0.00000000	3.17392500
17.64394901	0.00000000	1.58696200
17.68394901	0.00000000	3.17392500
17.72394901	0.00000000	3.17392500
17.76394901	0.00000000	1.58696200
17.80394901	0.00000000	3.17392500
17.84394901	0.00000000	3.17392500
17.88394901	0.00000000	1.58696200
17.92394901	0.00000000	3.17392500
17.96394901	0.00000000	1.58696200
18.00394901	0.00000000	1.58696200
18.04394901	0.00000000	1.58696200
18.08394901	0.00000000	3.17392500
18.12394901	0.00000000	1.58696200
18.16394901	0.00000000	1.58696200
18.20394901	0.00000000	1.58696200
18.24394901	0.00000000	1.58696200
18.28394901	0.00000000	3.17392500
18.32394901	0.00000000	3.17392500
18.36394901	0.00000000	4.76088700
18.40394901	0.00000000	1.58696200
18.44394901	0.00000000	3.17392500
18.48394901	0.00000000	3.17392500
18.52394901	0.00000000	1.58696200
18.56394901	0.00000000	1.58696200
18.60394901	0.00000000	1.58696200
18.64394901	0.00000000	4.76088700
18.68394901	0.00000000	3.17392500
18.72394901	0.00000000	1.58696200
18.76394901	0.00000000	3.17392500
18.80394901	0.00000000	3.17392500
18.84394901	0.00000000	0.00000000
18.88394901	0.00000000	0.00000000
18.92394901	0.00000000	3.17392500
18.96394901	0.00000000	3.17392500
19.00394901	0.00000000	1.58696200
19.04394901	0.00000000	3.17392500
19.08394901	0.00000000	1.58696200
19.12394901	0.00000000	1.58696200
19.16394901	0.00000000	1.58696200
19.20394901	0.00000000	1.58696200
19.24394900	0.00000000	1.58696200
19.28394900	0.00000000	3.17392500
19.32394900	0.00000000	1.58696200
19.36394900	0.00000000	3.17392500
19.40394900	0.00000000	3.17392500
19.44394900	0.00000000	3.17392500
19.48394900	0.00000000	1.58696200
19.52394900	0.00000000	3.17392500
19.56394900	0.00000000	3.17392500
19.60394900	0.00000000	3.17392500
19.64394900	0.00000000	0.00000000
19.68394900	0.00000000	1.58696200
19.72394900	0.00000000	1.58696200
19.76394900	0.00000000	3.17392500
19.80394900	0.00000000	4.76088700
19.84394900	0.00000000	3.17392500
19.88394900	0.00000000	3.17392500
19.92394900	0.00000000	1.58696200
19.96394900	0.00000000	3.17392500
20.00394900	0.00000000	1.58696200
20.04394900	0.00000000	3.17392500
20.08394900	0.00000000	1.58696200
20.12394900	0.00000000	3.17392500
20.16394900	0.00000000	3.17392500
20.20394900	0.00000000	1.58696200
20.24394900	0.00000000	0.00000000
20.28394900	0.00000000	0.00000000
20.32394900	0.00000000	0.00000000
20.36394900	0.00000000	1.58696200
20.40394900	0.00000000	3.17392500
20.44394900	0.00000000	1.58696200
20.48394900	0.00000000	3.17392500
20.52394900	0.00000000	1.58696200
20.56394900	0.00000000	1.58696200
20.60394900	0.00000000	0.00000000
20.64394900	0.00000000	1.58696200
20.68394900	0.00000000	1.58696200
20.72394900	0.00000000	3.17392500
20.76394900	0.00000000	1.58696200
20.80394900	0.00000000	1.58696200
20.84394900	0.00000000	1.58696200
20.88394900	0.00000000	3.17392500
20.92394899	0.00000000	3.17392500
20.96394899	0.00000000	3.17392500
21.00394899	0.00000000	3.17392500
21.04394899	0.00000000	3.17392500
21.08394899	0.00000000	1.58696200
21.12394899	0.00000000	1.58696200
21.16394899	0.00000000	3.17392500
21.20394899	0.00000000	3.17392500
21.24394899	0.00000000	1.58696200
21.28394899	0.00000000	1.58696200
21.32394899	0.00000000	3.17392500
21.36394899	0.00000000	1.58696200
21.40394899	0.00000000	1.58696200
21.44394899	0.00000000	1.58696200
21.48394899	0.00000000	1.58696200
21.52394899	0.00000000	1.58696200
21.56394899	0.00000000	3.17392500
21.60394899	0.00000000	1.58696200
21.64394899	0.00000000	0.00000000
21.68394899	0.00000000	0.00000000
21.72394899	0.00000000	1.58696200
21.76394899	0.00000000	3.17392500
21.80394899	0.00000000	3.17392500
21.84394899	0.00000000	0.00000000
21.88394899	0.00000000	1.58696200
21.92394899	0.00000000	0.00000000
21.96394899	0.00000000	0.00000000
22.00394899	0.00000000	1.58696200
22.04394899	0.00000000	0.00000000
22.08394899	0.00000000	1.58696200
22.12394899	0.00000000	0.00000000
22.16394899	0.00000000	0.00000000
22.20394899	0.00000000	0.00000000
22.24394899	0.00000000	1.58696200
22.28394899	0.00000000	1.58696200
22.32394899	0.00000000	1.58696200
22.36394899	0.00000000	1.58696200
22.40394899	0.00000000	3.17392500
22.44394899	0.00000000	1.58696200
22.48394899	0.00000000	1.58696200
22.52394899	0.00000000	1.58696200
22.56394898	0.00000000	3.17392500
22.60394898	0.00000000	3.17392500
22.64394898	0.00000000	1.58696200
22.68394898	0.00000000	1.58696200
22.72394898	0.00000000	0.00000000
22.76394898	0.00000000	1.58696200
22.80394898	0.00000000	0.00000000
22.84394898	0.00000000	0.00000000
22.88394898	0.00000000	1.58696200
22.92394898	0.00000000	1.58696200
22.96394898	0.00000000	1.58696200
23.00394898	0.00000000	1.58696200
23.04394898	0.00000000	1.58696200
23.08394898	0.00000000	0.00000000
23.12394898	0.00000000	0.00000000
23.16394898	0.00000000	3.17392500
23.20394898	0.00000000	1.58696200
23.24394898	0.00000000	1.58696200
23.28394898	0.00000000	0.00000000
23.32394898	0.00000000	1.58696200
23.36394898	0.00000000	0.00000000
23.40394898	0.00000000	1.58696200
23.44394898	0.00000000	1.58696200
23.48394898	0.00000000	0.00000000
23.52394898	0.00000000	0.00000000
23.56394898	0.00000000	1.58696200
23.60394898	0.00000000	1.58696200
23.64394898	0.00000000	1.58696200
23.68394898	0.00000000	1.58696200
23.72394898	0.00000000	1.58696200
23.76394898	0.00000000	1.58696200
23.80394898	0.00000000	1.58696200
23.84394898	0.00000000	1.58696200
23.88394898	0.00000000	1.58696200
23.92394898	0.00000000	0.00000000
23.96394898	0.00000000	1.58696200
24.00394898	0.00000000	1.58696200
24.04394898	0.00000000	1.58696200
24.08394898	0.00000000	1.58696200
24.12394898	0.00000000	1.58696200
24.16394898	0.00000000	1.58696200
24.20394897	0.00000000	3.17392500
24.24394897	0.00000000	3.17392500
24.28394897	0.00000000	1.58696200
24.32394897	0.00000000	1.58696200
24.36394897	0.00000000	3.17392500
24.40394897	0.00000000	1.58696200
24.44394897	0.00000000	0.00000000
24.48394897	0.00000000	0.00000000
24.52394897	0.00000000	-1.58696200
24.56394897	0.00000000	0.00000000
24.60394897	0.00000000	3.17392500
24.64394897	0.00000000	1.58696200
24.68394897	0.00000000	1.58696200
24.72394897	0.00000000	0.00000000
24.76394897	0.00000000	1.58696200
24.80394897	0.00000000	0.00000000
24.84394897	0.00000000	1.58696200
24.88394897	0.00000000	1.58696200
24.92394897	0.00000000	3.17392500
24.96394897	0.00000000	3.17392500
25.00394897	0.00000000	1.58696200
25.04394897	0.00000000	1.58696200
25.08394897	0.00000000	1.58696200
25.12394897	0.00000000	0.00000000
25.16394897	0.00000000	0.00000000
25.20394897	0.00000000	1.58696200
25.24394897	0.00000000	1.58696200
25.28394897	0.00000000	1.58696200
25.32394897	0.00000000	-1.58696200
25.36394897	0.00000000	0.00000000
25.40394897	0.00000000	0.00000000
25.44394897	0.00000000	1.58696200
25.48394897	0.00000000	1.58696200
25.52394897	0.00000000	1.58696200
25.56394897	0.00000000	1.58696200
25.60394897	0.00000000	0.00000000
25.64394897	0.00000000	0.00000000
25.68394897	0.00000000	1.58696200
25.72394897	0.00000000	1.58696200
25.76394897	0.00000000	0.00000000
25.80394897	0.00000000	1.58696200
25.84394896	0.00000000	1.58696200
25.88394896	0.00000000	0.00000000
25.92394896	0.00000000	1.58696200
25.96394896	0.00000000	3.17392500
26.00394896	0.00000000	0.00000000
26.04394896	0.00000000	0.00000000
26.08394896	0.00000000	1.58696200
26.12394896	0.00000000	0.00000000
26.16394896	0.00000000	0.00000000
26.20394896	0.00000000	1.58696200
26.24394896	0.00000000	1.58696200
26.28394896	0.00000000	1.58696200
26.32394896	0.00000000	1.58696200
26.36394896	0.00000000	1.58696200
26.40394896	0.00000000	1.58696200
26.44394896	0.00000000	1.58696200
26.48394896	0.00000000	0.00000000
26.52394896	0.00000000	-1.58696200
26.56394896	0.00000000	0.00000000
26.60394896	0.00000000	1.58696200
26.64394896	0.00000000	1.58696200
26.68394896	0.00000000	1.58696200
26.72394896	0.00000000	1.58696200
26.76394896	0.00000000	0.00000000
26.80394896	0.00000000	-1.58696200
26.84394896	0.00000000	-1.58696200
26.88394896	0.00000000	0.00000000
26.92394896	0.00000000	-1.58696200
26.96394896	0.00000000	0.00000000
27.00394896	0.00000000	0.00000000
27.04394896	0.00000000	0.00000000
27.08394896	0.00000000	1.58696200
27.12394896	0.00000000	0.00000000
27.16394896	0.00000000	3.17392500
27.20394896	0.00000000	4.76088700
27.24394896	0.00000000	7.93481200
27.28394896	0.00000000	12.69570000
27.32394896	0.00000000	14.28266000
27.36394896	0.00000000	17.45659000
27.40394896	0.00000000	22.21748000
27.44394896	0.00000000	25.39140000
27.48394895	0.00000000	25.39140000
27.52394895	0.00000000	25.39140000
27.56394895	0.00000000	26.97836000
27.60394895	0.00000000	28.57143000
27.64394895	0.00000000	30.15839000
27.68394895	0.00000000	30.15839000
27.72394895	0.00000000	30.15839000
27.76394895	0.00000000	30.15839000
27.80394895	0.00000000	28.57143000
27.84394895	0.00000000	25.39140000
27.88394895	0.00000000	23.80444000
27.92394895	0.00000000	23.80444000
27.96394895	0.00000000	22.21748000
28.00394895	0.00000000	22.21748000
28.04394895	0.00000000	22.21748000
28.08394895	0.00000000	22.21748000
28.12394895	0.00000000	20.63051000
28.16394895	0.00000000	19.04355000
28.20394895	0.00000000	15.86962000
28.24394895	0.00000000	15.86962000
28.28394895	0.00000000	15.86962000
28.32394895	0.00000000	14.28266000
28.36394895	0.00000000	14.28266000
28.40394895	0.00000000	12.69570000
28.44394895	0.00000000	11.10874000
28.48394895	0.00000000	11.10874000
28.52394895	0.00000000	9.52177400
28.56394895	0.00000000	9.52177400
28.60394895	0.00000000	7.93481200
28.64394895	0.00000000	7.93481200
28.68394895	0.00000000	7.93481200
28.72394895	0.00000000	6.34785000
28.76394895	0.00000000	4.76088700
28.80394895	0.00000000	6.34785000
28.84394895	0.00000000	6.34785000
28.88394895	0.00000000	6.34785000
28.92394895	0.00000000	6.34785000
28.96394895	0.00000000	4.76088700
29.00394895	0.00000000	3.17392500
29.04394895	0.00000000	3.17392500
29.08394895	0.00000000	3.17392500
29.12394894	0.00000000	1.58696200
29.16394894	0.00000000	1.58696200
29.20394894	0.00000000	1.58696200
29.24394894	0.00000000	1.58696200
29.28394894	0.00000000	1.58696200
29.32394894	0.00000000	1.58696200
29.36394894	0.00000000	1.58696200
29.40394894	0.00000000	3.17392500
29.44394894	0.00000000	4.76088700
29.48394894	0.00000000	3.17392500
29.52394894	0.00000000	3.17392500
29.56394894	0.00000000	3.17392500
29.60394894	0.00000000	3.17392500
29.64394894	0.00000000	1.58696200
29.68394894	0.00000000	3.17392500
29.72394894	0.00000000	3.17392500
29.76394894	0.00000000	1.58696200
29.80394894	0.00000000	1.58696200
29.84394894	0.00000000	3.17392500
29.88394894	0.00000000	3.17392500
29.92394894	0.00000000	1.58696200
29.96394894	0.00000000	3.17392500
30.00394894	0.00000000	3.17392500
30.04394894	0.00000000	1.58696200
30.08394894	0.00000000	3.17392500
30.12394894	0.00000000	1.58696200
30.16394894	0.00000000	1.58696200
30.20394894	0.00000000	1.58696200
30.24394894	0.00000000	0.00000000
30.28394894	0.00000000	1.58696200
30.32394894	0.00000000	3.17392500
30.36394894	0.00000000	3.17392500
30.40394894	0.00000000	3.17392500
30.44394894	0.00000000	3.17392500
30.48394894	0.00000000	1.58696200
30.52394894	0.00000000	1.58696200
30.56394894	0.00000000	0.00000000
30.60394894	0.00000000	0.00000000
30.64394894	0.00000000	1.58696200
30.68394894	0.00000000	1.58696200
30.72394894	0.00000000	0.00000000
30.76394893	0.00000000	3.17392500
30.80394893	0.00000000	1.58696200
30.84394893	0.00000000	3.17392500
30.88394893	0.00000000	0.00000000
30.92394893	0.00000000	1.58696200
30.96394893	0.00000000	1.58696200
31.00394893	0.00000000	-1.58696200
31.04394893	0.00000000	1.58696200
31.08394893	0.00000000	1.58696200
31.12394893	0.00000000	0.00000000
31.16394893	0.00000000	1.58696200
31.20394893	0.00000000	0.00000000
31.24394893	0.00000000	1.58696200
31.28394893	0.00000000	0.00000000
31.32394893	0.00000000	0.00000000
31.36394893	0.00000000	0.00000000
31.40394893	0.00000000	0.00000000
31.44394893	0.00000000	1.58696200
31.48394893	0.00000000	1.58696200
31.52394893	0.00000000	1.58696200
31.56394893	0.00000000	1.58696200
31.60394893	0.00000000	0.00000000
31.64394893	0.00000000	0.00000000
31.68394893	0.00000000	0.00000000
31.72394893	0.00000000	1.58696200
31.76394893	0.00000000	1.58696200
31.80394893	0.00000000	0.00000000
31.84394893	0.00000000	0.00000000
31.88394893	-0.00793481	-1.58696200
31.92394893	0.00000000	-1.58696200
31.96394893	0.00000000	0.00000000
32.00394893	0.00000000	0.00000000
32.04394893	0.00000000	0.00000000
32.08394893	0.00000000	0.00000000
32.12394893	-0.00793481	-1.58696200
32.16394893	-0.00793481	-1.58696200
32.20394893	0.00000000	0.00000000
32.24394893	-0.00793481	0.00000000
32.28394893	-0.00793481	0.00000000
32.32394893	0.00000000	0.00000000
32.36394893	-0.00793481	0.00000000
32.40394893	-0.00793481	-1.58696200
32.44394892	0.00000000	-3.17392500
32.48394892	-0.00793481	-1.58696200
32.52394892	-0.00793481	-3.17392500
32.56394892	-0.00793481	-1.58696200
32.60394892	-0.00793481	-1.58696200
32.64394892	-0.00793481	-3.17392500
32.68394892	-0.00793481	-1.58696200
32.72394892	0.00000000	-1.58696200
32.76394892	-0.00793481	-1.58696200
32.80394892	-0.00793481	-3.17392500
32.84394892	-0.00793481	-1.58696200
32.88394892	-0.00793481	-1.58696200
32.92394892	0.00000000	-1.58696200
32.96394892	0.00000000	-3.17392500
33.00394892	-0.00793481	-1.58696200
33.04394892	0.00000000	-1.58696200
33.08394892	-0.00793481	-1.58696200
33.12394892	-0.00793481	-1.58696200
33.16394892	-0.00793481	-1.58696200
33.20394892	-0.00793481	-1.58696200
33.24394892	-0.00793481	-1.58696200
33.28394892	-0.00793481	-1.58696200
33.32394892	-0.00793481	-1.58696200
33.36394892	-0.00793481	-1.58696200
33.40394892	-0.00793481	-1.58696200
33.44394892	0.00000000	0.00000000
33.48394892	-0.00793481	-3.17392500
33.52394892	-0.00793481	-3.17392500
33.56394892	0.00000000	-1.58696200
33.60394892	-0.00793481	-3.17392500
33.64394892	-0.00793481	-6.34785000
33.68394892	0.00000000	-3.17392500
33.72394892	-0.00793481	-3.17392500
33.76394892	-0.00793481	-3.17392500
33.80394892	-0.00793481	-1.58696200
33.84394892	-0.00793481	-3.17392500
33.88394892	-0.00793481	-3.17392500
33.92394892	-0.00793481	-3.17392500
33.96394892	-0.00793481	-1.58696200
34.00394892	-0.00793481	-3.17392500
34.04394892	-0.00793481	-4.76088700
34.08394891	-0.00793481	-3.17392500
34.12394891	-0.00793481	-4.76088700
34.16394891	-0.00793481	-4.76088700
34.20394891	-0.00793481	-4.76088700
34.24394891	-0.00793481	-3.17392500
34.28394891	-0.00793481	-3.17392500
34.32394891	-0.00793481	-1.58696200
34.36394891	-0.00793481	-1.58696200
34.40394891	-0.00793481	-1.58696200
34.44394891	-0.00793481	-3.17392500
34.48394891	-0.00793481	-1.58696200
34.52394891	-0.00793481	-1.58696200
34.56394891	-0.00793481	-1.58696200
34.60394891	-0.00793481	-1.58696200
34.64394891	-0.00793481	-3.17392500
34.68394891	-0.00793481	-3.17392500
34.72394891	-0.00793481	-1.58696200
34.76394891	-0.00793481	-3.17392500
34.80394891	-0.00793481	-3.17392500
34.84394891	-0.00793481	-3.17392500
34.88394891	-0.00793481	-4.76088700
34.92394891	-0.00793481	-4.76088700
34.96394891	-0.00793481	-3.17392500
35.00394891	-0.00793481	-4.76088700
35.04394891	-0.00793481	-4.76088700
35.08394891	-0.00793481	-4.76088700
35.12394891	-0.00793481	-1.58696200
35.16394891	-0.00793481	-3.17392500
35.20394891	-0.00793481	-1.58696200
35.24394891	-0.00793481	-3.17392500
35.28394891	-0.00793481	-4.76088700
35.32394891	-0.00793481	-4.76088700
35.36394891	-0.00793481	-3.17392500
35.40394891	-0.00793481	-1.58696200
35.44394891	-0.00793481	-4.76088700
35.48394891	-0.00793481	-4.76088700
35.52394891	-0.00793481	-4.76088700
35.56394891	-0.00793481	-1.58696200
35.60394891	-0.00793481	-4.76088700
35.64394891	-0.00793481	-4.76088700
35.68394891	-0.00793481	-4.76088700
35.72394890	-0.00793481	-4.76088700
35.76394890	-0.00793481	-4.76088700
35.80394890	-0.00793481	-4.76088700
35.84394890	-0.00793481	-4.76088700
35.88394890	-0.00793481	-4.76088700
35.92394890	-0.00793481	-4.76088700
35.96394890	-0.00793481	-3.17392500
36.00394890	-0.00793481	-4.76088700
36.04394890	-0.00793481	-4.76088700
36.08394890	-0.00793481	-4.76088700
36.12394890	-0.00793481	-6.34785000
36.16394890	-0.00793481	-4.76088700
36.20394890	-0.00793481	-4.76088700
36.24394890	-0.00793481	-4.76088700
36.28394890	-0.00793481	-4.76088700
36.32394890	-0.00793481	-4.76088700
36.36394890	-0.00793481	-4.76088700
36.40394890	-0.00793481	-4.76088700
36.44394890	-0.00793481	-4.76088700
36.48394890	-0.00793481	-4.76088700
36.52394890	-0.00793481	-7.93481200
36.56394890	-0.00793481	-6.34785000
36.60394890	-0.00793481	-4.76088700
36.64394890	-0.00793481	-4.76088700
36.68394890	-0.00793481	-6.34785000
36.72394890	-0.00793481	-4.76088700
36.76394890	-0.00793481	-6.34785000
36.80394890	-0.00793481	-4.76088700
36.84394890	-0.00793481	-6.34785000
36.88394890	-0.00793481	-4.76088700
36.92394890	-0.00793481	-4.76088700
36.96394890	-0.00793481	-6.34785000
37.00394890	-0.00793481	-4.76088700
37.04394890	-0.00793481	-4.76088700
37.08394890	-0.00793481	-6.34785000
37.12394890	-0.00793481	-6.34785000
37.16394890	-0.00793481	-4.76088700
37.20394890	-0.00793481	-4.76088700
37.24394890	-0.00793481	-6.34785000
37.28394890	-0.00793481	-6.34785000
37.32394890	-0.00793481	-6.34785000
37.36394889	-0.00793481	-6.34785000
37.40394889	-0.00793481	-4.76088700
37.44394889	-0.00793481	-4.76088700
37.48394889	-0.00793481	-4.76088700
37.52394889	-0.00793481	-4.76088700
37.56394889	-0.00793481	-4.76088700
37.60394889	-0.00793481	-4.76088700
37.64394889	-0.00793481	-4.76088700
37.68394889	-0.00793481	-3.17392500
37.72394889	-0.00793481	-3.17392500
37.76394889	-0.00793481	-4.76088700
37.80394889	-0.00793481	-4.76088700
37.84394889	-0.00793481	-4.76088700
37.88394889	-0.00793481	-6.34785000
37.92394889	-0.00793481	-6.34785000
37.96394889	-0.00793481	-4.76088700
38.00394889	-0.00793481	-4.76088700
38.04394889	-0.00793481	-3.17392500
38.08394889	-0.00793481	-6.34785000
38.12394889	-0.00793481	-4.76088700
38.16394889	-0.00793481	-6.34785000
38.20394889	-0.00793481	-6.34785000
38.24394889	-0.00793481	-4.76088700
38.28394889	-0.00793481	-4.76088700
38.32394889	-0.00793481	-4.76088700
38.36394889	-0.00793481	-3.17392500
38.40394889	-0.00793481	-3.17392500
38.44394889	-0.00793481	-6.34785000
38.48394889	-0.00793481	-6.34785000
38.52394889	-0.00793481	-4.76088700
38.56394889	-0.00793481	-4.76088700
38.60394889	-0.00793481	-4.76088700
38.64394889	-0.00793481	-3.17392500
38.68394889	-0.00793481	-4.76088700
38.72394889	-0.00793481	-6.34785000
38.76394889	-0.00793481	-6.34785000
38.80394889	-0.00793481	-4.76088700
38.84394889	-0.00793481	-4.76088700
38.88394889	-0.00793481	-4.76088700
38.92394889	-0.00793481	-6.34785000
38.96394889	-0.00793481	-6.34785000
39.00394888	-0.00793481	-4.76088700
39.04394888	-0.00793481	-4.76088700
39.08394888	-0.00793481	-4.76088700
39.12394888	-0.00793481	-4.76088700
39.16394888	-0.00793481	-4.76088700
39.20394888	-0.00793481	-6.34785000
39.24394888	-0.00793481	-7.93481200
39.28394888	-0.00793481	-6.34785000
39.32394888	-0.00793481	-4.76088700
39.36394888	-0.00793481	-6.34785000
39.40394888	-0.00793481	-6.34785000
39.44394888	-0.00793481	-3.17392500
39.48394888	-0.00793481	-4.76088700
39.52394888	-0.00793481	-6.34785000
39.56394888	-0.00793481	-6.34785000
39.60394888	-0.00793481	-6.34785000
39.64394888	-0.00793481	-4.76088700
39.68394888	-0.00793481	-4.76088700
39.72394888	-0.00793481	-4.76088700
39.76394888	-0.00793481	-4.76088700
39.80394888	-0.00793481	-6.34785000
39.84394888	-0.00793481	-4.76088700
39.88394888	-0.00793481	-6.34785000
39.92394888	-0.00793481	-4.76088700
39.96394888	-0.00793481	-6.34785000
40.00394888	-0.00793481	-6.34785000
40.04394888	-0.00793481	-4.76088700
40.08394888	-0.00793481	-6.34785000
40.12394888	-0.00793481	-6.34785000
40.16394888	-0.00793481	-6.34785000
40.20394888	-0.00793481	-6.34785000
40.24394888	-0.00793481	-4.76088700
40.28394888	-0.00793481	-6.34785000
40.32394888	-0.00793481	-4.76088700
40.36394888	-0.00793481	-4.76088700
40.40394888	-0.00793481	-7.93481200
40.44394888	-0.00793481	-7.93481200
40.48394888	-0.00793481	-6.34785000
40.52394888	-0.00793481	-4.76088700
40.56394888	-0.00793481	-6.34785000
40.60394888	-0.00793481	-4.76088700
40.64394887	-0.00793481	-6.34785000
40.68394887	-0.00793481	-6.34785000
40.72394887	-0.00793481	-4.76088700
40.76394887	-0.00793481	-4.76088700
40.80394887	-0.00793481	-4.76088700
40.84394887	-0.00793481	-6.34785000
40.88394887	-0.00793481	-6.34785000
40.92394887	-0.00793481	-6.34785000
40.96394887	-0.00793481	-6.34785000
41.00394887	-0.00793481	-6.34785000
41.04394887	-0.00793481	-4.76088700
41.08394887	-0.00793481	-4.76088700
41.12394887	-0.00793481	-6.34785000
41.16394887	-0.00793481	-6.34785000
41.20394887	-0.00793481	-6.34785000
41.24394887	-0.00793481	-6.34785000
41.28394887	-0.00793481	-4.76088700
41.32394887	-0.00793481	-6.34785000
41.36394887	-0.00793481	-6.34785000
41.40394887	-0.00793481	-6.34785000
41.44394887	-0.00793481	-6.34785000
41.48394887	-0.00793481	-4.76088700
41.52394887	-0.00793481	-6.34785000
41.56394887	-0.00793481	-6.34785000
41.60394887	-0.00793481	-7.93481200
41.64394887	-0.00793481	-6.34785000
41.68394887	-0.00793481	-6.34785000
41.72394887	-0.00793481	-4.76088700
41.76394887	-0.00793481	-6.34785000
41.80394887	-0.00793481	-6.34785000
41.84394887	-0.00793481	-6.34785000
41.88394887	-0.00793481	-6.34785000
41.92394887	-0.00793481	-6.34785000
41.96394887	-0.00793481	-4.76088700
42.00394887	-0.00793481	-4.76088700
42.04394887	-0.00793481	-4.76088700
42.08394887	-0.00793481	-6.34785000
42.12394887	-0.00793481	-6.34785000
42.16394887	-0.00793481	-6.34785000
42.20394887	-0.00793481	-6.34785000
42.24394887	-0.00793481	-6.34785000
42.28394886	-0.00793481	-6.34785000
42.32394886	-0.00793481	-4.76088700
42.36394886	-0.00793481	-6.34785000
42.40394886	-0.00793481	-6.34785000
42.44394886	-0.00793481	-6.34785000
42.48394886	-0.00793481	-6.34785000
42.52394886	-0.00793481	-4.76088700
42.56394886	-0.00793481	-6.34785000
42.60394886	-0.00793481	-6.34785000
42.64394886	-0.00793481	-6.34785000
42.68394886	-0.00793481	-6.34785000
42.72394886	-0.00793481	-6.34785000
42.76394886	-0.00793481	-6.34785000
42.80394886	-0.00793481	-7.93481200
42.84394886	-0.00793481	-6.34785000
42.88394886	-0.00793481	-6.34785000
42.92394886	-0.00793481	-6.34785000
42.96394886	-0.00793481	-7.93481200
43.00394886	-0.00793481	-9.52177400
43.04394886	-0.00793481	-7.93481200
43.08394886	-0.00793481	-6.34785000
43.12394886	-0.00793481	-6.34785000
43.16394886	-0.00793481	-4.76088700
43.20394886	-0.00793481	-6.34785000
43.24394886	-0.00793481	-6.34785000
43.28394886	-0.00793481	-6.34785000
43.32394886	-0.00793481	-4.76088700
43.36394886	-0.00793481	-4.76088700
43.40394886	-0.00793481	-6.34785000
43.44394886	-0.00793481	-4.76088700
43.48394886	-0.00793481	-6.34785000
43.52394886	-0.00793481	-6.34785000
43.56394886	-0.00793481	-7.93481200
43.60394886	-0.00793481	-6.34785000
43.64394886	-0.00793481	-6.34785000
43.68394886	-0.00793481	-4.76088700
43.72394886	-0.00793481	-4.76088700
43.76394886	-0.00793481	-4.76088700
43.80394886	-0.00793481	-4.76088700
43.84394886	-0.00793481	-4.76088700
43.88394886	-0.00793481	-6.34785000
43.92394885	-0.00793481	-6.34785000
43.96394885	-0.00793481	-6.34785000
44.00394885	-0.00793481	-7.93481200
44.04394885	-0.00793481	-6.34785000
44.08394885	-0.00793481	-4.76088700
44.12394885	-0.00793481	-6.34785000
44.16394885	-0.00793481	-6.34785000
44.20394885	-0.00793481	-6.34785000
44.24394885	-0.00793481	-4.76088700
44.28394885	-0.00793481	-6.34785000
44.32394885	-0.00793481	-4.76088700
44.36394885	-0.00793481	-4.76088700
44.40394885	-0.00793481	-6.34785000
44.44394885	-0.00793481	-6.34785000
44.48394885	-0.00793481	-4.76088700
44.52394885	-0.00793481	-3.17392500
44.56394885	-0.00793481	-4.76088700
44.60394885	-0.00793481	-4.76088700
44.64394885	-0.00793481	-4.76088700
44.68394885	-0.00793481	-4.76088700
44.72394885	-0.00793481	-6.34785000
44.76394885	-0.00793481	-4.76088700
44.80394885	-0.00793481	-4.76088700
44.84394885	-0.00793481	-6.34785000
44.88394885	-0.00793481	-4.76088700
44.92394885	-0.00793481	-6.34785000
44.96394885	-0.00793481	-6.34785000
45.00394885	-0.00793481	-7.93481200
45.04394885	-0.00793481	-7.93481200
45.08394885	-0.00793481	-6.34785000
45.12394885	-0.00793481	-4.76088700
