Time	Channel A	Channel B
(us)	(V)	(mV)

-1.00906997	0.00000000	0.00000000
-1.00406997	0.00000000	0.00000000
-0.99906997	0.00000000	-0.02441481
-0.99406997	0.00000000	-0.11597030
-0.98906997	0.00000000	0.30518510
-0.98406997	0.00000000	1.14139200
-0.97906997	0.00000000	2.03253300
-0.97406997	0.00000000	2.86874000
-0.96906997	0.00000000	3.28989500
-0.96406997	0.00000000	3.19834000
-0.95906997	0.00000000	3.17392500
-0.95406997	0.00000000	3.17392500
-0.94906997	0.00000000	3.17392500
-0.94406997	0.00000000	3.17392500
-0.93906997	0.00000000	3.17392500
-0.93406997	0.00000000	3.17392500
-0.92906997	0.00000000	3.17392500
-0.92406997	0.00000000	3.17392500
-0.91906997	0.00000000	3.17392500
-0.91406997	0.00000000	3.17392500
-0.90906997	0.00000000	3.19834000
-0.90406997	0.00000000	3.28989500
-0.89906997	0.00000000	2.84432500
-0.89406997	0.00000000	1.91656200
-0.88906997	0.00000000	1.47099200
-0.88406997	0.00000000	1.56254800
-0.87906997	0.00000000	1.58696200
-0.87406997	0.00000000	1.58696200
-0.86906997	0.00000000	1.58696200
-0.86406997	0.00000000	1.58696200
-0.85906997	0.00000000	1.58696200
-0.85406997	0.00000000	1.58696200
-0.84906997	0.00000000	1.61137700
-0.84406997	0.00000000	1.70293300
-0.83906997	0.00000000	1.25736300
-0.83406997	0.00000000	0.32959990
-0.82906997	0.00000000	-0.11597030
-0.82406997	0.00000000	-0.02441481
-0.81906997	0.00000000	0.00000000
-0.81406997	0.00000000	0.00000000
-0.80906997	0.00000000	0.02441481
-0.80406997	0.00000000	0.11597030
-0.79906997	0.00000000	-0.32959990
-0.79406997	0.00000000	-1.25736300
-0.78906997	0.00000000	-1.70293300
-0.78406997	0.00000000	-1.61137700
-0.77906997	0.00000000	-1.61137700
-0.77406997	0.00000000	-1.70293300
-0.76906997	0.00000000	-1.25736300
-0.76406997	0.00000000	-0.32959990
-0.75906997	0.00000000	0.14038510
-0.75406997	0.00000000	0.14038510
-0.74906997	0.00000000	-0.35401470
-0.74406997	0.00000000	-1.37333300
-0.73906997	0.00000000	-1.37333300
-0.73406998	0.00000000	-0.35401470
-0.72906998	0.00000000	0.11597030
-0.72406998	0.00000000	0.02441481
-0.71906998	0.00000000	-0.02441481
-0.71406998	0.00000000	-0.11597030
-0.70906998	0.00000000	0.35401470
-0.70406998	0.00000000	1.37333300
-0.69906998	0.00000000	1.37333300
-0.69406998	0.00000000	0.35401470
-0.68906998	0.00000000	-0.14038510
-0.68406998	0.00000000	-0.14038510
-0.67906998	0.00000000	0.32959990
-0.67406998	0.00000000	1.25736300
-0.66906998	0.00000000	1.72734800
-0.66406998	0.00000000	1.72734800
-0.65906998	0.00000000	1.25736300
-0.65406998	0.00000000	0.32959990
-0.64906998	0.00000000	-0.14038510
-0.64406998	0.00000000	-0.14038510
-0.63906998	0.00000000	0.35401470
-0.63406998	0.00000000	1.37333300
-0.62906998	0.00000000	1.37333300
-0.62406998	0.00000000	0.35401470
-0.61906998	0.00000000	-0.11597030
-0.61406998	0.00000000	-0.02441481
-0.60906998	0.00000000	-0.02441481
-0.60406998	0.00000000	-0.11597030
-0.59906998	0.00000000	0.32959990
-0.59406998	0.00000000	1.25736300
-0.58906998	0.00000000	1.70293300
-0.58406998	0.00000000	1.61137700
-0.57906998	0.00000000	1.58696200
-0.57406998	0.00000000	1.58696200
-0.56906998	0.00000000	1.58696200
-0.56406998	0.00000000	1.58696200
-0.55906998	0.00000000	1.58696200
-0.55406998	0.00000000	1.58696200
-0.54906998	0.00000000	1.58696200
-0.54406998	0.00000000	1.58696200
-0.53906998	0.00000000	1.58696200
-0.53406998	0.00000000	1.58696200
-0.52906998	0.00000000	1.56254800
-0.52406998	0.00000000	1.47099200
-0.51906998	0.00000000	1.94097700
-0.51406998	0.00000000	2.96029500
-0.50906998	0.00000000	2.96029500
-0.50406998	0.00000000	1.94097700
-0.49906998	0.00000000	1.47099200
-0.49406998	0.00000000	1.56254800
-0.48906998	0.00000000	1.58696200
-0.48406998	0.00000000	1.58696200
-0.47906998	0.00000000	1.58696200
-0.47406998	0.00000000	1.58696200
-0.46906998	0.00000000	1.58696200
-0.46406998	0.00000000	1.58696200
-0.45906998	0.00000000	1.61137700
-0.45406998	0.00000000	1.70293300
-0.44906998	0.00000000	1.23294800
-0.44406998	0.00000000	0.21362960
-0.43906998	0.00000000	0.23804440
-0.43406998	0.00000000	1.34891800
-0.42906998	0.00000000	1.34891800
-0.42406998	0.00000000	0.23804440
-0.41906998	0.00000000	0.21362960
-0.41406998	0.00000000	1.23294800
-0.40906998	0.00000000	1.72734800
-0.40406998	0.00000000	1.72734800
-0.39906998	0.00000000	1.23294800
-0.39406998	0.00000000	0.21362960
-0.38906998	0.00000000	0.21362960
-0.38406998	0.00000000	1.23294800
-0.37906998	0.00000000	1.72734800
-0.37406998	0.00000000	1.72734800
-0.36906998	0.00000000	1.25736300
-0.36406998	0.00000000	0.32959990
-0.35906998	0.00000000	-0.11597030
-0.35406998	0.00000000	-0.02441481
-0.34906998	0.00000000	-0.02441481
-0.34406998	0.00000000	-0.11597030
-0.33906998	0.00000000	0.35401470
-0.33406998	0.00000000	1.37333300
-0.32906998	0.00000000	1.37333300
-0.32406998	0.00000000	0.35401470
-0.31906998	0.00000000	-0.11597030
-0.31406998	0.00000000	-0.02441481
-0.30906998	0.00000000	0.00000000
-0.30406998	0.00000000	0.00000000
-0.29906998	0.00000000	0.00000000
-0.29406998	0.00000000	0.00000000
-0.28906998	0.00000000	0.00000000
-0.28406998	0.00000000	0.00000000
-0.27906998	0.00000000	0.00000000
-0.27406998	0.00000000	0.00000000
-0.26906998	0.00000000	0.00000000
-0.26406998	0.00000000	0.00000000
-0.25906998	0.00000000	0.00000000
-0.25406998	0.00000000	0.00000000
-0.24906998	0.00000000	0.00000000
-0.24406998	0.00000000	0.00000000
-0.23906998	0.00000000	0.00000000
-0.23406998	0.00000000	0.00000000
-0.22906998	0.00000000	0.00000000
-0.22406998	0.00000000	0.00000000
-0.21906998	0.00000000	0.00000000
-0.21406998	0.00000000	0.00000000
-0.20906998	0.00000000	0.00000000
-0.20406998	0.00000000	0.00000000
-0.19906998	0.00000000	0.00000000
-0.19406998	0.00000000	0.00000000
-0.18906998	0.00000000	0.00000000
-0.18406998	0.00000000	0.00000000
-0.17906998	0.00000000	0.00000000
-0.17406998	0.00000000	0.00000000
-0.16906998	0.00000000	0.00000000
-0.16406998	0.00000000	0.00000000
-0.15906998	0.00000000	0.00000000
-0.15406998	0.00000000	0.00000000
-0.14906998	0.00000000	0.00000000
-0.14406998	0.00000000	0.00000000
-0.13906998	0.00000000	0.02441481
-0.13406998	0.00000000	0.11597030
-0.12906998	0.00000000	-0.35401470
-0.12406998	0.00000000	-1.37333300
-0.11906998	0.00000000	-1.39774800
-0.11406998	0.00000000	-0.46998500
-0.10906998	0.00000000	0.49439980
-0.10406998	0.00000000	1.51371800
-0.09906998	-0.00012207	1.06814800
-0.09406998	-0.00057985	-0.78737750
-0.08906998	0.00152593	-2.13019200
-0.08406998	0.00570696	-2.77108000
-0.07906998	0.01004059	-3.57676900
-0.07406998	0.01376385	-4.21765800
-0.06906998	0.01788385	-5.51774600
-0.06406998	0.02108829	-7.17795300
-0.05906998	0.02746666	-8.45362700
-0.05406998	0.03530991	-9.00296000
-0.04906998	0.04403821	-10.27863000
-0.04406998	0.05188147	-11.93884000
-0.03906998	0.05813776	-13.25724000
-0.03406998	0.06088443	-14.00189000
-0.02906998	0.06726280	-14.39863000
-0.02406998	0.07556383	-14.30708000
-0.01906998	0.08206427	-14.28266000
-0.01406998	0.08526871	-14.28266000
-0.00906998	0.08929716	-14.28266000
-0.00406998	0.09250160	-14.28266000
0.00093002	0.09900205	-14.28266000
0.00593002	0.10730310	-14.28266000
0.01093002	0.11380350	-14.30708000
0.01593002	0.11700800	-14.39863000
0.02093002	0.12112800	-13.95306000
0.02593002	0.12485120	-13.02530000
0.03093002	0.12906280	-12.60414000
0.03593002	0.13275550	-12.78726000
0.04093002	0.13690600	-12.39052000
0.04593002	0.14014100	-11.55431000
0.05093002	0.14664140	-10.66317000
0.05593002	0.15494250	-9.82696000
0.06093002	0.16144290	-9.43021900
0.06593002	0.16464740	-9.61333000
0.07093002	0.16876740	-9.19217500
0.07593002	0.17249060	-8.26441300
0.08093002	0.17670220	-7.81884200
0.08593002	0.18042540	-7.91039800
0.09093002	0.18475910	-7.91039800
0.09593002	0.18894010	-7.81884200
0.10093002	0.19092380	-8.26441300
0.10593002	0.19000820	-9.19217500
0.11093002	0.19199190	-9.63774600
0.11593002	0.19617300	-9.54619000
0.12093002	0.20050660	-9.49735900
0.12593002	0.20422990	-9.40580500
0.13093002	0.20844140	-9.85137500
0.13593002	0.21216470	-10.77914000
0.14093002	0.21649830	-11.20029000
0.14593002	0.22067930	-11.01718000
0.15093002	0.22266300	-11.43834000
0.15593002	0.22174750	-12.36610000
0.16093002	0.22385330	-12.81167000
0.16593002	0.22849210	-12.72011000
0.17093002	0.23071990	-12.69570000
0.17593002	0.23026220	-12.69570000
0.18093002	0.23001800	-12.69570000
0.18593002	0.22956020	-12.69570000
0.19093002	0.23178810	-12.69570000
0.19593002	0.23642690	-12.69570000
0.20093002	0.23853270	-12.72011000
0.20593002	0.23761710	-12.81167000
0.21093002	0.23972290	-12.39052000
0.21593002	0.24436170	-11.55431000
0.22093002	0.24658960	-10.63875000
0.22593002	0.24613180	-9.71098900
0.23093002	0.24588760	-9.73540400
0.23593002	0.24542990	-10.75472000
0.24093002	0.24765770	-11.22471000
0.24593002	0.25229650	-11.13315000
0.25093002	0.25452440	-11.10874000
0.25593002	0.25406660	-11.10874000
0.26093002	0.25382240	-11.10874000
0.26593002	0.25336470	-11.10874000
0.27093002	0.25559250	-11.10874000
0.27593002	0.26023130	-11.10874000
0.28093002	0.26245920	-11.10874000
0.28593002	0.26200140	-11.10874000
0.29093002	0.26187930	-11.10874000
0.29593002	0.26187930	-11.10874000
0.30093002	0.26187930	-11.10874000
0.30593002	0.26187930	-11.10874000
0.31093002	0.26187930	-11.08432000
0.31593002	0.26187930	-10.99277000
0.32093002	0.26187930	-11.43834000
0.32593002	0.26187930	-12.36610000
0.33093002	0.26187930	-12.81167000
0.33593002	0.26187930	-12.72011000
0.34093002	0.26187930	-12.69570000
0.34593002	0.26187930	-12.69570000
0.35093002	0.26175730	-12.69570000
0.35593002	0.26129950	-12.69570000
0.36093002	0.26352730	-12.69570000
0.36593002	0.26816620	-12.69570000
0.37093002	0.27039400	-12.67128000
0.37593002	0.26993620	-12.57973000
0.38093002	0.26981410	-13.04971000
0.38593002	0.26981410	-14.06903000
0.39093002	0.26993620	-14.09345000
0.39593002	0.27039400	-13.16568000
0.40093002	0.26804410	-12.25013000
0.40593002	0.26294750	-11.41392000
0.41093002	0.26294750	-10.99277000
0.41593002	0.26804410	-11.08432000
0.42093002	0.27039400	-11.10874000
0.42593002	0.26993620	-11.10874000
0.43093002	0.26981410	-11.13315000
0.43593002	0.26981410	-11.22471000
0.44093002	0.26981410	-10.77914000
0.44593002	0.26981410	-9.85137500
0.45093002	0.26981410	-9.43021900
0.45593002	0.26981410	-9.61333000
0.46093002	0.26993620	-9.19217500
0.46593002	0.27039400	-8.26441300
0.47093002	0.26804410	-7.81884200
0.47593002	0.26294750	-7.91039800
0.48093002	0.26306950	-7.95922800
0.48593002	0.26862390	-8.05078300
0.49093002	0.26874600	-7.58079800
0.49593002	0.26364940	-6.56148000
0.50093002	0.26129950	-6.58589400
0.50593002	0.26175730	-7.69676800
0.51093002	0.26187930	-7.72118300
0.51593002	0.26187930	-6.70186400
0.52093002	0.26187930	-6.20746500
0.52593002	0.26187930	-6.20746500
0.53093002	0.26187930	-6.67745000
0.53593002	0.26187930	-7.60521200
0.54093002	0.26200140	-8.05078300
0.54593002	0.26245920	-7.95922800
0.55093002	0.26023130	-7.93481200
0.55593002	0.25559250	-7.93481200
0.56093002	0.25336470	-7.95922800
0.56593002	0.25382240	-8.05078300
0.57093002	0.25406660	-7.58079800
0.57593002	0.25452440	-6.56148000
0.58093002	0.25229650	-6.58589400
0.58593002	0.24765770	-7.69676800
0.59093002	0.24542990	-7.72118300
0.59593002	0.24588760	-6.70186400
0.60093002	0.24600970	-6.23187900
0.60593002	0.24600970	-6.32343500
0.61093002	0.24613180	-6.34785000
0.61593002	0.24658960	-6.34785000
0.62093002	0.24436170	-6.34785000
0.62593002	0.23972290	-6.34785000
0.63093002	0.23749500	-6.37226500
0.63593002	0.23795280	-6.46382000
0.64093002	0.23819700	-5.99383500
0.64593002	0.23865470	-4.97451700
0.65093002	0.23642690	-4.97451700
0.65593002	0.23178810	-5.99383500
0.66093002	0.22956020	-6.48823500
0.66593002	0.23001800	-6.48823500
0.67093002	0.23014010	-5.99383500
0.67593002	0.23014010	-4.97451700
0.68093002	0.23026220	-4.99893200
0.68593002	0.23071990	-6.10980600
0.69093002	0.22849210	-6.10980600
0.69593002	0.22385330	-4.99893200
0.70093002	0.22162540	-4.97451700
0.70593002	0.22208320	-5.99383500
0.71093002	0.22220530	-6.46382000
0.71593002	0.22220530	-6.37226500
0.72093002	0.22220530	-6.37226500
0.72593002	0.22220530	-6.46382000
0.73093002	0.22232730	-6.01825000
0.73593002	0.22278510	-5.09048700
0.74093002	0.22055730	-4.64491700
0.74593002	0.21591850	-4.73647300
0.75093002	0.21369060	-4.76088700
0.75593002	0.21414840	-4.76088700
0.76093002	0.21427050	-4.76088700
0.76593002	0.21427050	-4.76088700
0.77093002	0.21427050	-4.78530200
0.77593002	0.21427050	-4.87685800
0.78093002	0.21427050	-4.40687300
0.78593002	0.21427050	-3.38755500
0.79093002	0.21439250	-3.38755500
0.79593002	0.21485030	-4.40687300
0.80093002	0.21262240	-4.87685800
0.80593002	0.20798360	-4.78530200
0.81093002	0.20575580	-4.76088700
0.81593002	0.20621360	-4.76088700
0.82093002	0.20633560	-4.76088700
0.82593002	0.20633560	-4.76088700
0.83093002	0.20633560	-4.78530200
0.83593002	0.20633560	-4.87685800
0.84093002	0.20633560	-4.40687300
0.84593002	0.20633560	-3.38755500
0.85093002	0.20633560	-3.41196900
0.85593002	0.20633560	-4.52284300
0.86093002	0.20633560	-4.54725700
0.86593002	0.20633560	-3.52794000
0.87093002	0.20645770	-3.05795500
0.87593002	0.20691550	-3.14951000
0.88093002	0.20468760	-3.17392500
0.88593002	0.20004880	-3.17392500
0.89093002	0.19782100	-3.17392500
0.89593002	0.19827880	-3.17392500
0.90093002	0.19840080	-3.17392500
0.90593002	0.19840080	-3.17392500
0.91093001	0.19840080	-3.17392500
0.91593001	0.19840080	-3.17392500
0.92093001	0.19840080	-3.17392500
0.92593001	0.19840080	-3.17392500
0.93093001	0.19840080	-3.17392500
0.93593001	0.19840080	-3.17392500
0.94093001	0.19852290	-3.17392500
0.94593001	0.19898070	-3.17392500
0.95093001	0.19675280	-3.17392500
0.95593001	0.19211400	-3.17392500
0.96093001	0.18988620	-3.17392500
0.96593001	0.19034390	-3.17392500
0.97093001	0.19046600	-3.17392500
0.97593001	0.19046600	-3.17392500
0.98093001	0.19046600	-3.14951000
0.98593001	0.19046600	-3.05795500
0.99093001	0.19046600	-3.55235400
0.99593001	0.19046600	-4.66322800
1.00093001	0.19046600	-4.21765800
1.00593001	0.19046600	-2.27057700
1.01093001	0.19046600	-1.35502200
1.01593001	0.19046600	-1.53813300
1.02093001	0.19058810	-1.56254800
1.02593001	0.19104590	-1.47099200
1.03093001	0.18881800	-1.96539200
1.03593001	0.18417920	-3.07626600
1.04093001	0.18195140	-2.63069600
1.04593001	0.18240910	-0.68361460
1.05093001	0.18253120	0.23194070
1.05593001	0.18253120	0.04882962
1.06093001	0.18253120	0.00000000
1.06593001	0.18253120	0.00000000
1.07093001	0.18253120	-0.02441481
1.07593001	0.18253120	-0.11597030
1.08093001	0.18253120	0.35401470
1.08593001	0.18253120	1.37333300
1.09093001	0.18253120	1.34891800
1.09593001	0.18253120	0.23804440
1.10093001	0.18253120	0.23804440
1.10593001	0.18253120	1.34891800
1.11093001	0.18265330	1.34891800
1.11593001	0.18311110	0.23804440
1.12093001	0.18088320	0.21362960
1.12593001	0.17624440	1.23294800
1.13093001	0.17401650	1.70293300
1.13593001	0.17447430	1.61137700
1.14093001	0.17459640	1.61137700
1.14593001	0.17459640	1.70293300
1.15093001	0.17459640	1.25736300
1.15593001	0.17459640	0.32959990
1.16093001	0.17459640	-0.11597030
1.16593001	0.17459640	-0.02441481
1.17093001	0.17459640	0.02441481
1.17593001	0.17459640	0.11597030
1.18093001	0.17459640	-0.30518510
1.18593001	0.17459640	-1.14139200
1.19093001	0.17471850	-2.08136200
1.19593001	0.17517620	-3.10068000
1.20093001	0.17294840	-2.58186600
1.20593001	0.16830960	-0.45167390
1.21093001	0.16608170	-0.45167390
1.21593001	0.16653950	-2.58186600
1.22093001	0.16666160	-3.05185100
1.22593001	0.16666160	-1.84942200
1.23093001	0.16666160	-1.82500700
1.23593001	0.16666160	-2.93588100
1.24093001	0.16666160	-2.96029500
1.24593001	0.16666160	-1.94097700
1.25093001	0.16666160	-1.47099200
1.25593001	0.16666160	-1.56254800
1.26093001	0.16666160	-1.58696200
1.26593001	0.16666160	-1.58696200
1.27093001	0.16666160	-1.61137700
1.27593001	0.16666160	-1.70293300
1.28093001	0.16666160	-1.28177700
1.28593001	0.16666160	-0.44557020
1.29093001	0.16678370	0.46998500
1.29593001	0.16724140	1.39774800
1.30093001	0.16501360	1.39774800
1.30593001	0.16037480	0.46998500
1.31093001	0.15814690	-0.46998500
1.31593001	0.15860470	-1.39774800
1.32093001	0.15872680	-1.37333300
1.32593001	0.15872680	-0.35401470
1.33093001	0.15872680	0.14038510
1.33593001	0.15872680	0.14038510
1.34093001	0.15872680	-0.32959990
1.34593001	0.15872680	-1.25736300
1.35093001	0.15872680	-1.70293300
1.35593001	0.15872680	-1.61137700
1.36093001	0.15872680	-1.58696200
1.36593001	0.15872680	-1.58696200
1.37093001	0.15872680	-1.58696200
1.37593001	0.15872680	-1.58696200
1.38093001	0.15872680	-1.58696200
1.38593001	0.15872680	-1.58696200
1.39093001	0.15884880	-1.58696200
1.39593001	0.15930660	-1.58696200
1.40093001	0.15707880	-1.58696200
1.40593001	0.15244000	-1.58696200
1.41093001	0.15021210	-1.61137700
1.41593001	0.15066990	-1.70293300
1.42093001	0.15079200	-1.23294800
1.42593001	0.15079200	-0.21362960
1.43093001	0.15079200	-0.23804440
1.43593001	0.15079200	-1.34891800
1.44093001	0.15079200	-1.34891800
1.44593001	0.15079200	-0.23804440
1.45093001	0.15079200	-0.21362960
1.45593001	0.15079200	-1.23294800
1.46093001	0.15079200	-1.70293300
1.46593001	0.15079200	-1.61137700
1.47093001	0.15079200	-1.58696200
1.47593001	0.15079200	-1.58696200
1.48093001	0.15091400	-1.58696200
1.48593001	0.15137180	-1.58696200
1.49093001	0.14914390	-1.58696200
1.49593001	0.14450510	-1.58696200
1.50093001	0.14227730	-1.56254800
1.50593001	0.14273510	-1.47099200
1.51093001	0.14285710	-1.96539200
1.51593001	0.14285710	-3.07626600
1.52093001	0.14285710	-2.65511000
1.52593001	0.14285710	-0.79958490
1.53093001	0.14285710	0.58595540
1.53593001	0.14285710	1.42216300
1.54093001	0.14285710	1.37333300
1.54593001	0.14285710	0.35401470
1.55093001	0.14285710	-0.11597030
1.55593001	0.14285710	-0.02441481
1.56093001	0.14285710	0.00000000
1.56593001	0.14285710	0.00000000
1.57093001	0.14285710	0.00000000
1.57593001	0.14285710	0.00000000
1.58093001	0.14285710	0.00000000
1.58593001	0.14285710	0.00000000
1.59093001	0.14297920	0.00000000
1.59593001	0.14343700	0.00000000
1.60093001	0.14120910	0.02441481
1.60593001	0.13653980	0.11597030
1.61093001	0.13431200	-0.32959990
1.61593001	0.13476970	-1.25736300
1.62093001	0.13489180	-1.70293300
1.62593001	0.13489180	-1.61137700
1.63093001	0.13489180	-1.58696200
1.63593001	0.13489180	-1.58696200
1.64093001	0.13489180	-1.58696200
1.64593001	0.13489180	-1.58696200
1.65093001	0.13489180	-1.58696200
1.65593001	0.13489180	-1.58696200
1.66093001	0.13489180	-1.58696200
1.66593001	0.13489180	-1.58696200
1.67093001	0.13489180	-1.58696200
1.67593001	0.13489180	-1.58696200
1.68093001	0.13489180	-1.61137700
1.68593001	0.13489180	-1.70293300
1.69093001	0.13489180	-1.25736300
1.69593001	0.13489180	-0.32959990
1.70093001	0.13501390	0.09155553
1.70593001	0.13547170	-0.09155553
1.71093001	0.13324380	0.32959990
1.71593001	0.12860500	1.25736300
1.72093001	0.12637720	1.72734800
1.72593001	0.12683490	1.72734800
1.73093001	0.12695700	1.25736300
1.73593001	0.12695700	0.32959990
1.74093001	0.12695700	-0.11597030
1.74593001	0.12695700	-0.02441481
1.75093001	0.12695700	0.00000000
1.75593001	0.12695700	0.00000000
1.76093001	0.12695700	0.00000000
1.76593001	0.12695700	0.00000000
1.77093001	0.12695700	0.02441481
1.77593001	0.12695700	0.11597030
1.78093001	0.12695700	-0.35401470
1.78593001	0.12695700	-1.37333300
1.79093001	0.12707910	-1.37333300
1.79593001	0.12753680	-0.35401470
1.80093001	0.12518690	0.11597030
1.80593001	0.12009030	0.02441481
1.81093001	0.12021240	0.00000000
1.81593001	0.12576680	0.00000000
1.82093001	0.12588890	0.00000000
1.82593001	0.12079230	0.00000000
1.83093001	0.11844230	0.00000000
1.83593001	0.11890010	0.00000000
1.84093001	0.11902220	0.00000000
1.84593001	0.11902220	0.00000000
1.85093001	0.11902220	0.00000000
1.85593001	0.11902220	0.00000000
1.86093001	0.11902220	0.00000000
1.86593001	0.11902220	0.00000000
1.87093001	0.11902220	0.00000000
1.87593001	0.11902220	0.00000000
1.88093001	0.11902220	-0.02441481
1.88593001	0.11902220	-0.11597030
1.89093001	0.11902220	0.35401470
1.89593001	0.11902220	1.37333300
1.90093001	0.11902220	1.37333300
1.90593001	0.11902220	0.35401470
1.91093001	0.11902220	-0.11597030
1.91593001	0.11902220	-0.02441481
1.92093001	0.11902220	-0.02441481
1.92593001	0.11902220	-0.11597030
1.93093001	0.11902220	0.32959990
1.93593001	0.11902220	1.25736300
1.94093001	0.11902220	1.70293300
1.94593001	0.11902220	1.61137700
1.95093001	0.11914430	1.61137700
1.95593001	0.11960200	1.70293300
1.96093001	0.11737420	1.23294800
1.96593001	0.11273540	0.21362960
1.97093001	0.11050750	0.23804440
1.97593001	0.11096530	1.34891800
1.98093001	0.11108740	1.37333300
1.98593001	0.11108740	0.35401470
1.99093001	0.11108740	-0.11597030
1.99593001	0.11108740	-0.02441481
2.00093001	0.11108740	0.00000000
2.00593001	0.11108740	0.00000000
2.01093001	0.11108740	0.00000000
2.01593001	0.11108740	0.00000000
2.02093001	0.11108740	0.02441481
2.02593001	0.11108740	0.11597030
2.03093001	0.11108740	-0.35401470
2.03593001	0.11108740	-1.37333300
2.04093001	0.11108740	-1.37333300
2.04593001	0.11108740	-0.35401470
2.05093001	0.11108740	0.11597030
2.05593001	0.11108740	0.02441481
2.06093001	0.11108740	0.02441481
2.06593001	0.11108740	0.11597030
2.07093001	0.11108740	-0.35401470
2.07593001	0.11108740	-1.37333300
2.08093001	0.11120950	-1.37333300
2.08593001	0.11166720	-0.35401470
2.09093001	0.10943940	0.09155553
2.09593001	0.10480060	-0.09155553
2.10093001	0.10257270	0.32959990
2.10593001	0.10303050	1.25736300
2.11093001	0.10315260	1.70293300
2.11593001	0.10315260	1.61137700
2.12093001	0.10315260	1.61137700
2.12593001	0.10315260	1.70293300
2.13093001	0.10315260	1.23294800
2.13593001	0.10315260	0.21362960
2.14093001	0.10315260	0.21362960
2.14593001	0.10315260	1.23294800
2.15093001	0.10315260	1.72734800
2.15593001	0.10315260	1.72734800
2.16093001	0.10315260	1.23294800
2.16593001	0.10315260	0.21362960
2.17093001	0.10315260	0.21362960
2.17593001	0.10315260	1.23294800
2.18093001	0.10315260	1.70293300
2.18593001	0.10315260	1.61137700
2.19093001	0.10315260	1.58696200
2.19593001	0.10315260	1.58696200
2.20093001	0.10315260	1.58696200
2.20593001	0.10315260	1.58696200
2.21093001	0.10315260	1.58696200
2.21593001	0.10315260	1.58696200
2.22093001	0.10315260	1.58696200
2.22593001	0.10315260	1.58696200
2.23093001	0.10327460	1.61137700
2.23593001	0.10373240	1.70293300
2.24093001	0.10150460	1.25736300
2.24593001	0.09686575	0.32959990
2.25093001	0.09463790	-0.09155553
2.25593001	0.09509568	0.09155553
2.26093001	0.09521775	-0.32959990
2.26593001	0.09521775	-1.25736300
2.27093001	0.09521775	-1.72734800
2.27593001	0.09521775	-1.72734800
2.28093001	0.09521775	-1.23294800
2.28593001	0.09521775	-0.21362960
2.29093001	0.09521775	-0.23804440
2.29593001	0.09521775	-1.34891800
2.30093001	0.09521775	-1.34891800
2.30593001	0.09521775	-0.23804440
2.31093001	0.09521775	-0.23804440
2.31593001	0.09521775	-1.34891800
2.32093001	0.09521775	-1.39774800
2.32593001	0.09521775	-0.46998500
2.33093001	0.09521775	0.46998500
2.33593001	0.09521775	1.39774800
2.34093001	0.09521775	1.37333300
2.34593001	0.09521775	0.35401470
2.35093001	0.09521775	-0.14038510
2.35593001	0.09521775	-0.14038510
2.36093001	0.09521775	0.35401470
2.36593001	0.09521775	1.37333300
2.37093001	0.09521775	1.37333300
2.37593001	0.09521775	0.35401470
2.38093001	0.09521775	-0.11597030
2.38593001	0.09521775	-0.02441481
2.39093001	0.09521775	0.02441481
2.39593001	0.09521775	0.11597030
2.40093001	0.09533982	-0.35401470
2.40593001	0.09579760	-1.37333300
2.41093001	0.09356975	-1.37333300
2.41593001	0.08893093	-0.35401470
2.42093001	0.08670308	0.11597030
2.42593001	0.08716086	0.02441481
2.43093001	0.08728294	0.00000000
2.43593001	0.08728294	0.00000000
2.44093001	0.08728294	0.02441481
2.44593001	0.08728294	0.11597030
2.45093001	0.08728294	-0.37842950
2.45593001	0.08728294	-1.48930300
2.46093001	0.08728294	-1.04373300
2.46593001	0.08728294	0.90334780
2.47093001	0.08728294	1.84331800
2.47593001	0.08728294	1.75176200
2.48093001	0.08728294	1.23294800
2.48593001	0.08728294	0.21362960
2.49093001	0.08728294	0.21362960
2.49593001	0.08728294	1.23294800
2.50093001	0.08728294	1.70293300
2.50593001	0.08728294	1.61137700
2.51093001	0.08728294	1.58696200
2.51593001	0.08728294	1.58696200
2.52093001	0.08728294	1.58696200
2.52593001	0.08728294	1.58696200
2.53093001	0.08728294	1.61137700
2.53593001	0.08728294	1.70293300
2.54093001	0.08728294	1.25736300
2.54593001	0.08728294	0.32959990
2.55093001	0.08728294	-0.11597030
2.55593000	0.08728294	-0.02441481
2.56093000	0.08728294	0.00000000
2.56593000	0.08728294	0.00000000
2.57093000	0.08728294	0.00000000
2.57593000	0.08728294	0.00000000
2.58093000	0.08728294	0.00000000
2.58593000	0.08728294	0.00000000
2.59093000	0.08740501	0.00000000
2.59593000	0.08786279	0.00000000
2.60093000	0.08563494	0.00000000
2.60593000	0.08099613	0.00000000
2.61093000	0.07876828	0.02441481
2.61593000	0.07922605	0.11597030
2.62093000	0.07934812	-0.35401470
2.62593000	0.07934812	-1.37333300
2.63093000	0.07934812	-1.34891800
2.63593000	0.07934812	-0.23804440
2.64093000	0.07934812	-0.23804440
2.64593000	0.07934812	-1.34891800
2.65093000	0.07934812	-1.34891800
2.65593000	0.07934812	-0.23804440
2.66093000	0.07934812	-0.21362960
2.66593000	0.07934812	-1.23294800
2.67093000	0.07934812	-1.70293300
2.67593000	0.07934812	-1.61137700
2.68093000	0.07934812	-1.58696200
2.68593000	0.07934812	-1.58696200
2.69093000	0.07934812	-1.58696200
2.69593000	0.07934812	-1.58696200
2.70093000	0.07934812	-1.58696200
2.70593000	0.07934812	-1.58696200
2.71093000	0.07934812	-1.61137700
2.71593000	0.07934812	-1.70293300
2.72093000	0.07934812	-1.23294800
2.72593000	0.07934812	-0.21362960
2.73093000	0.07934812	-0.23804440
2.73593000	0.07934812	-1.34891800
2.74093000	0.07934812	-1.39774800
2.74593000	0.07934812	-0.46998500
2.75093000	0.07934812	0.44557020
2.75593000	0.07934812	1.28177700
2.76093000	0.07934812	1.70293300
2.76593000	0.07934812	1.61137700
2.77093000	0.07947020	1.61137700
2.77593000	0.07992797	1.70293300
2.78093000	0.07770012	1.25736300
2.78593000	0.07306131	0.32959990
2.79093000	0.07071139	-0.14038510
2.79593000	0.07071139	-0.14038510
2.80093000	0.07306131	0.35401470
2.80593000	0.07770012	1.37333300
2.81093000	0.08005005	1.34891800
2.81593000	0.08005005	0.23804440
2.82093000	0.07770012	0.21362960
2.82593000	0.07306131	1.23294800
2.83093000	0.07083346	1.70293300
2.83593000	0.07129124	1.61137700
2.84093000	0.07141331	1.58696200
2.84593000	0.07141331	1.58696200
2.85093000	0.07141331	1.56254800
2.85593000	0.07141331	1.47099200
2.86093000	0.07141331	1.94097700
2.86593000	0.07141331	2.96029500
2.87093000	0.07141331	2.96029500
2.87593000	0.07141331	1.94097700
2.88093000	0.07141331	1.44657700
2.88593000	0.07141331	1.44657700
2.89093000	0.07141331	1.91656200
2.89593000	0.07141331	2.84432500
2.90093000	0.07141331	3.31431000
2.90593000	0.07141331	3.31431000
2.91093000	0.07141331	2.84432500
2.91593000	0.07141331	1.91656200
2.92093000	0.07141331	1.47099200
2.92593000	0.07141331	1.56254800
2.93093000	0.07141331	1.58696200
2.93593000	0.07141331	1.58696200
2.94093000	0.07141331	1.61137700
2.94593000	0.07141331	1.70293300
2.95093000	0.07141331	1.23294800
2.95593000	0.07141331	0.21362960
2.96093000	0.07153539	0.23804440
2.96593000	0.07199316	1.34891800
2.97093000	0.06964324	1.37333300
2.97593000	0.06454664	0.35401470
2.98093000	0.06466872	-0.11597030
2.98593000	0.07022309	-0.02441481
2.99093000	0.07034516	0.00000000
2.99593000	0.06524857	0.00000000
3.00093000	0.06289865	0.00000000
3.00593000	0.06335643	0.00000000
3.01093000	0.06347850	-0.02441481
3.01593000	0.06347850	-0.11597030
3.02093000	0.06347850	0.35401470
3.02593000	0.06347850	1.37333300
3.03093000	0.06347850	1.34891800
3.03593000	0.06347850	0.23804440
3.04093000	0.06347850	0.21362960
3.04593000	0.06347850	1.23294800
3.05093000	0.06347850	1.70293300
3.05593000	0.06347850	1.61137700
3.06093000	0.06347850	1.61137700
3.06593000	0.06347850	1.70293300
3.07093000	0.06347850	1.25736300
3.07593000	0.06347850	0.32959990
3.08093000	0.06347850	-0.11597030
3.08593000	0.06347850	-0.02441481
3.09093000	0.06347850	0.00000000
3.09593000	0.06347850	0.00000000
3.10093000	0.06347850	0.00000000
3.10593000	0.06347850	0.00000000
3.11093000	0.06347850	0.00000000
3.11593000	0.06347850	0.00000000
3.12093000	0.06347850	-0.02441481
3.12593000	0.06347850	-0.11597030
3.13093000	0.06347850	0.32959990
3.13593000	0.06347850	1.25736300
3.14093000	0.06347850	1.70293300
3.14593000	0.06347850	1.61137700
3.15093000	0.06347850	1.58696200
3.15593000	0.06347850	1.58696200
3.16093000	0.06347850	1.58696200
3.16593000	0.06347850	1.58696200
3.17093000	0.06347850	1.61137700
3.17593000	0.06347850	1.70293300
3.18093000	0.06347850	1.23294800
3.18593000	0.06347850	0.21362960
3.19093000	0.06347850	0.18921480
3.19593000	0.06347850	1.11697700
3.20093000	0.06347850	2.08136200
3.20593000	0.06347850	3.10068000
3.21093000	0.06347850	2.65511000
3.21593000	0.06347850	0.79958490
3.22093000	0.06360057	-0.58595540
3.22593000	0.06405835	-1.42216300
3.23093000	0.06183050	-1.37333300
3.23593000	0.05719168	-0.35401470
3.24093000	0.05496383	0.11597030
3.24593000	0.05542161	0.02441481
3.25093000	0.05554369	0.00000000
3.25593000	0.05554369	0.00000000
3.26093000	0.05554369	0.00000000
3.26593000	0.05554369	0.00000000
3.27093000	0.05554369	0.00000000
3.27593000	0.05554369	0.00000000
3.28093000	0.05554369	0.00000000
3.28593000	0.05554369	0.00000000
3.29093000	0.05554369	-0.02441481
3.29593000	0.05554369	-0.11597030
3.30093000	0.05554369	0.32959990
3.30593000	0.05554369	1.25736300
3.31093000	0.05554369	1.70293300
3.31593000	0.05554369	1.61137700
3.32093000	0.05554369	1.58696200
3.32593000	0.05554369	1.58696200
3.33093000	0.05554369	1.56254800
3.33593000	0.05554369	1.47099200
3.34093000	0.05554369	1.94097700
3.34593000	0.05554369	2.96029500
3.35093000	0.05554369	2.96029500
3.35593000	0.05554369	1.94097700
3.36093000	0.05554369	1.47099200
3.36593000	0.05554369	1.56254800
3.37093000	0.05554369	1.58696200
3.37593000	0.05554369	1.58696200
3.38093000	0.05554369	1.58696200
3.38593000	0.05554369	1.58696200
3.39093000	0.05554369	1.58696200
3.39593000	0.05554369	1.58696200
3.40093000	0.05554369	1.61137700
3.40593000	0.05554369	1.70293300
3.41093000	0.05554369	1.23294800
3.41593000	0.05554369	0.21362960
3.42093000	0.05554369	0.21362960
3.42593000	0.05554369	1.23294800
3.43093000	0.05554369	1.72734800
3.43593000	0.05554369	1.72734800
3.44093000	0.05554369	1.23294800
3.44593000	0.05554369	0.21362960
3.45093000	0.05554369	0.23804440
3.45593000	0.05554369	1.34891800
3.46093000	0.05554369	1.37333300
3.46593000	0.05554369	0.35401470
3.47093000	0.05554369	-0.14038510
3.47593000	0.05554369	-0.14038510
3.48093000	0.05554369	0.35401470
3.48593000	0.05554369	1.37333300
3.49093000	0.05554369	1.34891800
3.49593000	0.05554369	0.23804440
3.50093000	0.05554369	0.23804440
3.50593000	0.05554369	1.34891800
3.51093000	0.05566576	1.34891800
3.51593000	0.05612354	0.23804440
3.52093000	0.05389569	0.21362960
3.52593000	0.04925688	1.23294800
3.53093000	0.04702902	1.72734800
3.53593000	0.04748680	1.72734800
3.54093000	0.04760887	1.23294800
3.54593000	0.04760887	0.21362960
3.55093000	0.04760887	0.23804440
3.55593000	0.04760887	1.34891800
3.56093000	0.04760887	1.34891800
3.56593000	0.04760887	0.23804440
3.57093000	0.04760887	0.23804440
3.57593000	0.04760887	1.34891800
3.58093000	0.04760887	1.37333300
3.58593000	0.04760887	0.35401470
3.59093000	0.04760887	-0.11597030
3.59593000	0.04760887	-0.02441481
3.60093000	0.04760887	0.00000000
3.60593000	0.04760887	0.00000000
3.61093000	0.04760887	0.00000000
3.61593000	0.04760887	0.00000000
3.62093000	0.04760887	-0.02441481
3.62593000	0.04760887	-0.11597030
3.63093000	0.04760887	0.35401470
3.63593000	0.04760887	1.37333300
3.64093000	0.04760887	1.34891800
3.64593000	0.04760887	0.23804440
3.65093000	0.04760887	0.23804440
3.65593000	0.04760887	1.34891800
3.66093000	0.04760887	1.37333300
3.66593000	0.04760887	0.35401470
3.67093000	0.04760887	-0.14038510
3.67593000	0.04760887	-0.14038510
3.68093000	0.04760887	0.32959990
3.68593000	0.04760887	1.25736300
3.69093000	0.04760887	1.72734800
3.69593000	0.04760887	1.72734800
3.70093000	0.04760887	1.23294800
3.70593000	0.04760887	0.21362960
3.71093000	0.04760887	0.23804440
3.71593000	0.04760887	1.34891800
3.72093000	0.04760887	1.37333300
3.72593000	0.04760887	0.35401470
3.73093000	0.04760887	-0.11597030
3.73593000	0.04760887	-0.02441481
3.74093000	0.04760887	0.02441481
3.74593000	0.04760887	0.11597030
3.75093000	0.04760887	-0.35401470
3.75593000	0.04760887	-1.37333300
3.76093000	0.04760887	-1.37333300
3.76593000	0.04760887	-0.35401470
3.77093000	0.04760887	0.09155553
3.77593000	0.04760887	-0.09155553
3.78093000	0.04760887	0.35401470
3.78593000	0.04760887	1.37333300
3.79093000	0.04760887	1.37333300
3.79593000	0.04760887	0.35401470
3.80093000	0.04773095	-0.11597030
3.80593000	0.04818873	-0.02441481
3.81093000	0.04596087	0.00000000
3.81593000	0.04132206	0.00000000
3.82093000	0.03897214	0.00000000
3.82593000	0.03897214	0.00000000
3.83093000	0.04144414	0.00000000
3.83593000	0.04654073	0.00000000
3.84093000	0.04654073	0.00000000
3.84593000	0.04144414	0.00000000
3.85093000	0.03909421	0.00000000
3.85593000	0.03955199	0.00000000
3.86093000	0.03967406	-0.02441481
3.86593000	0.03967406	-0.11597030
3.87093000	0.03967406	0.32959990
3.87593000	0.03967406	1.25736300
3.88093000	0.03967406	1.72734800
3.88593000	0.03967406	1.72734800
3.89093000	0.03967406	1.25736300
3.89593000	0.03967406	0.32959990
3.90093000	0.03967406	-0.09155553
3.90593000	0.03967406	0.09155553
3.91093000	0.03967406	-0.32959990
3.91593000	0.03967406	-1.25736300
3.92093000	0.03967406	-1.72734800
3.92593000	0.03967406	-1.72734800
3.93093000	0.03967406	-1.25736300
3.93593000	0.03967406	-0.32959990
3.94093000	0.03967406	0.11597030
3.94593000	0.03967406	0.02441481
3.95093000	0.03967406	0.00000000
3.95593000	0.03967406	0.00000000
3.96093000	0.03967406	0.00000000
3.96593000	0.03967406	0.00000000
3.97093000	0.03967406	0.00000000
3.97593000	0.03967406	0.00000000
3.98093000	0.03967406	0.02441481
3.98593000	0.03967406	0.11597030
3.99093000	0.03967406	-0.35401470
3.99593000	0.03967406	-1.37333300
4.00093000	0.03967406	-1.37333300
4.00593000	0.03967406	-0.35401470
4.01093000	0.03967406	0.11597030
4.01593000	0.03967406	0.02441481
4.02093000	0.03967406	0.02441481
4.02593000	0.03967406	0.11597030
4.03093000	0.03967406	-0.32959990
4.03593000	0.03967406	-1.25736300
4.04093000	0.03967406	-1.70293300
4.04593000	0.03967406	-1.61137700
4.05093000	0.03967406	-1.61137700
4.05593000	0.03967406	-1.70293300
4.06093000	0.03967406	-1.25736300
4.06593000	0.03967406	-0.32959990
4.07093000	0.03967406	0.09155553
4.07593000	0.03967406	-0.09155553
4.08093000	0.03967406	0.30518510
4.08593000	0.03967406	1.14139200
4.09093000	0.03967406	1.96539200
4.09593000	0.03967406	2.51472500
4.10093000	0.03967406	4.16272500
4.10593000	0.03967406	6.38447200
4.11093000	0.03967406	9.77202600
4.11593000	0.03967406	13.47087000
4.12093000	0.03967406	18.53084000
4.12593000	0.03967406	23.61522000
4.13093000	0.03967406	30.89083000
4.13593000	0.03967406	38.66085000
4.14093000	0.03967406	46.71774000
4.14593000	0.03967406	52.99844000
4.15093000	0.03967406	61.90374000
4.15593000	0.03967406	71.14474000
4.16093000	0.03967406	80.99002000
4.16593000	0.03967406	89.12625000
4.17093000	0.03967406	98.02545000
4.17593000	0.03967406	105.42310000
4.18093000	0.03967406	113.47390000
4.18593000	0.03967406	120.13310000
4.19093000	0.03967406	127.35980000
4.19593000	0.03967406	133.37200000
4.20092999	0.03967406	139.35360000
4.20592999	0.03967406	143.88260000
4.21092999	0.03967406	147.65460000
4.21592999	0.03967406	149.58950000
4.22092999	0.03979614	152.13480000
4.22592999	0.04025391	154.63120000
4.23092999	0.03790399	155.90690000
4.23592999	0.03280740	155.62610000
4.24092999	0.03292947	155.60170000
4.24592999	0.03848384	155.78480000
4.25092999	0.03860591	154.93640000
4.25592999	0.03350932	153.27620000
4.26092999	0.03115940	151.53050000
4.26592999	0.03161718	150.05340000
4.27092999	0.03173925	148.40540000
4.27592999	0.03173925	147.11140000
4.28092999	0.03173925	144.56620000
4.28592999	0.03173925	141.42280000
4.29092999	0.03173925	137.98030000
4.29592999	0.03173925	135.02610000
4.30092999	0.03173925	131.63240000
4.30592999	0.03173925	128.67820000
4.31092999	0.03173925	125.28460000
4.31592999	0.03173925	122.33040000
4.32092999	0.03173925	118.93670000
4.32592999	0.03173925	115.98250000
4.33092999	0.03173925	112.58890000
4.33592999	0.03173925	109.62860000
4.34092999	0.03173925	106.23490000
4.34592999	0.03173925	103.28070000
4.35092999	0.03173925	99.86266000
4.35592999	0.03173925	96.81693000
4.36092999	0.03173925	93.86883000
4.36592999	0.03173925	91.84240000
4.37092999	0.03173925	88.86990000
4.37592999	0.03173925	85.72649000
4.38092999	0.03173925	82.72958000
4.38592999	0.03173925	80.60548000
4.39092999	0.03173925	78.09076000
4.39592999	0.03173925	75.86901000
4.40092999	0.03173925	73.32988000
4.40592999	0.03173925	71.10813000
4.41092999	0.03173925	68.54457000
4.41592999	0.03173925	66.23127000
4.42092999	0.03173925	64.11329000
4.42592999	0.03173925	62.72775000
4.43092999	0.03173925	61.07974000
4.43592999	0.03173925	59.69421000
4.44092999	0.03173925	57.52739000
4.44592999	0.03173925	55.02487000
4.45092999	0.03173925	53.32804000
4.45592999	0.03173925	52.87027000
4.46092999	0.03173925	51.64342000
4.46592999	0.03173925	50.07477000
4.47092999	0.03173925	48.35352000
4.47592999	0.03173925	46.87643000
4.48092999	0.03173925	45.15519000
4.48592999	0.03173925	43.58654000
4.49092999	0.03173925	42.31086000
4.49592999	0.03173925	41.66998000
4.50092999	0.03173925	40.84597000
4.50592999	0.03173925	40.10132000
4.51092999	0.03173925	39.25901000
4.51592999	0.03173925	38.51436000
4.52092999	0.03173925	37.67205000
4.52592999	0.03173925	36.92739000
4.53092999	0.03173925	36.08509000
4.53592999	0.03173925	35.34044000
4.54092999	0.03173925	34.47371000
4.54592999	0.03173925	33.63750000
4.55092999	0.03173925	33.24076000
4.55592999	0.03173925	33.42387000
4.56092999	0.03173925	33.02713000
4.56592999	0.03173925	32.19093000
4.57092999	0.03173925	31.29978000
4.57592999	0.03173925	30.46358000
4.58092999	0.03173925	30.06684000
4.58592999	0.03173925	30.24995000
4.59092999	0.03173925	29.82879000
4.59592999	0.03173925	28.90103000
4.60092999	0.03173925	28.50429000
4.60592999	0.03173925	28.78506000
4.61092999	0.03173925	27.91223000
4.61592999	0.03173925	26.05060000
4.62092999	0.03186132	25.17777000
4.62592999	0.03231910	25.45854000
4.63092999	0.02996918	25.06180000
4.63592999	0.02487259	24.13404000
4.64092999	0.02487259	23.71288000
4.64592999	0.02996918	23.89599000
4.65092999	0.03231910	23.47484000
4.65592999	0.03186132	22.54707000
4.66092999	0.03173925	22.10150000
4.66592999	0.03173925	22.19306000
4.67092999	0.03186132	22.24189000
4.67592999	0.03231910	22.33344000
4.68092999	0.02996918	21.88787000
4.68592999	0.02487259	20.96011000
4.69092999	0.02499466	20.49013000
4.69592999	0.03054903	20.49013000
4.70092999	0.03067110	20.98453000
4.70592999	0.02557451	22.00385000
4.71092999	0.02322458	22.00385000
4.71592999	0.02368236	20.98453000
4.72092999	0.02380444	20.51454000
4.72592999	0.02380444	20.60610000
4.73092999	0.02380444	20.63051000
4.73592999	0.02380444	20.63051000
4.74092999	0.02380444	20.65493000
4.74592999	0.02380444	20.74648000
4.75092999	0.02380444	20.30091000
4.75592999	0.02380444	19.37315000
4.76092999	0.02380444	18.90317000
4.76592999	0.02380444	18.90317000
4.77092999	0.02380444	19.39757000
4.77592999	0.02380444	20.41688000
4.78092999	0.02380444	20.44130000
4.78592999	0.02380444	19.51353000
4.79092999	0.02380444	18.59798000
4.79592999	0.02380444	17.76177000
4.80092999	0.02380444	17.36503000
4.80592999	0.02380444	17.54814000
4.81092999	0.02380444	17.10257000
4.81592999	0.02380444	16.08325000
4.82092999	0.02380444	16.10767000
4.82592999	0.02380444	17.21854000
4.83092999	0.02380444	17.24296000
4.83592999	0.02380444	16.22364000
4.84092999	0.02380444	15.75365000
4.84592999	0.02380444	15.84521000
4.85092999	0.02380444	15.86962000
4.85592999	0.02380444	15.86962000
4.86092999	0.02380444	15.89404000
4.86592999	0.02380444	15.98559000
4.87092999	0.02380444	15.54002000
4.87592999	0.02380444	14.61226000
4.88092999	0.02380444	14.16669000
4.88592999	0.02380444	14.25825000
4.89092999	0.02380444	14.28266000
4.89592999	0.02380444	14.28266000
4.90092999	0.02380444	14.28266000
4.90592999	0.02380444	14.28266000
4.91092999	0.02380444	14.28266000
4.91592999	0.02380444	14.28266000
4.92092999	0.02380444	14.28266000
4.92592999	0.02380444	14.28266000
4.93092999	0.02380444	14.30708000
4.93592999	0.02380444	14.39863000
4.94092999	0.02380444	13.95306000
4.94592999	0.02380444	13.02530000
4.95092999	0.02380444	12.60414000
4.95592999	0.02380444	12.78726000
4.96092999	0.02380444	12.36610000
4.96592999	0.02380444	11.43834000
4.97092999	0.02380444	10.96835000
4.97592999	0.02380444	10.96835000
4.98092999	0.02380444	11.43834000
4.98592999	0.02380444	12.36610000
4.99092999	0.02380444	12.83609000
4.99592999	0.02380444	12.83609000
5.00092999	0.02380444	12.36610000
5.00592999	0.02380444	11.43834000
5.01092999	0.02380444	10.96835000
5.01592999	0.02380444	10.96835000
5.02092999	0.02380444	11.46275000
5.02592999	0.02380444	12.48207000
5.03092999	0.02380444	12.45765000
5.03592999	0.02380444	11.34678000
5.04092999	0.02380444	11.34678000
5.04592999	0.02380444	12.45765000
5.05092999	0.02380444	12.45765000
5.05592999	0.02380444	11.34678000
5.06092999	0.02380444	11.32237000
5.06592999	0.02380444	12.34169000
5.07092999	0.02380444	12.81167000
5.07592999	0.02380444	12.72011000
5.08092999	0.02380444	12.69570000
5.08592999	0.02380444	12.69570000
5.09092999	0.02380444	12.69570000
5.09592999	0.02380444	12.69570000
5.10092999	0.02380444	12.69570000
5.10592999	0.02380444	12.69570000
5.11092999	0.02380444	12.69570000
5.11592999	0.02380444	12.69570000
5.12092999	0.02380444	12.69570000
5.12592999	0.02380444	12.69570000
5.13092999	0.02380444	12.69570000
5.13592999	0.02380444	12.69570000
5.14092999	0.02380444	12.72011000
5.14592999	0.02380444	12.81167000
5.15092999	0.02380444	12.36610000
5.15592999	0.02380444	11.43834000
5.16092999	0.02380444	10.99277000
5.16592999	0.02380444	11.08432000
5.17092999	0.02380444	11.10874000
5.17592999	0.02380444	11.10874000
5.18092999	0.02380444	11.13315000
5.18592999	0.02380444	11.22471000
5.19092999	0.02380444	10.77914000
5.19592999	0.02380444	9.85137500
5.20092999	0.02380444	9.40580500
5.20592999	0.02380444	9.49735900
5.21092999	0.02380444	9.54619000
5.21592999	0.02380444	9.63774600
5.22092999	0.02380444	9.19217500
5.22592999	0.02380444	8.26441300
5.23092999	0.02380444	7.81884200
5.23592999	0.02380444	7.91039800
5.24092999	0.02380444	7.93481200
5.24592999	0.02380444	7.93481200
5.25092999	0.02380444	7.93481200
5.25592999	0.02380444	7.93481200
5.26092999	0.02380444	7.93481200
5.26592999	0.02380444	7.93481200
5.27092999	0.02380444	7.93481200
5.27592999	0.02380444	7.93481200
5.28092999	0.02392651	7.93481200
5.28592999	0.02438429	7.93481200
5.29092999	0.02203436	7.95922800
5.29592999	0.01693777	8.05078300
5.30092999	0.01693777	7.58079800
5.30592999	0.02203436	6.56148000
5.31092999	0.02438429	6.56148000
5.31592999	0.02392651	7.58079800
5.32092999	0.02380444	8.05078300
5.32592999	0.02380444	7.95922800
5.33092999	0.02380444	7.93481200
5.33592999	0.02380444	7.93481200
5.34092999	0.02380444	7.93481200
5.34592999	0.02380444	7.93481200
5.35092999	0.02392651	7.93481200
5.35592999	0.02438429	7.93481200
5.36092999	0.02215644	7.93481200
5.36592999	0.01751762	7.93481200
5.37092999	0.01516770	7.91039800
5.37592999	0.01516770	7.81884200
5.38092999	0.01763970	8.28882700
5.38592999	0.02273629	9.30814500
5.39092999	0.02273629	9.30814500
5.39592999	0.01763970	8.28882700
5.40092999	0.01528977	7.79442700
5.40592999	0.01574755	7.79442700
5.41092999	0.01586962	8.26441300
5.41592999	0.01586962	9.19217500
5.42092999	0.01586962	9.63774600
5.42592999	0.01586962	9.54619000
5.43092999	0.01586962	9.52177400
5.43592999	0.01586962	9.52177400
5.44092999	0.01586962	9.52177400
5.44592999	0.01586962	9.52177400
5.45092999	0.01586962	9.52177400
5.45592999	0.01586962	9.52177400
5.46092999	0.01586962	9.52177400
5.46592999	0.01586962	9.52177400
5.47092999	0.01586962	9.54619000
5.47592999	0.01586962	9.63774600
5.48092999	0.01586962	9.21658900
5.48592999	0.01586962	8.38038300
5.49092999	0.01586962	7.48924200
5.49592999	0.01586962	6.65303500
5.50092999	0.01586962	6.25629500
5.50592999	0.01586962	6.43940500
5.51092999	0.01586962	5.99383500
5.51592999	0.01586962	4.97451700
5.52092999	0.01586962	4.95010200
5.52592999	0.01586962	5.87786500
5.53092999	0.01586962	6.81783500
5.53592999	0.01586962	7.74559700
5.54092999	0.01586962	7.72118300
5.54592999	0.01586962	6.70186400
5.55092999	0.01586962	6.23187900
5.55592999	0.01586962	6.32343500
5.56092999	0.01586962	6.32343500
5.56592999	0.01586962	6.23187900
5.57092999	0.01586962	6.67745000
5.57592999	0.01586962	7.60521200
5.58092999	0.01586962	8.05078300
5.58592999	0.01586962	7.95922800
5.59092999	0.01586962	7.93481200
5.59592999	0.01586962	7.93481200
5.60092999	0.01586962	7.93481200
5.60592999	0.01586962	7.93481200
5.61092999	0.01586962	7.93481200
5.61592999	0.01586962	7.93481200
5.62092999	0.01586962	7.93481200
5.62592999	0.01586962	7.93481200
5.63092999	0.01586962	7.93481200
5.63592999	0.01586962	7.93481200
5.64092999	0.01586962	7.93481200
5.64592999	0.01586962	7.93481200
5.65092999	0.01586962	7.93481200
5.65592999	0.01586962	7.93481200
5.66092999	0.01586962	7.93481200
5.66592999	0.01586962	7.93481200
5.67092999	0.01586962	7.93481200
5.67592999	0.01586962	7.93481200
5.68092999	0.01586962	7.93481200
5.68592999	0.01586962	7.93481200
5.69092999	0.01586962	7.93481200
5.69592999	0.01586962	7.93481200
5.70092999	0.01586962	7.95922800
5.70592999	0.01586962	8.05078300
5.71092999	0.01586962	7.60521200
5.71592999	0.01586962	6.67745000
5.72092999	0.01586962	6.20746500
5.72592999	0.01586962	6.20746500
5.73092999	0.01586962	6.70186400
5.73592999	0.01586962	7.72118300
5.74092999	0.01586962	7.74559700
5.74592999	0.01586962	6.81783500
5.75092999	0.01586962	5.87786500
5.75592999	0.01586962	4.95010200
5.76092999	0.01586962	4.99893200
5.76592999	0.01586962	6.10980600
5.77092999	0.01586962	6.10980600
5.77592999	0.01586962	4.99893200
5.78092999	0.01586962	4.99893200
5.78592999	0.01586962	6.10980600
5.79092999	0.01586962	6.13422100
5.79592999	0.01586962	5.11490200
5.80092999	0.01586962	4.64491700
5.80592999	0.01586962	4.73647300
5.81092999	0.01586962	4.73647300
5.81592999	0.01586962	4.64491700
5.82092999	0.01586962	5.11490200
5.82592999	0.01586962	6.13422100
5.83092999	0.01586962	6.13422100
5.83592999	0.01586962	5.11490200
5.84092999	0.01586962	4.64491700
5.84592998	0.01586962	4.73647300
5.85092998	0.01586962	4.76088700
5.85592998	0.01586962	4.76088700
5.86092998	0.01586962	4.73647300
5.86592998	0.01586962	4.64491700
5.87092998	0.01586962	5.11490200
5.87592998	0.01586962	6.13422100
5.88092998	0.01586962	6.13422100
5.88592998	0.01586962	5.11490200
5.89092998	0.01586962	4.62050200
5.89592998	0.01586962	4.62050200
5.90092998	0.01586962	5.11490200
5.90592998	0.01586962	6.13422100
5.91092998	0.01586962	6.13422100
5.91592998	0.01586962	5.11490200
5.92092998	0.01586962	4.64491700
5.92592998	0.01586962	4.73647300
5.93092998	0.01586962	4.76088700
5.93592998	0.01586962	4.76088700
5.94092998	0.01586962	4.76088700
5.94592998	0.01586962	4.76088700
5.95092998	0.01586962	4.76088700
5.95592998	0.01586962	4.76088700
5.96092998	0.01586962	4.73647300
5.96592998	0.01586962	4.64491700
5.97092998	0.01586962	5.09048700
5.97592998	0.01586962	6.01825000
5.98092998	0.01586962	6.46382000
5.98592998	0.01586962	6.37226500
5.99092998	0.01586962	6.34785000
5.99592998	0.01586962	6.34785000
6.00092998	0.01586962	6.34785000
6.00592998	0.01586962	6.34785000
6.01092998	0.01586962	6.34785000
6.01592998	0.01586962	6.34785000
6.02092998	0.01586962	6.37226500
6.02592998	0.01586962	6.46382000
6.03092998	0.01586962	6.01825000
6.03592998	0.01586962	5.09048700
6.04092998	0.01586962	4.64491700
6.04592998	0.01586962	4.73647300
6.05092998	0.01586962	4.78530200
6.05592998	0.01586962	4.87685800
6.06092998	0.01586962	4.43128700
6.06592998	0.01586962	3.50352500
6.07092998	0.01586962	3.03354000
6.07592998	0.01586962	3.03354000
6.08092998	0.01586962	3.50352500
6.08592998	0.01586962	4.43128700
6.09092998	0.01586962	4.90127200
6.09592998	0.01586962	4.90127200
6.10092998	0.01586962	4.43128700
6.10592998	0.01586962	3.50352500
6.11092998	0.01586962	3.05795500
6.11592998	0.01586962	3.14951000
6.12092998	0.01586962	3.17392500
6.12592998	0.01586962	3.17392500
6.13092998	0.01586962	3.14951000
6.13592998	0.01586962	3.05795500
6.14092998	0.01586962	3.50352500
6.14592998	0.01586962	4.43128700
6.15092998	0.01586962	4.87685800
6.15592998	0.01586962	4.78530200
6.16092998	0.01586962	4.76088700
6.16592998	0.01586962	4.76088700
6.17092998	0.01586962	4.76088700
6.17592998	0.01586962	4.76088700
6.18092998	0.01586962	4.73647300
6.18592998	0.01586962	4.64491700
6.19092998	0.01586962	5.06607200
6.19592998	0.01586962	5.90228000
6.20092998	0.01586962	6.81783500
6.20592998	0.01586962	7.74559700
6.21092998	0.01586962	7.72118300
6.21592998	0.01586962	6.70186400
6.22092998	0.01586962	6.23187900
6.22592998	0.01586962	6.32343500
6.23092998	0.01586962	6.34785000
6.23592998	0.01586962	6.34785000
6.24092998	0.01586962	6.34785000
6.24592998	0.01586962	6.34785000
6.25092998	0.01586962	6.37226500
6.25592998	0.01586962	6.46382000
6.26092998	0.01599170	5.99383500
6.26592998	0.01644948	4.97451700
6.27092998	0.01409955	4.97451700
6.27592998	0.00900296	5.99383500
6.28092998	0.00900296	6.48823500
6.28592998	0.01409955	6.48823500
6.29092998	0.01644948	6.01825000
6.29592998	0.01599170	5.09048700
6.30092998	0.01586962	4.64491700
6.30592998	0.01586962	4.73647300
6.31092998	0.01586962	4.73647300
6.31592998	0.01586962	4.64491700
6.32092998	0.01599170	5.11490200
6.32592998	0.01644948	6.13422100
6.33092998	0.01422163	6.15863500
6.33592998	0.00958281	5.23087300
6.34092998	0.00735496	4.29090200
6.34592998	0.00781274	3.36314000
6.35092998	0.00781274	3.38755500
6.35592998	0.00735496	4.40687300
6.36092998	0.00958281	4.87685800
6.36592998	0.01422163	4.78530200
6.37092998	0.01657155	4.76088700
6.37592998	0.01657155	4.76088700
6.38092998	0.01409955	4.73647300
6.38592998	0.00900296	4.64491700
6.39092998	0.00912503	5.09048700
6.39592998	0.01467940	6.01825000
6.40092998	0.01467940	6.46382000
6.40592998	0.00912503	6.37226500
6.41092998	0.00912503	6.37226500
6.41592998	0.01467940	6.46382000
6.42092998	0.01480148	6.04266500
6.42592998	0.00970489	5.20645800
6.43092998	0.00723289	4.26648800
6.43592998	0.00723289	3.24716900
6.44092998	0.00970489	3.74156900
6.44592998	0.01480148	5.78020600
6.45092998	0.01480148	6.22577600
6.45592998	0.00970489	5.02334600
6.46092998	0.00735496	4.99893200
6.46592998	0.00781274	6.10980600
6.47092998	0.00793481	6.13422100
6.47592998	0.00793481	5.11490200
6.48092998	0.00793481	4.64491700
6.48592998	0.00793481	4.73647300
6.49092998	0.00793481	4.73647300
6.49592998	0.00793481	4.64491700
6.50092998	0.00793481	5.09048700
6.50592998	0.00793481	6.01825000
6.51092998	0.00793481	6.46382000
6.51592998	0.00793481	6.37226500
6.52092998	0.00793481	6.34785000
6.52592998	0.00793481	6.34785000
6.53092998	0.00793481	6.34785000
6.53592998	0.00793481	6.34785000
6.54092998	0.00793481	6.37226500
6.54592998	0.00793481	6.46382000
6.55092998	0.00793481	6.01825000
6.55592998	0.00793481	5.09048700
6.56092998	0.00793481	4.64491700
6.56592998	0.00793481	4.73647300
6.57092998	0.00793481	4.73647300
6.57592998	0.00793481	4.64491700
6.58092998	0.00793481	5.11490200
6.58592998	0.00793481	6.13422100
6.59092998	0.00793481	6.13422100
6.59592998	0.00793481	5.11490200
6.60092998	0.00793481	4.64491700
6.60592998	0.00793481	4.73647300
6.61092998	0.00793481	4.76088700
6.61592998	0.00793481	4.76088700
6.62092998	0.00793481	4.73647300
6.62592998	0.00793481	4.64491700
6.63092998	0.00793481	5.11490200
6.63592998	0.00793481	6.13422100
6.64092998	0.00793481	6.13422100
6.64592998	0.00793481	5.11490200
6.65092998	0.00793481	4.64491700
6.65592998	0.00793481	4.73647300
6.66092998	0.00793481	4.76088700
6.66592998	0.00793481	4.76088700
6.67092998	0.00793481	4.76088700
6.67592998	0.00793481	4.76088700
6.68092998	0.00793481	4.76088700
6.68592998	0.00793481	4.76088700
6.69092998	0.00793481	4.76088700
6.69592998	0.00793481	4.76088700
6.70092998	0.00793481	4.76088700
6.70592998	0.00793481	4.76088700
6.71092998	0.00793481	4.76088700
6.71592998	0.00793481	4.76088700
6.72092998	0.00793481	4.76088700
6.72592998	0.00793481	4.76088700
6.73092998	0.00793481	4.76088700
6.73592998	0.00793481	4.76088700
6.74092998	0.00793481	4.76088700
6.74592998	0.00793481	4.76088700
6.75092998	0.00793481	4.76088700
6.75592998	0.00793481	4.76088700
6.76092998	0.00793481	4.73647300
6.76592998	0.00793481	4.64491700
6.77092998	0.00793481	5.11490200
6.77592998	0.00793481	6.13422100
6.78092998	0.00793481	6.13422100
6.78592998	0.00793481	5.11490200
6.79092998	0.00793481	4.64491700
6.79592998	0.00793481	4.73647300
6.80092998	0.00793481	4.76088700
6.80592998	0.00793481	4.76088700
6.81092998	0.00793481	4.76088700
6.81592998	0.00793481	4.76088700
6.82092998	0.00793481	4.78530200
6.82592998	0.00793481	4.87685800
6.83092998	0.00793481	4.40687300
6.83592998	0.00793481	3.38755500
6.84092998	0.00793481	3.38755500
6.84592998	0.00793481	4.40687300
6.85092998	0.00793481	4.87685800
6.85592998	0.00793481	4.78530200
6.86092998	0.00793481	4.76088700
6.86592998	0.00793481	4.76088700
6.87092998	0.00793481	4.76088700
6.87592998	0.00793481	4.76088700
6.88092998	0.00793481	4.78530200
6.88592998	0.00793481	4.87685800
6.89092998	0.00793481	4.40687300
6.89592998	0.00793481	3.38755500
6.90092998	0.00793481	3.38755500
6.90592998	0.00793481	4.40687300
6.91092998	0.00793481	4.87685800
6.91592998	0.00793481	4.78530200
6.92092998	0.00793481	4.78530200
6.92592998	0.00793481	4.87685800
6.93092998	0.00793481	4.43128700
6.93592998	0.00793481	3.50352500
6.94092998	0.00793481	3.05795500
6.94592998	0.00793481	3.14951000
6.95092998	0.00793481	3.17392500
6.95592998	0.00793481	3.17392500
6.96092998	0.00793481	3.17392500
6.96592998	0.00793481	3.17392500
6.97092998	0.00793481	3.17392500
6.97592998	0.00793481	3.17392500
6.98092998	0.00793481	3.17392500
6.98592998	0.00793481	3.17392500
6.99092998	0.00793481	3.14951000
6.99592998	0.00793481	3.05795500
7.00092998	0.00793481	3.52794000
7.00592998	0.00793481	4.54725700
7.01092998	0.00793481	4.52284300
7.01592998	0.00793481	3.41196900
7.02092998	0.00793481	3.38755500
7.02592998	0.00793481	4.40687300
7.03092998	0.00793481	4.87685800
7.03592998	0.00793481	4.78530200
7.04092998	0.00793481	4.78530200
7.04592998	0.00793481	4.87685800
7.05092998	0.00793481	4.40687300
7.05592998	0.00793481	3.38755500
7.06092998	0.00793481	3.41196900
7.06592998	0.00793481	4.52284300
7.07092998	0.00793481	4.52284300
7.07592998	0.00793481	3.41196900
7.08092998	0.00793481	3.41196900
7.08592998	0.00793481	4.52284300
7.09092998	0.00793481	4.54725700
7.09592998	0.00793481	3.52794000
7.10092998	0.00793481	3.08237000
7.10592998	0.00793481	3.26548100
7.11092998	0.00793481	2.81991000
7.11592998	0.00793481	1.80059200
7.12092998	0.00793481	1.82500700
7.12592998	0.00793481	2.93588100
7.13092998	0.00793481	2.96029500
7.13592998	0.00793481	1.94097700
7.14092998	0.00793481	1.44657700
7.14592998	0.00793481	1.44657700
7.15092998	0.00793481	1.91656200
7.15592998	0.00793481	2.84432500
7.16092998	0.00793481	3.31431000
7.16592998	0.00793481	3.31431000
7.17092998	0.00793481	2.84432500
7.17592998	0.00793481	1.91656200
7.18092998	0.00793481	1.47099200
7.18592998	0.00793481	1.56254800
7.19092998	0.00793481	1.56254800
7.19592998	0.00793481	1.47099200
7.20092998	0.00793481	1.91656200
7.20592998	0.00793481	2.84432500
7.21092998	0.00793481	3.28989500
7.21592998	0.00793481	3.19834000
7.22092998	0.00793481	3.17392500
7.22592998	0.00793481	3.17392500
7.23092998	0.00793481	3.17392500
7.23592998	0.00793481	3.17392500
7.24092998	0.00793481	3.17392500
7.24592998	0.00793481	3.17392500
7.25092998	0.00793481	3.14951000
7.25592998	0.00793481	3.05795500
7.26092998	0.00793481	3.50352500
7.26592998	0.00793481	4.43128700
7.27092998	0.00793481	4.87685800
7.27592998	0.00793481	4.78530200
7.28092998	0.00793481	4.76088700
7.28592998	0.00793481	4.76088700
7.29092998	0.00793481	4.76088700
7.29592998	0.00793481	4.76088700
7.30092998	0.00793481	4.76088700
7.30592998	0.00793481	4.76088700
7.31092998	0.00793481	4.76088700
7.31592998	0.00793481	4.76088700
7.32092998	0.00793481	4.78530200
7.32592998	0.00793481	4.87685800
7.33092998	0.00793481	4.40687300
7.33592998	0.00793481	3.38755500
7.34092998	0.00793481	3.38755500
7.34592998	0.00793481	4.40687300
7.35092998	0.00793481	4.87685800
7.35592998	0.00793481	4.78530200
7.36092998	0.00793481	4.76088700
7.36592998	0.00793481	4.76088700
7.37092998	0.00793481	4.78530200
7.37592998	0.00793481	4.87685800
7.38092998	0.00793481	4.40687300
7.38592998	0.00793481	3.38755500
7.39092998	0.00793481	3.38755500
7.39592998	0.00793481	4.40687300
7.40092998	0.00793481	4.87685800
7.40592998	0.00793481	4.78530200
7.41092998	0.00793481	4.76088700
7.41592998	0.00793481	4.76088700
7.42092998	0.00793481	4.76088700
7.42592998	0.00793481	4.76088700
7.43092998	0.00793481	4.76088700
7.43592998	0.00793481	4.76088700
7.44092998	0.00793481	4.78530200
7.44592998	0.00793481	4.87685800
7.45092998	0.00793481	4.43128700
7.45592998	0.00793481	3.50352500
7.46092998	0.00793481	3.05795500
7.46592998	0.00793481	3.14951000
7.47092998	0.00793481	3.17392500
7.47592998	0.00793481	3.17392500
7.48092998	0.00793481	3.19834000
7.48592998	0.00793481	3.28989500
7.49092997	0.00793481	2.81991000
7.49592997	0.00793481	1.80059200
7.50092997	0.00793481	1.80059200
7.50592997	0.00793481	2.81991000
7.51092997	0.00793481	3.28989500
7.51592997	0.00793481	3.19834000
7.52092997	0.00793481	3.17392500
7.52592997	0.00793481	3.17392500
7.53092997	0.00793481	3.19834000
7.53592997	0.00793481	3.28989500
7.54092997	0.00793481	2.84432500
7.54592997	0.00793481	1.91656200
7.55092997	0.00793481	1.44657700
7.55592997	0.00793481	1.44657700
7.56092997	0.00793481	1.91656200
7.56592997	0.00793481	2.84432500
7.57092997	0.00793481	3.28989500
7.57592997	0.00793481	3.19834000
7.58092997	0.00793481	3.14951000
7.58592997	0.00793481	3.05795500
7.59092997	0.00793481	3.52794000
7.59592997	0.00793481	4.54725700
7.60092997	0.00793481	4.52284300
7.60592997	0.00793481	3.41196900
7.61092997	0.00793481	3.41196900
7.61592997	0.00793481	4.52284300
7.62092997	0.00793481	4.52284300
7.62592997	0.00793481	3.41196900
7.63092997	0.00793481	3.38755500
7.63592997	0.00793481	4.40687300
7.64092997	0.00793481	4.87685800
7.64592997	0.00793481	4.78530200
7.65092997	0.00793481	4.76088700
7.65592997	0.00793481	4.76088700
7.66092997	0.00793481	4.76088700
7.66592997	0.00793481	4.76088700
7.67092997	0.00793481	4.76088700
7.67592997	0.00793481	4.76088700
7.68092997	0.00793481	4.76088700
7.68592997	0.00793481	4.76088700
7.69092997	0.00793481	4.76088700
7.69592997	0.00793481	4.76088700
7.70092997	0.00793481	4.78530200
7.70592997	0.00793481	4.87685800
7.71092997	0.00793481	4.40687300
7.71592997	0.00793481	3.38755500
7.72092997	0.00793481	3.38755500
7.72592997	0.00793481	4.40687300
7.73092997	0.00793481	4.90127200
7.73592997	0.00793481	4.90127200
7.74092997	0.00793481	4.43128700
7.74592997	0.00793481	3.50352500
7.75092997	0.00793481	3.05795500
7.75592997	0.00793481	3.14951000
7.76092997	0.00793481	3.17392500
7.76592997	0.00793481	3.17392500
7.77092997	0.00793481	3.19834000
7.77592997	0.00793481	3.28989500
7.78092997	0.00793481	2.81991000
7.78592997	0.00793481	1.80059200
7.79092997	0.00793481	1.80059200
7.79592997	0.00793481	2.81991000
7.80092997	0.00793481	3.28989500
7.80592997	0.00793481	3.19834000
7.81092997	0.00793481	3.17392500
7.81592997	0.00793481	3.17392500
7.82092997	0.00793481	3.17392500
7.82592997	0.00793481	3.17392500
7.83092997	0.00793481	3.17392500
7.83592997	0.00793481	3.17392500
7.84092997	0.00793481	3.17392500
7.84592997	0.00793481	3.17392500
7.85092997	0.00793481	3.17392500
7.85592997	0.00793481	3.17392500
7.86092997	0.00793481	3.19834000
7.86592997	0.00793481	3.28989500
7.87092997	0.00793481	2.81991000
7.87592997	0.00793481	1.80059200
7.88092997	0.00793481	1.80059200
7.88592997	0.00793481	2.81991000
7.89092997	0.00793481	3.28989500
7.89592997	0.00793481	3.19834000
7.90092997	0.00793481	3.17392500
7.90592997	0.00793481	3.17392500
7.91092997	0.00793481	3.17392500
7.91592997	0.00793481	3.17392500
7.92092997	0.00793481	3.17392500
7.92592997	0.00793481	3.17392500
7.93092997	0.00793481	3.17392500
7.93592997	0.00793481	3.17392500
7.94092997	0.00793481	3.14951000
7.94592997	0.00793481	3.05795500
7.95092997	0.00793481	3.50352500
7.95592997	0.00793481	4.43128700
7.96092997	0.00793481	4.90127200
7.96592997	0.00793481	4.90127200
7.97092997	0.00793481	4.40687300
7.97592997	0.00793481	3.38755500
7.98092997	0.00793481	3.38755500
7.98592997	0.00793481	4.40687300
7.99092997	0.00793481	4.90127200
7.99592997	0.00793481	4.90127200
8.00092997	0.00793481	4.43128700
8.00592997	0.00793481	3.50352500
8.01092997	0.00793481	3.05795500
8.01592997	0.00793481	3.14951000
8.02092997	0.00793481	3.17392500
8.02592997	0.00793481	3.17392500
8.03092997	0.00793481	3.17392500
8.03592997	0.00793481	3.17392500
8.04092997	0.00793481	3.19834000
8.04592997	0.00793481	3.28989500
8.05092997	0.00793481	2.81991000
8.05592997	0.00793481	1.80059200
8.06092997	0.00793481	1.82500700
8.06592997	0.00793481	2.93588100
8.07092997	0.00793481	2.93588100
8.07592997	0.00793481	1.82500700
8.08092997	0.00793481	1.80059200
8.08592997	0.00793481	2.81991000
8.09092997	0.00793481	3.28989500
8.09592997	0.00793481	3.19834000
8.10092997	0.00793481	3.17392500
8.10592997	0.00793481	3.17392500
8.11092997	0.00793481	3.17392500
8.11592997	0.00793481	3.17392500
8.12092997	0.00793481	3.19834000
8.12592997	0.00793481	3.28989500
8.13092997	0.00793481	2.84432500
8.13592997	0.00793481	1.91656200
8.14092997	0.00793481	1.47099200
8.14592997	0.00793481	1.56254800
8.15092997	0.00793481	1.58696200
8.15592997	0.00793481	1.58696200
8.16092997	0.00793481	1.56254800
8.16592997	0.00793481	1.47099200
8.17092997	0.00793481	1.96539200
8.17592997	0.00793481	3.07626600
8.18092997	0.00793481	2.58186600
8.18592997	0.00793481	0.45167390
8.19092997	0.00793481	0.45167390
8.19592997	0.00793481	2.58186600
8.20092997	0.00793481	3.02743600
8.20592997	0.00793481	1.73345100
8.21092997	0.00793481	2.15460700
8.21592997	0.00793481	4.19324400
8.22092997	0.00793481	4.66322800
8.22592997	0.00793481	3.55235400
8.23092997	0.00793481	3.05795500
8.23592997	0.00793481	3.14951000
8.24092997	0.00805689	3.17392500
8.24592997	0.00851466	3.17392500
8.25092997	0.00628681	3.17392500
8.25592997	0.00164800	3.17392500
8.26092997	-0.00057985	3.17392500
8.26592997	-0.00012207	3.17392500
8.27092997	-0.00012207	3.14951000
8.27592997	-0.00057985	3.05795500
8.28092997	0.00164800	3.52794000
8.28592997	0.00628681	4.54725700
8.29092997	0.00851466	4.54725700
8.29592997	0.00805689	3.52794000
8.30092997	0.00793481	3.05795500
8.30592997	0.00793481	3.14951000
8.31092997	0.00793481	3.19834000
8.31592997	0.00793481	3.28989500
8.32092997	0.00793481	2.84432500
8.32592997	0.00793481	1.91656200
8.33092997	0.00793481	1.44657700
8.33592997	0.00793481	1.44657700
8.34092997	0.00793481	1.91656200
8.34592997	0.00793481	2.84432500
8.35092997	0.00793481	3.31431000
8.35592997	0.00793481	3.31431000
8.36092997	0.00793481	2.84432500
8.36592997	0.00793481	1.91656200
8.37092997	0.00793481	1.44657700
8.37592997	0.00793481	1.44657700
8.38092997	0.00793481	1.94097700
8.38592997	0.00793481	2.96029500
8.39092997	0.00793481	2.93588100
8.39592997	0.00793481	1.82500700
8.40092997	0.00793481	1.80059200
8.40592997	0.00793481	2.81991000
8.41092997	0.00793481	3.28989500
8.41592997	0.00793481	3.19834000
8.42092997	0.00793481	3.19834000
8.42592997	0.00793481	3.28989500
8.43092997	0.00805689	2.81991000
8.43592997	0.00851466	1.80059200
8.44092997	0.00628681	1.80059200
8.44592997	0.00164800	2.81991000
8.45092997	-0.00070193	3.26548100
8.45592997	-0.00070193	3.08237000
8.46092997	0.00164800	3.52794000
8.46592997	0.00628681	4.54725700
8.47092997	0.00863674	4.57167300
8.47592997	0.00863674	3.64391000
8.48092997	0.00616474	2.70394000
8.48592997	0.00106815	1.77617700
8.49092997	0.00106815	1.82500700
8.49592997	0.00616474	2.93588100
8.50092997	0.00851466	2.96029500
8.50592997	0.00805689	1.94097700
8.51092997	0.00793481	1.47099200
8.51592997	0.00793481	1.56254800
8.52092997	0.00793481	1.58696200
8.52592997	0.00793481	1.58696200
8.53092997	0.00793481	1.58696200
8.53592997	0.00793481	1.58696200
8.54092997	0.00805689	1.61137700
8.54592997	0.00851466	1.70293300
8.55092997	0.00628681	1.23294800
8.55592997	0.00164800	0.21362960
8.56092997	-0.00070193	0.21362960
8.56592997	-0.00070193	1.23294800
8.57092997	0.00164800	1.70293300
8.57592997	0.00628681	1.61137700
8.58092997	0.00851466	1.58696200
8.58592997	0.00805689	1.58696200
8.59092997	0.00805689	1.58696200
8.59592997	0.00851466	1.58696200
8.60092997	0.00616474	1.58696200
8.60592997	0.00106815	1.58696200
8.61092997	0.00106815	1.58696200
8.61592997	0.00616474	1.58696200
8.62092997	0.00863674	1.58696200
8.62592997	0.00863674	1.58696200
8.63092997	0.00628681	1.58696200
8.63592997	0.00164800	1.58696200
8.64092997	-0.00070193	1.56254800
8.64592997	-0.00070193	1.47099200
8.65092997	0.00164800	1.91656200
8.65592997	0.00628681	2.84432500
8.66092997	0.00851466	3.31431000
8.66592997	0.00805689	3.31431000
8.67092997	0.00805689	2.84432500
8.67592997	0.00851466	1.91656200
8.68092997	0.00616474	1.47099200
8.68592997	0.00106815	1.56254800
8.69092997	0.00106815	1.56254800
8.69592997	0.00616474	1.47099200
8.70092997	0.00863674	1.91656200
8.70592997	0.00863674	2.84432500
8.71092997	0.00628681	3.28989500
8.71592997	0.00164800	3.19834000
8.72092997	-0.00070193	3.19834000
8.72592997	-0.00070193	3.28989500
8.73092997	0.00164800	2.84432500
8.73592997	0.00628681	1.91656200
8.74092997	0.00851466	1.47099200
8.74592997	0.00805689	1.56254800
8.75092997	0.00805689	1.58696200
8.75592997	0.00851466	1.58696200
8.76092997	0.00616474	1.56254800
8.76592997	0.00106815	1.47099200
8.77092997	0.00119022	1.91656200
8.77592997	0.00674459	2.84432500
8.78092997	0.00686667	3.28989500
8.78592997	0.00177007	3.19834000
8.79092997	-0.00057985	3.17392500
8.79592997	-0.00012207	3.17392500
8.80092997	0.00000000	3.17392500
8.80592997	0.00000000	3.17392500
8.81092997	0.00000000	3.17392500
8.81592997	0.00000000	3.17392500
8.82092997	0.00000000	3.17392500
8.82592997	0.00000000	3.17392500
8.83092997	0.00000000	3.14951000
8.83592997	0.00000000	3.05795500
8.84092997	0.00000000	3.50352500
8.84592997	0.00000000	4.43128700
8.85092997	0.00000000	4.87685800
8.85592997	0.00000000	4.78530200
8.86092997	0.00000000	4.76088700
8.86592997	0.00000000	4.76088700
8.87092997	0.00000000	4.76088700
8.87592997	0.00000000	4.76088700
8.88092997	0.00000000	4.76088700
8.88592997	0.00000000	4.76088700
8.89092997	0.00000000	4.78530200
8.89592997	0.00000000	4.87685800
8.90092997	-0.00012207	4.43128700
8.90592997	-0.00057985	3.50352500
8.91092997	0.00177007	3.05795500
8.91592997	0.00686667	3.14951000
8.92092997	0.00686667	3.17392500
8.92592997	0.00177007	3.17392500
8.93092997	-0.00057985	3.19834000
8.93592997	-0.00012207	3.28989500
8.94092997	0.00000000	2.81991000
8.94592997	0.00000000	1.80059200
8.95092997	0.00000000	1.82500700
8.95592997	0.00000000	2.93588100
8.96092997	0.00000000	2.96029500
8.96592997	0.00000000	1.94097700
8.97092997	0.00000000	1.49540700
8.97592997	0.00000000	1.67851800
8.98092997	0.00000000	1.23294800
8.98592997	0.00000000	0.21362960
8.99092997	0.00000000	0.21362960
8.99592997	0.00000000	1.23294800
9.00092997	0.00000000	1.70293300
9.00592997	0.00000000	1.61137700
9.01092997	0.00000000	1.58696200
9.01592997	0.00000000	1.58696200
9.02092997	0.00000000	1.56254800
9.02592997	0.00000000	1.47099200
