Time	Channel A	Channel B
(us)	(V)	(mV)

-4.97403789	-0.00793481	-6.34785000
-4.93403789	-0.00793481	-6.34785000
-4.89403789	-0.00793481	-7.93481200
-4.85403789	-0.00793481	-6.34785000
-4.81403789	-0.00793481	-6.34785000
-4.77403789	-0.00793481	-6.34785000
-4.73403789	-0.00793481	-7.93481200
-4.69403789	-0.00793481	-6.34785000
-4.65403789	-0.00793481	-6.34785000
-4.61403789	-0.00793481	-4.76088700
-4.57403790	-0.00793481	-3.17392500
-4.53403790	-0.00793481	-4.76088700
-4.49403790	-0.00793481	-6.34785000
-4.45403790	-0.00793481	-6.34785000
-4.41403790	-0.00793481	-6.34785000
-4.37403790	-0.00793481	-6.34785000
-4.33403790	-0.00793481	-6.34785000
-4.29403790	-0.00793481	-6.34785000
-4.25403790	-0.00793481	-6.34785000
-4.21403790	-0.00793481	-6.34785000
-4.17403790	-0.00793481	-6.34785000
-4.13403790	-0.00793481	-6.34785000
-4.09403790	-0.00793481	-6.34785000
-4.05403790	-0.00793481	-6.34785000
-4.01403790	-0.00793481	-4.76088700
-3.97403790	-0.00793481	-6.34785000
-3.93403790	-0.00793481	-7.93481200
-3.89403790	-0.00793481	-6.34785000
-3.85403790	-0.00793481	-7.93481200
-3.81403790	-0.00793481	-7.93481200
-3.77403790	-0.00793481	-6.34785000
-3.73403790	-0.00793481	-6.34785000
-3.69403790	-0.00793481	-7.93481200
-3.65403790	-0.00793481	-6.34785000
-3.61403790	-0.00793481	-6.34785000
-3.57403790	-0.00793481	-7.93481200
-3.53403790	-0.00793481	-6.34785000
-3.49403790	-0.00793481	-6.34785000
-3.45403790	-0.00793481	-4.76088700
-3.41403790	-0.00793481	-6.34785000
-3.37403790	-0.00793481	-6.34785000
-3.33403790	-0.00793481	-6.34785000
-3.29403790	-0.00793481	-9.52177400
-3.25403790	-0.00793481	-9.52177400
-3.21403790	-0.00793481	-6.34785000
-3.17403790	-0.00793481	-6.34785000
-3.13403790	-0.00793481	-4.76088700
-3.09403790	-0.00793481	-6.34785000
-3.05403790	-0.00793481	-6.34785000
-3.01403790	-0.00793481	-6.34785000
-2.97403790	-0.00793481	-6.34785000
-2.93403791	-0.00793481	-4.76088700
-2.89403791	-0.00793481	-4.76088700
-2.85403791	-0.00793481	-4.76088700
-2.81403791	-0.00793481	-6.34785000
-2.77403791	-0.00793481	-6.34785000
-2.73403791	-0.00793481	-6.34785000
-2.69403791	-0.00793481	-7.93481200
-2.65403791	-0.00793481	-6.34785000
-2.61403791	-0.00793481	-4.76088700
-2.57403791	-0.00793481	-3.17392500
-2.53403791	-0.00793481	-4.76088700
-2.49403791	-0.00793481	-6.34785000
-2.45403791	-0.00793481	-6.34785000
-2.41403791	-0.00793481	-6.34785000
-2.37403791	-0.00793481	-4.76088700
-2.33403791	-0.00793481	-6.34785000
-2.29403791	-0.00793481	-6.34785000
-2.25403791	-0.00793481	-6.34785000
-2.21403791	-0.00793481	-6.34785000
-2.17403791	-0.00793481	-4.76088700
-2.13403791	-0.00793481	-6.34785000
-2.09403791	-0.00793481	-6.34785000
-2.05403791	-0.00793481	-6.34785000
-2.01403791	-0.00793481	-4.76088700
-1.97403791	-0.00793481	-4.76088700
-1.93403791	-0.00793481	-4.76088700
-1.89403791	-0.00793481	-4.76088700
-1.85403791	-0.00793481	-6.34785000
-1.81403791	-0.00793481	-4.76088700
-1.77403791	-0.00793481	-4.76088700
-1.73403791	-0.00793481	-4.76088700
-1.69403791	-0.00793481	-4.76088700
-1.65403791	-0.00793481	-4.76088700
-1.61403791	-0.00793481	-6.34785000
-1.57403791	-0.00793481	-4.76088700
-1.53403791	-0.00793481	-4.76088700
-1.49403791	-0.00793481	-6.34785000
-1.45403791	-0.00793481	-7.93481200
-1.41403791	-0.00793481	-6.34785000
-1.37403791	-0.00793481	-4.76088700
-1.33403791	-0.00793481	-6.34785000
-1.29403792	-0.00793481	-6.34785000
-1.25403792	-0.00793481	-6.34785000
-1.21403792	-0.00793481	-4.76088700
-1.17403792	-0.00793481	-4.76088700
-1.13403792	-0.00793481	-4.76088700
-1.09403792	-0.00793481	-4.76088700
-1.05403792	-0.00793481	-6.34785000
-1.01403792	-0.00793481	-4.76088700
-0.97403792	-0.00793481	-3.17392500
-0.93403792	-0.00793481	-1.58696200
-0.89403792	-0.00793481	-3.17392500
-0.85403792	-0.00793481	-3.17392500
-0.81403792	-0.00793481	-4.76088700
-0.77403792	-0.00793481	-4.76088700
-0.73403792	-0.00793481	-4.76088700
-0.69403792	-0.00793481	-4.76088700
-0.65403792	-0.00793481	-4.76088700
-0.61403792	-0.00793481	-4.76088700
-0.57403792	-0.00793481	-3.17392500
-0.53403792	-0.00793481	-3.17392500
-0.49403792	-0.00793481	-6.34785000
-0.45403792	-0.00793481	-6.34785000
-0.41403792	-0.00793481	-6.34785000
-0.37403792	-0.00793481	-4.76088700
-0.33403792	-0.00793481	-4.76088700
-0.29403792	-0.00793481	-6.34785000
-0.25403792	-0.00793481	-6.34785000
-0.21403792	-0.00793481	-6.34785000
-0.17403792	-0.00793481	-6.34785000
-0.13403792	-0.00793481	-6.34785000
-0.09403792	0.00793481	-11.10874000
-0.05403792	0.03967406	-14.28266000
-0.01403792	0.07934812	-14.28266000
0.02596208	0.11108740	-14.28266000
0.06596208	0.14285710	-14.28266000
0.10596208	0.16666160	-14.28266000
0.14596208	0.17459640	-15.86962000
0.18596208	0.18253120	-15.86962000
0.22596208	0.18253120	-12.69570000
0.26596208	0.17459640	-14.28266000
0.30596208	0.17459640	-14.28266000
0.34596207	0.16666160	-12.69570000
0.38596207	0.15872680	-12.69570000
0.42596207	0.15079200	-11.10874000
0.46596207	0.14285710	-7.93481200
0.50596207	0.14285710	-6.34785000
0.54596207	0.14285710	-4.76088700
0.58596207	0.13489180	-7.93481200
0.62596207	0.13489180	-7.93481200
0.66596207	0.13489180	-6.34785000
0.70596207	0.12695700	-4.76088700
0.74596207	0.12695700	-4.76088700
0.78596207	0.11902220	-6.34785000
0.82596207	0.11902220	-6.34785000
0.86596207	0.11902220	-4.76088700
0.90596207	0.11902220	-4.76088700
0.94596207	0.11108740	-4.76088700
0.98596207	0.11108740	-4.76088700
1.02596207	0.11108740	-4.76088700
1.06596207	0.10315260	-3.17392500
1.10596207	0.10315260	-3.17392500
1.14596207	0.10315260	-3.17392500
1.18596207	0.10315260	-4.76088700
1.22596207	0.09521775	-4.76088700
1.26596207	0.09521775	-4.76088700
1.30596207	0.09521775	-4.76088700
1.34596207	0.09521775	-6.34785000
1.38596207	0.08728294	-6.34785000
1.42596207	0.08728294	-4.76088700
1.46596207	0.08728294	-6.34785000
1.50596207	0.07934812	-6.34785000
1.54596207	0.07934812	-4.76088700
1.58596207	0.07934812	-4.76088700
1.62596207	0.07934812	-4.76088700
1.66596207	0.07934812	-1.58696200
1.70596207	0.07934812	-3.17392500
1.74596207	0.07141331	-4.76088700
1.78596207	0.07141331	-4.76088700
1.82596207	0.07141331	-4.76088700
1.86596207	0.07141331	-4.76088700
1.90596207	0.06347850	-4.76088700
1.94596207	0.06347850	-4.76088700
1.98596207	0.06347850	-4.76088700
2.02596206	0.06347850	-4.76088700
2.06596206	0.06347850	-4.76088700
2.10596206	0.05554369	-4.76088700
2.14596206	0.05554369	-6.34785000
2.18596206	0.05554369	-4.76088700
2.22596206	0.05554369	-4.76088700
2.26596206	0.05554369	-6.34785000
2.30596206	0.05554369	-4.76088700
2.34596206	0.04760887	-4.76088700
2.38596206	0.04760887	-7.93481200
2.42596206	0.04760887	-4.76088700
2.46596206	0.04760887	-4.76088700
2.50596206	0.04760887	-4.76088700
2.54596206	0.04760887	-4.76088700
2.58596206	0.04760887	-6.34785000
2.62596206	0.03967406	-6.34785000
2.66596206	0.03967406	-6.34785000
2.70596206	0.03967406	-4.76088700
2.74596206	0.03967406	-4.76088700
2.78596206	0.03967406	-4.76088700
2.82596206	0.03967406	-4.76088700
2.86596206	0.03967406	-6.34785000
2.90596206	0.03967406	-6.34785000
2.94596206	0.03967406	-6.34785000
2.98596206	0.03967406	-4.76088700
3.02596206	0.03173925	-6.34785000
3.06596206	0.03173925	-4.76088700
3.10596206	0.03173925	-6.34785000
3.14596206	0.03173925	-6.34785000
3.18596206	0.03173925	-6.34785000
3.22596206	0.03173925	-4.76088700
3.26596206	0.03173925	-6.34785000
3.30596206	0.03173925	-6.34785000
3.34596206	0.03173925	-4.76088700
3.38596206	0.03173925	-6.34785000
3.42596206	0.02380444	-7.93481200
3.46596206	0.02380444	-6.34785000
3.50596206	0.02380444	-6.34785000
3.54596206	0.02380444	-4.76088700
3.58596206	0.02380444	-6.34785000
3.62596206	0.02380444	-4.76088700
3.66596205	0.02380444	-4.76088700
3.70596205	0.02380444	-6.34785000
3.74596205	0.02380444	-6.34785000
3.78596205	0.02380444	-7.93481200
3.82596205	0.02380444	-7.93481200
3.86596205	0.02380444	-7.93481200
3.90596205	0.02380444	-6.34785000
3.94596205	0.01586962	-4.76088700
3.98596205	0.01586962	-6.34785000
4.02596205	0.01586962	-6.34785000
4.06596205	0.01586962	-4.76088700
4.10596205	0.01586962	-6.34785000
4.14596205	0.01586962	-4.76088700
4.18596205	0.01586962	-4.76088700
4.22596205	0.01586962	-4.76088700
4.26596205	0.01586962	-4.76088700
4.30596205	0.01586962	-6.34785000
4.34596205	0.01586962	-4.76088700
4.38596205	0.01586962	-6.34785000
4.42596205	0.01586962	-4.76088700
4.46596205	0.01586962	-4.76088700
4.50596205	0.01586962	-4.76088700
4.54596205	0.01586962	-4.76088700
4.58596205	0.01586962	-4.76088700
4.62596205	0.00793481	-6.34785000
4.66596205	0.00793481	-6.34785000
4.70596205	0.00793481	-6.34785000
4.74596205	0.00793481	-4.76088700
4.78596205	0.00793481	-6.34785000
4.82596205	0.00793481	-6.34785000
4.86596205	0.00793481	-6.34785000
4.90596205	0.00793481	-6.34785000
4.94596205	0.00793481	-4.76088700
4.98596205	0.00793481	-3.17392500
5.02596205	0.00793481	-4.76088700
5.06596205	0.00793481	-4.76088700
5.10596205	0.00793481	-4.76088700
5.14596205	0.00793481	-4.76088700
5.18596205	0.00793481	-6.34785000
5.22596205	0.00793481	-9.52177400
5.26596205	0.00793481	-7.93481200
5.30596204	0.00793481	-6.34785000
5.34596204	0.00793481	-6.34785000
5.38596204	0.00793481	-4.76088700
5.42596204	0.00793481	-4.76088700
5.46596204	0.00793481	-6.34785000
5.50596204	0.00793481	-7.93481200
5.54596204	0.00793481	-6.34785000
5.58596204	0.00793481	-4.76088700
5.62596204	0.00793481	-6.34785000
5.66596204	0.00793481	-4.76088700
5.70596204	0.00793481	-4.76088700
5.74596204	0.00793481	-4.76088700
5.78596204	0.00793481	-4.76088700
5.82596204	0.00000000	-4.76088700
5.86596204	0.00000000	-4.76088700
5.90596204	0.00000000	-4.76088700
5.94596204	0.00000000	-4.76088700
5.98596204	0.00000000	-4.76088700
6.02596204	0.00000000	-3.17392500
6.06596204	0.00000000	-6.34785000
6.10596204	0.00000000	-6.34785000
6.14596204	0.00000000	-6.34785000
6.18596204	0.00000000	-6.34785000
6.22596204	0.00000000	-4.76088700
6.26596204	0.00000000	-6.34785000
6.30596204	0.00000000	-4.76088700
6.34596204	0.00000000	-4.76088700
6.38596204	0.00000000	-4.76088700
6.42596204	0.00000000	-4.76088700
6.46596204	0.00000000	-4.76088700
6.50596204	0.00000000	-4.76088700
6.54596204	0.00000000	-4.76088700
6.58596204	0.00000000	-4.76088700
6.62596204	0.00000000	-4.76088700
6.66596204	0.00000000	-6.34785000
6.70596204	0.00000000	-4.76088700
6.74596204	0.00000000	-3.17392500
6.78596204	0.00000000	-3.17392500
6.82596204	0.00000000	-4.76088700
6.86596204	0.00000000	-4.76088700
6.90596204	0.00000000	-4.76088700
6.94596203	0.00000000	-4.76088700
6.98596203	0.00000000	-6.34785000
7.02596203	0.00000000	-4.76088700
7.06596203	0.00000000	-4.76088700
7.10596203	0.00000000	-6.34785000
7.14596203	0.00000000	-6.34785000
7.18596203	0.00000000	-4.76088700
7.22596203	0.00000000	-6.34785000
7.26596203	0.00000000	-7.93481200
7.30596203	0.00000000	-7.93481200
7.34596203	0.00000000	-6.34785000
7.38596203	0.00000000	-6.34785000
7.42596203	0.00000000	-7.93481200
7.46596203	0.00000000	-7.93481200
7.50596203	0.00000000	-6.34785000
7.54596203	0.00000000	-6.34785000
7.58596203	0.00000000	-6.34785000
7.62596203	0.00000000	-4.76088700
7.66596203	0.00000000	-4.76088700
7.70596203	0.00000000	-4.76088700
7.74596203	0.00000000	-6.34785000
7.78596203	0.00000000	-4.76088700
7.82596203	0.00000000	-4.76088700
7.86596203	0.00000000	-4.76088700
7.90596203	0.00000000	-6.34785000
7.94596203	0.00000000	-4.76088700
7.98596203	0.00000000	-4.76088700
8.02596203	0.00000000	-6.34785000
8.06596203	0.00000000	-4.76088700
8.10596203	0.00000000	-4.76088700
8.14596203	0.00000000	-6.34785000
8.18596203	0.00000000	-4.76088700
8.22596203	0.00000000	-4.76088700
8.26596203	0.00000000	-6.34785000
8.30596203	0.00000000	-7.93481200
8.34596203	0.00000000	-6.34785000
8.38596203	0.00000000	-6.34785000
8.42596203	0.00000000	-4.76088700
8.46596203	0.00000000	-4.76088700
8.50596203	0.00000000	-6.34785000
8.54596203	0.00000000	-6.34785000
8.58596202	0.00000000	-4.76088700
8.62596202	0.00000000	-4.76088700
8.66596202	0.00000000	-7.93481200
8.70596202	0.00000000	-4.76088700
8.74596202	0.00000000	-4.76088700
8.78596202	0.00000000	-4.76088700
8.82596202	0.00000000	-3.17392500
8.86596202	0.00000000	-4.76088700
8.90596202	0.00000000	-6.34785000
8.94596202	0.00000000	-4.76088700
8.98596202	0.00000000	-4.76088700
9.02596202	0.00000000	-4.76088700
9.06596202	-0.00793481	-4.76088700
9.10596202	-0.00793481	-7.93481200
9.14596202	-0.00793481	-4.76088700
9.18596202	-0.00793481	-6.34785000
9.22596202	-0.00793481	-4.76088700
9.26596202	-0.00793481	-4.76088700
9.30596202	-0.00793481	-4.76088700
9.34596202	0.00000000	-6.34785000
9.38596202	-0.00793481	-4.76088700
9.42596202	0.00000000	-4.76088700
9.46596202	0.00000000	-4.76088700
9.50596202	-0.00793481	-6.34785000
9.54596202	-0.00793481	-4.76088700
9.58596202	-0.00793481	-3.17392500
9.62596202	0.00000000	-6.34785000
9.66596202	-0.00793481	-4.76088700
9.70596202	-0.00793481	-4.76088700
9.74596202	-0.00793481	-4.76088700
9.78596202	-0.00793481	-6.34785000
9.82596202	0.00000000	-6.34785000
9.86596202	-0.00793481	-4.76088700
9.90596202	-0.00793481	-4.76088700
9.94596202	-0.00793481	-3.17392500
9.98596202	-0.00793481	-6.34785000
10.02596202	-0.00793481	-6.34785000
10.06596202	-0.00793481	-4.76088700
10.10596202	-0.00793481	-4.76088700
10.14596202	-0.00793481	-4.76088700
10.18596202	-0.00793481	-1.58696200
10.22596201	-0.00793481	-4.76088700
10.26596201	-0.00793481	-6.34785000
10.30596201	0.00000000	-7.93481200
10.34596201	-0.00793481	-6.34785000
10.38596201	-0.00793481	-6.34785000
10.42596201	-0.00793481	-6.34785000
10.46596201	-0.00793481	-4.76088700
10.50596201	-0.00793481	-4.76088700
10.54596201	-0.00793481	-6.34785000
10.58596201	-0.00793481	-6.34785000
10.62596201	-0.00793481	-7.93481200
10.66596201	-0.00793481	-7.93481200
10.70596201	-0.00793481	-6.34785000
10.74596201	-0.00793481	-4.76088700
10.78596201	-0.00793481	-6.34785000
10.82596201	-0.00793481	-6.34785000
10.86596201	-0.00793481	-6.34785000
10.90596201	-0.00793481	-6.34785000
10.94596201	-0.00793481	-6.34785000
10.98596201	-0.00793481	-4.76088700
11.02596201	-0.00793481	-4.76088700
11.06596201	-0.00793481	-4.76088700
11.10596201	-0.00793481	-4.76088700
11.14596201	0.00000000	-6.34785000
11.18596201	-0.00793481	-6.34785000
11.22596201	-0.00793481	-3.17392500
11.26596201	-0.00793481	-3.17392500
11.30596201	-0.00793481	-4.76088700
11.34596201	-0.00793481	-4.76088700
11.38596201	-0.00793481	-4.76088700
11.42596201	0.00000000	-6.34785000
11.46596201	-0.00793481	-6.34785000
11.50596201	0.00000000	-4.76088700
11.54596201	-0.00793481	-3.17392500
11.58596201	-0.00793481	-3.17392500
11.62596201	-0.00793481	-4.76088700
11.66596201	-0.00793481	-4.76088700
11.70596201	-0.00793481	-4.76088700
11.74596201	0.00000000	-6.34785000
11.78596201	-0.00793481	-6.34785000
11.82596201	-0.00793481	-6.34785000
11.86596200	-0.00793481	-6.34785000
11.90596200	-0.00793481	-4.76088700
11.94596200	-0.00793481	-4.76088700
11.98596200	-0.00793481	-6.34785000
12.02596200	-0.00793481	-6.34785000
12.06596200	-0.00793481	-6.34785000
12.10596200	-0.00793481	-4.76088700
12.14596200	-0.00793481	-4.76088700
12.18596200	-0.00793481	-4.76088700
12.22596200	-0.00793481	-4.76088700
12.26596200	0.00000000	-7.93481200
12.30596200	-0.00793481	-6.34785000
12.34596200	-0.00793481	-6.34785000
12.38596200	-0.00793481	-6.34785000
12.42596200	-0.00793481	-6.34785000
12.46596200	-0.00793481	-3.17392500
12.50596200	-0.00793481	-4.76088700
12.54596200	-0.00793481	-4.76088700
12.58596200	-0.00793481	-6.34785000
12.62596200	-0.00793481	-4.76088700
12.66596200	0.00000000	-6.34785000
12.70596200	-0.00793481	-4.76088700
12.74596200	-0.00793481	-4.76088700
12.78596200	0.00000000	-6.34785000
12.82596200	-0.00793481	-6.34785000
12.86596200	-0.00793481	-6.34785000
12.90596200	-0.00793481	-6.34785000
12.94596200	-0.00793481	-6.34785000
12.98596200	-0.00793481	-6.34785000
13.02596200	-0.00793481	-4.76088700
13.06596200	-0.00793481	-6.34785000
13.10596200	-0.00793481	-4.76088700
13.14596200	-0.00793481	-4.76088700
13.18596200	-0.00793481	-4.76088700
13.22596200	-0.00793481	-6.34785000
13.26596200	-0.00793481	-4.76088700
13.30596200	-0.00793481	-3.17392500
13.34596200	-0.00793481	-4.76088700
13.38596200	-0.00793481	-6.34785000
13.42596200	-0.00793481	-4.76088700
13.46596200	-0.00793481	-4.76088700
13.50596200	-0.00793481	-4.76088700
13.54596199	-0.00793481	-6.34785000
13.58596199	-0.00793481	-4.76088700
13.62596199	-0.00793481	-4.76088700
13.66596199	-0.00793481	-4.76088700
13.70596199	-0.00793481	-4.76088700
13.74596199	-0.00793481	-4.76088700
13.78596199	-0.00793481	-6.34785000
13.82596199	-0.00793481	-4.76088700
13.86596199	-0.00793481	-4.76088700
13.90596199	-0.00793481	-4.76088700
13.94596199	-0.00793481	-3.17392500
13.98596199	-0.00793481	-4.76088700
14.02596199	-0.00793481	-4.76088700
14.06596199	-0.00793481	-4.76088700
14.10596199	-0.00793481	-4.76088700
14.14596199	-0.00793481	-4.76088700
14.18596199	-0.00793481	-4.76088700
14.22596199	-0.00793481	-6.34785000
14.26596199	-0.00793481	-6.34785000
14.30596199	-0.00793481	-6.34785000
14.34596199	0.00000000	-4.76088700
14.38596199	-0.00793481	-4.76088700
14.42596199	-0.00793481	-4.76088700
14.46596199	0.00000000	-4.76088700
14.50596199	-0.00793481	-4.76088700
14.54596199	-0.00793481	-6.34785000
14.58596199	-0.00793481	-3.17392500
14.62596199	-0.00793481	-3.17392500
14.66596199	-0.00793481	-3.17392500
14.70596199	-0.00793481	-4.76088700
14.74596199	-0.00793481	-3.17392500
14.78596199	-0.00793481	-4.76088700
14.82596199	-0.00793481	-4.76088700
14.86596199	-0.00793481	-4.76088700
14.90596199	0.00000000	-6.34785000
14.94596199	-0.00793481	-6.34785000
14.98596199	0.00000000	-4.76088700
15.02596199	-0.00793481	-4.76088700
15.06596199	0.00000000	-4.76088700
15.10596199	-0.00793481	-4.76088700
15.14596199	-0.00793481	-4.76088700
15.18596198	-0.00793481	-4.76088700
15.22596198	0.00000000	-4.76088700
15.26596198	0.00000000	-4.76088700
15.30596198	-0.00793481	-4.76088700
15.34596198	-0.00793481	-1.58696200
15.38596198	-0.00793481	-3.17392500
15.42596198	-0.00793481	-4.76088700
15.46596198	-0.00793481	-4.76088700
15.50596198	0.00000000	-3.17392500
15.54596198	-0.00793481	-3.17392500
15.58596198	-0.00793481	-3.17392500
15.62596198	-0.00793481	-4.76088700
15.66596198	-0.00793481	-4.76088700
15.70596198	-0.00793481	-4.76088700
15.74596198	-0.00793481	-4.76088700
15.78596198	0.00000000	-4.76088700
15.82596198	-0.00793481	-3.17392500
15.86596198	-0.00793481	-4.76088700
15.90596198	-0.00793481	-4.76088700
15.94596198	-0.00793481	-4.76088700
15.98596198	-0.00793481	-4.76088700
16.02596198	-0.00793481	-3.17392500
16.06596198	-0.00793481	-4.76088700
16.10596198	-0.00793481	-4.76088700
16.14596198	-0.00793481	-4.76088700
16.18596198	-0.00793481	-4.76088700
16.22596198	-0.00793481	-4.76088700
16.26596198	-0.00793481	-4.76088700
16.30596198	-0.00793481	-4.76088700
16.34596198	0.00000000	-4.76088700
16.38596198	-0.00793481	-3.17392500
16.42596198	-0.00793481	-4.76088700
16.46596198	-0.00793481	-4.76088700
16.50596198	-0.00793481	-6.34785000
16.54596198	-0.00793481	-6.34785000
16.58596198	0.00000000	-6.34785000
16.62596198	-0.00793481	-4.76088700
16.66596198	-0.00793481	-4.76088700
16.70596198	-0.00793481	-4.76088700
16.74596198	-0.00793481	-4.76088700
16.78596198	-0.00793481	-4.76088700
16.82596197	-0.00793481	-6.34785000
16.86596197	-0.00793481	-6.34785000
16.90596197	-0.00793481	-4.76088700
16.94596197	-0.00793481	-6.34785000
16.98596197	-0.00793481	-3.17392500
17.02596197	-0.00793481	-3.17392500
17.06596197	-0.00793481	-4.76088700
17.10596197	-0.00793481	-6.34785000
17.14596197	-0.00793481	-6.34785000
17.18596197	-0.00793481	-4.76088700
17.22596197	-0.00793481	-6.34785000
17.26596197	-0.00793481	-4.76088700
17.30596197	-0.00793481	-4.76088700
17.34596197	-0.00793481	-4.76088700
17.38596197	-0.00793481	-4.76088700
17.42596197	-0.00793481	-6.34785000
17.46596197	-0.00793481	-4.76088700
17.50596197	-0.00793481	-4.76088700
17.54596197	0.00000000	-4.76088700
17.58596197	-0.00793481	-4.76088700
17.62596197	-0.00793481	-3.17392500
17.66596197	-0.00793481	-3.17392500
17.70596197	-0.00793481	-4.76088700
17.74596197	-0.00793481	-4.76088700
17.78596197	-0.00793481	-3.17392500
17.82596197	-0.00793481	-4.76088700
17.86596197	-0.00793481	-4.76088700
17.90596197	-0.00793481	-4.76088700
17.94596197	-0.00793481	-6.34785000
17.98596197	-0.00793481	-6.34785000
18.02596197	-0.00793481	-4.76088700
18.06596197	-0.00793481	-4.76088700
18.10596197	-0.00793481	-6.34785000
18.14596197	-0.00793481	-4.76088700
18.18596197	-0.00793481	-4.76088700
18.22596197	-0.00793481	-4.76088700
18.26596197	-0.00793481	-4.76088700
18.30596197	-0.00793481	-6.34785000
18.34596197	-0.00793481	-6.34785000
18.38596197	-0.00793481	-4.76088700
18.42596197	-0.00793481	-3.17392500
18.46596196	-0.00793481	-4.76088700
18.50596196	-0.00793481	-6.34785000
18.54596196	-0.00793481	-6.34785000
18.58596196	-0.00793481	-6.34785000
18.62596196	-0.00793481	-4.76088700
18.66596196	-0.00793481	-1.58696200
18.70596196	-0.00793481	-1.58696200
18.74596196	-0.00793481	-3.17392500
18.78596196	-0.00793481	-3.17392500
18.82596196	-0.00793481	-3.17392500
18.86596196	-0.00793481	-4.76088700
18.90596196	-0.00793481	-4.76088700
18.94596196	-0.00793481	-4.76088700
18.98596196	-0.00793481	-3.17392500
19.02596196	-0.00793481	-4.76088700
19.06596196	-0.00793481	-6.34785000
19.10596196	-0.00793481	-4.76088700
19.14596196	-0.00793481	-6.34785000
19.18596196	-0.00793481	-6.34785000
19.22596196	-0.00793481	-4.76088700
19.26596196	-0.00793481	-3.17392500
19.30596196	-0.00793481	-4.76088700
19.34596196	-0.00793481	-4.76088700
19.38596196	-0.00793481	-4.76088700
19.42596196	-0.00793481	-6.34785000
19.46596196	-0.00793481	-4.76088700
19.50596196	-0.00793481	-4.76088700
19.54596196	-0.00793481	-6.34785000
19.58596196	-0.00793481	-4.76088700
19.62596196	-0.00793481	-6.34785000
19.66596196	-0.00793481	-4.76088700
19.70596196	-0.00793481	-4.76088700
19.74596196	-0.00793481	-4.76088700
19.78596196	-0.00793481	-4.76088700
19.82596196	-0.00793481	-3.17392500
19.86596196	-0.00793481	-4.76088700
19.90596196	-0.00793481	-4.76088700
19.94596196	-0.00793481	-4.76088700
19.98596196	-0.00793481	-4.76088700
20.02596196	-0.00793481	-4.76088700
20.06596196	-0.00793481	-3.17392500
20.10596195	-0.00793481	-4.76088700
20.14596195	-0.00793481	-4.76088700
20.18596195	-0.00793481	-4.76088700
20.22596195	-0.00793481	-4.76088700
20.26596195	-0.00793481	-4.76088700
20.30596195	-0.00793481	-4.76088700
20.34596195	-0.00793481	-4.76088700
20.38596195	-0.00793481	-6.34785000
20.42596195	-0.00793481	-6.34785000
20.46596195	-0.00793481	-6.34785000
20.50596195	-0.00793481	-6.34785000
20.54596195	-0.00793481	-6.34785000
20.58596195	-0.00793481	-6.34785000
20.62596195	-0.00793481	-4.76088700
20.66596195	-0.00793481	-4.76088700
20.70596195	-0.00793481	-4.76088700
20.74596195	-0.00793481	-6.34785000
20.78596195	-0.00793481	-4.76088700
20.82596195	-0.00793481	-6.34785000
20.86596195	-0.00793481	-4.76088700
20.90596195	-0.00793481	-4.76088700
20.94596195	-0.00793481	-4.76088700
20.98596195	-0.00793481	-4.76088700
21.02596195	-0.00793481	-6.34785000
21.06596195	-0.00793481	-6.34785000
21.10596195	-0.00793481	-6.34785000
21.14596195	-0.00793481	-6.34785000
21.18596195	-0.00793481	-4.76088700
21.22596195	-0.00793481	-3.17392500
21.26596195	-0.00793481	-4.76088700
21.30596195	-0.00793481	-6.34785000
21.34596195	-0.00793481	-4.76088700
21.38596195	-0.00793481	-7.93481200
21.42596195	-0.00793481	-6.34785000
21.46596195	-0.00793481	-6.34785000
21.50596195	-0.00793481	-3.17392500
21.54596195	-0.00793481	-4.76088700
21.58596195	-0.00793481	-6.34785000
21.62596195	-0.00793481	-4.76088700
21.66596195	-0.00793481	-6.34785000
21.70596195	-0.00793481	-4.76088700
21.74596194	-0.00793481	-4.76088700
21.78596194	-0.00793481	-1.58696200
21.82596194	-0.00793481	-3.17392500
21.86596194	-0.00793481	-4.76088700
21.90596194	-0.00793481	-4.76088700
21.94596194	-0.00793481	-4.76088700
21.98596194	-0.00793481	-6.34785000
22.02596194	-0.00793481	-4.76088700
22.06596194	-0.00793481	-4.76088700
22.10596194	-0.00793481	-3.17392500
22.14596194	-0.00793481	-4.76088700
22.18596194	-0.00793481	-4.76088700
22.22596194	-0.00793481	-6.34785000
22.26596194	-0.00793481	-6.34785000
22.30596194	-0.00793481	-4.76088700
22.34596194	-0.00793481	-4.76088700
22.38596194	-0.00793481	-4.76088700
22.42596194	-0.00793481	-4.76088700
22.46596194	-0.00793481	-6.34785000
22.50596194	-0.00793481	-6.34785000
22.54596194	-0.00793481	-6.34785000
22.58596194	-0.00793481	-6.34785000
22.62596194	-0.00793481	-4.76088700
22.66596194	-0.00793481	-6.34785000
22.70596194	-0.00793481	-4.76088700
22.74596194	-0.00793481	-4.76088700
22.78596194	-0.00793481	-6.34785000
22.82596194	-0.00793481	-6.34785000
22.86596194	-0.00793481	-4.76088700
22.90596194	-0.00793481	-4.76088700
22.94596194	-0.00793481	-3.17392500
22.98596194	-0.00793481	-4.76088700
23.02596194	-0.00793481	-4.76088700
23.06596194	-0.00793481	-6.34785000
23.10596194	-0.00793481	-4.76088700
23.14596194	-0.00793481	-4.76088700
23.18596194	-0.00793481	-6.34785000
23.22596194	-0.00793481	-4.76088700
23.26596194	-0.00793481	-4.76088700
23.30596194	-0.00793481	-4.76088700
23.34596194	-0.00793481	-6.34785000
23.38596193	-0.00793481	-6.34785000
23.42596193	-0.00793481	-6.34785000
23.46596193	-0.00793481	-6.34785000
23.50596193	-0.00793481	-4.76088700
23.54596193	-0.00793481	-4.76088700
23.58596193	-0.00793481	-6.34785000
23.62596193	-0.00793481	-6.34785000
23.66596193	-0.00793481	-4.76088700
23.70596193	-0.00793481	-4.76088700
23.74596193	-0.00793481	-4.76088700
23.78596193	-0.00793481	-4.76088700
23.82596193	-0.00793481	-6.34785000
23.86596193	-0.00793481	-6.34785000
23.90596193	-0.00793481	-4.76088700
23.94596193	-0.00793481	-6.34785000
23.98596193	-0.00793481	-4.76088700
24.02596193	-0.00793481	-3.17392500
24.06596193	-0.00793481	-4.76088700
24.10596193	-0.00793481	-4.76088700
24.14596193	-0.00793481	-4.76088700
24.18596193	-0.00793481	-6.34785000
24.22596193	-0.00793481	-6.34785000
24.26596193	-0.00793481	-4.76088700
24.30596193	-0.00793481	-3.17392500
24.34596193	-0.00793481	-4.76088700
24.38596193	-0.00793481	-4.76088700
24.42596193	-0.00793481	-6.34785000
24.46596193	-0.00793481	-7.93481200
24.50596193	-0.00793481	-6.34785000
24.54596193	-0.00793481	-7.93481200
24.58596193	-0.00793481	-6.34785000
24.62596193	-0.00793481	-4.76088700
24.66596193	-0.00793481	-6.34785000
24.70596193	-0.00793481	-4.76088700
24.74596193	-0.00793481	-4.76088700
24.78596193	-0.00793481	-4.76088700
24.82596193	-0.00793481	-4.76088700
24.86596193	-0.00793481	-6.34785000
24.90596193	-0.00793481	-6.34785000
24.94596193	-0.00793481	-4.76088700
24.98596193	-0.00793481	-6.34785000
25.02596192	-0.00793481	-6.34785000
25.06596192	-0.00793481	-6.34785000
25.10596192	-0.00793481	-9.52177400
25.14596192	-0.00793481	-7.93481200
25.18596192	-0.00793481	-7.93481200
25.22596192	-0.00793481	-6.34785000
25.26596192	-0.00793481	-6.34785000
25.30596192	-0.00793481	-6.34785000
25.34596192	-0.00793481	-6.34785000
25.38596192	-0.00793481	-6.34785000
25.42596192	-0.00793481	-6.34785000
25.46596192	-0.00793481	-4.76088700
25.50596192	-0.00793481	-6.34785000
25.54596192	-0.00793481	-6.34785000
25.58596192	-0.00793481	-6.34785000
25.62596192	-0.00793481	-7.93481200
25.66596192	-0.00793481	-6.34785000
25.70596192	-0.00793481	-6.34785000
25.74596192	-0.00793481	-4.76088700
25.78596192	-0.00793481	-4.76088700
25.82596192	-0.00793481	-4.76088700
25.86596192	-0.00793481	-4.76088700
25.90596192	-0.00793481	-6.34785000
25.94596192	-0.00793481	-6.34785000
25.98596192	-0.00793481	-4.76088700
26.02596192	-0.00793481	-6.34785000
26.06596192	-0.00793481	-4.76088700
26.10596192	-0.00793481	-6.34785000
26.14596192	-0.00793481	-6.34785000
26.18596192	-0.00793481	-6.34785000
26.22596192	-0.00793481	-6.34785000
26.26596192	-0.00793481	-6.34785000
26.30596192	-0.00793481	-6.34785000
26.34596192	-0.00793481	-6.34785000
26.38596192	-0.00793481	-6.34785000
26.42596192	-0.00793481	-6.34785000
26.46596192	-0.00793481	-7.93481200
26.50596192	-0.00793481	-7.93481200
26.54596192	-0.00793481	-6.34785000
26.58596192	-0.00793481	-6.34785000
26.62596192	-0.00793481	-6.34785000
26.66596192	-0.00793481	-4.76088700
26.70596191	-0.00793481	-6.34785000
26.74596191	-0.00793481	-6.34785000
26.78596191	-0.00793481	-7.93481200
26.82596191	-0.00793481	-6.34785000
26.86596191	-0.00793481	-6.34785000
26.90596191	-0.00793481	-6.34785000
26.94596191	-0.00793481	-7.93481200
26.98596191	-0.00793481	-4.76088700
27.02596191	-0.00793481	-6.34785000
27.06596191	-0.00793481	-7.93481200
27.10596191	-0.00793481	-7.93481200
27.14596191	-0.00793481	-6.34785000
27.18596191	-0.00793481	-7.93481200
27.22596191	-0.00793481	-6.34785000
27.26596191	-0.00793481	-7.93481200
27.30596191	-0.00793481	-9.52177400
27.34596191	-0.00793481	-9.52177400
27.38596191	-0.00793481	-9.52177400
27.42596191	-0.00793481	-7.93481200
27.46596191	-0.00793481	-7.93481200
27.50596191	-0.00793481	-9.52177400
27.54596191	-0.00793481	-7.93481200
27.58596191	-0.00793481	-7.93481200
27.62596191	-0.00793481	-7.93481200
27.66596191	-0.00793481	-9.52177400
27.70596191	-0.00793481	-7.93481200
27.74596191	-0.00793481	-6.34785000
27.78596191	-0.00793481	-7.93481200
27.82596191	-0.00793481	-4.76088700
27.86596191	-0.00793481	-6.34785000
27.90596191	-0.00793481	-6.34785000
27.94596191	-0.00793481	-7.93481200
27.98596191	-0.00793481	-6.34785000
28.02596191	-0.00793481	-6.34785000
28.06596191	-0.00793481	-6.34785000
28.10596191	-0.00793481	-6.34785000
28.14596191	-0.00793481	-7.93481200
28.18596191	-0.00793481	-6.34785000
28.22596191	-0.00793481	-6.34785000
28.26596191	-0.00793481	-6.34785000
28.30596191	-0.00793481	-6.34785000
28.34596190	-0.00793481	-6.34785000
28.38596190	-0.00793481	-6.34785000
28.42596190	-0.00793481	-7.93481200
28.46596190	-0.00793481	-7.93481200
28.50596190	-0.00793481	-7.93481200
28.54596190	-0.00793481	-7.93481200
28.58596190	-0.00793481	-6.34785000
28.62596190	-0.00793481	-6.34785000
28.66596190	-0.00793481	-6.34785000
28.70596190	-0.00793481	-7.93481200
28.74596190	-0.00793481	-7.93481200
28.78596190	-0.00793481	-6.34785000
28.82596190	-0.00793481	-4.76088700
28.86596190	-0.00793481	-6.34785000
28.90596190	-0.00793481	-6.34785000
28.94596190	-0.00793481	-6.34785000
28.98596190	-0.00793481	-7.93481200
29.02596190	-0.00793481	-7.93481200
29.06596190	-0.00793481	-7.93481200
29.10596190	-0.00793481	-6.34785000
29.14596190	-0.00793481	-6.34785000
29.18596190	-0.00793481	-4.76088700
29.22596190	-0.00793481	-6.34785000
29.26596190	-0.00793481	-4.76088700
29.30596190	-0.00793481	-7.93481200
29.34596190	-0.00793481	-7.93481200
29.38596190	-0.00793481	-7.93481200
29.42596190	-0.00793481	-6.34785000
29.46596190	-0.00793481	-4.76088700
29.50596190	-0.00793481	-3.17392500
29.54596190	-0.00793481	-6.34785000
29.58596190	-0.00793481	-7.93481200
29.62596190	-0.00793481	-7.93481200
29.66596190	-0.00793481	-9.52177400
29.70596190	-0.00793481	-7.93481200
29.74596190	-0.00793481	-7.93481200
29.78596190	-0.00793481	-6.34785000
29.82596190	-0.00793481	-7.93481200
29.86596190	-0.00793481	-7.93481200
29.90596190	-0.00793481	-7.93481200
29.94596190	-0.00793481	-7.93481200
29.98596189	-0.00793481	-6.34785000
30.02596189	-0.00793481	-6.34785000
30.06596189	-0.00793481	-6.34785000
30.10596189	-0.00793481	-6.34785000
30.14596189	-0.00793481	-7.93481200
30.18596189	-0.00793481	-9.52177400
30.22596189	-0.00793481	-7.93481200
30.26596189	-0.00793481	-7.93481200
30.30596189	-0.00793481	-4.76088700
30.34596189	-0.00793481	-6.34785000
30.38596189	-0.00793481	-6.34785000
30.42596189	-0.00793481	-6.34785000
30.46596189	-0.00793481	-6.34785000
30.50596189	-0.00793481	-6.34785000
30.54596189	-0.00793481	-6.34785000
30.58596189	-0.00793481	-6.34785000
30.62596189	-0.00793481	-6.34785000
30.66596189	-0.00793481	-6.34785000
30.70596189	-0.00793481	-6.34785000
30.74596189	-0.00793481	-7.93481200
30.78596189	-0.00793481	-7.93481200
30.82596189	-0.00793481	-6.34785000
30.86596189	-0.00793481	-4.76088700
30.90596189	-0.00793481	-6.34785000
30.94596189	-0.00793481	-6.34785000
30.98596189	-0.00793481	-6.34785000
31.02596189	-0.00793481	-6.34785000
31.06596189	-0.00793481	-6.34785000
31.10596189	-0.00793481	-4.76088700
31.14596189	-0.00793481	-4.76088700
31.18596189	-0.00793481	-7.93481200
31.22596189	-0.00793481	-6.34785000
31.26596189	-0.00793481	-7.93481200
31.30596189	-0.00793481	-6.34785000
31.34596189	-0.00793481	-6.34785000
31.38596189	-0.00793481	-7.93481200
31.42596189	-0.00793481	-6.34785000
31.46596189	-0.00793481	-6.34785000
31.50596189	-0.00793481	-4.76088700
31.54596189	-0.00793481	-6.34785000
31.58596189	-0.00793481	-7.93481200
31.62596188	-0.00793481	-6.34785000
31.66596188	-0.00793481	-6.34785000
31.70596188	-0.00793481	-4.76088700
31.74596188	-0.00793481	-1.58696200
31.78596188	-0.00793481	-3.17392500
31.82596188	-0.00793481	-3.17392500
31.86596188	-0.00793481	0.00000000
31.90596188	-0.00793481	4.76088700
31.94596188	-0.00793481	6.34785000
31.98596188	-0.00793481	6.34785000
32.02596188	-0.00793481	7.93481200
32.06596188	-0.00793481	7.93481200
32.10596188	-0.00793481	11.10874000
32.14596188	-0.00793481	11.10874000
32.18596188	-0.00793481	12.69570000
32.22596188	-0.00793481	12.69570000
32.26596188	-0.00793481	14.28266000
32.30596188	-0.00793481	14.28266000
32.34596188	-0.00793481	17.45659000
32.38596188	-0.00793481	20.63051000
32.42596188	-0.00793481	19.04355000
32.46596188	-0.00793481	20.63051000
32.50596188	-0.00793481	19.04355000
32.54596188	-0.00793481	19.04355000
32.58596188	-0.00793481	19.04355000
32.62596188	-0.00793481	15.86962000
32.66596188	-0.00793481	14.28266000
32.70596188	-0.00793481	14.28266000
32.74596188	-0.00793481	11.10874000
32.78596188	-0.00793481	11.10874000
32.82596188	-0.00793481	11.10874000
32.86596188	-0.00793481	11.10874000
32.90596188	-0.00793481	9.52177400
32.94596188	-0.00793481	11.10874000
32.98596188	-0.00793481	9.52177400
33.02596188	-0.00793481	6.34785000
33.06596188	-0.00793481	4.76088700
33.10596188	-0.00793481	6.34785000
33.14596188	-0.00793481	7.93481200
33.18596188	-0.00793481	3.17392500
33.22596188	-0.00793481	4.76088700
33.26596187	-0.00793481	4.76088700
33.30596187	-0.00793481	1.58696200
33.34596187	-0.00793481	3.17392500
33.38596187	-0.00793481	3.17392500
33.42596187	-0.00793481	3.17392500
33.46596187	-0.00793481	1.58696200
33.50596187	-0.00793481	1.58696200
33.54596187	-0.00793481	1.58696200
33.58596187	-0.00793481	0.00000000
33.62596187	-0.00793481	-1.58696200
33.66596187	-0.00793481	-1.58696200
33.70596187	-0.00793481	0.00000000
33.74596187	-0.00793481	1.58696200
33.78596187	-0.00793481	1.58696200
33.82596187	-0.00793481	-3.17392500
33.86596187	-0.00793481	-3.17392500
33.90596187	-0.00793481	-1.58696200
33.94596187	-0.00793481	-1.58696200
33.98596187	-0.00793481	-1.58696200
34.02596187	-0.00793481	-1.58696200
34.06596187	-0.00793481	-1.58696200
34.10596187	-0.00793481	-1.58696200
34.14596187	-0.00793481	-1.58696200
34.18596187	-0.00793481	-1.58696200
34.22596187	-0.00793481	-1.58696200
34.26596187	-0.00793481	-1.58696200
34.30596187	-0.00793481	0.00000000
34.34596187	-0.00793481	0.00000000
34.38596187	-0.00793481	-1.58696200
34.42596187	-0.00793481	-1.58696200
34.46596187	-0.00793481	-1.58696200
34.50596187	-0.00793481	-3.17392500
34.54596187	-0.00793481	-1.58696200
34.58596187	-0.00793481	-1.58696200
34.62596187	-0.00793481	-1.58696200
34.66596187	-0.00793481	-3.17392500
34.70596187	-0.00793481	-3.17392500
34.74596187	-0.00793481	-3.17392500
34.78596187	-0.00793481	-3.17392500
34.82596187	-0.00793481	-3.17392500
34.86596187	-0.00793481	-3.17392500
34.90596186	-0.00793481	-1.58696200
34.94596186	-0.00793481	-1.58696200
34.98596186	-0.00793481	-3.17392500
35.02596186	-0.00793481	-1.58696200
35.06596186	-0.00793481	-1.58696200
35.10596186	-0.00793481	-3.17392500
35.14596186	-0.00793481	-3.17392500
35.18596186	-0.00793481	-1.58696200
35.22596186	-0.00793481	-1.58696200
35.26596186	-0.00793481	-3.17392500
35.30596186	-0.00793481	-4.76088700
35.34596186	-0.00793481	-3.17392500
35.38596186	-0.00793481	-1.58696200
35.42596186	-0.00793481	-1.58696200
35.46596186	-0.00793481	-1.58696200
35.50596186	-0.00793481	-3.17392500
35.54596186	-0.00793481	-3.17392500
35.58596186	-0.00793481	-4.76088700
35.62596186	-0.00793481	-3.17392500
35.66596186	-0.00793481	-3.17392500
35.70596186	-0.00793481	-3.17392500
35.74596186	-0.00793481	-1.58696200
35.78596186	-0.00793481	-1.58696200
35.82596186	-0.00793481	-1.58696200
35.86596186	-0.00793481	-3.17392500
35.90596186	-0.00793481	-1.58696200
35.94596186	-0.00793481	-3.17392500
35.98596186	-0.00793481	-3.17392500
36.02596186	-0.00793481	-1.58696200
36.06596186	-0.00793481	-3.17392500
36.10596186	-0.00793481	-3.17392500
36.14596186	-0.00793481	-3.17392500
36.18596186	-0.00793481	-1.58696200
36.22596186	-0.00793481	-3.17392500
36.26596186	-0.00793481	-1.58696200
36.30596186	-0.00793481	-1.58696200
36.34596186	-0.00793481	-1.58696200
36.38596186	-0.00793481	0.00000000
36.42596186	-0.00793481	0.00000000
36.46596186	-0.00793481	-1.58696200
36.50596186	-0.00793481	-3.17392500
36.54596185	-0.00793481	-3.17392500
36.58596185	-0.00793481	-4.76088700
36.62596185	-0.00793481	-3.17392500
36.66596185	-0.00793481	-4.76088700
36.70596185	-0.00793481	-4.76088700
36.74596185	-0.00793481	-4.76088700
36.78596185	-0.00793481	-3.17392500
36.82596185	-0.00793481	-1.58696200
36.86596185	-0.00793481	-1.58696200
36.90596185	-0.00793481	-3.17392500
36.94596185	-0.00793481	-4.76088700
36.98596185	-0.00793481	-3.17392500
37.02596185	-0.00793481	-3.17392500
37.06596185	-0.00793481	-3.17392500
37.10596185	-0.00793481	-1.58696200
37.14596185	-0.00793481	-1.58696200
37.18596185	-0.00793481	-3.17392500
37.22596185	-0.00793481	-3.17392500
37.26596185	-0.00793481	-3.17392500
37.30596185	-0.00793481	-1.58696200
37.34596185	-0.00793481	-4.76088700
37.38596185	-0.00793481	-3.17392500
37.42596185	-0.00793481	-1.58696200
37.46596185	-0.00793481	-1.58696200
37.50596185	-0.00793481	-1.58696200
37.54596185	-0.00793481	-3.17392500
37.58596185	-0.00793481	-1.58696200
37.62596185	-0.00793481	-1.58696200
37.66596185	-0.00793481	-1.58696200
37.70596185	-0.00793481	-1.58696200
37.74596185	-0.00793481	-1.58696200
37.78596185	-0.00793481	-1.58696200
37.82596185	-0.00793481	-1.58696200
37.86596185	-0.00793481	-1.58696200
37.90596185	-0.00793481	-1.58696200
37.94596185	-0.00793481	-3.17392500
37.98596185	-0.00793481	-3.17392500
38.02596185	-0.00793481	-1.58696200
38.06596185	-0.00793481	-3.17392500
38.10596185	-0.00793481	-3.17392500
38.14596185	-0.00793481	-3.17392500
38.18596185	-0.00793481	-3.17392500
38.22596184	-0.00793481	-1.58696200
38.26596184	-0.00793481	-3.17392500
38.30596184	-0.00793481	-1.58696200
38.34596184	-0.00793481	-3.17392500
38.38596184	-0.00793481	-3.17392500
38.42596184	-0.00793481	-3.17392500
38.46596184	-0.00793481	-1.58696200
38.50596184	-0.00793481	-3.17392500
38.54596184	-0.00793481	-3.17392500
38.58596184	-0.00793481	-1.58696200
38.62596184	-0.00793481	0.00000000
38.66596184	-0.00793481	-1.58696200
38.70596184	-0.00793481	-3.17392500
38.74596184	-0.00793481	-4.76088700
38.78596184	-0.00793481	-1.58696200
38.82596184	-0.00793481	-3.17392500
38.86596184	-0.00793481	-1.58696200
38.90596184	-0.00793481	-3.17392500
38.94596184	-0.00793481	-3.17392500
38.98596184	-0.00793481	-3.17392500
39.02596184	-0.00793481	-3.17392500
39.06596184	-0.00793481	-1.58696200
39.10596184	-0.00793481	-3.17392500
39.14596184	-0.00793481	-3.17392500
39.18596184	-0.00793481	-1.58696200
39.22596184	-0.00793481	-3.17392500
39.26596184	-0.00793481	-3.17392500
39.30596184	-0.00793481	-4.76088700
39.34596184	-0.00793481	-3.17392500
39.38596184	-0.00793481	-1.58696200
39.42596184	-0.00793481	-1.58696200
39.46596184	-0.00793481	-1.58696200
39.50596184	-0.00793481	-1.58696200
39.54596184	-0.00793481	-3.17392500
39.58596184	-0.00793481	-3.17392500
39.62596184	-0.00793481	-3.17392500
39.66596184	-0.00793481	-3.17392500
39.70596184	-0.00793481	-1.58696200
39.74596184	-0.00793481	-3.17392500
39.78596184	-0.00793481	-3.17392500
39.82596184	-0.00793481	-1.58696200
39.86596183	-0.00793481	0.00000000
39.90596183	-0.00793481	0.00000000
39.94596183	-0.00793481	-1.58696200
39.98596183	-0.00793481	-3.17392500
40.02596183	-0.00793481	-1.58696200
40.06596183	-0.00793481	-3.17392500
40.10596183	-0.00793481	-1.58696200
40.14596183	0.00000000	-1.58696200
40.18596183	-0.00793481	-3.17392500
40.22596183	-0.00793481	-3.17392500
40.26596183	-0.00793481	-1.58696200
40.30596183	-0.00793481	-1.58696200
40.34596183	-0.00793481	-3.17392500
40.38596183	-0.00793481	-4.76088700
40.42596183	-0.00793481	-3.17392500
40.46596183	-0.00793481	-1.58696200
40.50596183	-0.00793481	-1.58696200
40.54596183	-0.00793481	0.00000000
40.58596183	0.00000000	0.00000000
40.62596183	-0.00793481	-3.17392500
40.66596183	-0.00793481	-3.17392500
40.70596183	-0.00793481	-1.58696200
40.74596183	-0.00793481	-1.58696200
40.78596183	-0.00793481	-3.17392500
40.82596183	-0.00793481	0.00000000
40.86596183	-0.00793481	1.58696200
40.90596183	-0.00793481	0.00000000
40.94596183	-0.00793481	0.00000000
40.98596183	0.00000000	-1.58696200
41.02596183	-0.00793481	-1.58696200
41.06596183	-0.00793481	-1.58696200
41.10596183	-0.00793481	-1.58696200
41.14596183	-0.00793481	-1.58696200
41.18596183	-0.00793481	-1.58696200
41.22596183	-0.00793481	-1.58696200
41.26596183	-0.00793481	-3.17392500
41.30596183	-0.00793481	-1.58696200
41.34596183	-0.00793481	-1.58696200
41.38596183	0.00000000	-3.17392500
41.42596183	-0.00793481	-1.58696200
41.46596183	-0.00793481	0.00000000
41.50596182	0.00000000	0.00000000
41.54596182	0.00000000	-1.58696200
41.58596182	-0.00793481	-3.17392500
41.62596182	0.00000000	-1.58696200
41.66596182	-0.00793481	-3.17392500
41.70596182	-0.00793481	-3.17392500
41.74596182	-0.00793481	-3.17392500
41.78596182	-0.00793481	-4.76088700
41.82596182	-0.00793481	-4.76088700
41.86596182	-0.00793481	-3.17392500
41.90596182	0.00000000	-1.58696200
41.94596182	-0.00793481	0.00000000
41.98596182	-0.00793481	-1.58696200
42.02596182	-0.00793481	-1.58696200
42.06596182	-0.00793481	-1.58696200
42.10596182	-0.00793481	-1.58696200
42.14596182	-0.00793481	-1.58696200
42.18596182	-0.00793481	0.00000000
42.22596182	-0.00793481	0.00000000
42.26596182	0.00000000	-1.58696200
42.30596182	0.00000000	-1.58696200
42.34596182	0.00000000	0.00000000
42.38596182	0.00000000	-1.58696200
42.42596182	-0.00793481	0.00000000
42.46596182	-0.00793481	-1.58696200
42.50596182	0.00000000	0.00000000
42.54596182	-0.00793481	0.00000000
42.58596182	-0.00793481	-1.58696200
42.62596182	-0.00793481	-1.58696200
42.66596182	-0.00793481	-3.17392500
42.70596182	-0.00793481	-1.58696200
42.74596182	0.00000000	-4.76088700
42.78596182	0.00000000	-3.17392500
42.82596182	0.00000000	0.00000000
42.86596182	-0.00793481	0.00000000
42.90596182	-0.00793481	0.00000000
42.94596182	-0.00793481	0.00000000
42.98596182	-0.00793481	0.00000000
43.02596182	0.00000000	-3.17392500
43.06596182	-0.00793481	-3.17392500
43.10596182	-0.00793481	-1.58696200
43.14596181	0.00000000	0.00000000
43.18596181	-0.00793481	-1.58696200
43.22596181	-0.00793481	-1.58696200
43.26596181	-0.00793481	-1.58696200
43.30596181	-0.00793481	-3.17392500
43.34596181	-0.00793481	-3.17392500
43.38596181	-0.00793481	-1.58696200
43.42596181	-0.00793481	-1.58696200
43.46596181	0.00000000	-1.58696200
43.50596181	0.00000000	-1.58696200
43.54596181	-0.00793481	-3.17392500
43.58596181	-0.00793481	-1.58696200
43.62596181	0.00000000	-1.58696200
43.66596181	-0.00793481	0.00000000
43.70596181	-0.00793481	0.00000000
43.74596181	0.00000000	-1.58696200
43.78596181	0.00000000	-1.58696200
43.82596181	-0.00793481	-1.58696200
43.86596181	0.00000000	-1.58696200
43.90596181	0.00000000	-1.58696200
43.94596181	0.00000000	-1.58696200
43.98596181	0.00000000	0.00000000
44.02596181	0.00000000	1.58696200
44.06596181	0.00000000	-1.58696200
44.10596181	0.00000000	-1.58696200
44.14596181	0.00000000	-1.58696200
44.18596181	0.00000000	0.00000000
44.22596181	0.00000000	-3.17392500
44.26596181	0.00000000	0.00000000
44.30596181	0.00000000	0.00000000
44.34596181	0.00000000	-1.58696200
44.38596181	0.00000000	-3.17392500
44.42596181	0.00000000	-1.58696200
44.46596181	0.00000000	-3.17392500
44.50596181	0.00000000	-1.58696200
44.54596181	0.00000000	0.00000000
44.58596181	0.00000000	-1.58696200
44.62596181	-0.00793481	-1.58696200
44.66596181	0.00000000	-3.17392500
44.70596181	0.00000000	-4.76088700
44.74596181	-0.00793481	-3.17392500
44.78596180	0.00000000	-1.58696200
44.82596180	-0.00793481	-1.58696200
44.86596180	-0.00793481	-3.17392500
44.90596180	-0.00793481	-4.76088700
44.94596180	-0.00793481	-3.17392500
44.98596180	0.00000000	-1.58696200
45.02596180	0.00000000	-1.58696200
45.06596180	-0.00793481	-1.58696200
45.10596180	0.00000000	-1.58696200
45.14596180	0.00000000	-1.58696200
