Time	Channel A	Channel B
(us)	(V)	(mV)

-1.00505899	0.00000000	2.84432500
-1.00005899	0.00000000	1.91656200
-0.99505899	0.00000000	1.47099200
-0.99005899	0.00000000	1.56254800
-0.98505899	0.00000000	1.56254800
-0.98005899	0.00000000	1.47099200
-0.97505899	0.00000000	1.91656200
-0.97005899	0.00000000	2.84432500
-0.96505899	0.00000000	3.31431000
-0.96005899	0.00000000	3.31431000
-0.95505899	0.00000000	2.84432500
-0.95005899	0.00000000	1.91656200
-0.94505899	0.00000000	1.47099200
-0.94005899	0.00000000	1.56254800
-0.93505899	0.00000000	1.58696200
-0.93005899	0.00000000	1.58696200
-0.92505899	0.00000000	1.58696200
-0.92005899	0.00000000	1.58696200
-0.91505899	0.00000000	1.56254800
-0.91005899	0.00000000	1.47099200
-0.90505899	0.00000000	1.94097700
-0.90005899	0.00000000	2.96029500
-0.89505899	0.00000000	2.96029500
-0.89005899	0.00000000	1.94097700
-0.88505899	0.00000000	1.47099200
-0.88005899	0.00000000	1.56254800
-0.87505899	0.00000000	1.58696200
-0.87005899	0.00000000	1.58696200
-0.86505899	0.00000000	1.61137700
-0.86005899	0.00000000	1.70293300
-0.85505899	0.00000000	1.25736300
-0.85005899	0.00000000	0.32959990
-0.84505899	0.00000000	-0.11597030
-0.84005899	0.00000000	-0.02441481
-0.83505899	0.00000000	-0.02441481
-0.83005899	0.00000000	-0.11597030
-0.82505899	0.00000000	0.35401470
-0.82005899	0.00000000	1.37333300
-0.81505899	0.00000000	1.34891800
-0.81005899	0.00000000	0.23804440
-0.80505899	0.00000000	0.23804440
-0.80005899	0.00000000	1.34891800
-0.79505899	0.00000000	1.34891800
-0.79005899	0.00000000	0.23804440
-0.78505899	0.00000000	0.21362960
-0.78005899	0.00000000	1.23294800
-0.77505899	0.00000000	1.67851800
-0.77005899	0.00000000	1.49540700
-0.76505899	0.00000000	1.94097700
-0.76005899	0.00000000	2.96029500
-0.75505899	0.00000000	2.93588100
-0.75005899	0.00000000	1.82500700
-0.74505899	0.00000000	1.80059200
-0.74005899	0.00000000	2.81991000
-0.73505899	0.00000000	3.31431000
-0.73005899	0.00000000	3.31431000
-0.72505899	0.00000000	2.84432500
-0.72005899	0.00000000	1.91656200
-0.71505899	0.00000000	1.47099200
-0.71005899	0.00000000	1.56254800
-0.70505899	0.00000000	1.61137700
-0.70005899	0.00000000	1.70293300
-0.69505899	0.00000000	1.25736300
-0.69005899	0.00000000	0.32959990
-0.68505899	0.00000000	-0.11597030
-0.68005899	0.00000000	-0.02441481
-0.67505899	0.00000000	0.00000000
-0.67005899	0.00000000	0.00000000
-0.66505899	0.00000000	0.00000000
-0.66005899	0.00000000	0.00000000
-0.65505899	0.00000000	0.00000000
-0.65005899	0.00000000	0.00000000
-0.64505899	0.00000000	0.00000000
-0.64005899	0.00000000	0.00000000
-0.63505899	0.00000000	-0.02441481
-0.63005899	0.00000000	-0.11597030
-0.62505899	0.00000000	0.35401470
-0.62005899	0.00000000	1.37333300
-0.61505899	0.00000000	1.37333300
-0.61005899	0.00000000	0.35401470
-0.60505899	0.00000000	-0.11597030
-0.60005899	0.00000000	-0.02441481
-0.59505899	0.00000000	0.00000000
-0.59005899	0.00000000	0.00000000
-0.58505899	0.00000000	-0.02441481
-0.58005899	0.00000000	-0.11597030
-0.57505899	0.00000000	0.35401470
-0.57005899	0.00000000	1.37333300
-0.56505899	0.00000000	1.34891800
-0.56005899	0.00000000	0.23804440
-0.55505899	0.00000000	0.21362960
-0.55005899	0.00000000	1.23294800
-0.54505899	0.00000000	1.70293300
-0.54005899	0.00000000	1.61137700
-0.53505899	0.00000000	1.58696200
-0.53005899	0.00000000	1.58696200
-0.52505899	0.00000000	1.58696200
-0.52005899	0.00000000	1.58696200
-0.51505899	0.00000000	1.58696200
-0.51005899	0.00000000	1.58696200
-0.50505899	0.00000000	1.58696200
-0.50005899	0.00000000	1.58696200
-0.49505899	0.00000000	1.58696200
-0.49005899	0.00000000	1.58696200
-0.48505899	0.00000000	1.58696200
-0.48005899	0.00000000	1.58696200
-0.47505899	0.00000000	1.58696200
-0.47005899	0.00000000	1.58696200
-0.46505899	0.00000000	1.58696200
-0.46005899	0.00000000	1.58696200
-0.45505899	0.00000000	1.58696200
-0.45005899	0.00000000	1.58696200
-0.44505899	0.00000000	1.58696200
-0.44005899	0.00000000	1.58696200
-0.43505899	0.00000000	1.58696200
-0.43005899	0.00000000	1.58696200
-0.42505899	0.00000000	1.58696200
-0.42005899	0.00000000	1.58696200
-0.41505899	0.00000000	1.58696200
-0.41005899	0.00000000	1.58696200
-0.40505899	0.00000000	1.58696200
-0.40005899	0.00000000	1.58696200
-0.39505899	0.00000000	1.58696200
-0.39005899	0.00000000	1.58696200
-0.38505899	0.00000000	1.58696200
-0.38005899	0.00000000	1.58696200
-0.37505899	0.00000000	1.61137700
-0.37005899	0.00000000	1.70293300
-0.36505899	0.00000000	1.25736300
-0.36005899	0.00000000	0.32959990
-0.35505899	0.00000000	-0.11597030
-0.35005899	0.00000000	-0.02441481
-0.34505899	0.00000000	0.00000000
-0.34005899	0.00000000	0.00000000
-0.33505899	0.00000000	0.02441481
-0.33005899	0.00000000	0.11597030
-0.32505899	0.00000000	-0.37842950
-0.32005899	0.00000000	-1.48930300
-0.31505899	0.00000000	-1.04373300
-0.31005899	0.00000000	0.90334780
-0.30505899	0.00000000	1.84331800
-0.30005899	0.00000000	1.75176200
-0.29505899	0.00000000	1.25736300
-0.29005899	0.00000000	0.32959990
-0.28505899	0.00000000	-0.14038510
-0.28005899	0.00000000	-0.14038510
-0.27505899	0.00000000	0.35401470
-0.27005899	0.00000000	1.37333300
-0.26505899	0.00000000	1.34891800
-0.26005899	0.00000000	0.23804440
-0.25505899	0.00000000	0.18921480
-0.25005899	0.00000000	1.11697700
-0.24505899	0.00000000	2.05694700
-0.24005899	0.00000000	2.98471000
-0.23505899	0.00000000	2.96029500
-0.23005899	0.00000000	1.94097700
-0.22505899	0.00000000	1.47099200
-0.22005899	0.00000000	1.56254800
-0.21505899	0.00000000	1.56254800
-0.21005899	0.00000000	1.47099200
-0.20505899	0.00000000	1.91656200
-0.20005899	0.00000000	2.84432500
-0.19505899	0.00000000	3.28989500
-0.19005899	0.00000000	3.19834000
-0.18505899	0.00000000	3.19834000
-0.18005899	0.00000000	3.28989500
-0.17505899	0.00000000	2.84432500
-0.17005899	0.00000000	1.91656200
-0.16505899	0.00000000	1.47099200
-0.16005899	0.00000000	1.56254800
-0.15505899	0.00000000	1.58696200
-0.15005899	0.00000000	1.58696200
-0.14505899	0.00000000	1.58696200
-0.14005899	0.00000000	1.58696200
-0.13505899	0.00000000	1.58696200
-0.13005899	0.00000000	1.58696200
-0.12505899	0.00000000	1.61137700
-0.12005899	0.00000000	1.70293300
-0.11505899	0.00000000	1.28177700
-0.11005899	0.00000000	0.44557020
-0.10505899	-0.00012207	-0.42115540
-0.10005899	-0.00057985	-1.16580700
-0.09505899	0.00152593	-2.00811800
-0.09005899	0.00570696	-2.75276900
-0.08505899	0.00994903	-3.57676900
-0.08005899	0.01315348	-4.21765800
-0.07505899	0.01965392	-5.51774600
-0.07005899	0.02795495	-7.17795300
-0.06505899	0.03445540	-8.45362700
-0.06005899	0.03765984	-9.00296000
-0.05505899	0.04168829	-10.29694000
-0.05005899	0.04489273	-12.06091000
-0.04505899	0.05139317	-12.95205000
-0.04005899	0.05969420	-12.86050000
-0.03505899	0.06619465	-12.34169000
-0.03005899	0.06939909	-11.32237000
-0.02505899	0.07342754	-11.32237000
-0.02005899	0.07663198	-12.34169000
-0.01505899	0.08313242	-12.83609000
-0.01005899	0.09143345	-12.83609000
-0.00505899	0.09793390	-12.41493000
-0.00005899	0.10113830	-11.67028000
0.00494101	0.10525830	-10.35188000
0.00994101	0.10898160	-8.69167100
0.01494101	0.11310160	-7.37327200
0.01994101	0.11630600	-6.62862000
0.02494101	0.12280650	-6.23187900
0.02994101	0.13110750	-6.32343500
0.03494101	0.13760800	-6.39667900
0.03994101	0.14084290	-6.57979000
0.04494101	0.14499340	-5.68865000
0.04994101	0.14868620	-3.83312500
0.05494101	0.15289770	-2.96639900
0.05994101	0.15662100	-3.24106600
0.06494101	0.16083250	-2.81991000
0.06994101	0.16455580	-1.80059200
0.07494101	0.16876740	-1.82500700
0.07994101	0.17249060	-2.93588100
0.08494101	0.17670220	-2.93588100
0.08994101	0.18042540	-1.82500700
0.09494101	0.18463700	-1.80059200
0.09994101	0.18836020	-2.81991000
0.10494101	0.19257180	-3.26548100
0.10994101	0.19629510	-3.08237000
0.11494101	0.20050660	-3.50352500
0.11994101	0.20422990	-4.43128700
0.12494101	0.20844140	-4.87685800
0.12994101	0.21216470	-4.78530200
0.13494101	0.21649830	-4.73647300
0.13994101	0.22067930	-4.64491700
0.14494100	0.22266300	-5.11490200
0.14994100	0.22174750	-6.13422100
0.15494100	0.22385330	-6.13422100
0.15994100	0.22849210	-5.11490200
0.16494100	0.23059790	-4.64491700
0.16994100	0.22968230	-4.73647300
0.17494100	0.23178810	-4.76088700
0.17994100	0.23642690	-4.76088700
0.18494100	0.23853270	-4.73647300
0.18994100	0.23761710	-4.64491700
0.19494100	0.23972290	-5.11490200
0.19994100	0.24436170	-6.13422100
0.20494100	0.24646750	-6.13422100
0.20994100	0.24555190	-5.11490200
0.21494100	0.24765770	-4.62050200
0.21994100	0.25229650	-4.62050200
0.22494100	0.25452440	-5.09048700
0.22994100	0.25406660	-6.01825000
0.23494100	0.25394450	-6.48823500
0.23994100	0.25394450	-6.48823500
0.24494100	0.25382240	-6.01825000
0.24994100	0.25336470	-5.09048700
0.25494100	0.25559250	-4.64491700
0.25994100	0.26023130	-4.73647300
0.26494100	0.26245920	-4.76088700
0.26994100	0.26200140	-4.76088700
0.27494100	0.26187930	-4.76088700
0.27994100	0.26187930	-4.76088700
0.28494100	0.26187930	-4.76088700
0.28994100	0.26187930	-4.76088700
0.29494100	0.26187930	-4.78530200
0.29994100	0.26187930	-4.87685800
0.30494100	0.26187930	-4.40687300
0.30994100	0.26187930	-3.38755500
0.31494100	0.26187930	-3.38755500
0.31994100	0.26187930	-4.40687300
0.32494100	0.26187930	-4.85244300
0.32994100	0.26187930	-4.66933200
0.33494100	0.26187930	-5.09048700
0.33994100	0.26187930	-6.01825000
0.34494100	0.26187930	-6.46382000
0.34994100	0.26187930	-6.37226500
0.35494100	0.26187930	-6.34785000
0.35994100	0.26187930	-6.34785000
0.36494100	0.26175730	-6.32343500
0.36994100	0.26129950	-6.23187900
0.37494100	0.26364940	-6.67745000
0.37994100	0.26874600	-7.60521200
0.38494100	0.26874600	-8.05078300
0.38994100	0.26364940	-7.95922800
0.39494100	0.26129950	-7.95922800
0.39994100	0.26175730	-8.05078300
0.40494100	0.26175730	-7.60521200
0.40994100	0.26129950	-6.67745000
0.41494100	0.26364940	-6.25629500
0.41994100	0.26874600	-6.43940500
0.42494100	0.26874600	-6.01825000
0.42994100	0.26364940	-5.09048700
0.43494100	0.26117740	-4.66933200
0.43994100	0.26117740	-4.85244300
0.44494100	0.26352730	-4.40687300
0.44994100	0.26816620	-3.38755500
0.45494100	0.27039400	-3.38755500
0.45994100	0.26993620	-4.40687300
0.46494100	0.26981410	-4.87685800
0.46994100	0.26981410	-4.78530200
0.47494100	0.26981410	-4.76088700
0.47994100	0.26981410	-4.76088700
0.48494100	0.26993620	-4.76088700
0.48994100	0.27039400	-4.76088700
0.49494100	0.26816620	-4.76088700
0.49994100	0.26352730	-4.76088700
0.50494100	0.26129950	-4.73647300
0.50994100	0.26175730	-4.64491700
0.51494100	0.26187930	-5.09048700
0.51994100	0.26187930	-6.01825000
0.52494100	0.26187930	-6.46382000
0.52994100	0.26187930	-6.37226500
0.53494100	0.26187930	-6.37226500
0.53994100	0.26187930	-6.46382000
0.54494100	0.26187930	-5.99383500
0.54994100	0.26187930	-4.97451700
0.55494100	0.26187930	-4.99893200
0.55994100	0.26187930	-6.10980600
0.56494100	0.26187930	-6.15863500
0.56994100	0.26187930	-5.23087300
0.57494100	0.26200140	-4.31531700
0.57994100	0.26245920	-3.47911000
0.58494100	0.26023130	-3.05795500
0.58994100	0.25559250	-3.14951000
0.59494100	0.25336470	-3.17392500
0.59994100	0.25382240	-3.17392500
0.60494100	0.25394450	-3.17392500
0.60994100	0.25394450	-3.17392500
0.61494100	0.25406660	-3.19834000
0.61994100	0.25452440	-3.28989500
0.62494100	0.25229650	-2.84432500
0.62994100	0.24765770	-1.91656200
0.63494100	0.24542990	-1.47099200
0.63994100	0.24588760	-1.56254800
0.64494100	0.24613180	-1.58696200
0.64994100	0.24658960	-1.58696200
0.65494100	0.24436170	-1.61137700
0.65994100	0.23972290	-1.70293300
0.66494100	0.23749500	-1.23294800
0.66994100	0.23795280	-0.21362960
0.67494100	0.23807490	-0.21362960
0.67994100	0.23807490	-1.23294800
0.68494100	0.23819700	-1.70293300
0.68994100	0.23865470	-1.61137700
0.69494100	0.23642690	-1.58696200
0.69994100	0.23178810	-1.58696200
0.70494100	0.22956020	-1.58696200
0.70994100	0.23001800	-1.58696200
0.71494100	0.23026220	-1.58696200
0.71994100	0.23071990	-1.58696200
0.72494100	0.22849210	-1.58696200
0.72994100	0.22385330	-1.58696200
0.73494100	0.22162540	-1.58696200
0.73994100	0.22208320	-1.58696200
0.74494100	0.22220530	-1.56254800
0.74994100	0.22220530	-1.47099200
0.75494100	0.22220530	-1.89214800
0.75994100	0.22220530	-2.72835500
0.76494100	0.22220530	-3.64391000
0.76994100	0.22220530	-4.57167300
0.77494100	0.22232730	-4.54725700
0.77994100	0.22278510	-3.52794000
0.78494100	0.22055730	-3.05795500
0.78994100	0.21591850	-3.14951000
0.79494100	0.21369060	-3.19834000
0.79994100	0.21414840	-3.28989500
0.80494100	0.21427050	-2.84432500
0.80994100	0.21427050	-1.91656200
0.81494100	0.21427050	-1.47099200
0.81994100	0.21427050	-1.56254800
0.82494100	0.21427050	-1.58696200
0.82994100	0.21427050	-1.58696200
0.83494100	0.21427050	-1.58696200
0.83994100	0.21427050	-1.58696200
0.84494100	0.21439250	-1.58696200
0.84994100	0.21485030	-1.58696200
0.85494100	0.21262240	-1.61137700
0.85994100	0.20798360	-1.70293300
0.86494100	0.20575580	-1.23294800
0.86994100	0.20621360	-0.21362960
0.87494100	0.20633560	-0.23804440
0.87994100	0.20633560	-1.34891800
0.88494100	0.20633560	-1.34891800
0.88994100	0.20633560	-0.23804440
0.89494100	0.20633560	-0.21362960
0.89994100	0.20633560	-1.23294800
0.90494100	0.20633560	-1.70293300
0.90994100	0.20633560	-1.61137700
0.91494100	0.20645770	-1.58696200
0.91994100	0.20691550	-1.58696200
0.92494100	0.20468760	-1.58696200
0.92994100	0.20004880	-1.58696200
0.93494100	0.19782100	-1.56254800
0.93994100	0.19827880	-1.47099200
0.94494100	0.19840080	-1.94097700
0.94994100	0.19840080	-2.96029500
0.95494100	0.19840080	-2.93588100
0.95994100	0.19840080	-1.82500700
0.96494100	0.19840080	-1.80059200
0.96994100	0.19840080	-2.81991000
0.97494100	0.19840080	-3.28989500
0.97994100	0.19840080	-3.19834000
0.98494100	0.19852290	-3.19834000
0.98994100	0.19898070	-3.28989500
0.99494100	0.19675280	-2.81991000
0.99994100	0.19211400	-1.80059200
1.00494100	0.18988620	-1.80059200
1.00994100	0.19034390	-2.81991000
1.01494100	0.19046600	-3.28989500
1.01994100	0.19046600	-3.19834000
1.02494100	0.19046600	-3.17392500
1.02994100	0.19046600	-3.17392500
1.03494100	0.19046600	-3.19834000
1.03994100	0.19046600	-3.28989500
1.04494100	0.19046600	-2.81991000
1.04994100	0.19046600	-1.80059200
1.05494100	0.19058810	-1.80059200
1.05994100	0.19104590	-2.81991000
1.06494100	0.18881800	-3.28989500
1.06994100	0.18417920	-3.19834000
1.07494100	0.18195140	-3.17392500
1.07994100	0.18240910	-3.17392500
1.08494100	0.18253120	-3.19834000
1.08994100	0.18253120	-3.28989500
1.09494100	0.18253120	-2.84432500
1.09994100	0.18253120	-1.91656200
1.10494100	0.18253120	-1.44657700
1.10994100	0.18253120	-1.44657700
1.11494100	0.18253120	-1.94097700
1.11994100	0.18253120	-2.96029500
1.12494100	0.18253120	-2.96029500
1.12994100	0.18253120	-1.94097700
1.13494100	0.18253120	-1.47099200
1.13994100	0.18253120	-1.56254800
1.14494100	0.18265330	-1.56254800
1.14994100	0.18311110	-1.47099200
1.15494100	0.18088320	-1.94097700
1.15994100	0.17624440	-2.96029500
1.16494100	0.17401650	-2.96029500
1.16994100	0.17447430	-1.94097700
1.17494100	0.17459640	-1.47099200
1.17994100	0.17459640	-1.56254800
1.18494100	0.17459640	-1.58696200
1.18994100	0.17459640	-1.58696200
1.19494100	0.17459640	-1.58696200
1.19994100	0.17459640	-1.58696200
1.20494100	0.17459640	-1.58696200
1.20994100	0.17459640	-1.58696200
1.21494100	0.17459640	-1.61137700
1.21994100	0.17459640	-1.70293300
1.22494100	0.17459640	-1.25736300
1.22994100	0.17459640	-0.32959990
1.23494100	0.17471850	0.11597030
1.23994100	0.17517620	0.02441481
1.24494100	0.17294840	0.02441481
1.24994100	0.16830960	0.11597030
1.25494100	0.16608170	-0.35401470
1.25994100	0.16653950	-1.37333300
1.26494100	0.16666160	-1.34891800
1.26994100	0.16666160	-0.23804440
1.27494100	0.16666160	-0.21362960
1.27994100	0.16666160	-1.23294800
1.28494100	0.16666160	-1.70293300
1.28994100	0.16666160	-1.61137700
1.29494100	0.16666160	-1.56254800
1.29994100	0.16666160	-1.47099200
1.30494100	0.16666160	-1.89214800
1.30994100	0.16666160	-2.72835500
1.31494100	0.16666160	-3.64391000
1.31994100	0.16666160	-4.57167300
1.32494100	0.16678370	-4.54725700
1.32994100	0.16724140	-3.52794000
1.33494100	0.16501360	-3.08237000
1.33994100	0.16037480	-3.26548100
1.34494100	0.15814690	-2.84432500
1.34994100	0.15860470	-1.91656200
1.35494100	0.15872680	-1.44657700
1.35994100	0.15872680	-1.44657700
1.36494100	0.15872680	-1.94097700
1.36994100	0.15872680	-2.96029500
1.37494100	0.15872680	-2.96029500
1.37994100	0.15872680	-1.94097700
1.38494100	0.15872680	-1.47099200
1.38994100	0.15872680	-1.56254800
1.39494100	0.15872680	-1.58696200
1.39994100	0.15872680	-1.58696200
1.40494100	0.15872680	-1.58696200
1.40994100	0.15872680	-1.58696200
1.41494100	0.15872680	-1.58696200
1.41994100	0.15872680	-1.58696200
1.42494100	0.15872680	-1.61137700
1.42994100	0.15872680	-1.70293300
1.43494100	0.15884880	-1.25736300
1.43994100	0.15930660	-0.32959990
1.44494100	0.15707880	0.11597030
1.44994100	0.15244000	0.02441481
1.45494100	0.15021210	-0.02441481
1.45994100	0.15066990	-0.11597030
1.46494100	0.15079200	0.30518510
1.46994100	0.15079200	1.14139200
1.47494100	0.15079200	2.05694700
1.47994100	0.15079200	2.98471000
1.48494100	0.15079200	2.96029500
1.48994100	0.15079200	1.94097700
1.49494100	0.15079200	1.44657700
1.49994100	0.15079200	1.44657700
1.50494100	0.15079200	1.91656200
1.50994100	0.15079200	2.84432500
1.51494100	0.15079200	3.31431000
1.51994100	0.15079200	3.31431000
1.52494100	0.15091400	2.84432500
1.52994100	0.15137180	1.91656200
1.53494100	0.14914390	1.49540700
1.53994100	0.14450510	1.67851800
1.54494100	0.14227730	1.25736300
1.54994100	0.14273510	0.32959990
1.55494100	0.14285710	-0.11597030
1.55994100	0.14285710	-0.02441481
1.56494100	0.14285710	0.00000000
1.56994100	0.14285710	0.00000000
1.57494100	0.14285710	0.00000000
1.57994100	0.14285710	0.00000000
1.58494100	0.14285710	0.02441481
1.58994100	0.14285710	0.11597030
1.59494100	0.14285710	-0.35401470
1.59994100	0.14285710	-1.37333300
1.60494100	0.14285710	-1.37333300
1.60994100	0.14285710	-0.35401470
1.61494100	0.14285710	0.09155553
1.61994100	0.14285710	-0.09155553
1.62494100	0.14297920	0.35401470
1.62994100	0.14343700	1.37333300
1.63494100	0.14108710	1.37333300
1.63994100	0.13596000	0.35401470
1.64494100	0.13608200	-0.11597030
1.64994100	0.14166690	-0.02441481
1.65494100	0.14178900	0.00000000
1.65994100	0.13666190	0.00000000
1.66494100	0.13431200	0.00000000
1.66994100	0.13476970	0.00000000
1.67494100	0.13489180	0.00000000
1.67994100	0.13489180	0.00000000
1.68494100	0.13489180	0.00000000
1.68994100	0.13489180	0.00000000
1.69494100	0.13489180	0.00000000
1.69994100	0.13489180	0.00000000
1.70494100	0.13489180	0.00000000
1.70994100	0.13489180	0.00000000
1.71494100	0.13489180	0.00000000
1.71994100	0.13489180	0.00000000
1.72494100	0.13489180	0.00000000
1.72994100	0.13489180	0.00000000
1.73494100	0.13501390	0.00000000
1.73994100	0.13547170	0.00000000
1.74494100	0.13324380	-0.02441481
1.74994100	0.12860500	-0.11597030
1.75494100	0.12637720	0.32959990
1.75994100	0.12683490	1.25736300
1.76494100	0.12695700	1.70293300
1.76994100	0.12695700	1.61137700
1.77494100	0.12695700	1.56254800
1.77994100	0.12695700	1.47099200
1.78494100	0.12695700	1.91656200
1.78994099	0.12695700	2.84432500
1.79494099	0.12695700	3.31431000
1.79994099	0.12695700	3.31431000
1.80494099	0.12695700	2.84432500
1.80994099	0.12695700	1.91656200
1.81494099	0.12695700	1.44657700
1.81994099	0.12695700	1.44657700
1.82494099	0.12695700	1.94097700
1.82994099	0.12695700	2.96029500
1.83494099	0.12695700	2.96029500
1.83994099	0.12695700	1.94097700
1.84494099	0.12695700	1.47099200
1.84994099	0.12695700	1.56254800
1.85494099	0.12707910	1.58696200
1.85994099	0.12753680	1.58696200
1.86494099	0.12530900	1.58696200
1.86994099	0.12067020	1.58696200
1.87494099	0.11844230	1.58696200
1.87994099	0.11890010	1.58696200
1.88494099	0.11902220	1.58696200
1.88994099	0.11902220	1.58696200
1.89494099	0.11902220	1.58696200
1.89994099	0.11902220	1.58696200
1.90494099	0.11902220	1.56254800
1.90994099	0.11902220	1.47099200
1.91494099	0.11902220	1.94097700
1.91994099	0.11902220	2.96029500
1.92494099	0.11902220	2.96029500
1.92994099	0.11902220	1.94097700
1.93494099	0.11902220	1.47099200
1.93994099	0.11902220	1.56254800
1.94494099	0.11902220	1.61137700
1.94994099	0.11902220	1.70293300
1.95494099	0.11902220	1.25736300
1.95994099	0.11902220	0.32959990
1.96494099	0.11902220	-0.11597030
1.96994099	0.11902220	-0.02441481
1.97494099	0.11914430	0.00000000
1.97994099	0.11960200	0.00000000
1.98494099	0.11737420	0.00000000
1.98994099	0.11273540	0.00000000
1.99494099	0.11050750	0.02441481
1.99994099	0.11096530	0.11597030
2.00494099	0.11108740	-0.35401470
2.00994099	0.11108740	-1.37333300
2.01494099	0.11108740	-1.39774800
2.01994099	0.11108740	-0.46998500
2.02494099	0.11108740	0.46998500
2.02994099	0.11108740	1.39774800
2.03494099	0.11108740	1.37333300
2.03994099	0.11108740	0.35401470
2.04494099	0.11108740	-0.11597030
2.04994099	0.11108740	-0.02441481
2.05494099	0.11108740	0.00000000
2.05994099	0.11108740	0.00000000
2.06494099	0.11108740	0.00000000
2.06994099	0.11108740	0.00000000
2.07494099	0.11108740	-0.02441481
2.07994099	0.11108740	-0.11597030
2.08494099	0.11108740	0.32959990
2.08994099	0.11108740	1.25736300
2.09494099	0.11108740	1.70293300
2.09994099	0.11108740	1.61137700
2.10494099	0.11108740	1.58696200
2.10994099	0.11108740	1.58696200
2.11494099	0.11120950	1.58696200
2.11994099	0.11166720	1.58696200
2.12494099	0.10943940	1.61137700
2.12994099	0.10480060	1.70293300
2.13494099	0.10257270	1.23294800
2.13994099	0.10303050	0.21362960
2.14494099	0.10315260	0.21362960
2.14994099	0.10315260	1.23294800
2.15494099	0.10315260	1.72734800
2.15994099	0.10315260	1.72734800
2.16494099	0.10315260	1.25736300
2.16994099	0.10315260	0.32959990
2.17494099	0.10315260	-0.11597030
2.17994099	0.10315260	-0.02441481
2.18494099	0.10315260	0.00000000
2.18994099	0.10315260	0.00000000
2.19494099	0.10315260	0.02441481
2.19994099	0.10315260	0.11597030
2.20494099	0.10315260	-0.35401470
2.20994099	0.10315260	-1.37333300
2.21494099	0.10315260	-1.37333300
2.21994099	0.10315260	-0.35401470
2.22494099	0.10315260	0.11597030
2.22994099	0.10315260	0.02441481
2.23494099	0.10315260	0.00000000
2.23994099	0.10315260	0.00000000
2.24494099	0.10315260	0.00000000
2.24994099	0.10315260	0.00000000
2.25494099	0.10327460	0.00000000
2.25994099	0.10373240	0.00000000
2.26494099	0.10138250	-0.02441481
2.26994099	0.09628589	-0.11597030
2.27494099	0.09628589	0.32959990
2.27994099	0.10138250	1.25736300
2.28494099	0.10385450	1.70293300
2.28994099	0.10385450	1.61137700
2.29494099	0.10150460	1.61137700
2.29994099	0.09686575	1.70293300
2.30494099	0.09463790	1.23294800
2.30994099	0.09509568	0.21362960
2.31494099	0.09521775	0.21362960
2.31994099	0.09521775	1.23294800
2.32494099	0.09521775	1.70293300
2.32994099	0.09521775	1.61137700
2.33494099	0.09521775	1.58696200
2.33994099	0.09521775	1.58696200
2.34494099	0.09521775	1.61137700
2.34994099	0.09521775	1.70293300
2.35494099	0.09521775	1.25736300
2.35994099	0.09521775	0.32959990
2.36494099	0.09521775	-0.11597030
2.36994099	0.09521775	-0.02441481
2.37494099	0.09521775	0.00000000
2.37994099	0.09521775	0.00000000
2.38494099	0.09521775	0.00000000
2.38994099	0.09521775	0.00000000
2.39494099	0.09521775	0.00000000
2.39994099	0.09521775	0.00000000
2.40494099	0.09521775	0.00000000
2.40994099	0.09521775	0.00000000
2.41494099	0.09521775	0.00000000
2.41994099	0.09521775	0.00000000
2.42494099	0.09521775	0.00000000
2.42994099	0.09521775	0.00000000
2.43494099	0.09521775	0.00000000
2.43994099	0.09521775	0.00000000
2.44494099	0.09521775	0.02441481
2.44994099	0.09521775	0.11597030
2.45494099	0.09533982	-0.35401470
2.45994099	0.09579760	-1.37333300
2.46494099	0.09356975	-1.34891800
2.46994099	0.08893093	-0.23804440
2.47494099	0.08670308	-0.21362960
2.47994099	0.08716086	-1.23294800
2.48494099	0.08728294	-1.72734800
2.48994099	0.08728294	-1.72734800
2.49494099	0.08728294	-1.23294800
2.49994099	0.08728294	-0.21362960
2.50494099	0.08728294	-0.23804440
2.50994099	0.08728294	-1.34891800
2.51494099	0.08728294	-1.37333300
2.51994099	0.08728294	-0.35401470
2.52494099	0.08728294	0.11597030
2.52994099	0.08728294	0.02441481
2.53494099	0.08728294	0.00000000
2.53994099	0.08728294	0.00000000
2.54494099	0.08728294	0.00000000
2.54994099	0.08728294	0.00000000
2.55494099	0.08728294	0.00000000
2.55994099	0.08728294	0.00000000
2.56494099	0.08728294	-0.02441481
2.56994099	0.08728294	-0.11597030
2.57494099	0.08728294	0.32959990
2.57994099	0.08728294	1.25736300
2.58494099	0.08728294	1.72734800
2.58994099	0.08728294	1.72734800
2.59494099	0.08740501	1.23294800
2.59994099	0.08786279	0.21362960
2.60494099	0.08551286	0.23804440
2.60994099	0.08041627	1.34891800
2.61494099	0.08053835	1.34891800
2.61994099	0.08609272	0.23804440
2.62494099	0.08621479	0.21362960
2.62994099	0.08111820	1.23294800
2.63494099	0.07876828	1.70293300
2.63994099	0.07922605	1.61137700
2.64494099	0.07934812	1.58696200
2.64994099	0.07934812	1.58696200
2.65494099	0.07934812	1.58696200
2.65994099	0.07934812	1.58696200
2.66494099	0.07934812	1.58696200
2.66994099	0.07934812	1.58696200
2.67494099	0.07934812	1.58696200
2.67994099	0.07934812	1.58696200
2.68494099	0.07934812	1.58696200
2.68994099	0.07934812	1.58696200
2.69494099	0.07934812	1.56254800
2.69994099	0.07934812	1.47099200
2.70494099	0.07934812	1.94097700
2.70994099	0.07934812	2.96029500
2.71494099	0.07934812	2.93588100
2.71994099	0.07934812	1.82500700
2.72494099	0.07934812	1.80059200
2.72994099	0.07934812	2.81991000
2.73494099	0.07934812	3.31431000
2.73994099	0.07934812	3.31431000
2.74494099	0.07934812	2.84432500
2.74994099	0.07934812	1.91656200
2.75494099	0.07934812	1.47099200
2.75994099	0.07934812	1.56254800
2.76494099	0.07934812	1.58696200
2.76994099	0.07934812	1.58696200
2.77494099	0.07934812	1.58696200
2.77994099	0.07934812	1.58696200
2.78494099	0.07934812	1.58696200
2.78994099	0.07934812	1.58696200
2.79494099	0.07934812	1.58696200
2.79994099	0.07934812	1.58696200
2.80494099	0.07934812	1.58696200
2.80994099	0.07934812	1.58696200
2.81494099	0.07947020	1.56254800
2.81994099	0.07992797	1.47099200
2.82494099	0.07770012	1.94097700
2.82994099	0.07306131	2.96029500
2.83494099	0.07083346	2.96029500
2.83994099	0.07129124	1.94097700
2.84494099	0.07141331	1.44657700
2.84994099	0.07141331	1.44657700
2.85494099	0.07141331	1.94097700
2.85994099	0.07141331	2.96029500
2.86494099	0.07141331	2.93588100
2.86994099	0.07141331	1.82500700
2.87494099	0.07141331	1.82500700
2.87994099	0.07141331	2.93588100
2.88494099	0.07141331	2.96029500
2.88994099	0.07141331	1.94097700
2.89494099	0.07141331	1.47099200
2.89994099	0.07141331	1.56254800
2.90494099	0.07141331	1.58696200
2.90994099	0.07141331	1.58696200
2.91494099	0.07141331	1.56254800
2.91994099	0.07141331	1.47099200
2.92494099	0.07141331	1.94097700
2.92994099	0.07141331	2.96029500
2.93494099	0.07141331	2.96029500
2.93994099	0.07141331	1.94097700
2.94494099	0.07141331	1.47099200
2.94994099	0.07141331	1.56254800
2.95494099	0.07141331	1.58696200
2.95994099	0.07141331	1.58696200
2.96494099	0.07141331	1.56254800
2.96994099	0.07141331	1.47099200
2.97494099	0.07141331	1.91656200
2.97994099	0.07141331	2.84432500
2.98494099	0.07141331	3.31431000
2.98994099	0.07141331	3.31431000
2.99494099	0.07141331	2.84432500
2.99994099	0.07141331	1.91656200
3.00494099	0.07153539	1.49540700
3.00994099	0.07199316	1.67851800
3.01494099	0.06964324	1.23294800
3.01994099	0.06454664	0.21362960
3.02494099	0.06454664	0.21362960
3.02994099	0.06964324	1.23294800
3.03494099	0.07211524	1.72734800
3.03994099	0.07211524	1.72734800
3.04494099	0.06976531	1.25736300
3.04994099	0.06512650	0.32959990
3.05494099	0.06289865	-0.14038510
3.05994099	0.06335643	-0.14038510
3.06494099	0.06347850	0.35401470
3.06994099	0.06347850	1.37333300
3.07494099	0.06347850	1.34891800
3.07994099	0.06347850	0.23804440
3.08494099	0.06347850	0.21362960
3.08994099	0.06347850	1.23294800
3.09494099	0.06347850	1.70293300
3.09994099	0.06347850	1.61137700
3.10494099	0.06347850	1.58696200
3.10994099	0.06347850	1.58696200
3.11494099	0.06347850	1.58696200
3.11994099	0.06347850	1.58696200
3.12494099	0.06347850	1.56254800
3.12994099	0.06347850	1.47099200
3.13494099	0.06347850	1.94097700
3.13994099	0.06347850	2.96029500
3.14494099	0.06347850	2.96029500
3.14994099	0.06347850	1.94097700
3.15494099	0.06347850	1.47099200
3.15994099	0.06347850	1.56254800
3.16494099	0.06347850	1.58696200
3.16994099	0.06347850	1.58696200
3.17494099	0.06347850	1.61137700
3.17994099	0.06347850	1.70293300
3.18494099	0.06347850	1.23294800
3.18994099	0.06347850	0.21362960
3.19494099	0.06347850	0.23804440
3.19994099	0.06347850	1.34891800
3.20494099	0.06347850	1.37333300
3.20994099	0.06347850	0.35401470
3.21494099	0.06347850	-0.11597030
3.21994099	0.06347850	-0.02441481
3.22494099	0.06347850	-0.02441481
3.22994099	0.06347850	-0.11597030
3.23494099	0.06360057	0.35401470
3.23994099	0.06405835	1.37333300
3.24494099	0.06170843	1.34891800
3.24994099	0.05661184	0.23804440
3.25494099	0.05673391	0.21362960
3.25994099	0.06228828	1.23294800
3.26494099	0.06241035	1.70293300
3.26994099	0.05731376	1.61137700
3.27494099	0.05496383	1.58696200
3.27994099	0.05542161	1.58696200
3.28494099	0.05554369	1.61137700
3.28994099	0.05554369	1.70293300
3.29494099	0.05554369	1.23294800
3.29994099	0.05554369	0.21362960
3.30494099	0.05554369	0.21362960
3.30994099	0.05554369	1.23294800
3.31494099	0.05554369	1.70293300
3.31994099	0.05554369	1.61137700
3.32494099	0.05554369	1.58696200
3.32994099	0.05554369	1.58696200
3.33494099	0.05554369	1.58696200
3.33994099	0.05554369	1.58696200
3.34494099	0.05554369	1.61137700
3.34994099	0.05554369	1.70293300
3.35494099	0.05554369	1.25736300
3.35994099	0.05554369	0.32959990
3.36494099	0.05554369	-0.11597030
3.36994099	0.05554369	-0.02441481
3.37494099	0.05554369	0.02441481
3.37994099	0.05554369	0.11597030
3.38494099	0.05554369	-0.35401470
3.38994099	0.05554369	-1.37333300
3.39494099	0.05554369	-1.34891800
3.39994099	0.05554369	-0.23804440
3.40494099	0.05554369	-0.23804440
3.40994099	0.05554369	-1.34891800
3.41494099	0.05554369	-1.37333300
3.41994099	0.05554369	-0.35401470
3.42494099	0.05554369	0.14038510
3.42994099	0.05554369	0.14038510
3.43494098	0.05554369	-0.35401470
3.43994098	0.05554369	-1.37333300
3.44494098	0.05554369	-1.37333300
3.44994098	0.05554369	-0.35401470
3.45494098	0.05554369	0.09155553
3.45994098	0.05554369	-0.09155553
3.46494098	0.05554369	0.35401470
3.46994098	0.05554369	1.37333300
3.47494098	0.05554369	1.37333300
3.47994098	0.05554369	0.35401470
3.48494098	0.05566576	-0.14038510
3.48994098	0.05612354	-0.14038510
3.49494098	0.05377361	0.32959990
3.49994098	0.04867702	1.25736300
3.50494098	0.04867702	1.70293300
3.50994098	0.05377361	1.61137700
3.51494098	0.05624561	1.56254800
3.51994098	0.05624561	1.47099200
3.52494098	0.05389569	1.94097700
3.52994098	0.04925688	2.96029500
3.53494098	0.04702902	2.98471000
3.53994098	0.04748680	2.05694700
3.54494098	0.04760887	1.14139200
3.54994098	0.04760887	0.30518510
3.55494098	0.04760887	-0.11597030
3.55994098	0.04760887	-0.02441481
3.56494098	0.04760887	-0.02441481
3.56994098	0.04760887	-0.11597030
3.57494098	0.04760887	0.35401470
3.57994098	0.04760887	1.37333300
3.58494098	0.04760887	1.37333300
3.58994098	0.04760887	0.35401470
3.59494098	0.04760887	-0.11597030
3.59994098	0.04760887	-0.02441481
3.60494098	0.04760887	0.00000000
3.60994098	0.04760887	0.00000000
3.61494098	0.04760887	-0.02441481
3.61994098	0.04760887	-0.11597030
3.62494098	0.04760887	0.35401470
3.62994098	0.04760887	1.37333300
3.63494098	0.04760887	1.34891800
3.63994098	0.04760887	0.23804440
3.64494098	0.04760887	0.23804440
3.64994098	0.04760887	1.34891800
3.65494098	0.04760887	1.34891800
3.65994098	0.04760887	0.23804440
3.66494098	0.04760887	0.23804440
3.66994098	0.04760887	1.34891800
3.67494098	0.04760887	1.37333300
3.67994098	0.04760887	0.35401470
3.68494098	0.04760887	-0.14038510
3.68994098	0.04760887	-0.14038510
3.69494098	0.04760887	0.32959990
3.69994098	0.04760887	1.25736300
3.70494098	0.04760887	1.70293300
3.70994098	0.04760887	1.61137700
3.71494098	0.04760887	1.58696200
3.71994098	0.04760887	1.58696200
3.72494098	0.04760887	1.58696200
3.72994098	0.04760887	1.58696200
3.73494098	0.04760887	1.58696200
3.73994098	0.04760887	1.58696200
3.74494098	0.04760887	1.58696200
3.74994098	0.04760887	1.58696200
3.75494098	0.04760887	1.58696200
3.75994098	0.04760887	1.58696200
3.76494098	0.04760887	1.58696200
3.76994098	0.04760887	1.58696200
3.77494098	0.04760887	1.58696200
3.77994098	0.04760887	1.58696200
3.78494098	0.04760887	1.61137700
3.78994098	0.04760887	1.70293300
3.79494098	0.04760887	1.25736300
3.79994098	0.04760887	0.32959990
3.80494098	0.04760887	-0.11597030
3.80994098	0.04760887	-0.02441481
3.81494098	0.04773095	0.00000000
3.81994098	0.04818873	0.00000000
3.82494098	0.04596087	0.00000000
3.82994098	0.04132206	0.00000000
3.83494098	0.03909421	0.00000000
3.83994098	0.03955199	0.00000000
3.84494098	0.03967406	0.00000000
3.84994098	0.03967406	0.00000000
3.85494098	0.03967406	0.02441481
3.85994098	0.03967406	0.11597030
3.86494098	0.03967406	-0.37842950
3.86994098	0.03967406	-1.48930300
3.87494098	0.03967406	-1.01931800
3.87994098	0.03967406	1.01931800
3.88494098	0.03967406	1.46488800
3.88994098	0.03967406	0.26245920
3.89494098	0.03967406	0.23804440
3.89994098	0.03967406	1.34891800
3.90494098	0.03967406	1.37333300
3.90994098	0.03967406	0.35401470
3.91494098	0.03967406	-0.11597030
3.91994098	0.03967406	-0.02441481
3.92494098	0.03967406	-0.02441481
3.92994098	0.03967406	-0.11597030
3.93494098	0.03967406	0.32959990
3.93994098	0.03967406	1.25736300
3.94494098	0.03967406	1.70293300
3.94994098	0.03967406	1.61137700
3.95494098	0.03967406	1.58696200
3.95994098	0.03967406	1.58696200
3.96494098	0.03967406	1.58696200
3.96994098	0.03967406	1.58696200
3.97494098	0.03967406	1.58696200
3.97994098	0.03967406	1.58696200
3.98494098	0.03967406	1.58696200
3.98994098	0.03967406	1.58696200
3.99494098	0.03967406	1.58696200
3.99994098	0.03967406	1.58696200
4.00494098	0.03967406	1.56254800
4.00994098	0.03967406	1.47099200
4.01494098	0.03967406	1.94097700
4.01994098	0.03967406	2.96029500
4.02494098	0.03967406	2.96029500
4.02994098	0.03967406	1.94097700
4.03494098	0.03967406	1.49540700
4.03994098	0.03967406	1.67851800
4.04494098	0.03967406	1.23294800
4.04994098	0.03967406	0.21362960
4.05494098	0.03967406	0.21362960
4.05994098	0.03967406	1.23294800
4.06494098	0.03967406	1.70293300
4.06994098	0.03967406	1.61137700
4.07494098	0.03967406	1.58696200
4.07994098	0.03967406	1.58696200
4.08494098	0.03967406	1.58696200
4.08994098	0.03967406	1.58696200
4.09494098	0.03967406	1.58696200
4.09994098	0.03967406	1.58696200
4.10494098	0.03967406	1.61137700
4.10994098	0.03967406	1.70293300
4.11494098	0.03967406	1.23294800
4.11994098	0.03967406	0.21362960
4.12494098	0.03967406	0.21362960
4.12994098	0.03967406	1.23294800
4.13494098	0.03967406	1.70293300
4.13994098	0.03967406	1.61137700
4.14494098	0.03967406	1.58696200
4.14994098	0.03967406	1.58696200
4.15494098	0.03979614	1.58696200
4.15994098	0.04025391	1.58696200
4.16494098	0.03802606	1.61137700
4.16994098	0.03338725	1.70293300
4.17494098	0.03103732	1.25736300
4.17994098	0.03103732	0.32959990
4.18494098	0.03350932	-0.11597030
4.18994098	0.03860591	-0.02441481
4.19494098	0.03860591	0.00000000
4.19994098	0.03350932	0.00000000
4.20494098	0.03115940	0.02441481
4.20994098	0.03161718	0.11597030
4.21494098	0.03173925	-0.32959990
4.21994098	0.03173925	-1.25736300
4.22494098	0.03173925	-1.72734800
4.22994098	0.03173925	-1.72734800
4.23494098	0.03173925	-1.28177700
4.23994098	0.03173925	-0.44557020
4.24494098	0.03173925	0.44557020
4.24994098	0.03173925	1.28177700
4.25494098	0.03173925	1.70293300
4.25994098	0.03173925	1.61137700
4.26494098	0.03173925	1.58696200
4.26994098	0.03173925	1.58696200
4.27494098	0.03173925	1.58696200
4.27994098	0.03173925	1.58696200
4.28494098	0.03173925	1.58696200
4.28994098	0.03173925	1.58696200
4.29494098	0.03173925	1.56254800
4.29994098	0.03173925	1.47099200
4.30494098	0.03173925	1.94097700
4.30994098	0.03173925	2.96029500
4.31494098	0.03173925	2.96029500
4.31994098	0.03173925	1.94097700
4.32494098	0.03173925	1.47099200
4.32994098	0.03173925	1.56254800
4.33494098	0.03173925	1.58696200
4.33994098	0.03173925	1.58696200
4.34494098	0.03173925	1.58696200
4.34994098	0.03173925	1.58696200
4.35494098	0.03173925	1.61137700
4.35994098	0.03173925	1.70293300
4.36494098	0.03173925	1.23294800
4.36994098	0.03173925	0.21362960
4.37494098	0.03173925	0.21362960
4.37994098	0.03173925	1.23294800
4.38494098	0.03173925	1.72734800
4.38994098	0.03173925	1.72734800
4.39494098	0.03173925	1.23294800
4.39994098	0.03173925	0.21362960
4.40494098	0.03173925	0.21362960
4.40994098	0.03173925	1.23294800
4.41494098	0.03173925	1.72734800
4.41994098	0.03173925	1.72734800
4.42494098	0.03173925	1.23294800
4.42994098	0.03173925	0.21362960
4.43494098	0.03173925	0.23804440
4.43994098	0.03173925	1.34891800
4.44494098	0.03173925	1.37333300
4.44994098	0.03173925	0.35401470
4.45494098	0.03173925	-0.14038510
4.45994098	0.03173925	-0.14038510
4.46494098	0.03173925	0.35401470
4.46994098	0.03173925	1.37333300
4.47494098	0.03173925	1.37333300
4.47994098	0.03173925	0.35401470
4.48494098	0.03173925	-0.11597030
4.48994098	0.03173925	-0.02441481
4.49494098	0.03173925	0.00000000
4.49994098	0.03173925	0.00000000
4.50494098	0.03173925	0.00000000
4.50994098	0.03173925	0.00000000
4.51494098	0.03173925	0.00000000
4.51994098	0.03173925	0.00000000
4.52494098	0.03173925	0.00000000
4.52994098	0.03173925	0.00000000
4.53494098	0.03173925	0.00000000
4.53994098	0.03173925	0.00000000
4.54494098	0.03173925	-0.02441481
4.54994098	0.03173925	-0.11597030
4.55494098	0.03173925	0.37842950
4.55994098	0.03173925	1.48930300
4.56494098	0.03173925	0.99490340
4.56994098	0.03173925	-1.13528900
4.57494098	0.03173925	-1.15970300
4.57994098	0.03173925	0.87893310
4.58494098	0.03173925	1.81890300
4.58994098	0.03173925	1.63579200
4.59494098	0.03173925	1.58696200
4.59994098	0.03173925	1.58696200
4.60494098	0.03173925	1.61137700
4.60994098	0.03173925	1.70293300
4.61494098	0.03186132	1.23294800
4.61994098	0.03231910	0.21362960
4.62494098	0.03009125	0.21362960
4.62994098	0.02545244	1.23294800
4.63494098	0.02310251	1.70293300
4.63994098	0.02310251	1.61137700
4.64494098	0.02545244	1.58696200
4.64994098	0.03009125	1.58696200
4.65494098	0.03244118	1.58696200
4.65994098	0.03244118	1.58696200
4.66494098	0.02996918	1.58696200
4.66994098	0.02487259	1.58696200
4.67494098	0.02487259	1.58696200
4.67994098	0.02996918	1.58696200
4.68494098	0.03231910	1.58696200
4.68994098	0.03186132	1.58696200
4.69494098	0.03186132	1.58696200
4.69994098	0.03231910	1.58696200
4.70494098	0.03009125	1.61137700
4.70994098	0.02545244	1.70293300
4.71494098	0.02322458	1.25736300
4.71994098	0.02368236	0.32959990
4.72494098	0.02380444	-0.11597030
4.72994098	0.02380444	-0.02441481
4.73494098	0.02380444	0.00000000
4.73994098	0.02380444	0.00000000
4.74494098	0.02380444	0.00000000
4.74994098	0.02380444	0.00000000
4.75494098	0.02380444	-0.02441481
4.75994098	0.02380444	-0.11597030
4.76494098	0.02380444	0.35401470
4.76994098	0.02380444	1.37333300
4.77494098	0.02380444	1.34891800
4.77994098	0.02380444	0.23804440
4.78494098	0.02380444	0.21362960
4.78994098	0.02380444	1.23294800
4.79494098	0.02380444	1.72734800
4.79994098	0.02380444	1.72734800
4.80494098	0.02380444	1.25736300
4.80994098	0.02380444	0.32959990
4.81494098	0.02380444	-0.09155553
4.81994098	0.02380444	0.09155553
4.82494098	0.02380444	-0.35401470
4.82994098	0.02380444	-1.37333300
4.83494098	0.02380444	-1.37333300
4.83994098	0.02380444	-0.35401470
4.84494098	0.02380444	0.11597030
4.84994098	0.02380444	0.02441481
4.85494098	0.02380444	0.02441481
4.85994098	0.02380444	0.11597030
4.86494098	0.02380444	-0.32959990
4.86994098	0.02380444	-1.25736300
4.87494098	0.02380444	-1.70293300
4.87994098	0.02380444	-1.61137700
4.88494098	0.02380444	-1.58696200
4.88994098	0.02380444	-1.58696200
4.89494098	0.02380444	-1.58696200
4.89994098	0.02380444	-1.58696200
4.90494098	0.02380444	-1.61137700
4.90994098	0.02380444	-1.70293300
4.91494098	0.02380444	-1.23294800
4.91994098	0.02380444	-0.21362960
4.92494098	0.02380444	-0.23804440
4.92994098	0.02380444	-1.34891800
4.93494098	0.02380444	-1.39774800
4.93994098	0.02380444	-0.46998500
4.94494098	0.02380444	0.46998500
4.94994098	0.02380444	1.39774800
4.95494098	0.02380444	1.37333300
4.95994098	0.02380444	0.35401470
4.96494098	0.02380444	-0.14038510
4.96994098	0.02380444	-0.14038510
4.97494098	0.02380444	0.35401470
4.97994098	0.02380444	1.37333300
4.98494098	0.02380444	1.39774800
4.98994098	0.02380444	0.46998500
4.99494098	0.02380444	-0.44557020
4.99994098	0.02380444	-1.28177700
5.00494098	0.02380444	-1.72734800
5.00994098	0.02380444	-1.72734800
5.01494098	0.02380444	-1.23294800
5.01994098	0.02380444	-0.21362960
5.02494098	0.02380444	-0.21362960
5.02994098	0.02380444	-1.23294800
5.03494098	0.02380444	-1.70293300
5.03994098	0.02380444	-1.61137700
5.04494098	0.02380444	-1.58696200
5.04994098	0.02380444	-1.58696200
5.05494098	0.02380444	-1.58696200
5.05994098	0.02380444	-1.58696200
5.06494098	0.02380444	-1.61137700
5.06994098	0.02380444	-1.70293300
5.07494098	0.02380444	-1.28177700
5.07994097	0.02380444	-0.44557020
5.08494097	0.02380444	0.40284430
5.08994097	0.02380444	1.04373300
5.09494097	0.02380444	2.29499200
5.09994097	0.02380444	3.77208800
5.10494097	0.02380444	5.91448700
5.10994097	0.02380444	8.22779000
5.11494097	0.02380444	10.72420000
5.11994097	0.02380444	12.65908000
5.12494097	0.02380444	16.49831000
5.12994097	0.02380444	21.30802000
5.13494097	0.02380444	25.97125000
5.13994097	0.02380444	29.29777000
5.14494097	0.02380444	34.80941000
5.14994097	0.02380444	41.09622000
5.15494097	0.02380444	47.49900000
5.15994097	0.02380444	52.49184000
5.16494097	0.02380444	58.82137000
5.16994097	0.02380444	64.83352000
5.17494097	0.02380444	71.63914000
5.17994097	0.02380444	77.55975000
5.18494097	0.02380444	84.34096000
5.18994097	0.02380444	90.25544000
5.19494097	0.02380444	97.06107000
5.19994097	0.02380444	103.07320000
5.20494097	0.02380444	109.52480000
5.20994097	0.02380444	114.98150000
5.21494097	0.02380444	119.15040000
5.21994097	0.02380444	120.81060000
5.22494097	0.02392651	124.17370000
5.22994097	0.02438429	128.34250000
5.23494097	0.02203436	131.35170000
5.23994097	0.01693777	132.55410000
5.24494097	0.01693777	134.22650000
5.24994097	0.02203436	135.88670000
5.25494097	0.02438429	136.73510000
5.25994097	0.02392651	136.55200000
5.26494097	0.02392651	136.55200000
5.26994097	0.02438429	136.73510000
5.27494097	0.02203436	135.88670000
5.27994097	0.01693777	134.22650000
5.28494097	0.01705985	132.48090000
5.28994097	0.02261421	131.00370000
5.29494097	0.02273629	129.33130000
5.29994097	0.01763970	127.94580000
5.30494097	0.01528977	125.82780000
5.30994097	0.01574755	123.51450000
5.31494097	0.01574755	120.92650000
5.31994097	0.01528977	118.61320000
5.32494097	0.01763970	116.51970000
5.32994097	0.02273629	115.22570000
5.33494097	0.02273629	113.13210000
5.33994097	0.01763970	110.81270000
5.34494097	0.01528977	108.24920000
5.34994097	0.01574755	106.02740000
5.35494097	0.01574755	103.48830000
5.35994097	0.01528977	101.26650000
5.36494097	0.01763970	98.72738000
5.36994097	0.02273629	96.50563000
5.37494097	0.02273629	93.99090000
5.37994097	0.01763970	91.86681000
5.38494097	0.01528977	88.86990000
5.38994097	0.01574755	85.72649000
5.39494097	0.01586962	82.72958000
5.39994097	0.01586962	80.60548000
5.40494097	0.01586962	78.06635000
5.40994097	0.01586962	75.75304000
5.41494097	0.01586962	73.63506000
5.41994097	0.01586962	72.24952000
5.42494097	0.01586962	70.60152000
5.42994097	0.01586962	69.21598000
5.43494097	0.01586962	67.04916000
5.43994097	0.01586962	64.55275000
5.44494097	0.01586962	62.85592000
5.44994097	0.01586962	62.39814000
5.45494097	0.01586962	61.17130000
5.45994097	0.01586962	59.60265000
5.46494097	0.01586962	57.88140000
5.46994097	0.01586962	56.39820000
5.47494097	0.01586962	54.67696000
5.47994097	0.01586962	53.10831000
5.48494097	0.01586962	51.85705000
5.48994097	0.01586962	51.30772000
5.49494097	0.01586962	50.03204000
5.49994097	0.01586962	48.37184000
5.50494097	0.01586962	47.09616000
5.50994097	0.01586962	46.54683000
5.51494097	0.01586962	45.27116000
5.51994097	0.01586962	43.61095000
5.52494097	0.01586962	42.33528000
5.52994097	0.01586962	41.78594000
5.53494097	0.01586962	40.51027000
5.53994097	0.01586962	38.85006000
5.54494097	0.01586962	37.54997000
5.54994097	0.01586962	36.90909000
5.55494097	0.01586962	36.08509000
5.55994097	0.01586962	35.34044000
5.56494097	0.01586962	34.49812000
5.56994097	0.01586962	33.75347000
5.57494097	0.01586962	32.88675000
5.57994097	0.01586962	32.05054000
5.58494097	0.01586962	31.67821000
5.58994097	0.01586962	31.95288000
5.59494097	0.01586962	31.08615000
5.59994097	0.01586962	29.23063000
5.60494097	0.01586962	28.36390000
5.60994097	0.01586962	28.63857000
5.61494097	0.01586962	28.24183000
5.61994097	0.01586962	27.30796000
5.62494097	0.01586962	26.88681000
5.62994097	0.01586962	27.06992000
5.63494097	0.01586962	26.67318000
5.63994097	0.01586962	25.83697000
5.64494097	0.01586962	24.94583000
5.64994097	0.01586962	24.10962000
5.65494097	0.01586962	23.68847000
5.65994097	0.01586962	23.78002000
5.66494097	0.01586962	23.80444000
5.66994097	0.01586962	23.80444000
5.67494097	0.01586962	23.82885000
5.67994097	0.01586962	23.92041000
5.68494097	0.01586962	23.47484000
5.68994097	0.01586962	22.54707000
5.69494097	0.01586962	22.12592000
5.69994097	0.01586962	22.30903000
5.70494097	0.01586962	21.88787000
5.70994097	0.01586962	20.96011000
5.71494097	0.01586962	20.51454000
5.71994097	0.01586962	20.60610000
5.72494097	0.01586962	20.60610000
5.72994097	0.01586962	20.51454000
5.73494097	0.01586962	20.98453000
5.73994097	0.01586962	22.00385000
5.74494097	0.01586962	22.02826000
5.74994097	0.01586962	21.10050000
5.75494097	0.01586962	20.20936000
5.75994097	0.01586962	19.46471000
5.76494097	0.01586962	18.57356000
5.76994097	0.01586962	17.64580000
5.77494097	0.01586962	17.69463000
5.77994097	0.01586962	18.80550000
5.78494097	0.01586962	18.82992000
5.78994097	0.01586962	17.81060000
5.79494097	0.01586962	17.34062000
5.79994097	0.01586962	17.43217000
5.80494097	0.01586962	17.48100000
5.80994097	0.01586962	17.57256000
5.81494097	0.01586962	17.12699000
5.81994097	0.01586962	16.19922000
5.82494097	0.01586962	15.77807000
5.82994097	0.01586962	15.96118000
5.83494097	0.01586962	15.51561000
5.83994097	0.01586962	14.49629000
5.84494097	0.01586962	14.52071000
5.84994097	0.01586962	15.63158000
5.85494097	0.01586962	15.65600000
5.85994097	0.01586962	14.63668000
5.86494097	0.01586962	14.19111000
5.86994097	0.01586962	14.37422000
5.87494097	0.01586962	13.92865000
5.87994097	0.01586962	12.90933000
5.88494097	0.01586962	12.90933000
5.88994097	0.01586962	13.92865000
5.89494097	0.01586962	14.39863000
5.89994097	0.01586962	14.30708000
5.90494097	0.01586962	14.28266000
5.90994097	0.01586962	14.28266000
5.91494097	0.01586962	14.28266000
5.91994097	0.01586962	14.28266000
5.92494097	0.01586962	14.28266000
5.92994097	0.01586962	14.28266000
5.93494097	0.01586962	14.30708000
5.93994097	0.01586962	14.39863000
5.94494097	0.01586962	13.95306000
5.94994097	0.01586962	13.02530000
5.95494097	0.01586962	12.55531000
5.95994097	0.01586962	12.55531000
5.96494097	0.01586962	13.04971000
5.96994097	0.01586962	14.06903000
5.97494097	0.01586962	14.02020000
5.97994097	0.01586962	12.81777000
5.98494097	0.01586962	13.26334000
5.98994097	0.01586962	15.30198000
5.99494097	0.01586962	15.77197000
5.99994097	0.01586962	14.66109000
6.00494097	0.01586962	14.19111000
6.00994097	0.01586962	14.37422000
6.01494097	0.01586962	13.95306000
6.01994097	0.01586962	13.02530000
6.02494097	0.01586962	12.57973000
6.02994097	0.01586962	12.67128000
6.03494097	0.01586962	12.69570000
6.03994097	0.01586962	12.69570000
6.04494097	0.01586962	12.72011000
6.04994097	0.01586962	12.81167000
6.05494097	0.01586962	12.36610000
6.05994097	0.01586962	11.43834000
6.06494097	0.01586962	10.99277000
6.06994097	0.01586962	11.08432000
6.07494097	0.01599170	11.10874000
6.07994097	0.01644948	11.10874000
6.08494097	0.01409955	11.10874000
6.08994097	0.00900296	11.10874000
6.09494097	0.00900296	11.10874000
6.09994097	0.01409955	11.10874000
6.10494097	0.01644948	11.10874000
6.10994097	0.01599170	11.10874000
6.11494097	0.01586962	11.10874000
6.11994097	0.01586962	11.10874000
6.12494097	0.01599170	11.10874000
6.12994097	0.01644948	11.10874000
6.13494097	0.01409955	11.10874000
6.13994097	0.00900296	11.10874000
6.14494097	0.00900296	11.10874000
6.14994097	0.01409955	11.10874000
6.15494097	0.01644948	11.10874000
6.15994097	0.01599170	11.10874000
6.16494097	0.01586962	11.10874000
6.16994097	0.01586962	11.10874000
6.17494097	0.01586962	11.10874000
6.17994097	0.01586962	11.10874000
6.18494097	0.01586962	11.15757000
6.18994097	0.01586962	11.34068000
6.19494097	0.01586962	10.42512000
6.19994097	0.01586962	8.47804300
6.20494097	0.01599170	8.03247200
6.20994097	0.01644948	9.14334600
6.21494097	0.01422163	9.66216000
6.21994097	0.00958281	9.66216000
6.22494097	0.00723289	9.16776000
6.22994097	0.00723289	8.14844100
6.23494097	0.00970489	8.17285700
6.23994097	0.01480148	9.28373100
6.24494097	0.01480148	9.30814500
6.24994097	0.00970489	8.28882700
6.25494097	0.00735496	7.79442700
6.25994097	0.00781274	7.79442700
6.26494097	0.00793481	8.28882700
6.26994097	0.00793481	9.30814500
6.27494097	0.00793481	9.28373100
6.27994097	0.00793481	8.17285700
6.28494097	0.00793481	8.17285700
6.28994097	0.00793481	9.28373100
6.29494097	0.00793481	9.33256100
6.29994097	0.00793481	8.40479800
6.30494097	0.00793481	7.46482800
6.30994097	0.00793481	6.53706500
6.31494097	0.00781274	6.56148000
6.31994097	0.00735496	7.58079800
6.32494097	0.00970489	8.05078300
6.32994097	0.01480148	7.95922800
6.33494097	0.01480148	7.93481200
6.33994097	0.00970489	7.93481200
6.34494097	0.00735496	7.93481200
6.34994097	0.00781274	7.93481200
6.35494097	0.00793481	7.93481200
6.35994097	0.00793481	7.93481200
6.36494097	0.00793481	7.93481200
6.36994097	0.00793481	7.93481200
6.37494097	0.00793481	7.93481200
6.37994097	0.00793481	7.93481200
6.38494097	0.00793481	7.93481200
6.38994097	0.00793481	7.93481200
6.39494097	0.00793481	7.93481200
6.39994097	0.00793481	7.93481200
6.40494097	0.00793481	7.93481200
6.40994097	0.00793481	7.93481200
6.41494097	0.00793481	7.93481200
6.41994097	0.00793481	7.93481200
6.42494097	0.00793481	7.95922800
6.42994097	0.00793481	8.05078300
6.43494097	0.00793481	7.58079800
6.43994097	0.00793481	6.56148000
6.44494097	0.00793481	6.61030900
6.44994097	0.00793481	7.81273800
6.45494097	0.00793481	7.34275300
6.45994097	0.00793481	5.21256200
6.46494097	0.00793481	5.21256200
6.46994097	0.00793481	7.34275300
6.47494097	0.00793481	7.86156800
6.47994097	0.00793481	6.84224900
6.48494097	0.00793481	5.90228000
6.48994097	0.00793481	5.06607200
6.49494097	0.00793481	4.62050200
6.49994097	0.00793481	4.62050200
6.50494097	0.00793481	5.11490200
6.50994097	0.00793481	6.13422100
6.51494097	0.00793481	6.13422100
6.51994097	0.00793481	5.11490200
6.52494097	0.00793481	4.64491700
6.52994097	0.00793481	4.73647300
6.53494097	0.00793481	4.73647300
6.53994097	0.00793481	4.64491700
6.54494097	0.00793481	5.09048700
6.54994097	0.00793481	6.01825000
6.55494097	0.00793481	6.43940500
6.55994097	0.00793481	6.25629500
6.56494097	0.00793481	6.67745000
6.56994097	0.00793481	7.60521200
6.57494097	0.00793481	8.07519700
6.57994097	0.00793481	8.07519700
6.58494097	0.00793481	7.58079800
6.58994097	0.00793481	6.56148000
6.59494097	0.00793481	6.58589400
6.59994097	0.00793481	7.69676800
6.60494097	0.00793481	7.69676800
6.60994097	0.00793481	6.58589400
6.61494097	0.00793481	6.56148000
6.61994097	0.00793481	7.58079800
6.62494097	0.00793481	8.05078300
6.62994097	0.00793481	7.95922800
6.63494097	0.00793481	7.95922800
6.63994097	0.00793481	8.05078300
6.64494097	0.00793481	7.60521200
6.64994097	0.00793481	6.67745000
6.65494097	0.00793481	6.23187900
6.65994097	0.00793481	6.32343500
6.66494097	0.00793481	6.34785000
6.66994097	0.00793481	6.34785000
6.67494097	0.00793481	6.34785000
6.67994097	0.00793481	6.34785000
6.68494097	0.00793481	6.34785000
6.68994097	0.00793481	6.34785000
6.69494097	0.00793481	6.34785000
6.69994097	0.00793481	6.34785000
6.70494097	0.00793481	6.34785000
6.70994097	0.00793481	6.34785000
6.71494097	0.00793481	6.37226500
6.71994097	0.00793481	6.46382000
6.72494096	0.00793481	5.99383500
6.72994096	0.00793481	4.97451700
6.73494096	0.00793481	4.97451700
6.73994096	0.00793481	5.99383500
6.74494096	0.00793481	6.48823500
6.74994096	0.00793481	6.48823500
6.75494096	0.00793481	5.99383500
6.75994096	0.00793481	4.97451700
6.76494096	0.00793481	4.99893200
6.76994096	0.00793481	6.10980600
6.77494096	0.00793481	6.10980600
6.77994096	0.00793481	4.99893200
6.78494096	0.00793481	4.95010200
6.78994096	0.00793481	5.87786500
6.79494096	0.00793481	6.79342000
6.79994096	0.00793481	7.62962700
6.80494096	0.00793481	8.05078300
6.80994096	0.00793481	7.95922800
6.81494096	0.00793481	7.93481200
6.81994096	0.00793481	7.93481200
6.82494096	0.00793481	7.91039800
6.82994096	0.00793481	7.81884200
6.83494096	0.00793481	8.28882700
6.83994096	0.00793481	9.30814500
6.84494096	0.00793481	9.30814500
6.84994096	0.00793481	8.28882700
6.85494096	0.00793481	7.81884200
6.85994096	0.00793481	7.91039800
6.86494096	0.00793481	7.93481200
6.86994096	0.00793481	7.93481200
6.87494096	0.00793481	7.93481200
6.87994096	0.00793481	7.93481200
6.88494096	0.00793481	7.95922800
6.88994096	0.00793481	8.05078300
6.89494096	0.00793481	7.60521200
6.89994096	0.00793481	6.67745000
6.90494096	0.00793481	6.23187900
6.90994096	0.00793481	6.32343500
6.91494096	0.00793481	6.34785000
6.91994096	0.00793481	6.34785000
6.92494096	0.00793481	6.34785000
6.92994096	0.00793481	6.34785000
6.93494096	0.00793481	6.34785000
6.93994096	0.00793481	6.34785000
6.94494096	0.00793481	6.34785000
6.94994096	0.00793481	6.34785000
6.95494096	0.00793481	6.34785000
6.95994096	0.00793481	6.34785000
6.96494096	0.00793481	6.37226500
6.96994096	0.00793481	6.46382000
6.97494096	0.00793481	6.01825000
6.97994096	0.00793481	5.09048700
6.98494096	0.00793481	4.64491700
6.98994096	0.00793481	4.73647300
6.99494096	0.00793481	4.76088700
6.99994096	0.00793481	4.76088700
7.00494096	0.00793481	4.73647300
7.00994096	0.00793481	4.64491700
7.01494096	0.00793481	5.11490200
7.01994096	0.00793481	6.13422100
7.02494096	0.00793481	6.10980600
7.02994096	0.00793481	4.99893200
7.03494096	0.00793481	4.97451700
7.03994096	0.00793481	5.99383500
7.04494096	0.00793481	6.46382000
7.04994096	0.00793481	6.37226500
7.05494096	0.00793481	6.37226500
7.05994096	0.00793481	6.46382000
7.06494096	0.00793481	6.01825000
7.06994096	0.00793481	5.09048700
7.07494096	0.00793481	4.62050200
7.07994096	0.00793481	4.62050200
7.08494096	0.00793481	5.09048700
7.08994096	0.00793481	6.01825000
7.09494096	0.00793481	6.48823500
7.09994096	0.00793481	6.48823500
7.10494096	0.00793481	6.01825000
7.10994096	0.00793481	5.09048700
7.11494096	0.00793481	4.62050200
7.11994096	0.00793481	4.62050200
7.12494096	0.00793481	5.11490200
7.12994096	0.00793481	6.13422100
7.13494096	0.00793481	6.13422100
7.13994096	0.00793481	5.11490200
7.14494096	0.00793481	4.64491700
7.14994096	0.00793481	4.73647300
7.15494096	0.00793481	4.76088700
7.15994096	0.00793481	4.76088700
7.16494096	0.00793481	4.73647300
7.16994096	0.00793481	4.64491700
7.17494096	0.00793481	5.09048700
7.17994096	0.00793481	6.01825000
7.18494096	0.00793481	6.46382000
7.18994096	0.00793481	6.37226500
7.19494096	0.00793481	6.37226500
7.19994096	0.00793481	6.46382000
7.20494096	0.00793481	6.01825000
7.20994096	0.00793481	5.09048700
7.21494096	0.00793481	4.64491700
7.21994096	0.00793481	4.73647300
7.22494096	0.00793481	4.76088700
7.22994096	0.00793481	4.76088700
7.23494096	0.00793481	4.78530200
7.23994096	0.00793481	4.87685800
7.24494096	0.00793481	4.43128700
7.24994096	0.00793481	3.50352500
7.25494096	0.00793481	3.05795500
7.25994096	0.00793481	3.14951000
7.26494096	0.00793481	3.17392500
7.26994096	0.00793481	3.17392500
7.27494096	0.00793481	3.19834000
7.27994096	0.00793481	3.28989500
7.28494096	0.00793481	2.84432500
7.28994096	0.00793481	1.91656200
7.29494096	0.00793481	1.47099200
7.29994096	0.00793481	1.56254800
7.30494096	0.00793481	1.56254800
7.30994096	0.00793481	1.47099200
7.31494096	0.00793481	1.91656200
7.31994096	0.00793481	2.84432500
7.32494096	0.00793481	3.28989500
7.32994096	0.00793481	3.19834000
7.33494096	0.00793481	3.17392500
7.33994096	0.00793481	3.17392500
7.34494096	0.00793481	3.14951000
7.34994096	0.00793481	3.05795500
7.35494096	0.00793481	3.52794000
7.35994096	0.00793481	4.54725700
7.36494096	0.00793481	4.52284300
7.36994096	0.00793481	3.41196900
7.37494096	0.00793481	3.38755500
7.37994096	0.00793481	4.40687300
7.38494096	0.00793481	4.87685800
7.38994096	0.00793481	4.78530200
7.39494096	0.00793481	4.76088700
7.39994096	0.00793481	4.76088700
7.40494096	0.00793481	4.76088700
7.40994096	0.00793481	4.76088700
7.41494096	0.00793481	4.76088700
7.41994096	0.00793481	4.76088700
7.42494096	0.00793481	4.73647300
7.42994096	0.00793481	4.64491700
7.43494096	0.00793481	5.09048700
7.43994096	0.00793481	6.01825000
7.44494096	0.00793481	6.46382000
7.44994096	0.00793481	6.37226500
7.45494096	0.00793481	6.34785000
7.45994096	0.00793481	6.34785000
7.46494096	0.00793481	6.34785000
7.46994096	0.00793481	6.34785000
7.47494096	0.00793481	6.32343500
7.47994096	0.00793481	6.23187900
7.48494096	0.00793481	6.70186400
7.48994096	0.00793481	7.72118300
7.49494096	0.00793481	7.74559700
7.49994096	0.00793481	6.81783500
7.50494096	0.00793481	5.90228000
7.50994096	0.00793481	5.06607200
7.51494096	0.00793481	4.64491700
7.51994096	0.00793481	4.73647300
7.52494096	0.00793481	4.76088700
7.52994096	0.00793481	4.76088700
7.53494096	0.00793481	4.76088700
7.53994096	0.00793481	4.76088700
7.54494096	0.00793481	4.78530200
7.54994096	0.00793481	4.87685800
7.55494096	0.00793481	4.43128700
7.55994096	0.00793481	3.50352500
7.56494096	0.00793481	3.03354000
7.56994096	0.00793481	3.03354000
7.57494096	0.00793481	3.50352500
7.57994096	0.00793481	4.43128700
7.58494096	0.00793481	4.87685800
7.58994096	0.00793481	4.78530200
7.59494096	0.00793481	4.76088700
7.59994096	0.00793481	4.76088700
7.60494096	0.00793481	4.73647300
7.60994096	0.00793481	4.64491700
7.61494096	0.00793481	5.11490200
7.61994096	0.00793481	6.13422100
7.62494096	0.00793481	6.13422100
7.62994096	0.00793481	5.11490200
7.63494096	0.00793481	4.64491700
7.63994096	0.00793481	4.73647300
7.64494096	0.00793481	4.76088700
7.64994096	0.00793481	4.76088700
7.65494096	0.00793481	4.73647300
7.65994096	0.00793481	4.64491700
7.66494096	0.00793481	5.11490200
7.66994096	0.00793481	6.13422100
7.67494096	0.00793481	6.13422100
7.67994096	0.00793481	5.11490200
7.68494096	0.00793481	4.64491700
7.68994096	0.00793481	4.73647300
7.69494096	0.00793481	4.78530200
7.69994096	0.00793481	4.87685800
7.70494096	0.00793481	4.40687300
7.70994096	0.00793481	3.38755500
7.71494096	0.00793481	3.38755500
7.71994096	0.00793481	4.40687300
7.72494096	0.00793481	4.87685800
7.72994096	0.00793481	4.78530200
7.73494096	0.00793481	4.76088700
7.73994096	0.00793481	4.76088700
7.74494096	0.00805689	4.76088700
7.74994096	0.00851466	4.76088700
7.75494096	0.00616474	4.76088700
7.75994096	0.00106815	4.76088700
7.76494096	0.00106815	4.73647300
7.76994096	0.00616474	4.64491700
7.77494096	0.00851466	5.11490200
7.77994096	0.00805689	6.13422100
7.78494096	0.00793481	6.13422100
7.78994096	0.00793481	5.11490200
7.79494096	0.00805689	4.64491700
7.79994096	0.00851466	4.73647300
7.80494096	0.00616474	4.76088700
7.80994096	0.00106815	4.76088700
7.81494096	0.00106815	4.76088700
7.81994096	0.00616474	4.76088700
7.82494096	0.00863674	4.76088700
7.82994096	0.00863674	4.76088700
7.83494096	0.00616474	4.78530200
7.83994096	0.00106815	4.87685800
7.84494096	0.00106815	4.43128700
7.84994096	0.00616474	3.50352500
7.85494096	0.00851466	3.05795500
7.85994096	0.00805689	3.14951000
7.86494096	0.00793481	3.17392500
7.86994096	0.00793481	3.17392500
7.87494096	0.00793481	3.17392500
7.87994096	0.00793481	3.17392500
7.88494096	0.00793481	3.19834000
7.88994096	0.00793481	3.28989500
7.89494096	0.00793481	2.81991000
7.89994096	0.00793481	1.80059200
7.90494096	0.00793481	1.80059200
7.90994096	0.00793481	2.81991000
7.91494096	0.00793481	3.31431000
7.91994096	0.00793481	3.31431000
7.92494096	0.00805689	2.84432500
7.92994096	0.00851466	1.91656200
7.93494096	0.00616474	1.44657700
7.93994096	0.00106815	1.44657700
7.94494096	0.00106815	1.91656200
7.94994096	0.00616474	2.84432500
7.95494096	0.00851466	3.31431000
7.95994096	0.00805689	3.31431000
7.96494096	0.00793481	2.81991000
7.96994096	0.00793481	1.80059200
7.97494096	0.00793481	1.80059200
7.97994096	0.00793481	2.81991000
7.98494096	0.00793481	3.28989500
7.98994096	0.00793481	3.19834000
7.99494096	0.00793481	3.17392500
7.99994096	0.00793481	3.17392500
8.00494096	0.00793481	3.14951000
8.00994096	0.00793481	3.05795500
8.01494096	0.00793481	3.52794000
8.01994096	0.00793481	4.54725700
8.02494096	0.00793481	4.52284300
8.02994096	0.00793481	3.41196900
8.03494096	0.00793481	3.38755500
8.03994096	0.00793481	4.40687300
8.04494096	0.00793481	4.87685800
8.04994096	0.00793481	4.78530200
8.05494096	0.00793481	4.76088700
8.05994096	0.00793481	4.76088700
8.06494096	0.00793481	4.76088700
8.06994096	0.00793481	4.76088700
8.07494096	0.00793481	4.78530200
8.07994096	0.00793481	4.87685800
8.08494096	0.00805689	4.43128700
8.08994096	0.00851466	3.50352500
8.09494096	0.00616474	3.05795500
8.09994096	0.00106815	3.14951000
8.10494096	0.00106815	3.17392500
8.10994096	0.00616474	3.17392500
8.11494096	0.00863674	3.17392500
8.11994096	0.00863674	3.17392500
8.12494096	0.00616474	3.19834000
8.12994096	0.00106815	3.28989500
8.13494096	0.00106815	2.79549500
8.13994096	0.00616474	1.68462200
8.14494096	0.00863674	2.13019200
8.14994096	0.00863674	4.07727300
8.15494096	0.00628681	5.01724300
8.15994096	0.00164800	4.92568700
8.16494096	-0.00057985	4.45570200
8.16994096	-0.00012207	3.61949500
8.17494096	0.00000000	2.70394000
8.17994096	0.00000000	1.77617700
8.18494096	-0.00012207	1.80059200
8.18994096	-0.00057985	2.81991000
8.19494096	0.00177007	3.28989500
8.19994096	0.00686667	3.19834000
8.20494096	0.00686667	3.17392500
8.20994096	0.00177007	3.17392500
8.21494096	-0.00057985	3.17392500
8.21994096	-0.00012207	3.17392500
8.22494096	-0.00012207	3.19834000
8.22994096	-0.00057985	3.28989500
8.23494096	0.00164800	2.84432500
8.23994096	0.00628681	1.91656200
8.24494096	0.00863674	1.44657700
8.24994096	0.00863674	1.44657700
8.25494096	0.00628681	1.94097700
8.25994096	0.00164800	2.96029500
8.26494096	-0.00070193	2.93588100
8.26994096	-0.00070193	1.82500700
8.27494096	0.00177007	1.82500700
8.27994096	0.00686667	2.93588100
8.28494096	0.00686667	2.93588100
8.28994096	0.00177007	1.82500700
8.29494096	-0.00057985	1.80059200
8.29994096	-0.00012207	2.81991000
8.30494096	0.00000000	3.31431000
8.30994096	0.00000000	3.31431000
8.31494096	0.00000000	2.84432500
8.31994096	0.00000000	1.91656200
8.32494096	0.00000000	1.44657700
8.32994096	0.00000000	1.44657700
8.33494096	0.00000000	1.91656200
8.33994096	0.00000000	2.84432500
8.34494096	0.00000000	3.28989500
8.34994096	0.00000000	3.19834000
8.35494096	0.00000000	3.17392500
8.35994096	0.00000000	3.17392500
8.36494096	0.00000000	3.17392500
8.36994095	0.00000000	3.17392500
8.37494095	-0.00012207	3.17392500
8.37994095	-0.00057985	3.17392500
8.38494095	0.00177007	3.17392500
8.38994095	0.00686667	3.17392500
8.39494095	0.00674459	3.17392500
8.39994095	0.00119022	3.17392500
8.40494095	0.00119022	3.17392500
8.40994095	0.00674459	3.17392500
8.41494095	0.00686667	3.17392500
8.41994095	0.00177007	3.17392500
8.42494095	-0.00057985	3.17392500
8.42994095	-0.00012207	3.17392500
8.43494095	0.00000000	3.17392500
8.43994095	0.00000000	3.17392500
8.44494095	0.00000000	3.17392500
8.44994095	0.00000000	3.17392500
8.45494095	0.00000000	3.17392500
8.45994095	0.00000000	3.17392500
8.46494095	0.00000000	3.14951000
8.46994095	0.00000000	3.05795500
8.47494095	0.00000000	3.52794000
8.47994095	0.00000000	4.54725700
8.48494095	0.00000000	4.54725700
8.48994095	0.00000000	3.52794000
8.49494095	0.00000000	3.05795500
8.49994095	0.00000000	3.14951000
8.50494095	-0.00012207	3.17392500
8.50994095	-0.00057985	3.17392500
8.51494095	0.00177007	3.17392500
8.51994095	0.00686667	3.17392500
8.52494095	0.00686667	3.17392500
8.52994095	0.00177007	3.17392500
8.53494095	-0.00057985	3.17392500
8.53994095	-0.00012207	3.17392500
8.54494095	0.00000000	3.17392500
8.54994095	0.00000000	3.17392500
8.55494095	0.00000000	3.17392500
8.55994095	0.00000000	3.17392500
8.56494095	0.00000000	3.17392500
8.56994095	0.00000000	3.17392500
8.57494095	0.00000000	3.17392500
8.57994095	0.00000000	3.17392500
8.58494095	0.00000000	3.17392500
8.58994095	0.00000000	3.17392500
8.59494095	0.00000000	3.17392500
8.59994095	0.00000000	3.17392500
8.60494095	0.00000000	3.17392500
8.60994095	0.00000000	3.17392500
8.61494095	0.00000000	3.17392500
8.61994095	0.00000000	3.17392500
8.62494095	0.00000000	3.17392500
8.62994095	0.00000000	3.17392500
8.63494095	0.00000000	3.17392500
8.63994095	0.00000000	3.17392500
8.64494095	0.00000000	3.19834000
8.64994095	0.00000000	3.28989500
8.65494095	0.00000000	2.79549500
8.65994095	0.00000000	1.68462200
8.66494095	0.00000000	2.15460700
8.66994095	0.00000000	4.19324400
8.67494095	0.00000000	4.68764300
8.67994095	0.00000000	3.66832500
8.68494095	0.00000000	2.70394000
8.68994095	0.00000000	1.77617700
8.69494095	0.00000000	1.82500700
8.69994095	0.00000000	2.93588100
8.70494095	0.00000000	2.96029500
8.70994095	0.00000000	1.94097700
8.71494095	0.00000000	1.47099200
8.71994095	0.00000000	1.56254800
8.72494095	0.00000000	1.61137700
8.72994095	0.00000000	1.70293300
8.73494095	0.00000000	1.23294800
8.73994095	0.00000000	0.21362960
8.74494095	0.00000000	0.23804440
8.74994095	0.00000000	1.34891800
8.75494095	0.00000000	1.34891800
8.75994095	0.00000000	0.23804440
8.76494095	0.00000000	0.21362960
8.76994095	0.00000000	1.23294800
8.77494095	0.00000000	1.67851800
8.77994095	0.00000000	1.49540700
8.78494095	0.00000000	1.91656200
8.78994095	0.00000000	2.84432500
8.79494095	0.00000000	3.28989500
8.79994095	0.00000000	3.19834000
8.80494095	0.00000000	3.19834000
8.80994095	0.00000000	3.28989500
8.81494095	0.00000000	2.81991000
8.81994095	0.00000000	1.80059200
8.82494095	0.00000000	1.80059200
8.82994095	0.00000000	2.81991000
8.83494095	0.00000000	3.28989500
8.83994095	0.00000000	3.19834000
8.84494095	0.00000000	3.19834000
8.84994095	0.00000000	3.28989500
8.85494095	0.00000000	2.84432500
8.85994095	0.00000000	1.91656200
8.86494095	0.00000000	1.44657700
8.86994095	0.00000000	1.44657700
8.87494095	0.00000000	1.94097700
8.87994095	0.00000000	2.96029500
8.88494095	0.00000000	2.96029500
8.88994095	0.00000000	1.94097700
8.89494095	0.00000000	1.47099200
8.89994095	0.00000000	1.56254800
8.90494095	0.00000000	1.56254800
8.90994095	0.00000000	1.47099200
8.91494095	0.00000000	1.94097700
8.91994095	0.00000000	2.96029500
8.92494095	0.00000000	2.96029500
8.92994095	0.00000000	1.94097700
8.93494095	0.00000000	1.47099200
8.93994095	0.00000000	1.56254800
8.94494095	0.00000000	1.58696200
8.94994095	0.00000000	1.58696200
8.95494095	0.00000000	1.61137700
8.95994095	0.00000000	1.70293300
8.96494095	0.00000000	1.25736300
8.96994095	0.00000000	0.32959990
8.97494095	0.00000000	-0.14038510
8.97994095	0.00000000	-0.14038510
8.98494095	0.00000000	0.32959990
8.98994095	0.00000000	1.25736300
8.99494095	0.00000000	1.67851800
8.99994095	0.00000000	1.49540700
9.00494095	0.00000000	1.94097700
9.00994095	0.00000000	2.96029500
9.01494095	0.00000000	2.96029500
9.01994095	0.00000000	1.94097700
9.02494095	0.00000000	1.47099200
9.02994095	0.00000000	1.56254800
