Time	Channel A	Channel B
(us)	(V)	(mV)

-1.00316599	-0.00793481	-2.84432500
-0.99816599	-0.00793481	-1.91656200
-0.99316599	-0.00793481	-1.44657700
-0.98816599	-0.00793481	-1.44657700
-0.98316599	-0.00793481	-1.94097700
-0.97816599	-0.00793481	-2.96029500
-0.97316599	-0.00793481	-2.96029500
-0.96816599	-0.00793481	-1.94097700
-0.96316599	-0.00793481	-1.47099200
-0.95816599	-0.00793481	-1.56254800
-0.95316599	-0.00793481	-1.58696200
-0.94816599	-0.00793481	-1.58696200
-0.94316599	-0.00793481	-1.58696200
-0.93816599	-0.00793481	-1.58696200
-0.93316599	-0.00793481	-1.58696200
-0.92816599	-0.00793481	-1.58696200
-0.92316599	-0.00793481	-1.58696200
-0.91816599	-0.00793481	-1.58696200
-0.91316599	-0.00793481	-1.58696200
-0.90816599	-0.00793481	-1.58696200
-0.90316599	-0.00793481	-1.56254800
-0.89816599	-0.00793481	-1.47099200
-0.89316599	-0.00793481	-1.91656200
-0.88816599	-0.00793481	-2.84432500
-0.88316599	-0.00793481	-3.31431000
-0.87816599	-0.00793481	-3.31431000
-0.87316599	-0.00793481	-2.84432500
-0.86816599	-0.00793481	-1.91656200
-0.86316599	-0.00793481	-1.47099200
-0.85816599	-0.00793481	-1.56254800
-0.85316599	-0.00793481	-1.58696200
-0.84816599	-0.00793481	-1.58696200
-0.84316599	-0.00793481	-1.58696200
-0.83816599	-0.00793481	-1.58696200
-0.83316599	-0.00793481	-1.58696200
-0.82816599	-0.00793481	-1.58696200
-0.82316599	-0.00793481	-1.58696200
-0.81816599	-0.00793481	-1.58696200
-0.81316599	-0.00793481	-1.58696200
-0.80816599	-0.00793481	-1.58696200
-0.80316599	-0.00793481	-1.58696200
-0.79816599	-0.00793481	-1.58696200
-0.79316599	-0.00793481	-1.58696200
-0.78816599	-0.00793481	-1.58696200
-0.78316599	-0.00793481	-1.56254800
-0.77816599	-0.00793481	-1.47099200
-0.77316599	-0.00793481	-1.94097700
-0.76816599	-0.00793481	-2.96029500
-0.76316599	-0.00793481	-2.93588100
-0.75816599	-0.00793481	-1.82500700
-0.75316599	-0.00793481	-1.80059200
-0.74816599	-0.00793481	-2.81991000
-0.74316599	-0.00793481	-3.28989500
-0.73816599	-0.00793481	-3.19834000
-0.73316599	-0.00793481	-3.17392500
-0.72816599	-0.00793481	-3.17392500
-0.72316599	-0.00793481	-3.17392500
-0.71816599	-0.00793481	-3.17392500
-0.71316599	-0.00793481	-3.19834000
-0.70816599	-0.00793481	-3.28989500
-0.70316599	-0.00793481	-2.81991000
-0.69816599	-0.00793481	-1.80059200
-0.69316599	-0.00793481	-1.80059200
-0.68816599	-0.00793481	-2.81991000
-0.68316599	-0.00793481	-3.31431000
-0.67816599	-0.00793481	-3.31431000
-0.67316599	-0.00793481	-2.84432500
-0.66816599	-0.00793481	-1.91656200
-0.66316599	-0.00793481	-1.47099200
-0.65816599	-0.00793481	-1.56254800
-0.65316599	-0.00793481	-1.58696200
-0.64816599	-0.00793481	-1.58696200
-0.64316599	-0.00793481	-1.58696200
-0.63816599	-0.00793481	-1.58696200
-0.63316599	-0.00793481	-1.61137700
-0.62816599	-0.00793481	-1.70293300
-0.62316599	-0.00793481	-1.25736300
-0.61816599	-0.00793481	-0.32959990
-0.61316599	-0.00793481	0.11597030
-0.60816599	-0.00793481	0.02441481
-0.60316599	-0.00793481	0.02441481
-0.59816599	-0.00793481	0.11597030
-0.59316599	-0.00793481	-0.32959990
-0.58816599	-0.00793481	-1.25736300
-0.58316599	-0.00793481	-1.70293300
-0.57816599	-0.00793481	-1.61137700
-0.57316599	-0.00793481	-1.58696200
-0.56816599	-0.00793481	-1.58696200
-0.56316599	-0.00793481	-1.58696200
-0.55816599	-0.00793481	-1.58696200
-0.55316599	-0.00793481	-1.56254800
-0.54816599	-0.00793481	-1.47099200
-0.54316599	-0.00793481	-1.91656200
-0.53816599	-0.00793481	-2.84432500
-0.53316599	-0.00793481	-3.31431000
-0.52816599	-0.00793481	-3.31431000
-0.52316599	-0.00793481	-2.81991000
-0.51816599	-0.00793481	-1.80059200
-0.51316599	-0.00793481	-1.80059200
-0.50816599	-0.00793481	-2.81991000
-0.50316599	-0.00793481	-3.28989500
-0.49816599	-0.00793481	-3.19834000
-0.49316599	-0.00793481	-3.17392500
-0.48816599	-0.00793481	-3.17392500
-0.48316599	-0.00793481	-3.17392500
-0.47816599	-0.00793481	-3.17392500
-0.47316599	-0.00793481	-3.19834000
-0.46816599	-0.00793481	-3.28989500
-0.46316599	-0.00793481	-2.84432500
-0.45816599	-0.00793481	-1.91656200
-0.45316599	-0.00793481	-1.47099200
-0.44816599	-0.00793481	-1.56254800
-0.44316599	-0.00793481	-1.58696200
-0.43816599	-0.00793481	-1.58696200
-0.43316599	-0.00793481	-1.58696200
-0.42816599	-0.00793481	-1.58696200
-0.42316599	-0.00793481	-1.58696200
-0.41816599	-0.00793481	-1.58696200
-0.41316599	-0.00793481	-1.58696200
-0.40816599	-0.00793481	-1.58696200
-0.40316599	-0.00793481	-1.56254800
-0.39816599	-0.00793481	-1.47099200
-0.39316599	-0.00793481	-1.94097700
-0.38816599	-0.00793481	-2.96029500
-0.38316599	-0.00793481	-2.93588100
-0.37816599	-0.00793481	-1.82500700
-0.37316599	-0.00793481	-1.80059200
-0.36816599	-0.00793481	-2.81991000
-0.36316599	-0.00793481	-3.28989500
-0.35816599	-0.00793481	-3.19834000
-0.35316599	-0.00793481	-3.19834000
-0.34816599	-0.00793481	-3.28989500
-0.34316599	-0.00793481	-2.84432500
-0.33816599	-0.00793481	-1.91656200
-0.33316599	-0.00793481	-1.47099200
-0.32816599	-0.00793481	-1.56254800
-0.32316599	-0.00793481	-1.58696200
-0.31816599	-0.00793481	-1.58696200
-0.31316599	-0.00793481	-1.58696200
-0.30816599	-0.00793481	-1.58696200
-0.30316599	-0.00793481	-1.58696200
-0.29816599	-0.00793481	-1.58696200
-0.29316599	-0.00793481	-1.58696200
-0.28816599	-0.00793481	-1.58696200
-0.28316599	-0.00793481	-1.58696200
-0.27816599	-0.00793481	-1.58696200
-0.27316599	-0.00793481	-1.58696200
-0.26816599	-0.00793481	-1.58696200
-0.26316599	-0.00793481	-1.58696200
-0.25816599	-0.00793481	-1.58696200
-0.25316599	-0.00793481	-1.61137700
-0.24816599	-0.00793481	-1.70293300
-0.24316599	-0.00793481	-1.23294800
-0.23816599	-0.00793481	-0.21362960
-0.23316599	-0.00793481	-0.21362960
-0.22816599	-0.00793481	-1.23294800
-0.22316599	-0.00793481	-1.67851800
-0.21816599	-0.00793481	-1.49540700
-0.21316599	-0.00793481	-1.94097700
-0.20816599	-0.00793481	-2.96029500
-0.20316599	-0.00793481	-2.93588100
-0.19816599	-0.00793481	-1.82500700
-0.19316599	-0.00793481	-1.80059200
-0.18816599	-0.00793481	-2.81991000
-0.18316599	-0.00793481	-3.31431000
-0.17816599	-0.00793481	-3.31431000
-0.17316599	-0.00805689	-2.84432500
-0.16816599	-0.00851466	-1.91656200
-0.16316599	-0.00616474	-1.44657700
-0.15816599	-0.00106815	-1.44657700
-0.15316599	-0.00119022	-1.91656200
-0.14816599	-0.00674459	-2.84432500
-0.14316599	-0.00686667	-3.26548100
-0.13816599	-0.00177007	-3.08237000
-0.13316599	0.00045778	-3.47911000
-0.12816599	-0.00045778	-4.31531700
-0.12316599	0.00152593	-5.18204300
-0.11816599	0.00570696	-5.92669400
-0.11316599	0.01004059	-6.79342000
-0.10816599	0.01376385	-7.62962700
-0.10316599	0.01797540	-8.05078300
-0.09816599	0.02169866	-7.95922800
-0.09316599	0.02591021	-7.93481200
-0.08816599	0.02963347	-7.93481200
-0.08316599	0.03384503	-7.88598300
-0.07816599	0.03756829	-7.70287200
-0.07316599	0.04177984	-8.59401200
-0.06816599	0.04550310	-10.44954000
-0.06316599	0.04971465	-11.34068000
-0.05816599	0.05343791	-11.15757000
-0.05316599	0.05764946	-11.13315000
-0.04816599	0.06137272	-11.22471000
-0.04316599	0.06558428	-10.77914000
-0.03816599	0.06930754	-9.85137500
-0.03316599	0.07351909	-9.38139000
-0.02816599	0.07724234	-9.38139000
-0.02316599	0.08145390	-9.87579000
-0.01816599	0.08517716	-10.89511000
-0.01316599	0.08938871	-10.87069000
-0.00816599	0.09311197	-9.75981900
-0.00316599	0.09732353	-9.73540400
0.00183401	0.10104680	-10.75472000
0.00683401	0.10525830	-11.24912000
0.01183401	0.10898160	-11.24912000
0.01683401	0.11319320	-10.75472000
0.02183401	0.11691640	-9.73540400
0.02683401	0.12112800	-9.73540400
0.03183401	0.12485120	-10.75472000
0.03683401	0.12906280	-11.22471000
0.04183401	0.13275550	-11.13315000
0.04683401	0.13702810	-11.10874000
0.05183401	0.14072080	-11.10874000
0.05683401	0.14499340	-11.08432000
0.06183401	0.14868620	-10.99277000
0.06683400	0.15289770	-11.46275000
0.07183400	0.15662100	-12.48207000
0.07683400	0.16095460	-12.45765000
0.08183400	0.16513570	-11.34678000
0.08683400	0.16711940	-11.34678000
0.09183400	0.16620380	-12.45765000
0.09683400	0.16830960	-12.48207000
0.10183400	0.17294840	-11.46275000
0.10683400	0.17505420	-10.99277000
0.11183400	0.17413860	-11.08432000
0.11683400	0.17624440	-11.10874000
0.12183400	0.18088320	-11.10874000
0.12683400	0.18298900	-11.10874000
0.13183400	0.18207340	-11.10874000
0.13683400	0.18417920	-11.10874000
0.14183400	0.18881800	-11.10874000
0.14683400	0.19104590	-11.10874000
0.15183400	0.19058810	-11.10874000
0.15683400	0.19046600	-11.10874000
0.16183400	0.19046600	-11.10874000
0.16683400	0.19034390	-11.13315000
0.17183400	0.18988620	-11.22471000
0.17683400	0.19211400	-10.75472000
0.18183400	0.19675280	-9.73540400
0.18683400	0.19898070	-9.75981900
0.19183400	0.19852290	-10.87069000
0.19683400	0.19840080	-10.87069000
0.20183400	0.19840080	-9.75981900
0.20683400	0.19840080	-9.75981900
0.21183400	0.19840080	-10.87069000
0.21683400	0.19827880	-10.87069000
0.22183400	0.19782100	-9.75981900
0.22683400	0.20004880	-9.73540400
0.23183400	0.20468760	-10.75472000
0.23683400	0.20691550	-11.22471000
0.24183400	0.20645770	-11.13315000
0.24683400	0.20621360	-11.05991000
0.25183400	0.20575580	-10.87680000
0.25683400	0.20798360	-11.74352000
0.26183400	0.21262240	-13.50749000
0.26683400	0.21485030	-14.86862000
0.27183400	0.21439250	-15.70482000
0.27683400	0.21427050	-15.65600000
0.28183400	0.21427050	-14.63668000
0.28683400	0.21414840	-14.14228000
0.29183400	0.21369060	-14.14228000
0.29683400	0.21591850	-14.58785000
0.30183400	0.22055730	-15.42405000
0.30683400	0.22278510	-16.33961000
0.31183400	0.22232730	-17.26737000
0.31683400	0.22220530	-17.26737000
0.32183400	0.22220530	-16.33961000
0.32683400	0.22220530	-15.39964000
0.33183400	0.22220530	-14.47188000
0.33683400	0.22220530	-14.52071000
0.34183400	0.22220530	-15.63158000
0.34683400	0.22220530	-15.65600000
0.35183400	0.22220530	-14.63668000
0.35683400	0.22220530	-14.19111000
0.36183400	0.22220530	-14.37422000
0.36683400	0.22220530	-13.97748000
0.37183400	0.22220530	-13.14127000
0.37683400	0.22220530	-12.22571000
0.38183400	0.22220530	-11.29795000
0.38683400	0.22232730	-11.34678000
0.39183400	0.22278510	-12.45765000
0.39683400	0.22055730	-12.50648000
0.40183400	0.21591850	-11.57872000
0.40683400	0.21381270	-10.66317000
0.41183400	0.21472820	-9.82696000
0.41683400	0.21262240	-9.40580500
0.42183400	0.20798360	-9.49735900
0.42683400	0.20575580	-9.49735900
0.43183400	0.20621360	-9.40580500
0.43683400	0.20645770	-9.87579000
0.44183400	0.20691550	-10.89511000
0.44683400	0.20468760	-10.89511000
0.45183400	0.20004880	-9.87579000
0.45683400	0.19794300	-9.40580500
0.46183400	0.19885860	-9.49735900
0.46683400	0.19675280	-9.52177400
0.47183400	0.19211400	-9.52177400
0.47683400	0.18988620	-9.52177400
0.48183400	0.19034390	-9.52177400
0.48683400	0.19058810	-9.52177400
0.49183400	0.19104590	-9.52177400
0.49683400	0.18881800	-9.52177400
0.50183400	0.18417920	-9.52177400
0.50683400	0.18195140	-9.52177400
0.51183400	0.18240910	-9.52177400
0.51683400	0.18253120	-9.54619000
0.52183400	0.18253120	-9.63774600
0.52683400	0.18253120	-9.19217500
0.53183400	0.18253120	-8.26441300
0.53683400	0.18265330	-7.81884200
0.54183400	0.18311110	-7.91039800
0.54683400	0.18088320	-7.91039800
0.55183400	0.17624440	-7.81884200
0.55683400	0.17401650	-8.28882700
0.56183400	0.17447430	-9.30814500
0.56683400	0.17459640	-9.30814500
0.57183400	0.17459640	-8.28882700
0.57683400	0.17459640	-7.81884200
0.58183400	0.17459640	-7.91039800
0.58683400	0.17459640	-7.93481200
0.59183400	0.17459640	-7.93481200
0.59683400	0.17471850	-7.95922800
0.60183400	0.17517620	-8.05078300
0.60683400	0.17294840	-7.60521200
0.61183400	0.16830960	-6.67745000
0.61683400	0.16608170	-6.25629500
0.62183400	0.16653950	-6.43940500
0.62683400	0.16666160	-5.99383500
0.63183400	0.16666160	-4.97451700
0.63683400	0.16666160	-4.97451700
0.64183400	0.16666160	-5.99383500
0.64683400	0.16666160	-6.46382000
0.65183400	0.16666160	-6.37226500
0.65683400	0.16666160	-6.34785000
0.66183400	0.16666160	-6.34785000
0.66683400	0.16666160	-6.37226500
0.67183400	0.16666160	-6.46382000
0.67683400	0.16666160	-5.99383500
0.68183400	0.16666160	-4.97451700
0.68683400	0.16666160	-4.97451700
0.69183400	0.16666160	-5.99383500
0.69683400	0.16678370	-6.48823500
0.70183400	0.16724140	-6.48823500
0.70683400	0.16501360	-6.01825000
0.71183400	0.16037480	-5.09048700
0.71683400	0.15814690	-4.64491700
0.72183400	0.15860470	-4.73647300
0.72683400	0.15872680	-4.76088700
0.73183400	0.15872680	-4.76088700
0.73683400	0.15872680	-4.76088700
0.74183400	0.15872680	-4.76088700
0.74683400	0.15872680	-4.76088700
0.75183400	0.15872680	-4.76088700
0.75683400	0.15872680	-4.78530200
0.76183400	0.15872680	-4.87685800
0.76683400	0.15872680	-4.40687300
0.77183400	0.15872680	-3.38755500
0.77683400	0.15884880	-3.41196900
0.78183400	0.15930660	-4.52284300
0.78683400	0.15695670	-4.54725700
0.79183400	0.15186010	-3.52794000
0.79683400	0.15198220	-3.05795500
0.80183400	0.15753660	-3.14951000
0.80683400	0.15765860	-3.19834000
0.81183400	0.15256200	-3.28989500
0.81683400	0.15021210	-2.81991000
0.82183400	0.15066990	-1.80059200
0.82683400	0.15079200	-1.82500700
0.83183400	0.15079200	-2.93588100
0.83683400	0.15079200	-2.96029500
0.84183400	0.15079200	-1.94097700
0.84683400	0.15079200	-1.44657700
0.85183400	0.15079200	-1.44657700
0.85683400	0.15079200	-1.91656200
0.86183400	0.15079200	-2.84432500
0.86683400	0.15079200	-3.26548100
0.87183400	0.15079200	-3.08237000
0.87683400	0.15079200	-3.50352500
0.88183400	0.15079200	-4.43128700
0.88683400	0.15091400	-4.90127200
0.89183400	0.15137180	-4.90127200
0.89683400	0.14914390	-4.43128700
0.90183400	0.14450510	-3.50352500
0.90683400	0.14227730	-3.05795500
0.91183400	0.14273510	-3.14951000
0.91683400	0.14285710	-3.17392500
0.92183400	0.14285710	-3.17392500
0.92683400	0.14285710	-3.17392500
0.93183400	0.14285710	-3.17392500
0.93683400	0.14285710	-3.17392500
0.94183400	0.14285710	-3.17392500
0.94683400	0.14285710	-3.17392500
0.95183400	0.14285710	-3.17392500
0.95683400	0.14285710	-3.17392500
0.96183400	0.14285710	-3.17392500
0.96683400	0.14285710	-3.19834000
0.97183400	0.14285710	-3.28989500
0.97683400	0.14285710	-2.81991000
0.98183400	0.14285710	-1.80059200
0.98683400	0.14285710	-1.82500700
0.99183400	0.14285710	-2.93588100
0.99683400	0.14297920	-2.93588100
1.00183400	0.14343700	-1.82500700
1.00683400	0.14120910	-1.82500700
1.01183400	0.13653980	-2.93588100
1.01683400	0.13431200	-2.93588100
1.02183400	0.13476970	-1.82500700
1.02683400	0.13489180	-1.82500700
1.03183400	0.13489180	-2.93588100
1.03683400	0.13489180	-2.93588100
1.04183400	0.13489180	-1.82500700
1.04683400	0.13489180	-1.80059200
1.05183400	0.13489180	-2.81991000
1.05683400	0.13489180	-3.28989500
1.06183400	0.13489180	-3.19834000
1.06683400	0.13489180	-3.19834000
1.07183400	0.13489180	-3.28989500
1.07683400	0.13489180	-2.84432500
1.08183400	0.13489180	-1.91656200
1.08683400	0.13489180	-1.44657700
1.09183400	0.13489180	-1.44657700
1.09683400	0.13501390	-1.91656200
1.10183400	0.13547170	-2.84432500
1.10683400	0.13324380	-3.28989500
1.11183400	0.12860500	-3.19834000
1.11683400	0.12637720	-3.17392500
1.12183400	0.12683490	-3.17392500
1.12683400	0.12695700	-3.17392500
1.13183400	0.12695700	-3.17392500
1.13683400	0.12695700	-3.17392500
1.14183400	0.12695700	-3.17392500
1.14683400	0.12695700	-3.19834000
1.15183400	0.12695700	-3.28989500
1.15683400	0.12695700	-2.84432500
1.16183400	0.12695700	-1.91656200
1.16683400	0.12695700	-1.47099200
1.17183400	0.12695700	-1.56254800
1.17683400	0.12695700	-1.56254800
1.18183400	0.12695700	-1.47099200
1.18683400	0.12707910	-1.94097700
1.19183400	0.12753680	-2.96029500
1.19683400	0.12518690	-2.96029500
1.20183400	0.12009030	-1.94097700
1.20683400	0.12021240	-1.47099200
1.21183400	0.12576680	-1.56254800
1.21683400	0.12588890	-1.58696200
1.22183400	0.12079230	-1.58696200
1.22683400	0.11844230	-1.58696200
1.23183400	0.11890010	-1.58696200
1.23683400	0.11902220	-1.61137700
1.24183400	0.11902220	-1.70293300
1.24683400	0.11902220	-1.23294800
1.25183400	0.11902220	-0.21362960
1.25683400	0.11902220	-0.21362960
1.26183400	0.11902220	-1.23294800
1.26683400	0.11902220	-1.72734800
1.27183400	0.11902220	-1.72734800
1.27683400	0.11902220	-1.25736300
1.28183400	0.11902220	-0.32959990
1.28683400	0.11902220	0.11597030
1.29183400	0.11902220	0.02441481
1.29683400	0.11902220	0.02441481
1.30183400	0.11902220	0.11597030
1.30683400	0.11902220	-0.35401470
1.31183400	0.11902220	-1.37333300
1.31683400	0.11902220	-1.34891800
1.32183400	0.11902220	-0.23804440
1.32683400	0.11914430	-0.18921480
1.33183400	0.11960200	-1.11697700
1.33683400	0.11737420	-2.05694700
1.34183400	0.11273540	-2.98471000
1.34683400	0.11050750	-2.93588100
1.35183400	0.11096530	-1.82500700
1.35683400	0.11108740	-1.82500700
1.36183400	0.11108740	-2.93588100
1.36683400	0.11108740	-2.96029500
1.37183400	0.11108740	-1.94097700
1.37683400	0.11108740	-1.47099200
1.38183400	0.11108740	-1.56254800
1.38683400	0.11108740	-1.56254800
1.39183400	0.11108740	-1.47099200
1.39683400	0.11108740	-1.94097700
1.40183400	0.11108740	-2.96029500
1.40683400	0.11108740	-2.96029500
1.41183400	0.11108740	-1.94097700
1.41683400	0.11108740	-1.47099200
1.42183400	0.11108740	-1.56254800
1.42683400	0.11108740	-1.58696200
1.43183400	0.11108740	-1.58696200
1.43683400	0.11108740	-1.58696200
1.44183400	0.11108740	-1.58696200
1.44683400	0.11108740	-1.56254800
1.45183400	0.11108740	-1.47099200
1.45683400	0.11120950	-1.94097700
1.46183400	0.11166720	-2.96029500
1.46683400	0.10943940	-2.93588100
1.47183400	0.10480060	-1.82500700
1.47683400	0.10257270	-1.80059200
1.48183400	0.10303050	-2.81991000
1.48683400	0.10315260	-3.28989500
1.49183400	0.10315260	-3.19834000
1.49683400	0.10315260	-3.17392500
1.50183400	0.10315260	-3.17392500
1.50683400	0.10315260	-3.17392500
1.51183400	0.10315260	-3.17392500
1.51683400	0.10315260	-3.17392500
1.52183400	0.10315260	-3.17392500
1.52683400	0.10315260	-3.19834000
1.53183400	0.10315260	-3.28989500
1.53683400	0.10315260	-2.84432500
1.54183400	0.10315260	-1.91656200
1.54683400	0.10315260	-1.47099200
1.55183400	0.10315260	-1.56254800
1.55683400	0.10315260	-1.58696200
1.56183400	0.10315260	-1.58696200
1.56683400	0.10315260	-1.58696200
1.57183400	0.10315260	-1.58696200
1.57683400	0.10315260	-1.58696200
1.58183400	0.10315260	-1.58696200
1.58683400	0.10315260	-1.58696200
1.59183400	0.10315260	-1.58696200
1.59683400	0.10327460	-1.61137700
1.60183400	0.10373240	-1.70293300
1.60683400	0.10138250	-1.25736300
1.61183400	0.09628589	-0.32959990
1.61683400	0.09640797	0.11597030
1.62183400	0.10196230	0.02441481
1.62683400	0.10208440	0.02441481
1.63183400	0.09698782	0.11597030
1.63683400	0.09463790	-0.32959990
1.64183400	0.09509568	-1.25736300
1.64683400	0.09521775	-1.72734800
1.65183400	0.09521775	-1.72734800
1.65683400	0.09521775	-1.25736300
1.66183400	0.09521775	-0.32959990
1.66683400	0.09521775	0.14038510
1.67183400	0.09521775	0.14038510
1.67683400	0.09521775	-0.35401470
1.68183400	0.09521775	-1.37333300
1.68683400	0.09521775	-1.37333300
1.69183400	0.09521775	-0.35401470
1.69683400	0.09521775	0.11597030
1.70183400	0.09521775	0.02441481
1.70683400	0.09521775	0.00000000
1.71183399	0.09521775	0.00000000
1.71683399	0.09521775	0.02441481
1.72183399	0.09521775	0.11597030
1.72683399	0.09521775	-0.32959990
1.73183399	0.09521775	-1.25736300
1.73683399	0.09521775	-1.70293300
1.74183399	0.09521775	-1.61137700
1.74683399	0.09521775	-1.58696200
1.75183399	0.09521775	-1.58696200
1.75683399	0.09521775	-1.58696200
1.76183399	0.09521775	-1.58696200
1.76683399	0.09533982	-1.58696200
1.77183399	0.09579760	-1.58696200
1.77683399	0.09356975	-1.58696200
1.78183399	0.08893093	-1.58696200
1.78683399	0.08670308	-1.58696200
1.79183399	0.08716086	-1.58696200
1.79683399	0.08728294	-1.58696200
1.80183399	0.08728294	-1.58696200
1.80683399	0.08728294	-1.56254800
1.81183399	0.08728294	-1.47099200
1.81683399	0.08728294	-1.94097700
1.82183399	0.08728294	-2.96029500
1.82683399	0.08728294	-2.96029500
1.83183399	0.08728294	-1.94097700
1.83683399	0.08728294	-1.47099200
1.84183399	0.08728294	-1.56254800
1.84683399	0.08728294	-1.58696200
1.85183399	0.08728294	-1.58696200
1.85683399	0.08728294	-1.58696200
1.86183399	0.08728294	-1.58696200
1.86683399	0.08728294	-1.58696200
1.87183399	0.08728294	-1.58696200
1.87683399	0.08728294	-1.58696200
1.88183399	0.08728294	-1.58696200
1.88683399	0.08728294	-1.61137700
1.89183399	0.08728294	-1.70293300
1.89683399	0.08728294	-1.25736300
1.90183399	0.08728294	-0.32959990
1.90683399	0.08728294	0.11597030
1.91183399	0.08728294	0.02441481
1.91683399	0.08728294	0.00000000
1.92183399	0.08728294	0.00000000
1.92683399	0.08740501	0.00000000
1.93183399	0.08786279	0.00000000
1.93683399	0.08563494	0.00000000
1.94183399	0.08099613	0.00000000
1.94683399	0.07876828	0.02441481
1.95183399	0.07922605	0.11597030
1.95683399	0.07934812	-0.32959990
1.96183399	0.07934812	-1.25736300
1.96683399	0.07934812	-1.70293300
1.97183399	0.07934812	-1.61137700
1.97683399	0.07934812	-1.58696200
1.98183399	0.07934812	-1.58696200
1.98683399	0.07934812	-1.58696200
1.99183399	0.07934812	-1.58696200
1.99683399	0.07934812	-1.58696200
2.00183399	0.07934812	-1.58696200
2.00683399	0.07934812	-1.58696200
2.01183399	0.07934812	-1.58696200
2.01683399	0.07934812	-1.58696200
2.02183399	0.07934812	-1.58696200
2.02683399	0.07934812	-1.61137700
2.03183399	0.07934812	-1.70293300
2.03683399	0.07934812	-1.25736300
2.04183399	0.07934812	-0.32959990
2.04683399	0.07934812	0.11597030
2.05183399	0.07934812	0.02441481
2.05683399	0.07934812	0.00000000
2.06183399	0.07934812	0.00000000
2.06683399	0.07934812	0.00000000
2.07183399	0.07934812	0.00000000
2.07683399	0.07934812	0.00000000
2.08183399	0.07934812	0.00000000
2.08683399	0.07934812	0.02441481
2.09183399	0.07934812	0.11597030
2.09683399	0.07934812	-0.35401470
2.10183399	0.07934812	-1.37333300
2.10683399	0.07934812	-1.37333300
2.11183399	0.07934812	-0.35401470
2.11683399	0.07934812	0.11597030
2.12183399	0.07934812	0.02441481
2.12683399	0.07934812	0.00000000
2.13183399	0.07934812	0.00000000
2.13683399	0.07947020	0.02441481
2.14183399	0.07992797	0.11597030
2.14683399	0.07770012	-0.32959990
2.15183399	0.07306131	-1.25736300
2.15683399	0.07083346	-1.70293300
2.16183399	0.07129124	-1.61137700
2.16683399	0.07141331	-1.63579200
2.17183399	0.07141331	-1.81890300
2.17683399	0.07141331	-0.92776260
2.18183399	0.07141331	0.92776260
2.18683399	0.07141331	1.84331800
2.19183399	0.07141331	1.75176200
2.19683399	0.07141331	1.28177700
2.20183399	0.07141331	0.44557020
2.20683399	0.07141331	-0.46998500
2.21183399	0.07141331	-1.39774800
2.21683399	0.07141331	-1.37333300
2.22183399	0.07141331	-0.35401470
2.22683399	0.07141331	0.14038510
2.23183399	0.07141331	0.14038510
2.23683399	0.07141331	-0.35401470
2.24183399	0.07141331	-1.37333300
2.24683399	0.07141331	-1.37333300
2.25183399	0.07141331	-0.35401470
2.25683399	0.07141331	0.11597030
2.26183399	0.07141331	0.02441481
2.26683399	0.07141331	0.00000000
2.27183399	0.07141331	0.00000000
2.27683399	0.07141331	0.02441481
2.28183399	0.07141331	0.11597030
2.28683399	0.07141331	-0.32959990
2.29183399	0.07141331	-1.25736300
2.29683399	0.07141331	-1.67851800
2.30183399	0.07141331	-1.49540700
2.30683399	0.07141331	-1.94097700
2.31183399	0.07141331	-2.96029500
2.31683399	0.07141331	-2.96029500
2.32183399	0.07141331	-1.94097700
2.32683399	0.07141331	-1.44657700
2.33183399	0.07141331	-1.44657700
2.33683399	0.07153539	-1.94097700
2.34183399	0.07199316	-2.96029500
2.34683399	0.06964324	-2.96029500
2.35183399	0.06454664	-1.94097700
2.35683399	0.06454664	-1.47099200
2.36183399	0.06964324	-1.56254800
2.36683399	0.07211524	-1.58696200
2.37183399	0.07211524	-1.58696200
2.37683399	0.06976531	-1.56254800
2.38183399	0.06512650	-1.47099200
2.38683399	0.06289865	-1.94097700
2.39183399	0.06335643	-2.96029500
2.39683399	0.06347850	-2.96029500
2.40183399	0.06347850	-1.94097700
2.40683399	0.06347850	-1.47099200
2.41183399	0.06347850	-1.56254800
2.41683399	0.06347850	-1.56254800
2.42183399	0.06347850	-1.47099200
2.42683399	0.06347850	-1.94097700
2.43183399	0.06347850	-2.96029500
2.43683399	0.06347850	-2.98471000
2.44183399	0.06347850	-2.05694700
2.44683399	0.06347850	-1.11697700
2.45183399	0.06347850	-0.18921480
2.45683399	0.06347850	-0.23804440
2.46183399	0.06347850	-1.34891800
2.46683399	0.06347850	-1.37333300
2.47183399	0.06347850	-0.35401470
2.47683399	0.06347850	0.09155553
2.48183399	0.06347850	-0.09155553
2.48683399	0.06347850	0.35401470
2.49183399	0.06347850	1.37333300
2.49683399	0.06347850	1.34891800
2.50183399	0.06347850	0.23804440
2.50683399	0.06347850	0.21362960
2.51183399	0.06347850	1.23294800
2.51683399	0.06347850	1.70293300
2.52183399	0.06347850	1.61137700
2.52683399	0.06347850	1.61137700
2.53183399	0.06347850	1.70293300
2.53683399	0.06347850	1.25736300
2.54183399	0.06347850	0.32959990
2.54683399	0.06360057	-0.14038510
2.55183399	0.06405835	-0.14038510
2.55683399	0.06170843	0.32959990
2.56183399	0.05661184	1.25736300
2.56683399	0.05673391	1.70293300
2.57183399	0.06228828	1.61137700
2.57683399	0.06241035	1.58696200
2.58183399	0.05731376	1.58696200
2.58683399	0.05496383	1.58696200
2.59183399	0.05542161	1.58696200
2.59683399	0.05554369	1.61137700
2.60183399	0.05554369	1.70293300
2.60683399	0.05554369	1.25736300
2.61183399	0.05554369	0.32959990
2.61683399	0.05554369	-0.16479990
2.62183399	0.05554369	-0.25635550
2.62683399	0.05554369	0.70802940
2.63183399	0.05554369	2.74666600
2.63683399	0.05554369	2.74666600
2.64183399	0.05554369	0.70802940
2.64683399	0.05554369	-0.23194070
2.65183399	0.05554369	-0.04882962
2.65683399	0.05554369	0.02441481
2.66183399	0.05554369	0.11597030
2.66683399	0.05554369	-0.32959990
2.67183399	0.05554369	-1.25736300
2.67683399	0.05554369	-1.70293300
2.68183399	0.05554369	-1.61137700
2.68683399	0.05554369	-1.61137700
2.69183399	0.05554369	-1.70293300
2.69683399	0.05554369	-1.25736300
2.70183399	0.05554369	-0.32959990
2.70683399	0.05554369	0.14038510
2.71183399	0.05554369	0.14038510
2.71683399	0.05554369	-0.32959990
2.72183399	0.05554369	-1.25736300
2.72683399	0.05554369	-1.75176200
2.73183399	0.05554369	-1.84331800
2.73683399	0.05554369	-0.90334780
2.74183399	0.05554369	1.04373300
2.74683399	0.05554369	1.46488800
2.75183399	0.05554369	0.26245920
2.75683399	0.05554369	0.23804440
2.76183399	0.05554369	1.34891800
2.76683399	0.05554369	1.37333300
2.77183399	0.05554369	0.35401470
2.77683399	0.05554369	-0.14038510
2.78183399	0.05554369	-0.14038510
2.78683399	0.05554369	0.32959990
2.79183399	0.05554369	1.25736300
2.79683399	0.05554369	1.72734800
2.80183399	0.05554369	1.72734800
2.80683399	0.05566576	1.23294800
2.81183399	0.05612354	0.21362960
2.81683399	0.05377361	0.23804440
2.82183399	0.04867702	1.34891800
2.82683399	0.04879910	1.37333300
2.83183399	0.05435346	0.35401470
2.83683399	0.05447554	-0.11597030
2.84183399	0.04937895	-0.02441481
2.84683399	0.04702902	0.00000000
2.85183399	0.04748680	0.00000000
2.85683399	0.04760887	0.00000000
2.86183399	0.04760887	0.00000000
2.86683399	0.04760887	0.00000000
2.87183399	0.04760887	0.00000000
2.87683399	0.04760887	-0.02441481
2.88183399	0.04760887	-0.11597030
2.88683399	0.04760887	0.32959990
2.89183399	0.04760887	1.25736300
2.89683399	0.04760887	1.70293300
2.90183399	0.04760887	1.61137700
2.90683399	0.04760887	1.61137700
2.91183399	0.04760887	1.70293300
2.91683399	0.04760887	1.25736300
2.92183399	0.04760887	0.32959990
2.92683399	0.04760887	-0.11597030
2.93183399	0.04760887	-0.02441481
2.93683399	0.04760887	0.00000000
2.94183399	0.04760887	0.00000000
2.94683399	0.04760887	0.00000000
2.95183399	0.04760887	0.00000000
2.95683399	0.04760887	0.00000000
2.96183399	0.04760887	0.00000000
2.96683399	0.04760887	0.00000000
2.97183399	0.04760887	0.00000000
2.97683399	0.04760887	0.00000000
2.98183399	0.04760887	0.00000000
2.98683399	0.04760887	0.00000000
2.99183399	0.04760887	0.00000000
2.99683399	0.04760887	0.00000000
3.00183399	0.04760887	0.00000000
3.00683399	0.04760887	-0.02441481
3.01183399	0.04760887	-0.11597030
3.01683399	0.04760887	0.32959990
3.02183399	0.04760887	1.25736300
3.02683399	0.04760887	1.67851800
3.03183399	0.04760887	1.49540700
3.03683399	0.04760887	1.89214800
3.04183399	0.04760887	2.72835500
3.04683399	0.04760887	3.55235400
3.05183399	0.04760887	4.10168800
3.05683399	0.04760887	5.72527200
3.06183399	0.04760887	7.84936000
3.06683399	0.04760887	11.63976000
3.07183399	0.04760887	16.07715000
3.07683399	0.04760887	22.43721000
3.08183399	0.04760887	29.09635000
3.08683399	0.04760887	38.01996000
3.09183399	0.04760887	46.98630000
3.09683399	0.04773095	58.02789000
3.10183399	0.04818873	68.38587000
3.10683399	0.04583880	81.17313000
3.11183399	0.04074221	93.28288000
3.11683399	0.04086429	106.52180000
3.12183399	0.04641865	117.70990000
3.12683399	0.04654073	129.57550000
3.13183399	0.04144414	139.09730000
3.13683399	0.03909421	149.74210000
3.14183399	0.03955199	158.89160000
3.14683399	0.03967406	167.36960000
3.15183399	0.03967406	173.00940000
3.15683399	0.03967406	179.36950000
3.16183399	0.03967406	184.82620000
3.16683399	0.03967406	189.06220000
3.17183399	0.03967406	190.99700000
3.17683399	0.03967406	193.09670000
3.18183399	0.03967406	194.76300000
3.18683399	0.03967406	195.15980000
3.19183399	0.03967406	194.14040000
3.19683399	0.03967406	193.29200000
3.20183399	0.03967406	192.83420000
3.20683399	0.03967406	190.69180000
3.21183399	0.03967406	187.35920000
3.21683399	0.03967406	184.36840000
3.22183399	0.03967406	182.43350000
3.22683399	0.03967406	179.06430000
3.23183399	0.03967406	175.18230000
3.23683399	0.03967406	170.89760000
3.24183399	0.03967406	167.19260000
3.24683399	0.03967406	162.95660000
3.25183399	0.03967406	159.25780000
3.25683399	0.03967406	155.04620000
3.26183399	0.03967406	151.43890000
3.26683399	0.03967406	146.77570000
3.27183399	0.03967406	142.24680000
3.27683399	0.03967406	137.08910000
3.28183399	0.03967406	132.46250000
3.28683399	0.03967406	128.25100000
3.29183399	0.03967406	125.57140000
3.29683399	0.03967406	121.80550000
3.30183399	0.03967406	118.01510000
3.30683399	0.03967406	113.73030000
3.31183399	0.03967406	109.93380000
3.31683399	0.03967406	106.11900000
3.32183399	0.03967406	103.25630000
3.32683399	0.03967406	99.88708000
3.33183399	0.03967406	96.93289000
3.33683399	0.03967406	93.51482000
3.34183399	0.03967406	90.46906000
3.34683399	0.03967406	87.49657000
3.35183399	0.03967406	85.37248000
3.35683399	0.03967406	82.82723000
3.36183398	0.03967406	80.51392000
3.36683398	0.03967406	78.42036000
3.37183398	0.03967406	77.12638000
3.37683398	0.03967406	75.00838000
3.38183398	0.03967406	72.60353000
3.38683398	0.03967406	70.48555000
3.39183398	0.03967406	69.19157000
3.39683398	0.03967406	67.04916000
3.40183398	0.03967406	64.55275000
3.40683398	0.03967406	62.85592000
3.41183398	0.03967406	62.39814000
3.41683398	0.03967406	61.17130000
3.42183398	0.03967406	59.60265000
3.42683398	0.03967406	57.88140000
3.43183398	0.03967406	56.39820000
3.43683398	0.03967406	54.70138000
3.44183398	0.03967406	53.22428000
3.44683398	0.03967406	51.50304000
3.45183398	0.03967406	49.93438000
3.45683398	0.03967406	48.65871000
3.46183398	0.03967406	48.01782000
3.46683398	0.03967406	47.16941000
3.47183398	0.03967406	46.33320000
3.47683398	0.03979614	45.96087000
3.48183398	0.04025391	46.23554000
3.48683398	0.03790399	45.39323000
3.49183398	0.03280740	43.62926000
3.49683398	0.03280740	42.31086000
3.50183398	0.03790399	41.66998000
3.50683398	0.04037599	40.84597000
3.51183398	0.04037599	40.10132000
3.51683398	0.03802606	39.27732000
3.52183398	0.03338725	38.63643000
3.52683398	0.03115940	37.31804000
3.53183398	0.03161718	35.55407000
3.53683398	0.03173925	34.71175000
3.54183398	0.03173925	34.98642000
3.54683398	0.03173925	34.58968000
3.55183398	0.03173925	33.66191000
3.55683398	0.03173925	33.24076000
3.56183398	0.03173925	33.42387000
3.56683398	0.03173925	33.00272000
3.57183398	0.03173925	32.07495000
3.57683398	0.03173925	31.65380000
3.58183398	0.03173925	31.83691000
3.58683398	0.03173925	31.41575000
3.59183398	0.03173925	30.48799000
3.59683398	0.03173925	30.04242000
3.60183398	0.03173925	30.13398000
3.60683398	0.03173925	30.18280000
3.61183398	0.03173925	30.27436000
3.61683398	0.03173925	29.82879000
3.62183398	0.03173925	28.90103000
3.62683398	0.03173925	28.45546000
3.63183398	0.03173925	28.54701000
3.63683398	0.03173925	28.62026000
3.64183398	0.03173925	28.80337000
3.64683398	0.03173925	27.86340000
3.65183398	0.03173925	25.81866000
3.65683398	0.03173925	25.84307000
3.66183398	0.03173925	27.97937000
3.66683398	0.03173925	28.49818000
3.67183398	0.03173925	27.47276000
3.67683398	0.03173925	26.53279000
3.68183398	0.03173925	25.69658000
3.68683398	0.03173925	25.27543000
3.69183398	0.03173925	25.36699000
3.69683398	0.03173925	25.41581000
3.70183398	0.03173925	25.50737000
3.70683398	0.03173925	25.06180000
3.71183398	0.03173925	24.13404000
3.71683398	0.03173925	23.71288000
3.72183398	0.03173925	23.89599000
3.72683398	0.03173925	23.47484000
3.73183398	0.03173925	22.54707000
3.73683398	0.03173925	22.12592000
3.74183398	0.03173925	22.30903000
3.74683398	0.03173925	21.88787000
3.75183398	0.03173925	20.96011000
3.75683398	0.03173925	20.56337000
3.76183398	0.03173925	20.83804000
3.76683398	0.03173925	19.94690000
3.77183398	0.03173925	17.99982000
3.77683398	0.03173925	17.55425000
3.78183398	0.03173925	18.66512000
3.78683398	0.03173925	19.18394000
3.79183398	0.03173925	19.18394000
3.79683398	0.03173925	18.71395000
3.80183398	0.03173925	17.78619000
3.80683398	0.03173925	17.34062000
3.81183398	0.03173925	17.43217000
3.81683398	0.03173925	17.40776000
3.82183398	0.03173925	17.22465000
3.82683398	0.03173925	18.14020000
3.83183398	0.03173925	20.08728000
3.83683398	0.03173925	20.53285000
3.84183398	0.03173925	19.42198000
3.84683398	0.03173925	18.92758000
3.85183398	0.03173925	19.01913000
3.85683398	0.03173925	19.06796000
3.86183398	0.03173925	19.15952000
3.86683398	0.03173925	18.68954000
3.87183398	0.03173925	17.67022000
3.87683398	0.03173925	17.67022000
3.88183398	0.03173925	18.68954000
3.88683398	0.03173925	19.15952000
3.89183398	0.03173925	19.06796000
3.89683398	0.03173925	19.06796000
3.90183398	0.03173925	19.15952000
3.90683398	0.03173925	18.71395000
3.91183398	0.03173925	17.78619000
3.91683398	0.03173925	17.31620000
3.92183398	0.03173925	17.31620000
3.92683398	0.03173925	17.81060000
3.93183398	0.03173925	18.82992000
3.93683398	0.03173925	18.85434000
3.94183398	0.03173925	17.92657000
3.94683398	0.03173925	17.01102000
3.95183398	0.03173925	16.17481000
3.95683398	0.03173925	15.75365000
3.96183398	0.03173925	15.84521000
3.96683398	0.03173925	15.86962000
3.97183398	0.03173925	15.86962000
3.97683398	0.03173925	15.91846000
3.98183398	0.03173925	16.10157000
3.98683398	0.03186132	15.18601000
3.99183398	0.03231910	13.23893000
3.99683398	0.02996918	12.79336000
4.00183398	0.02487259	13.90423000
4.00683398	0.02487259	14.42305000
4.01183398	0.02996918	14.42305000
4.01683398	0.03244118	13.95306000
4.02183398	0.03244118	13.02530000
4.02683398	0.03009125	12.55531000
4.03183398	0.02545244	12.55531000
4.03683398	0.02322458	13.04971000
4.04183398	0.02368236	14.06903000
4.04683398	0.02380444	14.04462000
4.05183398	0.02380444	12.93374000
4.05683398	0.02380444	12.93374000
4.06183398	0.02380444	14.04462000
4.06683398	0.02380444	14.06903000
4.07183398	0.02380444	13.04971000
4.07683398	0.02380444	12.57973000
4.08183398	0.02380444	12.67128000
4.08683398	0.02380444	12.69570000
4.09183398	0.02380444	12.69570000
4.09683398	0.02380444	12.69570000
4.10183398	0.02380444	12.69570000
4.10683398	0.02380444	12.69570000
4.11183398	0.02380444	12.69570000
4.11683398	0.02380444	12.69570000
4.12183398	0.02380444	12.69570000
4.12683398	0.02380444	12.72011000
4.13183398	0.02380444	12.81167000
4.13683398	0.02380444	12.36610000
4.14183398	0.02380444	11.43834000
4.14683398	0.02380444	10.99277000
4.15183398	0.02380444	11.08432000
4.15683398	0.02380444	11.10874000
4.16183398	0.02380444	11.10874000
4.16683398	0.02380444	11.08432000
4.17183398	0.02380444	10.99277000
4.17683398	0.02380444	11.48717000
4.18183398	0.02380444	12.59804000
4.18683398	0.02380444	12.12806000
4.19183398	0.02380444	10.08942000
4.19683398	0.02380444	9.61943300
4.20183398	0.02380444	10.73031000
4.20683398	0.02380444	11.22471000
4.21183398	0.02380444	11.13315000
4.21683398	0.02380444	11.08432000
4.22183398	0.02380444	10.99277000
4.22683398	0.02380444	11.46275000
4.23183398	0.02380444	12.48207000
4.23683398	0.02380444	12.48207000
4.24183398	0.02380444	11.46275000
4.24683398	0.02380444	10.99277000
4.25183398	0.02380444	11.08432000
4.25683398	0.02380444	11.13315000
4.26183398	0.02380444	11.22471000
4.26683398	0.02380444	10.73031000
4.27183398	0.02380444	9.61943300
4.27683398	0.02380444	10.08942000
4.28183398	0.02380444	12.12806000
4.28683398	0.02380444	12.59804000
4.29183398	0.02380444	11.48717000
4.29683398	0.02380444	10.99277000
4.30183398	0.02380444	11.08432000
4.30683398	0.02380444	11.13315000
4.31183398	0.02380444	11.22471000
4.31683398	0.02380444	10.75472000
4.32183398	0.02380444	9.73540400
4.32683398	0.02380444	9.75981900
4.33183398	0.02380444	10.87069000
4.33683398	0.02380444	10.87069000
4.34183398	0.02380444	9.75981900
4.34683398	0.02380444	9.75981900
4.35183398	0.02380444	10.87069000
4.35683398	0.02380444	10.89511000
4.36183398	0.02380444	9.87579000
4.36683398	0.02380444	9.43021900
4.37183398	0.02380444	9.61333000
4.37683398	0.02380444	9.16776000
4.38183398	0.02380444	8.14844100
4.38683398	0.02380444	8.17285700
4.39183398	0.02380444	9.28373100
4.39683398	0.02380444	9.30814500
4.40183398	0.02380444	8.28882700
4.40683398	0.02380444	7.79442700
4.41183398	0.02380444	7.79442700
4.41683398	0.02380444	8.28882700
4.42183398	0.02380444	9.30814500
4.42683398	0.02380444	9.30814500
4.43183398	0.02380444	8.28882700
4.43683398	0.02380444	7.81884200
4.44183398	0.02380444	7.91039800
4.44683398	0.02380444	7.93481200
4.45183398	0.02380444	7.93481200
4.45683398	0.02380444	7.93481200
4.46183398	0.02380444	7.93481200
4.46683398	0.02380444	7.93481200
4.47183398	0.02380444	7.93481200
4.47683398	0.02380444	7.93481200
4.48183398	0.02380444	7.93481200
4.48683398	0.02380444	7.91039800
4.49183398	0.02380444	7.81884200
4.49683398	0.02380444	8.26441300
4.50183398	0.02380444	9.19217500
4.50683398	0.02380444	9.63774600
4.51183398	0.02380444	9.54619000
4.51683398	0.02380444	9.54619000
4.52183398	0.02380444	9.63774600
4.52683398	0.02380444	9.16776000
4.53183398	0.02380444	8.14844100
4.53683398	0.02380444	8.14844100
4.54183398	0.02380444	9.16776000
4.54683398	0.02380444	9.63774600
4.55183398	0.02380444	9.54619000
4.55683398	0.02392651	9.52177400
4.56183398	0.02438429	9.52177400
4.56683398	0.02203436	9.52177400
4.57183398	0.01693777	9.52177400
4.57683398	0.01693777	9.52177400
4.58183398	0.02203436	9.52177400
4.58683398	0.02438429	9.52177400
4.59183398	0.02392651	9.52177400
4.59683398	0.02380444	9.54619000
4.60183398	0.02380444	9.63774600
4.60683398	0.02392651	9.16776000
4.61183398	0.02438429	8.14844100
4.61683398	0.02203436	8.17285700
4.62183398	0.01693777	9.28373100
4.62683398	0.01693777	9.28373100
4.63183398	0.02203436	8.17285700
4.63683398	0.02438429	8.17285700
4.64183398	0.02392651	9.28373100
4.64683398	0.02392651	9.28373100
4.65183398	0.02438429	8.17285700
4.65683398	0.02203436	8.14844100
4.66183398	0.01693777	9.16776000
4.66683398	0.01705985	9.63774600
4.67183398	0.02261421	9.54619000
4.67683398	0.02261421	9.52177400
4.68183398	0.01705985	9.52177400
4.68683398	0.01705985	9.52177400
4.69183398	0.02261421	9.52177400
4.69683398	0.02273629	9.54619000
4.70183398	0.01763970	9.63774600
4.70683398	0.01528977	9.19217500
4.71183398	0.01574755	8.26441300
4.71683398	0.01586962	7.81884200
4.72183398	0.01586962	7.91039800
4.72683398	0.01586962	7.91039800
4.73183398	0.01586962	7.81884200
4.73683398	0.01586962	8.28882700
4.74183398	0.01586962	9.30814500
4.74683398	0.01586962	9.30814500
4.75183398	0.01586962	8.28882700
4.75683398	0.01586962	7.79442700
4.76183398	0.01586962	7.79442700
4.76683398	0.01586962	8.26441300
4.77183398	0.01586962	9.19217500
4.77683398	0.01586962	9.63774600
4.78183398	0.01586962	9.54619000
4.78683398	0.01586962	9.54619000
4.79183398	0.01586962	9.63774600
4.79683398	0.01586962	9.16776000
4.80183398	0.01586962	8.14844100
4.80683398	0.01586962	8.17285700
4.81183398	0.01586962	9.28373100
4.81683398	0.01586962	9.30814500
4.82183398	0.01586962	8.28882700
4.82683398	0.01586962	7.79442700
4.83183398	0.01586962	7.79442700
4.83683398	0.01586962	8.26441300
4.84183398	0.01586962	9.19217500
4.84683398	0.01586962	9.63774600
4.85183398	0.01586962	9.54619000
4.85683398	0.01586962	9.52177400
4.86183398	0.01586962	9.52177400
4.86683398	0.01586962	9.52177400
4.87183398	0.01586962	9.52177400
4.87683398	0.01586962	9.52177400
4.88183398	0.01586962	9.52177400
4.88683398	0.01586962	9.49735900
4.89183398	0.01586962	9.40580500
4.89683398	0.01586962	9.87579000
4.90183398	0.01586962	10.89511000
4.90683398	0.01586962	10.89511000
4.91183398	0.01586962	9.87579000
4.91683398	0.01586962	9.40580500
4.92183398	0.01586962	9.49735900
4.92683398	0.01586962	9.54619000
4.93183398	0.01586962	9.63774600
4.93683398	0.01586962	9.19217500
4.94183398	0.01586962	8.26441300
4.94683398	0.01586962	7.81884200
4.95183398	0.01586962	7.91039800
4.95683398	0.01586962	7.91039800
4.96183398	0.01586962	7.81884200
4.96683398	0.01586962	8.28882700
4.97183398	0.01586962	9.30814500
4.97683398	0.01586962	9.30814500
4.98183398	0.01586962	8.28882700
4.98683398	0.01586962	7.81884200
4.99183398	0.01586962	7.91039800
4.99683398	0.01586962	7.93481200
5.00183398	0.01586962	7.93481200
5.00683397	0.01586962	7.93481200
5.01183397	0.01586962	7.93481200
5.01683397	0.01586962	7.93481200
5.02183397	0.01586962	7.93481200
5.02683397	0.01586962	7.93481200
5.03183397	0.01586962	7.93481200
5.03683397	0.01586962	7.93481200
5.04183397	0.01586962	7.93481200
5.04683397	0.01586962	7.95922800
5.05183397	0.01586962	8.05078300
5.05683397	0.01586962	7.58079800
5.06183397	0.01586962	6.56148000
5.06683397	0.01586962	6.56148000
5.07183397	0.01586962	7.58079800
5.07683397	0.01586962	8.05078300
5.08183397	0.01586962	7.95922800
5.08683397	0.01586962	7.93481200
5.09183397	0.01586962	7.93481200
5.09683397	0.01586962	7.93481200
5.10183397	0.01586962	7.93481200
5.10683397	0.01586962	7.95922800
5.11183397	0.01586962	8.05078300
5.11683397	0.01586962	7.60521200
5.12183397	0.01586962	6.67745000
5.12683397	0.01586962	6.20746500
5.13183397	0.01586962	6.20746500
5.13683397	0.01586962	6.70186400
5.14183397	0.01586962	7.72118300
5.14683397	0.01586962	7.72118300
5.15183397	0.01586962	6.70186400
5.15683397	0.01586962	6.23187900
5.16183397	0.01586962	6.32343500
5.16683397	0.01586962	6.34785000
5.17183397	0.01586962	6.34785000
5.17683397	0.01586962	6.34785000
5.18183397	0.01586962	6.34785000
5.18683397	0.01586962	6.37226500
5.19183397	0.01586962	6.46382000
5.19683397	0.01586962	6.01825000
5.20183397	0.01586962	5.09048700
5.20683397	0.01586962	4.62050200
5.21183397	0.01586962	4.62050200
5.21683397	0.01586962	5.11490200
5.22183397	0.01586962	6.13422100
5.22683397	0.01586962	6.13422100
5.23183397	0.01586962	5.11490200
5.23683397	0.01586962	4.64491700
5.24183397	0.01586962	4.73647300
5.24683397	0.01586962	4.73647300
5.25183397	0.01586962	4.64491700
5.25683397	0.01586962	5.09048700
5.26183397	0.01586962	6.01825000
5.26683397	0.01586962	6.46382000
5.27183397	0.01586962	6.37226500
5.27683397	0.01586962	6.34785000
5.28183397	0.01586962	6.34785000
5.28683397	0.01586962	6.34785000
5.29183397	0.01586962	6.34785000
5.29683397	0.01586962	6.32343500
5.30183397	0.01586962	6.23187900
5.30683397	0.01586962	6.67745000
5.31183397	0.01586962	7.60521200
5.31683397	0.01586962	8.05078300
5.32183397	0.01586962	7.95922800
5.32683397	0.01586962	7.93481200
5.33183397	0.01586962	7.93481200
5.33683397	0.01586962	7.93481200
5.34183397	0.01586962	7.93481200
5.34683397	0.01586962	7.95922800
5.35183397	0.01586962	8.05078300
5.35683397	0.01586962	7.60521200
5.36183397	0.01586962	6.67745000
5.36683397	0.01586962	6.23187900
5.37183397	0.01586962	6.32343500
5.37683397	0.01586962	6.34785000
5.38183397	0.01586962	6.34785000
5.38683397	0.01586962	6.32343500
5.39183397	0.01586962	6.23187900
5.39683397	0.01586962	6.70186400
5.40183397	0.01586962	7.72118300
5.40683397	0.01586962	7.72118300
5.41183397	0.01586962	6.70186400
5.41683397	0.01586962	6.23187900
5.42183397	0.01586962	6.32343500
5.42683397	0.01586962	6.34785000
5.43183397	0.01586962	6.34785000
5.43683397	0.01586962	6.34785000
5.44183397	0.01586962	6.34785000
5.44683397	0.01586962	6.32343500
5.45183397	0.01586962	6.23187900
5.45683397	0.01586962	6.67745000
5.46183397	0.01586962	7.60521200
5.46683397	0.01586962	8.07519700
5.47183397	0.01586962	8.07519700
5.47683397	0.01586962	7.58079800
5.48183397	0.01586962	6.56148000
5.48683397	0.01586962	6.58589400
5.49183397	0.01586962	7.69676800
5.49683397	0.01586962	7.72118300
5.50183397	0.01586962	6.70186400
5.50683397	0.01586962	6.20746500
5.51183397	0.01586962	6.20746500
5.51683397	0.01586962	6.67745000
5.52183397	0.01586962	7.60521200
5.52683397	0.01586962	8.07519700
5.53183397	0.01586962	8.07519700
5.53683397	0.01586962	7.58079800
5.54183397	0.01586962	6.56148000
5.54683397	0.01586962	6.56148000
5.55183397	0.01586962	7.58079800
5.55683397	0.01586962	8.05078300
5.56183397	0.01586962	7.95922800
5.56683397	0.01586962	7.91039800
5.57183397	0.01586962	7.81884200
5.57683397	0.01586962	8.28882700
5.58183397	0.01586962	9.30814500
5.58683397	0.01586962	9.30814500
5.59183397	0.01586962	8.28882700
5.59683397	0.01586962	7.79442700
5.60183397	0.01586962	7.79442700
5.60683397	0.01586962	8.28882700
5.61183397	0.01586962	9.30814500
5.61683397	0.01586962	9.30814500
5.62183397	0.01586962	8.28882700
5.62683397	0.01599170	7.81884200
5.63183397	0.01644948	7.91039800
5.63683397	0.01409955	7.95922800
5.64183397	0.00900296	8.05078300
5.64683397	0.00900296	7.60521200
5.65183397	0.01409955	6.67745000
5.65683397	0.01644948	6.23187900
5.66183397	0.01599170	6.32343500
5.66683397	0.01599170	6.32343500
5.67183397	0.01644948	6.23187900
5.67683397	0.01409955	6.70186400
5.68183397	0.00900296	7.72118300
5.68683397	0.00912503	7.72118300
5.69183397	0.01467940	6.70186400
5.69683397	0.01467940	6.23187900
5.70183397	0.00912503	6.32343500
5.70683397	0.00900296	6.32343500
5.71183397	0.01409955	6.23187900
5.71683397	0.01644948	6.67745000
5.72183397	0.01599170	7.60521200
5.72683397	0.01599170	8.05078300
5.73183397	0.01644948	7.95922800
5.73683397	0.01422163	7.95922800
5.74183397	0.00958281	8.05078300
5.74683397	0.00723289	7.60521200
5.75183397	0.00723289	6.67745000
5.75683397	0.00958281	6.23187900
5.76183397	0.01422163	6.32343500
5.76683397	0.01657155	6.34785000
5.77183397	0.01657155	6.34785000
5.77683397	0.01409955	6.37226500
5.78183397	0.00900296	6.46382000
5.78683397	0.00900296	6.01825000
5.79183397	0.01409955	5.09048700
5.79683397	0.01657155	4.64491700
5.80183397	0.01657155	4.73647300
5.80683397	0.01422163	4.76088700
5.81183397	0.00958281	4.76088700
5.81683397	0.00735496	4.76088700
5.82183397	0.00781274	4.76088700
5.82683397	0.00793481	4.73647300
5.83183397	0.00793481	4.64491700
5.83683397	0.00793481	5.09048700
5.84183397	0.00793481	6.01825000
5.84683397	0.00793481	6.43940500
5.85183397	0.00793481	6.25629500
5.85683397	0.00781274	6.67745000
5.86183397	0.00735496	7.60521200
5.86683397	0.00970489	8.05078300
5.87183397	0.01480148	7.95922800
5.87683397	0.01480148	7.93481200
5.88183397	0.00970489	7.93481200
5.88683397	0.00735496	7.93481200
5.89183397	0.00781274	7.93481200
5.89683397	0.00793481	7.93481200
5.90183397	0.00793481	7.93481200
5.90683397	0.00793481	7.93481200
5.91183397	0.00793481	7.93481200
5.91683397	0.00793481	7.95922800
5.92183397	0.00793481	8.05078300
5.92683397	0.00793481	7.60521200
5.93183397	0.00793481	6.67745000
5.93683397	0.00793481	6.20746500
5.94183397	0.00793481	6.20746500
5.94683397	0.00793481	6.70186400
5.95183397	0.00793481	7.72118300
5.95683397	0.00793481	7.69676800
5.96183397	0.00793481	6.58589400
5.96683397	0.00793481	6.56148000
5.97183397	0.00793481	7.58079800
5.97683397	0.00793481	8.05078300
5.98183397	0.00793481	7.95922800
5.98683397	0.00793481	7.95922800
5.99183397	0.00793481	8.05078300
5.99683397	0.00793481	7.60521200
6.00183397	0.00793481	6.67745000
6.00683397	0.00793481	6.23187900
6.01183397	0.00793481	6.32343500
6.01683397	0.00793481	6.34785000
6.02183397	0.00793481	6.34785000
6.02683397	0.00793481	6.34785000
6.03183397	0.00793481	6.34785000
6.03683397	0.00793481	6.34785000
6.04183397	0.00793481	6.34785000
6.04683397	0.00793481	6.37226500
6.05183397	0.00793481	6.46382000
6.05683397	0.00793481	6.01825000
6.06183397	0.00793481	5.09048700
6.06683397	0.00793481	4.64491700
6.07183397	0.00793481	4.73647300
6.07683397	0.00793481	4.73647300
6.08183397	0.00793481	4.64491700
6.08683397	0.00793481	5.09048700
6.09183397	0.00793481	6.01825000
6.09683397	0.00793481	6.48823500
6.10183397	0.00793481	6.48823500
6.10683397	0.00793481	5.99383500
6.11183397	0.00793481	4.97451700
6.11683397	0.00793481	4.99893200
6.12183397	0.00793481	6.10980600
6.12683397	0.00793481	6.10980600
6.13183397	0.00793481	4.99893200
6.13683397	0.00793481	4.97451700
6.14183397	0.00793481	5.99383500
6.14683397	0.00793481	6.43940500
6.15183397	0.00793481	6.25629500
6.15683397	0.00793481	6.67745000
6.16183397	0.00793481	7.60521200
6.16683397	0.00793481	8.05078300
6.17183397	0.00793481	7.95922800
6.17683397	0.00793481	7.93481200
6.18183397	0.00793481	7.93481200
6.18683397	0.00793481	7.95922800
6.19183397	0.00793481	8.05078300
6.19683397	0.00793481	7.58079800
6.20183397	0.00793481	6.56148000
6.20683397	0.00793481	6.53706500
6.21183397	0.00793481	7.46482800
6.21683397	0.00793481	8.40479800
6.22183397	0.00793481	9.33256100
6.22683397	0.00793481	9.30814500
6.23183397	0.00793481	8.28882700
6.23683397	0.00793481	7.81884200
6.24183397	0.00793481	7.91039800
6.24683397	0.00793481	7.95922800
6.25183397	0.00793481	8.05078300
6.25683397	0.00793481	7.58079800
6.26183397	0.00793481	6.56148000
6.26683397	0.00793481	6.56148000
6.27183397	0.00793481	7.58079800
6.27683397	0.00793481	8.05078300
6.28183397	0.00793481	7.95922800
6.28683397	0.00793481	7.95922800
6.29183397	0.00793481	8.05078300
6.29683397	0.00793481	7.60521200
6.30183397	0.00793481	6.67745000
6.30683397	0.00793481	6.20746500
6.31183397	0.00793481	6.20746500
6.31683397	0.00793481	6.67745000
6.32183397	0.00793481	7.60521200
6.32683397	0.00793481	8.07519700
6.33183397	0.00793481	8.07519700
6.33683397	0.00793481	7.58079800
6.34183397	0.00793481	6.56148000
6.34683397	0.00793481	6.58589400
6.35183397	0.00793481	7.69676800
6.35683397	0.00793481	7.72118300
6.36183397	0.00793481	6.70186400
6.36683397	0.00793481	6.23187900
6.37183397	0.00793481	6.32343500
6.37683397	0.00793481	6.34785000
6.38183397	0.00793481	6.34785000
6.38683397	0.00793481	6.34785000
6.39183397	0.00793481	6.34785000
6.39683397	0.00793481	6.32343500
6.40183397	0.00793481	6.23187900
6.40683397	0.00793481	6.67745000
6.41183397	0.00793481	7.60521200
6.41683397	0.00793481	8.07519700
6.42183397	0.00793481	8.07519700
6.42683397	0.00793481	7.60521200
6.43183397	0.00793481	6.67745000
6.43683397	0.00793481	6.23187900
6.44183397	0.00793481	6.32343500
6.44683397	0.00793481	6.34785000
6.45183397	0.00793481	6.34785000
6.45683397	0.00793481	6.34785000
6.46183397	0.00793481	6.34785000
6.46683397	0.00793481	6.34785000
6.47183397	0.00793481	6.34785000
6.47683397	0.00793481	6.34785000
6.48183397	0.00793481	6.34785000
6.48683397	0.00793481	6.37226500
6.49183397	0.00793481	6.46382000
6.49683397	0.00793481	5.99383500
6.50183397	0.00793481	4.97451700
6.50683397	0.00793481	4.97451700
6.51183397	0.00793481	5.99383500
6.51683397	0.00793481	6.46382000
6.52183397	0.00793481	6.37226500
6.52683397	0.00793481	6.34785000
6.53183397	0.00793481	6.34785000
6.53683397	0.00793481	6.37226500
6.54183397	0.00793481	6.46382000
6.54683397	0.00793481	6.01825000
6.55183397	0.00793481	5.09048700
6.55683397	0.00793481	4.62050200
6.56183397	0.00793481	4.62050200
6.56683397	0.00793481	5.09048700
6.57183397	0.00793481	6.01825000
6.57683397	0.00793481	6.48823500
6.58183397	0.00793481	6.48823500
6.58683397	0.00793481	6.01825000
6.59183397	0.00793481	5.09048700
6.59683397	0.00793481	4.62050200
6.60183397	0.00793481	4.62050200
6.60683397	0.00793481	5.11490200
6.61183397	0.00793481	6.13422100
6.61683397	0.00793481	6.13422100
6.62183397	0.00793481	5.11490200
6.62683397	0.00793481	4.64491700
6.63183397	0.00793481	4.73647300
6.63683397	0.00793481	4.76088700
6.64183397	0.00793481	4.76088700
6.64683397	0.00793481	4.73647300
6.65183396	0.00793481	4.64491700
6.65683396	0.00793481	5.11490200
6.66183396	0.00793481	6.13422100
6.66683396	0.00793481	6.10980600
6.67183396	0.00793481	4.99893200
6.67683396	0.00793481	4.97451700
6.68183396	0.00793481	5.99383500
6.68683396	0.00793481	6.46382000
6.69183396	0.00793481	6.37226500
6.69683396	0.00793481	6.34785000
6.70183396	0.00793481	6.34785000
6.70683396	0.00793481	6.37226500
6.71183396	0.00793481	6.46382000
6.71683396	0.00793481	5.99383500
6.72183396	0.00793481	4.97451700
6.72683396	0.00793481	4.95010200
6.73183396	0.00793481	5.87786500
6.73683396	0.00793481	6.76900500
6.74183396	0.00793481	7.51365700
6.74683396	0.00793481	8.40479800
6.75183396	0.00793481	9.33256100
6.75683396	0.00793481	9.30814500
6.76183396	0.00793481	8.28882700
6.76683396	0.00793481	7.81884200
6.77183396	0.00793481	7.91039800
6.77683396	0.00793481	7.93481200
6.78183396	0.00793481	7.93481200
6.78683396	0.00793481	7.93481200
6.79183396	0.00793481	7.93481200
6.79683396	0.00793481	7.93481200
6.80183396	0.00793481	7.93481200
6.80683396	0.00793481	7.93481200
6.81183396	0.00793481	7.93481200
6.81683396	0.00793481	7.95922800
6.82183396	0.00793481	8.05078300
6.82683396	0.00793481	7.58079800
6.83183396	0.00793481	6.56148000
6.83683396	0.00793481	6.58589400
6.84183396	0.00793481	7.69676800
6.84683396	0.00793481	7.72118300
6.85183396	0.00793481	6.70186400
6.85683396	0.00793481	6.23187900
6.86183396	0.00793481	6.32343500
6.86683396	0.00793481	6.37226500
6.87183396	0.00793481	6.46382000
6.87683396	0.00793481	6.01825000
6.88183396	0.00793481	5.09048700
6.88683396	0.00793481	4.62050200
6.89183396	0.00793481	4.62050200
6.89683396	0.00793481	5.09048700
6.90183396	0.00793481	6.01825000
6.90683396	0.00793481	6.46382000
6.91183396	0.00793481	6.37226500
6.91683396	0.00793481	6.37226500
6.92183396	0.00793481	6.46382000
6.92683396	0.00793481	5.99383500
6.93183396	0.00793481	4.97451700
6.93683396	0.00793481	4.97451700
6.94183396	0.00793481	5.99383500
6.94683396	0.00793481	6.46382000
6.95183396	0.00793481	6.37226500
6.95683396	0.00793481	6.32343500
6.96183396	0.00793481	6.23187900
6.96683396	0.00793481	6.70186400
6.97183396	0.00793481	7.72118300
6.97683396	0.00793481	7.72118300
6.98183396	0.00793481	6.70186400
6.98683396	0.00793481	6.25629500
6.99183396	0.00793481	6.43940500
6.99683396	0.00793481	5.99383500
7.00183396	0.00793481	4.97451700
7.00683396	0.00793481	4.99893200
7.01183396	0.00793481	6.10980600
7.01683396	0.00793481	6.10980600
7.02183396	0.00793481	4.99893200
7.02683396	0.00793481	4.95010200
7.03183396	0.00793481	5.87786500
7.03683396	0.00793481	6.81783500
7.04183396	0.00793481	7.74559700
7.04683396	0.00793481	7.72118300
7.05183396	0.00793481	6.70186400
7.05683396	0.00793481	6.25629500
7.06183396	0.00793481	6.43940500
7.06683396	0.00793481	5.96942000
7.07183396	0.00793481	4.85854700
7.07683396	0.00793481	5.35294700
7.08183396	0.00793481	7.48313800
7.08683396	0.00793481	7.50755300
7.09183396	0.00793481	5.46891700
7.09683396	0.00793481	4.50453200
7.10183396	0.00793481	4.59608700
7.10683396	0.00793481	5.09048700
7.11183396	0.00793481	6.01825000
7.11683396	0.00793481	6.48823500
7.12183396	0.00793481	6.48823500
7.12683396	0.00793481	6.01825000
7.13183396	0.00793481	5.09048700
7.13683396	0.00793481	4.62050200
7.14183396	0.00793481	4.62050200
7.14683396	0.00793481	5.09048700
7.15183396	0.00793481	6.01825000
7.15683396	0.00793481	6.46382000
7.16183396	0.00793481	6.37226500
7.16683396	0.00793481	6.34785000
7.17183396	0.00793481	6.34785000
7.17683396	0.00793481	6.37226500
7.18183396	0.00793481	6.46382000
7.18683396	0.00793481	5.99383500
7.19183396	0.00793481	4.97451700
7.19683396	0.00793481	4.97451700
7.20183396	0.00793481	5.99383500
7.20683396	0.00793481	6.46382000
7.21183396	0.00793481	6.37226500
7.21683396	0.00793481	6.37226500
7.22183396	0.00793481	6.46382000
7.22683396	0.00793481	6.04266500
7.23183396	0.00793481	5.20645800
7.23683396	0.00793481	4.29090200
7.24183396	0.00793481	3.36314000
7.24683396	0.00793481	3.36314000
7.25183396	0.00793481	4.29090200
7.25683396	0.00793481	5.23087300
7.26183396	0.00793481	6.15863500
7.26683396	0.00793481	6.15863500
7.27183396	0.00793481	5.23087300
7.27683396	0.00793481	4.29090200
7.28183396	0.00793481	3.36314000
7.28683396	0.00793481	3.38755500
7.29183396	0.00793481	4.40687300
7.29683396	0.00793481	4.87685800
7.30183396	0.00793481	4.78530200
7.30683396	0.00793481	4.76088700
7.31183396	0.00793481	4.76088700
7.31683396	0.00793481	4.73647300
7.32183396	0.00793481	4.64491700
7.32683396	0.00793481	5.09048700
7.33183396	0.00793481	6.01825000
7.33683396	0.00793481	6.43940500
7.34183396	0.00793481	6.25629500
7.34683396	0.00793481	6.67745000
7.35183396	0.00793481	7.60521200
7.35683396	0.00793481	8.05078300
7.36183396	0.00793481	7.95922800
7.36683396	0.00793481	7.95922800
7.37183396	0.00793481	8.05078300
7.37683396	0.00793481	7.60521200
7.38183396	0.00793481	6.67745000
7.38683396	0.00793481	6.23187900
7.39183396	0.00793481	6.32343500
7.39683396	0.00793481	6.34785000
7.40183396	0.00793481	6.34785000
7.40683396	0.00793481	6.34785000
7.41183396	0.00793481	6.34785000
7.41683396	0.00793481	6.34785000
7.42183396	0.00793481	6.34785000
7.42683396	0.00793481	6.34785000
7.43183396	0.00793481	6.34785000
7.43683396	0.00793481	6.34785000
7.44183396	0.00793481	6.34785000
7.44683396	0.00793481	6.34785000
7.45183396	0.00793481	6.34785000
7.45683396	0.00793481	6.37226500
7.46183396	0.00793481	6.46382000
7.46683396	0.00793481	6.01825000
7.47183396	0.00793481	5.09048700
7.47683396	0.00793481	4.64491700
7.48183396	0.00793481	4.73647300
7.48683396	0.00793481	4.76088700
7.49183396	0.00793481	4.76088700
7.49683396	0.00793481	4.76088700
7.50183396	0.00793481	4.76088700
7.50683396	0.00793481	4.76088700
7.51183396	0.00793481	4.76088700
7.51683396	0.00793481	4.76088700
7.52183396	0.00793481	4.76088700
7.52683396	0.00793481	4.73647300
7.53183396	0.00793481	4.64491700
7.53683396	0.00793481	5.11490200
7.54183396	0.00793481	6.13422100
7.54683396	0.00793481	6.13422100
7.55183396	0.00793481	5.11490200
7.55683396	0.00793481	4.62050200
7.56183396	0.00793481	4.62050200
7.56683396	0.00793481	5.09048700
7.57183396	0.00793481	6.01825000
7.57683396	0.00793481	6.46382000
7.58183396	0.00793481	6.37226500
7.58683396	0.00793481	6.32343500
7.59183396	0.00793481	6.23187900
7.59683396	0.00793481	6.67745000
7.60183396	0.00793481	7.60521200
7.60683396	0.00793481	8.07519700
7.61183396	0.00793481	8.07519700
7.61683396	0.00793481	7.60521200
7.62183396	0.00793481	6.67745000
7.62683396	0.00793481	6.23187900
7.63183396	0.00793481	6.32343500
7.63683396	0.00793481	6.32343500
7.64183396	0.00793481	6.23187900
7.64683396	0.00793481	6.70186400
7.65183396	0.00793481	7.72118300
7.65683396	0.00793481	7.72118300
7.66183396	0.00793481	6.70186400
7.66683396	0.00793481	6.20746500
7.67183396	0.00793481	6.20746500
7.67683396	0.00793481	6.70186400
7.68183396	0.00793481	7.72118300
7.68683396	0.00793481	7.72118300
7.69183396	0.00793481	6.70186400
7.69683396	0.00793481	6.20746500
7.70183396	0.00793481	6.20746500
7.70683396	0.00793481	6.70186400
7.71183396	0.00793481	7.72118300
7.71683396	0.00793481	7.72118300
7.72183396	0.00793481	6.70186400
7.72683396	0.00793481	6.23187900
7.73183396	0.00793481	6.32343500
7.73683396	0.00793481	6.34785000
7.74183396	0.00793481	6.34785000
7.74683396	0.00793481	6.37226500
7.75183396	0.00793481	6.46382000
7.75683396	0.00793481	5.96942000
7.76183396	0.00793481	4.85854700
7.76683396	0.00793481	5.32853200
7.77183396	0.00793481	7.36716800
7.77683396	0.00793481	7.83715300
7.78183396	0.00793481	6.72627900
7.78683396	0.00793481	6.23187900
7.79183396	0.00793481	6.32343500
7.79683396	0.00793481	6.34785000
7.80183396	0.00793481	6.34785000
7.80683396	0.00793481	6.34785000
7.81183396	0.00793481	6.34785000
7.81683396	0.00793481	6.34785000
7.82183396	0.00793481	6.34785000
7.82683396	0.00793481	6.34785000
7.83183396	0.00793481	6.34785000
7.83683396	0.00793481	6.37226500
7.84183396	0.00793481	6.46382000
7.84683396	0.00793481	5.99383500
7.85183396	0.00793481	4.97451700
7.85683396	0.00793481	4.99893200
7.86183396	0.00793481	6.10980600
7.86683396	0.00793481	6.13422100
7.87183396	0.00793481	5.11490200
7.87683396	0.00793481	4.62050200
7.88183396	0.00793481	4.62050200
7.88683396	0.00793481	5.09048700
7.89183396	0.00793481	6.01825000
7.89683396	0.00793481	6.46382000
7.90183396	0.00793481	6.37226500
7.90683396	0.00793481	6.37226500
7.91183396	0.00793481	6.46382000
7.91683396	0.00793481	6.01825000
7.92183396	0.00793481	5.09048700
7.92683396	0.00793481	4.62050200
7.93183396	0.00793481	4.62050200
7.93683396	0.00793481	5.11490200
7.94183396	0.00793481	6.13422100
7.94683396	0.00793481	6.10980600
7.95183396	0.00793481	4.99893200
7.95683396	0.00793481	4.97451700
7.96183396	0.00793481	5.99383500
7.96683396	0.00793481	6.46382000
7.97183396	0.00793481	6.37226500
7.97683396	0.00793481	6.34785000
7.98183396	0.00793481	6.34785000
7.98683396	0.00793481	6.34785000
7.99183396	0.00793481	6.34785000
7.99683396	0.00793481	6.37226500
8.00183396	0.00793481	6.46382000
8.00683396	0.00793481	5.99383500
8.01183396	0.00793481	4.97451700
8.01683396	0.00793481	4.97451700
8.02183396	0.00793481	5.99383500
8.02683396	0.00793481	6.48823500
8.03183396	0.00793481	6.48823500
8.03683396	0.00793481	6.01825000
8.04183396	0.00793481	5.09048700
8.04683396	0.00793481	4.64491700
8.05183396	0.00793481	4.73647300
8.05683396	0.00793481	4.76088700
8.06183396	0.00793481	4.76088700
8.06683396	0.00793481	4.76088700
8.07183396	0.00793481	4.76088700
8.07683396	0.00793481	4.76088700
8.08183396	0.00793481	4.76088700
8.08683396	0.00793481	4.76088700
8.09183396	0.00793481	4.76088700
8.09683396	0.00793481	4.76088700
8.10183396	0.00793481	4.76088700
8.10683396	0.00793481	4.76088700
8.11183396	0.00793481	4.76088700
8.11683396	0.00793481	4.76088700
8.12183396	0.00793481	4.76088700
8.12683396	0.00793481	4.73647300
8.13183396	0.00793481	4.64491700
8.13683396	0.00793481	5.11490200
8.14183396	0.00793481	6.13422100
8.14683396	0.00793481	6.13422100
8.15183396	0.00793481	5.11490200
8.15683396	0.00793481	4.62050200
8.16183396	0.00793481	4.62050200
8.16683396	0.00793481	5.11490200
8.17183396	0.00793481	6.13422100
8.17683396	0.00793481	6.10980600
8.18183396	0.00793481	4.99893200
8.18683396	0.00793481	4.99893200
8.19183396	0.00793481	6.10980600
8.19683396	0.00793481	6.10980600
8.20183396	0.00793481	4.99893200
8.20683396	0.00793481	4.97451700
8.21183396	0.00793481	5.99383500
8.21683396	0.00793481	6.48823500
8.22183396	0.00793481	6.48823500
8.22683396	0.00793481	5.99383500
8.23183396	0.00793481	4.97451700
8.23683396	0.00793481	4.99893200
8.24183396	0.00793481	6.10980600
8.24683396	0.00793481	6.13422100
8.25183396	0.00793481	5.11490200
8.25683396	0.00793481	4.62050200
8.26183396	0.00793481	4.62050200
8.26683396	0.00805689	5.11490200
8.27183396	0.00851466	6.13422100
8.27683396	0.00616474	6.13422100
8.28183396	0.00106815	5.11490200
8.28683396	0.00106815	4.64491700
8.29183396	0.00616474	4.73647300
8.29683395	0.00851466	4.73647300
8.30183395	0.00805689	4.64491700
8.30683395	0.00793481	5.11490200
8.31183395	0.00793481	6.13422100
8.31683395	0.00793481	6.15863500
8.32183395	0.00793481	5.23087300
8.32683395	0.00793481	4.29090200
8.33183395	0.00793481	3.36314000
8.33683395	0.00793481	3.38755500
8.34183395	0.00793481	4.40687300
8.34683395	0.00793481	4.87685800
8.35183395	0.00793481	4.78530200
8.35683395	0.00793481	4.76088700
8.36183395	0.00793481	4.76088700
8.36683395	0.00793481	4.73647300
8.37183395	0.00793481	4.64491700
8.37683395	0.00793481	5.11490200
8.38183395	0.00793481	6.13422100
8.38683395	0.00793481	6.13422100
8.39183395	0.00793481	5.11490200
8.39683395	0.00793481	4.62050200
8.40183395	0.00793481	4.62050200
8.40683395	0.00793481	5.09048700
8.41183395	0.00793481	6.01825000
8.41683395	0.00793481	6.48823500
8.42183395	0.00793481	6.48823500
8.42683395	0.00793481	6.01825000
8.43183395	0.00793481	5.09048700
8.43683395	0.00793481	4.64491700
8.44183395	0.00793481	4.73647300
8.44683395	0.00793481	4.76088700
8.45183395	0.00793481	4.76088700
8.45683395	0.00793481	4.76088700
8.46183395	0.00793481	4.76088700
8.46683395	0.00793481	4.76088700
8.47183395	0.00793481	4.76088700
8.47683395	0.00793481	4.76088700
8.48183395	0.00793481	4.76088700
8.48683395	0.00793481	4.76088700
8.49183395	0.00793481	4.76088700
8.49683395	0.00793481	4.76088700
8.50183395	0.00793481	4.76088700
8.50683395	0.00793481	4.73647300
8.51183395	0.00793481	4.64491700
8.51683395	0.00793481	5.11490200
8.52183395	0.00793481	6.13422100
8.52683395	0.00793481	6.13422100
8.53183395	0.00793481	5.11490200
8.53683395	0.00793481	4.64491700
8.54183395	0.00793481	4.73647300
8.54683395	0.00805689	4.76088700
8.55183395	0.00851466	4.76088700
8.55683395	0.00616474	4.76088700
8.56183395	0.00106815	4.76088700
8.56683395	0.00106815	4.76088700
8.57183395	0.00616474	4.76088700
8.57683395	0.00851466	4.78530200
8.58183395	0.00805689	4.87685800
8.58683395	0.00805689	4.40687300
8.59183395	0.00851466	3.38755500
8.59683395	0.00616474	3.38755500
8.60183395	0.00106815	4.40687300
8.60683395	0.00106815	4.87685800
8.61183395	0.00616474	4.78530200
8.61683395	0.00851466	4.76088700
8.62183395	0.00805689	4.76088700
8.62683395	0.00793481	4.76088700
8.63183395	0.00793481	4.76088700
8.63683395	0.00793481	4.76088700
8.64183395	0.00793481	4.76088700
8.64683395	0.00793481	4.76088700
8.65183395	0.00793481	4.76088700
8.65683395	0.00805689	4.76088700
8.66183395	0.00851466	4.76088700
8.66683395	0.00616474	4.76088700
8.67183395	0.00106815	4.76088700
8.67683395	0.00106815	4.76088700
8.68183395	0.00616474	4.76088700
8.68683395	0.00851466	4.76088700
8.69183395	0.00805689	4.76088700
8.69683395	0.00793481	4.76088700
8.70183395	0.00793481	4.76088700
8.70683395	0.00793481	4.76088700
8.71183395	0.00793481	4.76088700
8.71683395	0.00793481	4.76088700
8.72183395	0.00793481	4.76088700
8.72683395	0.00793481	4.73647300
8.73183395	0.00793481	4.64491700
8.73683395	0.00793481	5.09048700
8.74183395	0.00793481	6.01825000
8.74683395	0.00793481	6.46382000
8.75183395	0.00793481	6.37226500
8.75683395	0.00805689	6.34785000
8.76183395	0.00851466	6.34785000
8.76683395	0.00628681	6.34785000
8.77183395	0.00164800	6.34785000
8.77683395	-0.00070193	6.34785000
8.78183395	-0.00070193	6.34785000
8.78683395	0.00177007	6.34785000
8.79183395	0.00686667	6.34785000
8.79683395	0.00674459	6.32343500
8.80183395	0.00119022	6.23187900
8.80683395	0.00106815	6.67745000
8.81183395	0.00616474	7.60521200
8.81683395	0.00863674	8.07519700
8.82183395	0.00863674	8.07519700
8.82683395	0.00616474	7.60521200
8.83183395	0.00106815	6.67745000
8.83683395	0.00106815	6.23187900
8.84183395	0.00616474	6.32343500
8.84683395	0.00863674	6.34785000
8.85183395	0.00863674	6.34785000
8.85683395	0.00616474	6.34785000
8.86183395	0.00106815	6.34785000
8.86683395	0.00119022	6.37226500
8.87183395	0.00674459	6.46382000
8.87683395	0.00674459	6.01825000
8.88183395	0.00119022	5.09048700
8.88683395	0.00106815	4.64491700
8.89183395	0.00616474	4.73647300
8.89683395	0.00863674	4.76088700
8.90183395	0.00863674	4.76088700
8.90683395	0.00628681	4.78530200
8.91183395	0.00164800	4.87685800
8.91683395	-0.00057985	4.40687300
8.92183395	-0.00012207	3.38755500
8.92683395	0.00000000	3.38755500
8.93183395	0.00000000	4.40687300
8.93683395	-0.00012207	4.85244300
8.94183395	-0.00057985	4.66933200
8.94683395	0.00177007	5.11490200
8.95183395	0.00686667	6.13422100
8.95683395	0.00686667	6.15863500
8.96183395	0.00177007	5.23087300
8.96683395	-0.00070193	4.29090200
8.97183395	-0.00070193	3.36314000
8.97683395	0.00164800	3.36314000
8.98183395	0.00628681	4.29090200
8.98683395	0.00851466	5.23087300
8.99183395	0.00805689	6.15863500
8.99683395	0.00793481	6.10980600
9.00183395	0.00793481	4.99893200
9.00683395	0.00793481	4.99893200
9.01183395	0.00793481	6.10980600
9.01683395	0.00793481	6.13422100
9.02183395	0.00793481	5.11490200
9.02683395	0.00805689	4.64491700
9.03183395	0.00851466	4.73647300
