Time	Channel A	Channel B
(us)	(V)	(mV)

-1.01084406	-0.00805689	-4.90127200
-1.00584406	-0.00851466	-4.90127200
-1.00084406	-0.00616474	-4.43128700
-0.99584406	-0.00106815	-3.50352500
-0.99084406	-0.00106815	-3.05795500
-0.98584406	-0.00616474	-3.14951000
-0.98084406	-0.00851466	-3.17392500
-0.97584406	-0.00805689	-3.17392500
-0.97084406	-0.00793481	-3.17392500
-0.96584406	-0.00793481	-3.17392500
-0.96084406	-0.00793481	-3.14951000
-0.95584406	-0.00793481	-3.05795500
-0.95084406	-0.00793481	-3.50352500
-0.94584406	-0.00793481	-4.43128700
-0.94084406	-0.00805689	-4.87685800
-0.93584406	-0.00851466	-4.78530200
-0.93084406	-0.00616474	-4.78530200
-0.92584406	-0.00106815	-4.87685800
-0.92084406	-0.00106815	-4.40687300
-0.91584406	-0.00616474	-3.38755500
-0.91084406	-0.00851466	-3.38755500
-0.90584406	-0.00805689	-4.40687300
-0.90084406	-0.00793481	-4.90127200
-0.89584406	-0.00793481	-4.90127200
-0.89084406	-0.00793481	-4.40687300
-0.88584406	-0.00793481	-3.38755500
-0.88084406	-0.00793481	-3.43638400
-0.87584406	-0.00793481	-4.63881300
-0.87084406	-0.00805689	-4.19324400
-0.86584406	-0.00851466	-2.15460700
-0.86084406	-0.00616474	-1.70903700
-0.85584406	-0.00106815	-2.91146600
-0.85084406	-0.00106815	-2.96029500
-0.84584406	-0.00616474	-1.94097700
-0.84084406	-0.00851466	-1.44657700
-0.83584406	-0.00805689	-1.44657700
-0.83084406	-0.00793481	-1.91656200
-0.82584406	-0.00793481	-2.84432500
-0.82084406	-0.00793481	-3.31431000
-0.81584406	-0.00793481	-3.31431000
-0.81084406	-0.00793481	-2.84432500
-0.80584406	-0.00793481	-1.91656200
-0.80084406	-0.00793481	-1.44657700
-0.79584406	-0.00793481	-1.44657700
-0.79084406	-0.00793481	-1.91656200
-0.78584406	-0.00793481	-2.84432500
-0.78084406	-0.00793481	-3.28989500
-0.77584406	-0.00793481	-3.19834000
-0.77084406	-0.00793481	-3.14951000
-0.76584406	-0.00793481	-3.05795500
-0.76084406	-0.00793481	-3.52794000
-0.75584406	-0.00793481	-4.54725700
-0.75084406	-0.00793481	-4.54725700
-0.74584406	-0.00793481	-3.52794000
-0.74084406	-0.00793481	-3.03354000
-0.73584406	-0.00793481	-3.03354000
-0.73084406	-0.00793481	-3.50352500
-0.72584406	-0.00793481	-4.43128700
-0.72084406	-0.00793481	-4.87685800
-0.71584406	-0.00793481	-4.78530200
-0.71084406	-0.00793481	-4.73647300
-0.70584406	-0.00793481	-4.64491700
-0.70084406	-0.00793481	-5.11490200
-0.69584406	-0.00793481	-6.13422100
-0.69084406	-0.00793481	-6.13422100
-0.68584406	-0.00793481	-5.11490200
-0.68084406	-0.00793481	-4.64491700
-0.67584406	-0.00793481	-4.73647300
-0.67084406	-0.00793481	-4.76088700
-0.66584406	-0.00793481	-4.76088700
-0.66084406	-0.00805689	-4.76088700
-0.65584406	-0.00851466	-4.76088700
-0.65084406	-0.00616474	-4.76088700
-0.64584406	-0.00106815	-4.76088700
-0.64084406	-0.00106815	-4.76088700
-0.63584406	-0.00616474	-4.76088700
-0.63084406	-0.00851466	-4.76088700
-0.62584406	-0.00805689	-4.76088700
-0.62084406	-0.00793481	-4.76088700
-0.61584406	-0.00793481	-4.76088700
-0.61084406	-0.00793481	-4.78530200
-0.60584406	-0.00793481	-4.87685800
-0.60084406	-0.00793481	-4.43128700
-0.59584406	-0.00793481	-3.50352500
-0.59084406	-0.00793481	-3.05795500
-0.58584406	-0.00793481	-3.14951000
-0.58084406	-0.00793481	-3.17392500
-0.57584406	-0.00793481	-3.17392500
-0.57084406	-0.00793481	-3.17392500
-0.56584406	-0.00793481	-3.17392500
-0.56084406	-0.00793481	-3.19834000
-0.55584406	-0.00793481	-3.28989500
-0.55084406	-0.00793481	-2.81991000
-0.54584406	-0.00793481	-1.80059200
-0.54084406	-0.00793481	-1.82500700
-0.53584406	-0.00793481	-2.93588100
-0.53084406	-0.00793481	-2.93588100
-0.52584406	-0.00793481	-1.82500700
-0.52084406	-0.00793481	-1.80059200
-0.51584406	-0.00793481	-2.81991000
-0.51084406	-0.00793481	-3.28989500
-0.50584406	-0.00793481	-3.19834000
-0.50084406	-0.00793481	-3.17392500
-0.49584406	-0.00793481	-3.17392500
-0.49084406	-0.00793481	-3.17392500
-0.48584406	-0.00793481	-3.17392500
-0.48084406	-0.00793481	-3.12509500
-0.47584406	-0.00793481	-2.94198400
-0.47084406	-0.00793481	-3.83312500
-0.46584406	-0.00793481	-5.68865000
-0.46084406	-0.00793481	-6.60420600
-0.45584406	-0.00793481	-6.51265000
-0.45084406	-0.00793481	-6.01825000
-0.44584406	-0.00793481	-5.09048700
-0.44084406	-0.00793481	-4.64491700
-0.43584406	-0.00793481	-4.73647300
-0.43084406	-0.00793481	-4.76088700
-0.42584406	-0.00793481	-4.76088700
-0.42084406	-0.00793481	-4.76088700
-0.41584406	-0.00793481	-4.76088700
-0.41084406	-0.00793481	-4.76088700
-0.40584406	-0.00793481	-4.76088700
-0.40084406	-0.00793481	-4.78530200
-0.39584406	-0.00793481	-4.87685800
-0.39084406	-0.00793481	-4.40687300
-0.38584406	-0.00793481	-3.38755500
-0.38084406	-0.00793481	-3.38755500
-0.37584406	-0.00793481	-4.40687300
-0.37084406	-0.00793481	-4.90127200
-0.36584406	-0.00793481	-4.90127200
-0.36084406	-0.00793481	-4.43128700
-0.35584406	-0.00793481	-3.50352500
-0.35084406	-0.00805689	-3.05795500
-0.34584406	-0.00851466	-3.14951000
-0.34084406	-0.00616474	-3.17392500
-0.33584406	-0.00106815	-3.17392500
-0.33084406	-0.00106815	-3.17392500
-0.32584406	-0.00616474	-3.17392500
-0.32084406	-0.00851466	-3.14951000
-0.31584406	-0.00805689	-3.05795500
-0.31084406	-0.00793481	-3.52794000
-0.30584406	-0.00793481	-4.54725700
-0.30084406	-0.00793481	-4.52284300
-0.29584406	-0.00793481	-3.41196900
-0.29084406	-0.00793481	-3.41196900
-0.28584406	-0.00793481	-4.52284300
-0.28084406	-0.00793481	-4.54725700
-0.27584406	-0.00793481	-3.52794000
-0.27084406	-0.00793481	-3.05795500
-0.26584406	-0.00793481	-3.14951000
-0.26084406	-0.00793481	-3.17392500
-0.25584406	-0.00793481	-3.17392500
-0.25084406	-0.00793481	-3.14951000
-0.24584406	-0.00793481	-3.05795500
-0.24084406	-0.00793481	-3.52794000
-0.23584406	-0.00793481	-4.54725700
-0.23084406	-0.00793481	-4.54725700
-0.22584406	-0.00793481	-3.52794000
-0.22084406	-0.00793481	-3.03354000
-0.21584406	-0.00793481	-3.03354000
-0.21084406	-0.00805689	-3.50352500
-0.20584406	-0.00851466	-4.43128700
-0.20084406	-0.00616474	-4.90127200
-0.19584406	-0.00106815	-4.90127200
-0.19084406	-0.00106815	-4.43128700
-0.18584406	-0.00616474	-3.50352500
-0.18084406	-0.00851466	-3.05795500
-0.17584406	-0.00805689	-3.14951000
-0.17084406	-0.00793481	-3.17392500
-0.16584406	-0.00793481	-3.17392500
-0.16084406	-0.00793481	-3.14951000
-0.15584406	-0.00793481	-3.05795500
-0.15084406	-0.00793481	-3.50352500
-0.14584406	-0.00793481	-4.43128700
-0.14084406	-0.00793481	-4.87685800
-0.13584406	-0.00793481	-4.78530200
-0.13084406	-0.00805689	-4.73647300
-0.12584406	-0.00851466	-4.64491700
-0.12084406	-0.00628681	-5.09048700
-0.11584406	-0.00164800	-6.01825000
-0.11084406	0.00045778	-6.41499000
-0.10584406	-0.00045778	-6.14032400
-0.10084406	0.00152593	-6.98263500
-0.09584406	0.00570696	-8.74660500
-0.09084406	0.01004059	-10.06500000
-0.08584406	0.01376385	-10.70589000
-0.08084406	0.01788385	-11.52989000
-0.07584406	0.02108829	-12.27454000
-0.07084406	0.02758873	-13.14127000
-0.06584406	0.03588977	-13.97748000
-0.06084406	0.04239021	-14.39863000
-0.05584406	0.04559465	-14.30708000
-0.05084406	0.04962309	-14.25825000
-0.04584406	0.05282754	-14.16669000
-0.04084406	0.05932798	-14.63668000
-0.03584406	0.06762902	-15.65600000
-0.03084406	0.07412946	-15.63158000
-0.02584406	0.07733390	-14.52071000
-0.02084406	0.08145390	-14.49629000
-0.01584406	0.08517716	-15.51561000
-0.01084406	0.08938871	-15.98559000
-0.00584406	0.09311197	-15.89404000
-0.00084406	0.09723197	-15.86962000
0.00415594	0.10043640	-15.86962000
0.00915594	0.10693690	-15.89404000
0.01415594	0.11523790	-15.98559000
0.01915594	0.12173830	-15.54002000
0.02415594	0.12494280	-14.61226000
0.02915594	0.12906280	-14.16669000
0.03415594	0.13275550	-14.25825000
0.03915594	0.13702810	-14.28266000
0.04415594	0.14072080	-14.28266000
0.04915594	0.14499340	-14.28266000
0.05415594	0.14868620	-14.28266000
0.05915594	0.15289770	-14.28266000
0.06415594	0.15662100	-14.28266000
0.06915594	0.16083250	-14.30708000
0.07415594	0.16455580	-14.39863000
0.07915594	0.16876740	-13.92865000
0.08415594	0.17249060	-12.90933000
0.08915594	0.17670220	-12.88491000
0.09415594	0.18042540	-13.81268000
0.09915594	0.18463700	-14.72823000
0.10415594	0.18836020	-15.56444000
0.10915594	0.19269390	-15.96118000
0.11415594	0.19687490	-15.77807000
0.11915594	0.19885860	-16.19922000
0.12415594	0.19794300	-17.12699000
0.12915594	0.19992670	-17.57256000
0.13415594	0.20410780	-17.48100000
0.13915594	0.20856350	-17.43217000
0.14415594	0.21274450	-17.34062000
0.14915594	0.21472820	-17.78619000
0.15415594	0.21381270	-18.71395000
0.15915594	0.21591850	-19.18394000
0.16415594	0.22055730	-19.18394000
0.16915594	0.22266300	-18.71395000
0.17415594	0.22174750	-17.78619000
0.17915594	0.22385330	-17.34062000
0.18415594	0.22849210	-17.43217000
0.18915594	0.23059790	-17.48100000
0.19415594	0.22968230	-17.57256000
0.19915594	0.23178810	-17.12699000
0.20415594	0.23642690	-16.19922000
0.20915594	0.23865470	-15.75365000
0.21415594	0.23819700	-15.84521000
0.21915594	0.23795280	-15.89404000
0.22415594	0.23749500	-15.98559000
0.22915594	0.23972290	-15.51561000
0.23415594	0.24436170	-14.49629000
0.23915594	0.24646750	-14.49629000
0.24415594	0.24555190	-15.51561000
0.24915594	0.24765770	-16.01001000
0.25415594	0.25229650	-16.01001000
0.25915594	0.25452440	-15.51561000
0.26415594	0.25406660	-14.49629000
0.26915594	0.25394450	-14.49629000
0.27415594	0.25394450	-15.51561000
0.27915594	0.25394450	-15.98559000
0.28415594	0.25394450	-15.89404000
0.28915594	0.25382240	-15.84521000
0.29415594	0.25336470	-15.75365000
0.29915594	0.25559250	-16.19922000
0.30415594	0.26023130	-17.12699000
0.30915594	0.26245920	-17.57256000
0.31415594	0.26200140	-17.48100000
0.31915594	0.26187930	-17.45659000
0.32415594	0.26187930	-17.45659000
0.32915594	0.26187930	-17.45659000
0.33415594	0.26187930	-17.45659000
0.33915594	0.26187930	-17.43217000
0.34415594	0.26187930	-17.34062000
0.34915594	0.26187930	-17.81060000
0.35415594	0.26187930	-18.82992000
0.35915594	0.26187930	-18.82992000
0.36415594	0.26187930	-17.81060000
0.36915594	0.26200140	-17.36503000
0.37415594	0.26245920	-17.54814000
0.37915594	0.26023130	-17.15140000
0.38415594	0.25559250	-16.31520000
0.38915594	0.25336470	-15.39964000
0.39415594	0.25382240	-14.47188000
0.39915593	0.25406660	-14.52071000
0.40415593	0.25452440	-15.63158000
0.40915593	0.25229650	-15.68041000
0.41415593	0.24765770	-14.75265000
0.41915593	0.24542990	-13.83709000
0.42415593	0.24588760	-13.00089000
0.42915593	0.24613180	-12.57973000
0.43415593	0.24658960	-12.67128000
0.43915593	0.24436170	-12.72011000
0.44415593	0.23972290	-12.81167000
0.44915593	0.23761710	-12.36610000
0.45415593	0.23853270	-11.43834000
0.45915593	0.23642690	-10.99277000
0.46415593	0.23178810	-11.08432000
0.46915593	0.22956020	-11.10874000
0.47415593	0.23001800	-11.10874000
0.47915593	0.23026220	-11.10874000
0.48415593	0.23071990	-11.10874000
0.48915593	0.22849210	-11.10874000
0.49415593	0.22385330	-11.10874000
0.49915593	0.22174750	-11.10874000
0.50415593	0.22266300	-11.10874000
0.50915593	0.22055730	-11.10874000
0.51415593	0.21591850	-11.10874000
0.51915593	0.21369060	-11.10874000
0.52415593	0.21414840	-11.10874000
0.52915593	0.21427050	-11.10874000
0.53415593	0.21427050	-11.10874000
0.53915593	0.21439250	-11.10874000
0.54415593	0.21485030	-11.10874000
0.54915593	0.21262240	-11.10874000
0.55415593	0.20798360	-11.10874000
0.55915593	0.20575580	-11.08432000
0.56415593	0.20621360	-10.99277000
0.56915593	0.20633560	-11.46275000
0.57415593	0.20633560	-12.48207000
0.57915593	0.20633560	-12.50648000
0.58415593	0.20633560	-11.57872000
0.58915593	0.20645770	-10.63875000
0.59415593	0.20691550	-9.71098900
0.59915593	0.20468760	-9.73540400
0.60415593	0.20004880	-10.75472000
0.60915593	0.19782100	-11.24912000
0.61415593	0.19827880	-11.24912000
0.61915593	0.19840080	-10.77914000
0.62415593	0.19840080	-9.85137500
0.62915593	0.19840080	-9.43021900
0.63415593	0.19840080	-9.61333000
0.63915593	0.19840080	-9.16776000
0.64415593	0.19840080	-8.14844100
0.64915593	0.19852290	-8.17285700
0.65415593	0.19898070	-9.28373100
0.65915593	0.19675280	-9.28373100
0.66415593	0.19211400	-8.17285700
0.66915593	0.18988620	-8.14844100
0.67415593	0.19034390	-9.16776000
0.67915593	0.19046600	-9.63774600
0.68415593	0.19046600	-9.54619000
0.68915593	0.19046600	-9.52177400
0.69415593	0.19046600	-9.52177400
0.69915593	0.19046600	-9.52177400
0.70415593	0.19046600	-9.52177400
0.70915593	0.19046600	-9.49735900
0.71415593	0.19046600	-9.40580500
0.71915593	0.19046600	-9.87579000
0.72415593	0.19046600	-10.89511000
0.72915593	0.19058810	-10.89511000
0.73415593	0.19104590	-9.87579000
0.73915593	0.18881800	-9.43021900
0.74415593	0.18417920	-9.61333000
0.74915593	0.18195140	-9.19217500
0.75415593	0.18240910	-8.26441300
0.75915593	0.18253120	-7.81884200
0.76415593	0.18253120	-7.91039800
0.76915593	0.18253120	-7.93481200
0.77415593	0.18253120	-7.93481200
0.77915593	0.18253120	-7.95922800
0.78415593	0.18253120	-8.05078300
0.78915593	0.18253120	-7.60521200
0.79415593	0.18253120	-6.67745000
0.79915593	0.18265330	-6.23187900
0.80415593	0.18311110	-6.32343500
0.80915593	0.18088320	-6.34785000
0.81415593	0.17624440	-6.34785000
0.81915593	0.17401650	-6.37226500
0.82415593	0.17447430	-6.46382000
0.82915593	0.17459640	-6.01825000
0.83415593	0.17459640	-5.09048700
0.83915593	0.17459640	-4.64491700
0.84415593	0.17459640	-4.73647300
0.84915593	0.17459640	-4.73647300
0.85415593	0.17459640	-4.64491700
0.85915593	0.17459640	-5.11490200
0.86415593	0.17459640	-6.13422100
0.86915593	0.17459640	-6.13422100
0.87415593	0.17459640	-5.11490200
0.87915593	0.17459640	-4.64491700
0.88415593	0.17459640	-4.73647300
0.88915593	0.17471850	-4.76088700
0.89415593	0.17517620	-4.76088700
0.89915593	0.17294840	-4.76088700
0.90415593	0.16830960	-4.76088700
0.90915593	0.16608170	-4.76088700
0.91415593	0.16653950	-4.76088700
0.91915593	0.16666160	-4.73647300
0.92415593	0.16666160	-4.64491700
0.92915593	0.16666160	-5.11490200
0.93415593	0.16666160	-6.13422100
0.93915593	0.16666160	-6.10980600
0.94415593	0.16666160	-4.99893200
0.94915593	0.16666160	-4.97451700
0.95415593	0.16666160	-5.99383500
0.95915593	0.16666160	-6.46382000
0.96415593	0.16666160	-6.37226500
0.96915593	0.16666160	-6.34785000
0.97415593	0.16666160	-6.34785000
0.97915593	0.16678370	-6.34785000
0.98415593	0.16724140	-6.34785000
0.98915593	0.16501360	-6.34785000
0.99415593	0.16037480	-6.34785000
0.99915593	0.15814690	-6.34785000
1.00415593	0.15860470	-6.34785000
1.00915593	0.15872680	-6.32343500
1.01415593	0.15872680	-6.23187900
1.01915593	0.15872680	-6.70186400
1.02415593	0.15872680	-7.72118300
1.02915593	0.15872680	-7.72118300
1.03415593	0.15872680	-6.70186400
1.03915593	0.15872680	-6.23187900
1.04415593	0.15872680	-6.32343500
1.04915593	0.15872680	-6.34785000
1.05415593	0.15872680	-6.34785000
1.05915593	0.15872680	-6.34785000
1.06415593	0.15872680	-6.34785000
1.06915593	0.15884880	-6.34785000
1.07415593	0.15930660	-6.34785000
1.07915593	0.15707880	-6.37226500
1.08415593	0.15244000	-6.46382000
1.08915593	0.15021210	-6.01825000
1.09415593	0.15066990	-5.09048700
1.09915593	0.15079200	-4.62050200
1.10415593	0.15079200	-4.62050200
1.10915593	0.15079200	-5.11490200
1.11415593	0.15079200	-6.13422100
1.11915593	0.15079200	-6.13422100
1.12415593	0.15079200	-5.11490200
1.12915593	0.15079200	-4.64491700
1.13415593	0.15079200	-4.73647300
1.13915593	0.15079200	-4.76088700
1.14415593	0.15079200	-4.76088700
1.14915593	0.15079200	-4.76088700
1.15415593	0.15079200	-4.76088700
1.15915593	0.15091400	-4.76088700
1.16415593	0.15137180	-4.76088700
1.16915593	0.14914390	-4.73647300
1.17415593	0.14450510	-4.64491700
1.17915593	0.14227730	-5.09048700
1.18415593	0.14273510	-6.01825000
1.18915593	0.14285710	-6.46382000
1.19415593	0.14285710	-6.37226500
1.19915593	0.14285710	-6.34785000
1.20415593	0.14285710	-6.34785000
1.20915593	0.14285710	-6.34785000
1.21415593	0.14285710	-6.34785000
1.21915593	0.14285710	-6.34785000
1.22415593	0.14285710	-6.34785000
1.22915593	0.14285710	-6.34785000
1.23415593	0.14285710	-6.34785000
1.23915593	0.14285710	-6.37226500
1.24415593	0.14285710	-6.46382000
1.24915593	0.14285710	-6.01825000
1.25415593	0.14285710	-5.09048700
1.25915593	0.14297920	-4.64491700
1.26415593	0.14343700	-4.73647300
1.26915593	0.14108710	-4.76088700
1.27415593	0.13596000	-4.76088700
1.27915593	0.13608200	-4.78530200
1.28415593	0.14166690	-4.87685800
1.28915593	0.14178900	-4.40687300
1.29415593	0.13666190	-3.38755500
1.29915593	0.13431200	-3.38755500
1.30415593	0.13476970	-4.40687300
1.30915593	0.13489180	-4.87685800
1.31415593	0.13489180	-4.78530200
1.31915593	0.13489180	-4.76088700
1.32415593	0.13489180	-4.76088700
1.32915593	0.13489180	-4.76088700
1.33415593	0.13489180	-4.76088700
1.33915593	0.13489180	-4.76088700
1.34415593	0.13489180	-4.76088700
1.34915593	0.13489180	-4.76088700
1.35415593	0.13489180	-4.76088700
1.35915593	0.13489180	-4.73647300
1.36415593	0.13489180	-4.64491700
1.36915593	0.13489180	-5.11490200
1.37415593	0.13489180	-6.13422100
1.37915593	0.13501390	-6.13422100
1.38415593	0.13547170	-5.11490200
1.38915593	0.13324380	-4.66933200
1.39415593	0.12860500	-4.85244300
1.39915593	0.12637720	-4.40687300
1.40415593	0.12683490	-3.38755500
1.40915593	0.12695700	-3.41196900
1.41415593	0.12695700	-4.52284300
1.41915593	0.12695700	-4.54725700
1.42415593	0.12695700	-3.52794000
1.42915593	0.12695700	-3.03354000
1.43415593	0.12695700	-3.03354000
1.43915593	0.12695700	-3.47911000
1.44415593	0.12695700	-4.31531700
1.44915593	0.12695700	-5.27970200
1.45415593	0.12695700	-6.39057600
1.45915593	0.12695700	-5.45060500
1.46415593	0.12695700	-2.48420700
1.46915593	0.12695700	-1.54423700
1.47415593	0.12695700	-2.65511000
1.47915593	0.12707910	-3.61949500
1.48415593	0.12753680	-4.45570200
1.48915593	0.12530900	-4.90127200
1.49415593	0.12067020	-4.90127200
1.49915593	0.11844230	-4.40687300
1.50415593	0.11890010	-3.38755500
1.50915593	0.11902220	-3.41196900
1.51415593	0.11902220	-4.52284300
1.51915593	0.11902220	-4.52284300
1.52415593	0.11902220	-3.41196900
1.52915593	0.11902220	-3.38755500
1.53415593	0.11902220	-4.40687300
1.53915593	0.11902220	-4.87685800
1.54415593	0.11902220	-4.78530200
1.54915593	0.11902220	-4.73647300
1.55415593	0.11902220	-4.64491700
1.55915593	0.11902220	-5.11490200
1.56415593	0.11902220	-6.13422100
1.56915593	0.11902220	-6.10980600
1.57415593	0.11902220	-4.99893200
1.57915593	0.11902220	-4.99893200
1.58415593	0.11902220	-6.10980600
1.58915593	0.11914430	-6.10980600
1.59415593	0.11960200	-4.99893200
1.59915593	0.11737420	-4.99893200
1.60415593	0.11273540	-6.10980600
1.60915593	0.11050750	-6.10980600
1.61415593	0.11096530	-4.99893200
1.61915593	0.11108740	-4.99893200
1.62415593	0.11108740	-6.10980600
1.62915593	0.11108740	-6.13422100
1.63415593	0.11108740	-5.11490200
1.63915593	0.11108740	-4.64491700
1.64415593	0.11108740	-4.73647300
1.64915593	0.11108740	-4.76088700
1.65415593	0.11108740	-4.76088700
1.65915593	0.11108740	-4.76088700
1.66415593	0.11108740	-4.76088700
1.66915593	0.11108740	-4.76088700
1.67415593	0.11108740	-4.76088700
1.67915593	0.11108740	-4.76088700
1.68415593	0.11108740	-4.76088700
1.68915593	0.11108740	-4.76088700
1.69415593	0.11108740	-4.76088700
1.69915593	0.11108740	-4.76088700
1.70415593	0.11108740	-4.76088700
1.70915593	0.11108740	-4.76088700
1.71415593	0.11108740	-4.76088700
1.71915593	0.11108740	-4.76088700
1.72415593	0.11108740	-4.76088700
1.72915593	0.11120950	-4.73647300
1.73415593	0.11166720	-4.64491700
1.73915593	0.10943940	-5.11490200
1.74415593	0.10480060	-6.13422100
1.74915593	0.10257270	-6.13422100
1.75415593	0.10303050	-5.11490200
1.75915593	0.10315260	-4.62050200
1.76415593	0.10315260	-4.62050200
1.76915593	0.10315260	-5.09048700
1.77415593	0.10315260	-6.01825000
1.77915593	0.10315260	-6.46382000
1.78415593	0.10315260	-6.37226500
1.78915593	0.10315260	-6.34785000
1.79415593	0.10315260	-6.34785000
1.79915593	0.10315260	-6.37226500
1.80415593	0.10315260	-6.46382000
1.80915593	0.10315260	-6.01825000
1.81415593	0.10315260	-5.09048700
1.81915593	0.10315260	-4.64491700
1.82415593	0.10315260	-4.73647300
1.82915593	0.10315260	-4.73647300
1.83415593	0.10315260	-4.64491700
1.83915593	0.10315260	-5.11490200
1.84415593	0.10315260	-6.13422100
1.84915593	0.10315260	-6.13422100
1.85415593	0.10315260	-5.11490200
1.85915593	0.10327460	-4.64491700
1.86415593	0.10373240	-4.73647300
1.86915593	0.10150460	-4.76088700
1.87415593	0.09686575	-4.76088700
1.87915593	0.09463790	-4.76088700
1.88415593	0.09509568	-4.76088700
1.88915593	0.09521775	-4.73647300
1.89415593	0.09521775	-4.64491700
1.89915593	0.09521775	-5.09048700
1.90415593	0.09521775	-6.01825000
1.90915593	0.09521775	-6.48823500
1.91415593	0.09521775	-6.48823500
1.91915593	0.09521775	-6.01825000
1.92415593	0.09521775	-5.09048700
1.92915593	0.09521775	-4.64491700
1.93415593	0.09521775	-4.73647300
1.93915593	0.09521775	-4.73647300
1.94415593	0.09521775	-4.64491700
1.94915593	0.09521775	-5.11490200
1.95415593	0.09521775	-6.13422100
1.95915593	0.09521775	-6.13422100
1.96415593	0.09521775	-5.11490200
1.96915593	0.09521775	-4.64491700
1.97415593	0.09521775	-4.73647300
1.97915593	0.09521775	-4.76088700
1.98415593	0.09521775	-4.76088700
1.98915593	0.09521775	-4.76088700
1.99415593	0.09521775	-4.76088700
1.99915593	0.09521775	-4.76088700
2.00415593	0.09521775	-4.76088700
2.00915593	0.09521775	-4.76088700
2.01415593	0.09521775	-4.76088700
2.01915593	0.09533982	-4.76088700
2.02415593	0.09579760	-4.76088700
2.02915593	0.09356975	-4.73647300
2.03415593	0.08893093	-4.64491700
2.03915593	0.08670308	-5.11490200
2.04415592	0.08716086	-6.13422100
2.04915592	0.08728294	-6.13422100
2.05415592	0.08728294	-5.11490200
2.05915592	0.08728294	-4.64491700
2.06415592	0.08728294	-4.73647300
2.06915592	0.08728294	-4.76088700
2.07415592	0.08728294	-4.76088700
2.07915592	0.08728294	-4.76088700
2.08415592	0.08728294	-4.76088700
2.08915592	0.08728294	-4.78530200
2.09415592	0.08728294	-4.87685800
2.09915592	0.08728294	-4.43128700
2.10415592	0.08728294	-3.50352500
2.10915592	0.08728294	-3.05795500
2.11415592	0.08728294	-3.14951000
2.11915592	0.08728294	-3.17392500
2.12415592	0.08728294	-3.17392500
2.12915592	0.08728294	-3.14951000
2.13415592	0.08728294	-3.05795500
2.13915592	0.08728294	-3.52794000
2.14415592	0.08728294	-4.54725700
2.14915592	0.08728294	-4.52284300
2.15415592	0.08728294	-3.41196900
2.15915592	0.08728294	-3.38755500
2.16415592	0.08728294	-4.40687300
2.16915592	0.08728294	-4.87685800
2.17415592	0.08728294	-4.78530200
2.17915592	0.08740501	-4.76088700
2.18415592	0.08786279	-4.76088700
2.18915592	0.08563494	-4.76088700
2.19415592	0.08099613	-4.76088700
2.19915592	0.07876828	-4.76088700
2.20415592	0.07922605	-4.76088700
2.20915592	0.07934812	-4.76088700
2.21415592	0.07934812	-4.76088700
2.21915592	0.07934812	-4.78530200
2.22415592	0.07934812	-4.87685800
2.22915592	0.07934812	-4.43128700
2.23415592	0.07934812	-3.50352500
2.23915592	0.07934812	-3.03354000
2.24415592	0.07934812	-3.03354000
2.24915592	0.07934812	-3.50352500
2.25415592	0.07934812	-4.43128700
2.25915592	0.07934812	-4.90127200
2.26415592	0.07934812	-4.90127200
2.26915592	0.07934812	-4.43128700
2.27415592	0.07934812	-3.50352500
2.27915592	0.07934812	-3.05795500
2.28415592	0.07934812	-3.14951000
2.28915592	0.07934812	-3.17392500
2.29415592	0.07934812	-3.17392500
2.29915592	0.07934812	-3.17392500
2.30415592	0.07934812	-3.17392500
2.30915592	0.07934812	-3.17392500
2.31415592	0.07934812	-3.17392500
2.31915592	0.07934812	-3.14951000
2.32415592	0.07934812	-3.05795500
2.32915592	0.07934812	-3.52794000
2.33415592	0.07934812	-4.54725700
2.33915592	0.07934812	-4.52284300
2.34415592	0.07934812	-3.41196900
2.34915592	0.07934812	-3.41196900
2.35415592	0.07934812	-4.52284300
2.35915592	0.07947020	-4.52284300
2.36415592	0.07992797	-3.41196900
2.36915592	0.07757805	-3.38755500
2.37415592	0.07248146	-4.40687300
2.37915592	0.07260353	-4.87685800
2.38415592	0.07815790	-4.78530200
2.38915592	0.07827998	-4.73647300
2.39415592	0.07318339	-4.64491700
2.39915592	0.07083346	-5.11490200
2.40415592	0.07129124	-6.13422100
2.40915592	0.07141331	-6.10980600
2.41415592	0.07141331	-4.99893200
2.41915592	0.07141331	-4.97451700
2.42415592	0.07141331	-5.99383500
2.42915592	0.07141331	-6.46382000
2.43415592	0.07141331	-6.37226500
2.43915592	0.07141331	-6.34785000
2.44415592	0.07141331	-6.34785000
2.44915592	0.07141331	-6.37226500
2.45415592	0.07141331	-6.46382000
2.45915592	0.07141331	-6.01825000
2.46415592	0.07141331	-5.09048700
2.46915592	0.07141331	-4.64491700
2.47415592	0.07141331	-4.73647300
2.47915592	0.07141331	-4.76088700
2.48415592	0.07141331	-4.76088700
2.48915592	0.07141331	-4.78530200
2.49415592	0.07141331	-4.87685800
2.49915592	0.07141331	-4.43128700
2.50415592	0.07141331	-3.50352500
2.50915592	0.07141331	-3.05795500
2.51415592	0.07141331	-3.14951000
2.51915592	0.07141331	-3.14951000
2.52415592	0.07141331	-3.05795500
2.52915592	0.07141331	-3.50352500
2.53415592	0.07141331	-4.43128700
2.53915592	0.07141331	-4.90127200
2.54415592	0.07141331	-4.90127200
2.54915592	0.07153539	-4.43128700
2.55415592	0.07199316	-3.50352500
2.55915592	0.06976531	-3.03354000
2.56415592	0.06512650	-3.03354000
2.56915592	0.06289865	-3.52794000
2.57415592	0.06335643	-4.54725700
2.57915592	0.06347850	-4.52284300
2.58415592	0.06347850	-3.41196900
2.58915592	0.06347850	-3.41196900
2.59415592	0.06347850	-4.52284300
2.59915592	0.06347850	-4.54725700
2.60415592	0.06347850	-3.52794000
2.60915592	0.06347850	-3.05795500
2.61415592	0.06347850	-3.14951000
2.61915592	0.06347850	-3.17392500
2.62415592	0.06347850	-3.17392500
2.62915592	0.06347850	-3.19834000
2.63415592	0.06347850	-3.28989500
2.63915592	0.06347850	-2.84432500
2.64415592	0.06347850	-1.91656200
2.64915592	0.06347850	-1.44657700
2.65415592	0.06347850	-1.44657700
2.65915592	0.06347850	-1.91656200
2.66415592	0.06347850	-2.84432500
2.66915592	0.06347850	-3.26548100
2.67415592	0.06347850	-3.08237000
2.67915592	0.06347850	-3.50352500
2.68415592	0.06347850	-4.43128700
2.68915592	0.06347850	-4.87685800
2.69415592	0.06347850	-4.78530200
2.69915592	0.06347850	-4.76088700
2.70415592	0.06347850	-4.76088700
2.70915592	0.06347850	-4.73647300
2.71415592	0.06347850	-4.64491700
2.71915592	0.06347850	-5.11490200
2.72415592	0.06347850	-6.13422100
2.72915592	0.06347850	-6.10980600
2.73415592	0.06347850	-4.99893200
2.73915592	0.06347850	-4.97451700
2.74415592	0.06347850	-5.99383500
2.74915592	0.06347850	-6.46382000
2.75415592	0.06347850	-6.37226500
2.75915592	0.06360057	-6.34785000
2.76415592	0.06405835	-6.34785000
2.76915592	0.06183050	-6.34785000
2.77415592	0.05719168	-6.34785000
2.77915592	0.05496383	-6.37226500
2.78415592	0.05542161	-6.46382000
2.78915592	0.05554369	-6.01825000
2.79415592	0.05554369	-5.09048700
2.79915592	0.05554369	-4.62050200
2.80415592	0.05554369	-4.62050200
2.80915592	0.05554369	-5.11490200
2.81415592	0.05554369	-6.13422100
2.81915592	0.05554369	-6.13422100
2.82415592	0.05554369	-5.11490200
2.82915592	0.05554369	-4.62050200
2.83415592	0.05554369	-4.62050200
2.83915592	0.05554369	-5.11490200
2.84415592	0.05554369	-6.13422100
2.84915592	0.05554369	-6.13422100
2.85415592	0.05554369	-5.11490200
2.85915592	0.05554369	-4.64491700
2.86415592	0.05554369	-4.73647300
2.86915592	0.05554369	-4.78530200
2.87415592	0.05554369	-4.87685800
2.87915592	0.05554369	-4.43128700
2.88415592	0.05554369	-3.50352500
2.88915592	0.05554369	-3.03354000
2.89415592	0.05554369	-3.03354000
2.89915592	0.05554369	-3.47911000
2.90415592	0.05554369	-4.31531700
2.90915592	0.05554369	-5.23087300
2.91415592	0.05554369	-6.15863500
2.91915592	0.05554369	-6.13422100
2.92415592	0.05554369	-5.11490200
2.92915592	0.05554369	-4.66933200
2.93415592	0.05554369	-4.85244300
2.93915592	0.05554369	-4.40687300
2.94415592	0.05554369	-3.38755500
2.94915592	0.05554369	-3.38755500
2.95415592	0.05554369	-4.40687300
2.95915592	0.05554369	-4.87685800
2.96415592	0.05554369	-4.78530200
2.96915592	0.05554369	-4.76088700
2.97415592	0.05554369	-4.76088700
2.97915592	0.05554369	-4.76088700
2.98415592	0.05554369	-4.76088700
2.98915592	0.05554369	-4.76088700
2.99415592	0.05554369	-4.76088700
2.99915592	0.05566576	-4.73647300
3.00415592	0.05612354	-4.64491700
3.00915592	0.05389569	-5.11490200
3.01415592	0.04925688	-6.13422100
3.01915592	0.04702902	-6.10980600
3.02415592	0.04748680	-4.99893200
3.02915592	0.04760887	-4.99893200
3.03415592	0.04760887	-6.10980600
3.03915592	0.04760887	-6.13422100
3.04415592	0.04760887	-5.11490200
3.04915592	0.04760887	-4.64491700
3.05415592	0.04760887	-4.73647300
3.05915592	0.04760887	-4.76088700
3.06415592	0.04760887	-4.76088700
3.06915592	0.04760887	-4.76088700
3.07415592	0.04760887	-4.76088700
3.07915592	0.04760887	-4.80971700
3.08415592	0.04760887	-4.99282800
3.08915592	0.04760887	-4.14441300
3.09415592	0.04760887	-2.48420700
3.09915592	0.04760887	-0.81179230
3.10415592	0.04760887	0.39063690
3.10915592	0.04760887	3.28379200
3.11415592	0.04760887	6.98263500
3.11915592	0.04760887	12.46376000
3.12415592	0.04760887	18.28669000
3.12915592	0.04760887	26.81356000
3.13415592	0.04760887	35.96911000
3.13915592	0.04760887	46.63839000
3.14415592	0.04760887	56.25172000
3.14915592	0.04760887	67.69616000
3.15415592	0.04760887	78.04803000
3.15915592	0.04760887	90.38361000
3.16415592	0.04760887	101.66940000
3.16915592	0.04760887	114.02940000
3.17415592	0.04760887	124.47890000
3.17915592	0.04760887	135.56930000
3.18415592	0.04760887	144.63330000
3.18915592	0.04760887	153.08690000
3.19415592	0.04760887	158.72070000
3.19915592	0.04760887	165.03190000
3.20415592	0.04760887	170.30550000
3.20915592	0.04760887	175.43870000
3.21415592	0.04760887	179.22910000
3.21915592	0.04760887	182.19550000
3.22415592	0.04760887	183.58100000
3.22915592	0.04773095	184.38060000
3.23415592	0.04818873	184.28910000
3.23915592	0.04583880	183.86790000
3.24415592	0.04074221	183.22090000
3.24915592	0.04074221	181.47530000
3.25415592	0.04583880	178.97890000
3.25915592	0.04831080	176.86090000
3.26415592	0.04831080	175.65840000
3.26915592	0.04596087	173.16200000
3.27415592	0.04132206	170.11020000
3.27915592	0.03909421	166.24650000
3.28415592	0.03955199	162.45610000
3.28915592	0.03955199	158.19570000
3.29415592	0.03909421	154.49690000
3.29915592	0.04144414	150.28530000
3.30415592	0.04654073	146.67810000
3.30915592	0.04654073	141.99650000
3.31415592	0.04144414	137.36380000
3.31915592	0.03909421	132.68230000
3.32415592	0.03955199	129.07500000
3.32915592	0.03967406	124.83900000
3.33415592	0.03967406	121.04860000
3.33915592	0.03967406	117.25820000
3.34415592	0.03967406	114.48100000
3.34915592	0.03967406	110.66620000
3.35415592	0.03967406	106.78430000
3.35915592	0.03967406	102.94500000
3.36415592	0.03967406	100.08240000
3.36915592	0.03967406	96.71316000
3.37415592	0.03967406	93.75896000
3.37915592	0.03967406	90.32258000
3.38415592	0.03967406	87.17307000
3.38915592	0.03967406	84.65224000
3.39415592	0.03967406	83.44981000
3.39915592	0.03967406	81.38065000
3.40415592	0.03967406	79.06735000
3.40915592	0.03967406	76.45497000
3.41415592	0.03967406	74.05011000
3.41915592	0.03967406	72.40211000
3.42415592	0.03967406	72.03589000
3.42915592	0.03967406	70.36347000
3.43415592	0.03967406	67.86706000
3.43915592	0.03967406	65.67583000
3.44415592	0.03967406	64.19874000
3.44915592	0.03967406	62.97189000
3.45415592	0.03967406	62.42256000
3.45915592	0.03967406	61.17130000
3.46415592	0.03967406	59.60265000
3.46915592	0.03967406	57.85699000
3.47415592	0.03967406	56.28223000
3.47915592	0.03967406	55.00656000
3.48415592	0.03967406	54.36567000
3.48915592	0.03967406	53.58440000
3.49415592	0.03967406	53.03506000
3.49915592	0.03967406	51.28941000
3.50415592	0.03967406	48.70144000
3.50915592	0.03967406	46.95578000
3.51415592	0.03967406	46.40644000
3.51915592	0.03967406	45.62517000
3.52415592	0.03967406	44.98428000
3.52915592	0.03967406	43.68419000
3.53415592	0.03967406	42.02399000
3.53915592	0.03967406	40.74831000
3.54415592	0.03967406	40.19898000
3.54915592	0.03967406	38.90499000
3.55415592	0.03967406	37.14103000
3.55915592	0.03967406	36.31702000
3.56415592	0.03967406	36.69546000
3.56915592	0.03967406	35.87146000
3.57415592	0.03967406	34.10749000
3.57915592	0.03979614	32.81350000
3.58415592	0.04025391	32.26417000
3.58915592	0.03790399	30.98849000
3.59415592	0.03280740	29.32829000
3.59915592	0.03280740	28.00378000
3.60415592	0.03790399	27.26524000
3.60915592	0.04037599	26.88681000
3.61415592	0.04037599	27.06992000
3.61915592	0.03802606	26.64876000
3.62415592	0.03338725	25.72100000
3.62915592	0.03115940	25.29984000
3.63415592	0.03161718	25.48295000
3.63915592	0.03173925	25.06180000
3.64415592	0.03173925	24.13404000
3.64915592	0.03173925	23.68847000
3.65415592	0.03173925	23.78002000
3.65915592	0.03173925	23.80444000
3.66415592	0.03173925	23.80444000
3.66915592	0.03173925	23.82885000
3.67415592	0.03173925	23.92041000
3.67915592	0.03173925	23.49925000
3.68415592	0.03173925	22.66304000
3.68915591	0.03173925	21.74749000
3.69415591	0.03173925	20.81973000
3.69915591	0.03173925	20.86856000
3.70415591	0.03173925	21.97943000
3.70915591	0.03173925	22.00385000
3.71415591	0.03173925	20.98453000
3.71915591	0.03173925	20.51454000
3.72415591	0.03173925	20.60610000
3.72915591	0.03173925	20.65493000
3.73415591	0.03173925	20.74648000
3.73915591	0.03173925	20.30091000
3.74415591	0.03173925	19.37315000
3.74915591	0.03173925	18.95199000
3.75415591	0.03173925	19.13511000
3.75915591	0.03173925	18.71395000
3.76415591	0.03173925	17.78619000
3.76915591	0.03173925	17.34062000
3.77415591	0.03173925	17.43217000
3.77915591	0.03173925	17.48100000
3.78415591	0.03173925	17.57256000
3.78915591	0.03173925	17.10257000
3.79415591	0.03173925	16.08325000
3.79915591	0.03173925	16.10767000
3.80415591	0.03173925	17.21854000
3.80915591	0.03173925	17.24296000
3.81415591	0.03173925	16.22364000
3.81915591	0.03173925	15.75365000
3.82415591	0.03173925	15.84521000
3.82915591	0.03173925	15.86962000
3.83415591	0.03173925	15.86962000
3.83915591	0.03173925	15.86962000
3.84415591	0.03173925	15.86962000
3.84915591	0.03173925	15.91846000
3.85415591	0.03173925	16.10157000
3.85915591	0.03173925	15.21042000
3.86415591	0.03173925	13.35490000
3.86915591	0.03173925	12.46376000
3.87415591	0.03173925	12.64687000
3.87915591	0.03173925	12.72011000
3.88415591	0.03173925	12.81167000
3.88915591	0.03173925	12.34169000
3.89415591	0.03173925	11.32237000
3.89915591	0.03173925	11.34678000
3.90415591	0.03173925	12.45765000
3.90915591	0.03173925	12.45765000
3.91415591	0.03173925	11.34678000
3.91915591	0.03173925	11.34678000
3.92415591	0.03173925	12.45765000
3.92915591	0.03173925	12.45765000
3.93415591	0.03173925	11.34678000
3.93915591	0.03173925	11.32237000
3.94415591	0.03173925	12.34169000
3.94915591	0.03173925	12.83609000
3.95415591	0.03173925	12.83609000
3.95915591	0.03173925	12.36610000
3.96415591	0.03173925	11.43834000
3.96915591	0.03173925	10.99277000
3.97415591	0.03173925	11.08432000
3.97915591	0.03173925	11.13315000
3.98415591	0.03173925	11.22471000
3.98915591	0.03173925	10.75472000
3.99415591	0.03173925	9.73540400
3.99915591	0.03173925	9.75981900
4.00415591	0.03173925	10.87069000
4.00915591	0.03173925	10.89511000
4.01415591	0.03173925	9.87579000
4.01915591	0.03173925	9.43021900
4.02415591	0.03173925	9.61333000
4.02915591	0.03173925	9.19217500
4.03415591	0.03173925	8.26441300
4.03915591	0.03186132	7.81884200
4.04415591	0.03231910	7.91039800
4.04915591	0.02996918	7.91039800
4.05415591	0.02487259	7.81884200
4.05915591	0.02487259	8.26441300
4.06415591	0.02996918	9.19217500
4.06915591	0.03244118	9.63774600
4.07415591	0.03244118	9.54619000
4.07915591	0.02996918	9.49735900
4.08415591	0.02487259	9.40580500
4.08915591	0.02499466	9.87579000
4.09415591	0.03054903	10.89511000
4.09915591	0.03067110	10.89511000
4.10415591	0.02557451	9.87579000
4.10915591	0.02322458	9.40580500
4.11415591	0.02368236	9.49735900
4.11915591	0.02380444	9.54619000
4.12415591	0.02380444	9.63774600
4.12915591	0.02380444	9.19217500
4.13415591	0.02380444	8.26441300
4.13915591	0.02380444	7.81884200
4.14415591	0.02380444	7.91039800
4.14915591	0.02380444	7.95922800
4.15415591	0.02380444	8.05078300
4.15915591	0.02380444	7.58079800
4.16415591	0.02380444	6.56148000
4.16915591	0.02380444	6.56148000
4.17415591	0.02380444	7.58079800
4.17915591	0.02380444	8.05078300
4.18415591	0.02380444	7.95922800
4.18915591	0.02380444	7.95922800
4.19415591	0.02380444	8.05078300
4.19915591	0.02380444	7.58079800
4.20415591	0.02380444	6.56148000
4.20915591	0.02380444	6.56148000
4.21415591	0.02380444	7.58079800
4.21915591	0.02380444	8.05078300
4.22415591	0.02380444	7.95922800
4.22915591	0.02380444	7.93481200
4.23415591	0.02380444	7.93481200
4.23915591	0.02380444	7.93481200
4.24415591	0.02380444	7.93481200
4.24915591	0.02380444	7.93481200
4.25415591	0.02380444	7.93481200
4.25915591	0.02380444	7.91039800
4.26415591	0.02380444	7.81884200
4.26915591	0.02380444	8.28882700
4.27415591	0.02380444	9.30814500
4.27915591	0.02380444	9.30814500
4.28415591	0.02380444	8.28882700
4.28915591	0.02380444	7.81884200
4.29415591	0.02380444	7.91039800
4.29915591	0.02380444	7.93481200
4.30415591	0.02380444	7.93481200
4.30915591	0.02380444	7.93481200
4.31415591	0.02380444	7.93481200
4.31915591	0.02380444	7.95922800
4.32415591	0.02380444	8.05078300
4.32915591	0.02380444	7.58079800
4.33415591	0.02380444	6.56148000
4.33915591	0.02380444	6.58589400
4.34415591	0.02380444	7.69676800
4.34915591	0.02380444	7.72118300
4.35415591	0.02380444	6.70186400
4.35915591	0.02380444	6.25629500
4.36415591	0.02380444	6.43940500
4.36915591	0.02380444	6.01825000
4.37415591	0.02380444	5.09048700
4.37915591	0.02380444	4.66933200
4.38415591	0.02380444	4.85244300
4.38915591	0.02380444	4.40687300
4.39415591	0.02380444	3.38755500
4.39915591	0.02380444	3.41196900
4.40415591	0.02380444	4.52284300
4.40915591	0.02380444	4.54725700
4.41415591	0.02380444	3.52794000
4.41915591	0.02380444	3.05795500
4.42415591	0.02380444	3.14951000
4.42915591	0.02380444	3.17392500
4.43415591	0.02380444	3.17392500
4.43915591	0.02380444	3.19834000
4.44415591	0.02380444	3.28989500
4.44915591	0.02380444	2.81991000
4.45415591	0.02380444	1.80059200
4.45915591	0.02380444	1.80059200
4.46415591	0.02380444	2.81991000
4.46915591	0.02380444	3.28989500
4.47415591	0.02380444	3.19834000
4.47915591	0.02380444	3.17392500
4.48415591	0.02380444	3.17392500
4.48915591	0.02380444	3.17392500
4.49415591	0.02380444	3.17392500
4.49915591	0.02380444	3.17392500
4.50415591	0.02380444	3.17392500
4.50915591	0.02380444	3.14951000
4.51415591	0.02380444	3.05795500
4.51915591	0.02380444	3.50352500
4.52415591	0.02380444	4.43128700
4.52915591	0.02380444	4.87685800
4.53415591	0.02380444	4.78530200
4.53915591	0.02392651	4.76088700
4.54415591	0.02438429	4.76088700
4.54915591	0.02203436	4.78530200
4.55415591	0.01693777	4.87685800
4.55915591	0.01693777	4.40687300
4.56415591	0.02203436	3.38755500
4.56915591	0.02438429	3.38755500
4.57415591	0.02392651	4.40687300
4.57915591	0.02392651	4.90127200
4.58415591	0.02438429	4.90127200
4.58915591	0.02203436	4.43128700
4.59415591	0.01693777	3.50352500
4.59915591	0.01705985	3.03354000
4.60415591	0.02261421	3.03354000
4.60915591	0.02273629	3.50352500
4.61415591	0.01763970	4.43128700
4.61915591	0.01528977	4.87685800
4.62415591	0.01574755	4.78530200
4.62915591	0.01586962	4.76088700
4.63415591	0.01586962	4.76088700
4.63915591	0.01586962	4.76088700
4.64415591	0.01586962	4.76088700
4.64915591	0.01586962	4.78530200
4.65415591	0.01586962	4.87685800
4.65915591	0.01586962	4.40687300
4.66415591	0.01586962	3.38755500
4.66915591	0.01586962	3.38755500
4.67415591	0.01586962	4.40687300
4.67915591	0.01586962	4.90127200
4.68415591	0.01586962	4.90127200
4.68915591	0.01586962	4.43128700
4.69415591	0.01586962	3.50352500
4.69915591	0.01586962	3.05795500
4.70415591	0.01586962	3.14951000
4.70915591	0.01586962	3.17392500
4.71415591	0.01586962	3.17392500
4.71915591	0.01586962	3.17392500
4.72415591	0.01586962	3.17392500
4.72915591	0.01586962	3.19834000
4.73415591	0.01586962	3.28989500
4.73915591	0.01586962	2.81991000
4.74415591	0.01586962	1.80059200
4.74915591	0.01586962	1.80059200
4.75415591	0.01586962	2.81991000
4.75915591	0.01586962	3.28989500
4.76415591	0.01586962	3.19834000
4.76915591	0.01586962	3.19834000
4.77415591	0.01586962	3.28989500
4.77915591	0.01586962	2.81991000
4.78415591	0.01586962	1.80059200
4.78915591	0.01586962	1.80059200
4.79415591	0.01586962	2.81991000
4.79915591	0.01586962	3.26548100
4.80415591	0.01586962	3.08237000
4.80915591	0.01586962	3.50352500
4.81415591	0.01586962	4.43128700
4.81915591	0.01586962	4.90127200
4.82415591	0.01586962	4.90127200
4.82915591	0.01586962	4.40687300
4.83415591	0.01586962	3.38755500
4.83915591	0.01586962	3.38755500
4.84415591	0.01586962	4.40687300
4.84915591	0.01586962	4.90127200
4.85415591	0.01586962	4.90127200
4.85915591	0.01586962	4.38245800
4.86415591	0.01586962	3.27158400
4.86915591	0.01586962	3.71715500
4.87415591	0.01586962	5.66423500
4.87915591	0.01586962	6.57979000
4.88415591	0.01586962	6.39667900
4.88915591	0.01586962	6.34785000
4.89415591	0.01586962	6.34785000
4.89915591	0.01586962	6.37226500
4.90415591	0.01586962	6.46382000
4.90915591	0.01586962	6.01825000
4.91415591	0.01586962	5.09048700
4.91915591	0.01586962	4.62050200
4.92415591	0.01586962	4.62050200
4.92915591	0.01586962	5.09048700
4.93415591	0.01586962	6.01825000
4.93915591	0.01586962	6.48823500
4.94415591	0.01586962	6.48823500
4.94915591	0.01586962	6.04266500
4.95415591	0.01586962	5.20645800
4.95915591	0.01586962	4.26648800
4.96415591	0.01586962	3.24716900
4.96915591	0.01586962	3.74156900
4.97415591	0.01586962	5.78020600
4.97915591	0.01586962	6.25019100
4.98415591	0.01586962	5.13931700
4.98915591	0.01586962	4.66933200
4.99415591	0.01586962	4.85244300
4.99915591	0.01586962	4.43128700
5.00415591	0.01586962	3.50352500
5.00915591	0.01586962	3.05795500
5.01415591	0.01586962	3.14951000
5.01915591	0.01586962	3.17392500
5.02415591	0.01586962	3.17392500
5.02915591	0.01586962	3.17392500
5.03415591	0.01586962	3.17392500
5.03915591	0.01586962	3.19834000
5.04415591	0.01586962	3.28989500
5.04915591	0.01586962	2.84432500
5.05415591	0.01586962	1.91656200
5.05915591	0.01586962	1.47099200
5.06415591	0.01586962	1.56254800
5.06915591	0.01586962	1.58696200
5.07415591	0.01586962	1.58696200
5.07915591	0.01586962	1.58696200
5.08415591	0.01586962	1.58696200
5.08915591	0.01586962	1.56254800
5.09415591	0.01586962	1.47099200
5.09915591	0.01586962	1.91656200
5.10415591	0.01586962	2.84432500
5.10915591	0.01586962	3.28989500
5.11415591	0.01586962	3.19834000
5.11915591	0.01586962	3.17392500
5.12415591	0.01586962	3.17392500
5.12915591	0.01586962	3.17392500
5.13415591	0.01586962	3.17392500
5.13915591	0.01586962	3.17392500
5.14415591	0.01586962	3.17392500
5.14915591	0.01586962	3.17392500
5.15415591	0.01586962	3.17392500
5.15915591	0.01586962	3.17392500
5.16415591	0.01586962	3.17392500
5.16915591	0.01586962	3.17392500
5.17415591	0.01586962	3.17392500
5.17915591	0.01586962	3.17392500
5.18415591	0.01586962	3.17392500
5.18915591	0.01586962	3.17392500
5.19415591	0.01586962	3.17392500
5.19915591	0.01586962	3.19834000
5.20415591	0.01586962	3.28989500
5.20915591	0.01586962	2.84432500
5.21415591	0.01586962	1.91656200
5.21915591	0.01599170	1.47099200
5.22415591	0.01644948	1.56254800
5.22915591	0.01409955	1.58696200
5.23415591	0.00900296	1.58696200
5.23915591	0.00900296	1.58696200
5.24415591	0.01409955	1.58696200
5.24915591	0.01644948	1.58696200
5.25415591	0.01599170	1.58696200
5.25915591	0.01586962	1.58696200
5.26415591	0.01586962	1.58696200
5.26915591	0.01586962	1.61137700
5.27415591	0.01586962	1.70293300
5.27915591	0.01586962	1.23294800
5.28415591	0.01586962	0.21362960
5.28915591	0.01599170	0.21362960
5.29415591	0.01644948	1.23294800
5.29915591	0.01409955	1.70293300
5.30415591	0.00900296	1.61137700
5.30915591	0.00900296	1.61137700
5.31415591	0.01409955	1.70293300
5.31915591	0.01657155	1.23294800
5.32415591	0.01657155	0.21362960
5.32915591	0.01409955	0.23804440
5.33415590	0.00900296	1.34891800
5.33915590	0.00912503	1.37333300
5.34415590	0.01467940	0.35401470
5.34915590	0.01480148	-0.11597030
5.35415590	0.00970489	-0.02441481
5.35915590	0.00735496	0.00000000
5.36415590	0.00781274	0.00000000
5.36915590	0.00793481	0.00000000
5.37415590	0.00793481	0.00000000
5.37915590	0.00781274	0.00000000
5.38415590	0.00735496	0.00000000
5.38915590	0.00970489	0.00000000
5.39415590	0.01480148	0.00000000
5.39915590	0.01480148	0.00000000
5.40415590	0.00970489	0.00000000
5.40915590	0.00723289	0.00000000
5.41415590	0.00723289	0.00000000
5.41915590	0.00970489	0.00000000
5.42415590	0.01480148	0.00000000
5.42915590	0.01480148	0.00000000
5.43415590	0.00970489	0.00000000
5.43915590	0.00735496	-0.02441481
5.44415590	0.00781274	-0.11597030
5.44915590	0.00793481	0.35401470
5.45415590	0.00793481	1.37333300
5.45915590	0.00793481	1.37333300
5.46415590	0.00793481	0.35401470
5.46915590	0.00793481	-0.11597030
5.47415590	0.00793481	-0.02441481
5.47915590	0.00793481	-0.02441481
5.48415590	0.00793481	-0.11597030
5.48915590	0.00793481	0.32959990
5.49415590	0.00793481	1.25736300
5.49915590	0.00793481	1.70293300
5.50415590	0.00793481	1.61137700
5.50915590	0.00793481	1.58696200
5.51415590	0.00793481	1.58696200
5.51915590	0.00793481	1.58696200
5.52415590	0.00793481	1.58696200
5.52915590	0.00793481	1.58696200
5.53415590	0.00793481	1.58696200
5.53915590	0.00793481	1.58696200
5.54415590	0.00793481	1.58696200
5.54915590	0.00793481	1.58696200
5.55415590	0.00793481	1.58696200
5.55915590	0.00793481	1.56254800
5.56415590	0.00793481	1.47099200
5.56915590	0.00793481	1.94097700
5.57415590	0.00793481	2.96029500
5.57915590	0.00793481	2.96029500
5.58415590	0.00793481	1.94097700
5.58915590	0.00793481	1.47099200
5.59415590	0.00793481	1.56254800
5.59915590	0.00793481	1.58696200
5.60415590	0.00793481	1.58696200
5.60915590	0.00793481	1.58696200
5.61415590	0.00793481	1.58696200
5.61915590	0.00793481	1.61137700
5.62415590	0.00793481	1.70293300
5.62915590	0.00793481	1.25736300
5.63415590	0.00793481	0.32959990
5.63915590	0.00793481	-0.11597030
5.64415590	0.00793481	-0.02441481
5.64915590	0.00793481	0.00000000
5.65415590	0.00793481	0.00000000
5.65915590	0.00793481	0.02441481
5.66415590	0.00793481	0.11597030
5.66915590	0.00793481	-0.35401470
5.67415590	0.00793481	-1.37333300
5.67915590	0.00793481	-1.37333300
5.68415590	0.00793481	-0.35401470
5.68915590	0.00793481	0.11597030
5.69415590	0.00793481	0.02441481
5.69915590	0.00793481	-0.02441481
5.70415590	0.00793481	-0.11597030
5.70915590	0.00793481	0.37842950
5.71415590	0.00793481	1.48930300
5.71915590	0.00793481	1.01931800
5.72415590	0.00793481	-1.01931800
5.72915590	0.00793481	-1.51371800
5.73415590	0.00793481	-0.49439980
5.73915590	0.00793481	0.46998500
5.74415590	0.00793481	1.39774800
5.74915590	0.00793481	1.37333300
5.75415590	0.00793481	0.35401470
5.75915590	0.00793481	-0.11597030
5.76415590	0.00793481	-0.02441481
5.76915590	0.00793481	0.00000000
5.77415590	0.00793481	0.00000000
5.77915590	0.00793481	0.00000000
5.78415590	0.00793481	0.00000000
5.78915590	0.00793481	0.02441481
5.79415590	0.00793481	0.11597030
5.79915590	0.00793481	-0.35401470
5.80415590	0.00793481	-1.37333300
5.80915590	0.00793481	-1.34891800
5.81415590	0.00793481	-0.23804440
5.81915590	0.00793481	-0.23804440
5.82415590	0.00793481	-1.34891800
5.82915590	0.00793481	-1.37333300
5.83415590	0.00793481	-0.35401470
5.83915590	0.00793481	0.16479990
5.84415590	0.00793481	0.25635550
5.84915590	0.00793481	-0.68361460
5.85415590	0.00793481	-2.63069600
5.85915590	0.00793481	-3.07626600
5.86415590	0.00793481	-1.96539200
5.86915590	0.00793481	-1.49540700
5.87415590	0.00793481	-1.67851800
5.87915590	0.00793481	-1.25736300
5.88415590	0.00793481	-0.32959990
5.88915590	0.00793481	0.14038510
5.89415590	0.00793481	0.14038510
5.89915590	0.00793481	-0.35401470
5.90415590	0.00793481	-1.37333300
5.90915590	0.00793481	-1.34891800
5.91415590	0.00793481	-0.23804440
5.91915590	0.00793481	-0.26245920
5.92415590	0.00793481	-1.46488800
5.92915590	0.00793481	-1.04373300
5.93415590	0.00793481	0.90334780
5.93915590	0.00793481	1.81890300
5.94415590	0.00793481	1.63579200
5.94915590	0.00793481	1.58696200
5.95415590	0.00793481	1.58696200
5.95915590	0.00793481	1.58696200
5.96415590	0.00793481	1.58696200
5.96915590	0.00793481	1.58696200
5.97415590	0.00793481	1.58696200
5.97915590	0.00793481	1.56254800
5.98415590	0.00793481	1.47099200
5.98915590	0.00793481	1.91656200
5.99415590	0.00793481	2.84432500
5.99915590	0.00793481	3.28989500
6.00415590	0.00793481	3.19834000
6.00915590	0.00793481	3.19834000
6.01415590	0.00793481	3.28989500
6.01915590	0.00793481	2.81991000
6.02415590	0.00793481	1.80059200
6.02915590	0.00793481	1.82500700
6.03415590	0.00793481	2.93588100
6.03915590	0.00793481	2.93588100
6.04415590	0.00793481	1.82500700
6.04915590	0.00793481	1.82500700
6.05415590	0.00793481	2.93588100
6.05915590	0.00793481	2.93588100
6.06415590	0.00793481	1.82500700
6.06915590	0.00793481	1.80059200
6.07415590	0.00793481	2.81991000
6.07915590	0.00793481	3.31431000
6.08415590	0.00793481	3.31431000
6.08915590	0.00793481	2.84432500
6.09415590	0.00793481	1.91656200
6.09915590	0.00793481	1.44657700
6.10415590	0.00793481	1.44657700
6.10915590	0.00793481	1.94097700
6.11415590	0.00793481	2.96029500
6.11915590	0.00793481	2.98471000
6.12415590	0.00793481	2.05694700
6.12915590	0.00793481	1.11697700
6.13415590	0.00793481	0.18921480
6.13915590	0.00793481	0.21362960
6.14415590	0.00793481	1.23294800
6.14915590	0.00793481	1.72734800
6.15415590	0.00793481	1.72734800
6.15915590	0.00793481	1.25736300
6.16415590	0.00793481	0.32959990
6.16915590	0.00793481	-0.11597030
6.17415590	0.00793481	-0.02441481
6.17915590	0.00793481	0.00000000
6.18415590	0.00793481	0.00000000
6.18915590	0.00793481	0.00000000
6.19415590	0.00793481	0.00000000
6.19915590	0.00793481	-0.02441481
6.20415590	0.00793481	-0.11597030
6.20915590	0.00793481	0.35401470
6.21415590	0.00793481	1.37333300
6.21915590	0.00793481	1.37333300
6.22415590	0.00793481	0.35401470
6.22915590	0.00793481	-0.11597030
6.23415590	0.00793481	-0.02441481
6.23915590	0.00793481	0.00000000
6.24415590	0.00793481	0.00000000
6.24915590	0.00793481	0.00000000
6.25415590	0.00793481	0.00000000
6.25915590	0.00793481	0.00000000
6.26415590	0.00793481	0.00000000
6.26915590	0.00793481	0.00000000
6.27415590	0.00793481	0.00000000
6.27915590	0.00793481	0.00000000
6.28415590	0.00793481	0.00000000
6.28915590	0.00793481	0.00000000
6.29415590	0.00793481	0.00000000
6.29915590	0.00793481	-0.02441481
6.30415590	0.00793481	-0.11597030
6.30915590	0.00793481	0.32959990
6.31415590	0.00793481	1.25736300
6.31915590	0.00793481	1.70293300
6.32415590	0.00793481	1.61137700
6.32915590	0.00793481	1.58696200
6.33415590	0.00793481	1.58696200
6.33915590	0.00793481	1.58696200
6.34415590	0.00793481	1.58696200
6.34915590	0.00793481	1.58696200
6.35415590	0.00793481	1.58696200
6.35915590	0.00793481	1.58696200
6.36415590	0.00793481	1.58696200
6.36915590	0.00793481	1.58696200
6.37415590	0.00793481	1.58696200
6.37915590	0.00793481	1.58696200
6.38415590	0.00793481	1.58696200
6.38915590	0.00793481	1.61137700
6.39415590	0.00793481	1.70293300
6.39915590	0.00793481	1.28177700
6.40415590	0.00793481	0.44557020
6.40915590	0.00793481	-0.46998500
6.41415590	0.00793481	-1.39774800
6.41915590	0.00793481	-1.34891800
6.42415590	0.00793481	-0.23804440
6.42915590	0.00793481	-0.23804440
6.43415590	0.00793481	-1.34891800
6.43915590	0.00805689	-1.34891800
6.44415590	0.00851466	-0.23804440
6.44915590	0.00616474	-0.21362960
6.45415590	0.00106815	-1.23294800
6.45915590	0.00119022	-1.70293300
6.46415590	0.00674459	-1.61137700
6.46915590	0.00674459	-1.58696200
6.47415590	0.00119022	-1.58696200
6.47915590	0.00119022	-1.58696200
6.48415590	0.00674459	-1.58696200
6.48915590	0.00674459	-1.58696200
6.49415590	0.00119022	-1.58696200
6.49915590	0.00119022	-1.58696200
6.50415590	0.00674459	-1.58696200
6.50915590	0.00674459	-1.58696200
6.51415590	0.00119022	-1.58696200
6.51915590	0.00119022	-1.61137700
6.52415590	0.00674459	-1.70293300
6.52915590	0.00674459	-1.25736300
6.53415590	0.00119022	-0.32959990
6.53915590	0.00106815	0.09155553
6.54415590	0.00616474	-0.09155553
6.54915590	0.00863674	0.32959990
6.55415590	0.00863674	1.25736300
6.55915590	0.00628681	1.70293300
6.56415590	0.00164800	1.61137700
6.56915590	-0.00070193	1.58696200
6.57415590	-0.00070193	1.58696200
6.57915590	0.00177007	1.61137700
6.58415590	0.00686667	1.70293300
6.58915590	0.00686667	1.25736300
6.59415590	0.00177007	0.32959990
6.59915590	-0.00057985	-0.14038510
6.60415590	-0.00012207	-0.14038510
6.60915590	0.00000000	0.32959990
6.61415590	0.00000000	1.25736300
6.61915590	0.00000000	1.70293300
6.62415590	0.00000000	1.61137700
6.62915590	0.00000000	1.58696200
6.63415590	0.00000000	1.58696200
6.63915590	-0.00012207	1.61137700
6.64415590	-0.00057985	1.70293300
6.64915590	0.00177007	1.25736300
6.65415590	0.00686667	0.32959990
6.65915590	0.00686667	-0.09155553
6.66415590	0.00177007	0.09155553
6.66915590	-0.00057985	-0.35401470
6.67415590	-0.00012207	-1.37333300
6.67915590	-0.00012207	-1.37333300
6.68415590	-0.00057985	-0.35401470
6.68915590	0.00177007	0.11597030
6.69415590	0.00686667	0.02441481
6.69915590	0.00686667	0.00000000
6.70415590	0.00177007	0.00000000
6.70915590	-0.00057985	0.02441481
6.71415590	-0.00012207	0.11597030
6.71915590	0.00000000	-0.35401470
6.72415590	0.00000000	-1.37333300
6.72915590	0.00000000	-1.37333300
6.73415590	0.00000000	-0.35401470
6.73915590	0.00000000	0.09155553
6.74415590	0.00000000	-0.09155553
6.74915590	0.00000000	0.35401470
6.75415590	0.00000000	1.37333300
6.75915590	0.00000000	1.37333300
6.76415590	0.00000000	0.35401470
6.76915590	0.00000000	-0.11597030
6.77415590	0.00000000	-0.02441481
6.77915590	0.00000000	-0.02441481
6.78415590	0.00000000	-0.11597030
6.78915590	0.00000000	0.35401470
6.79415590	0.00000000	1.37333300
6.79915590	0.00000000	1.34891800
6.80415590	0.00000000	0.23804440
6.80915590	0.00000000	0.23804440
6.81415590	0.00000000	1.34891800
6.81915590	0.00000000	1.37333300
6.82415590	0.00000000	0.35401470
6.82915590	0.00000000	-0.11597030
6.83415590	0.00000000	-0.02441481
6.83915590	0.00000000	-0.02441481
6.84415590	0.00000000	-0.11597030
6.84915590	0.00000000	0.35401470
6.85415590	0.00000000	1.37333300
6.85915590	0.00000000	1.34891800
6.86415590	0.00000000	0.23804440
6.86915590	0.00000000	0.21362960
6.87415590	0.00000000	1.23294800
6.87915590	0.00000000	1.70293300
6.88415590	0.00000000	1.61137700
6.88915590	0.00000000	1.58696200
6.89415590	0.00000000	1.58696200
6.89915590	0.00000000	1.58696200
6.90415590	0.00000000	1.58696200
6.90915590	0.00000000	1.58696200
6.91415590	0.00000000	1.58696200
6.91915590	0.00000000	1.58696200
6.92415590	0.00000000	1.58696200
6.92915590	0.00000000	1.56254800
6.93415590	0.00000000	1.47099200
6.93915590	0.00000000	1.91656200
6.94415590	0.00000000	2.84432500
6.94915590	0.00000000	3.31431000
6.95415590	0.00000000	3.31431000
6.95915590	0.00000000	2.84432500
6.96415590	0.00000000	1.91656200
6.96915590	0.00000000	1.47099200
6.97415590	0.00000000	1.56254800
6.97915589	0.00000000	1.58696200
6.98415589	0.00000000	1.58696200
6.98915589	0.00000000	1.58696200
6.99415589	0.00000000	1.58696200
6.99915589	0.00000000	1.61137700
7.00415589	0.00000000	1.70293300
7.00915589	0.00000000	1.23294800
7.01415589	0.00000000	0.21362960
7.01915589	0.00000000	0.23804440
7.02415589	0.00000000	1.34891800
7.02915589	0.00000000	1.34891800
7.03415589	0.00000000	0.23804440
7.03915589	0.00000000	0.23804440
7.04415589	0.00000000	1.34891800
7.04915589	0.00000000	1.37333300
7.05415589	0.00000000	0.35401470
7.05915589	0.00000000	-0.11597030
7.06415589	0.00000000	-0.02441481
7.06915589	0.00000000	0.00000000
7.07415589	0.00000000	0.00000000
7.07915589	0.00000000	0.00000000
7.08415589	0.00000000	0.00000000
7.08915589	0.00000000	0.00000000
7.09415589	0.00000000	0.00000000
7.09915589	0.00000000	0.00000000
7.10415589	0.00000000	0.00000000
7.10915589	0.00000000	0.00000000
7.11415589	0.00000000	0.00000000
7.11915589	0.00000000	0.00000000
7.12415589	0.00000000	0.00000000
7.12915589	0.00000000	0.00000000
7.13415589	0.00000000	0.00000000
7.13915589	0.00000000	-0.02441481
7.14415589	0.00000000	-0.11597030
7.14915589	0.00000000	0.35401470
7.15415589	0.00000000	1.37333300
7.15915589	0.00000000	1.37333300
7.16415589	0.00000000	0.35401470
7.16915589	0.00000000	-0.14038510
7.17415589	0.00000000	-0.14038510
7.17915589	0.00000000	0.32959990
7.18415589	0.00000000	1.25736300
7.18915589	0.00000000	1.72734800
7.19415589	0.00000000	1.72734800
7.19915589	0.00000000	1.23294800
7.20415589	0.00000000	0.21362960
7.20915589	0.00000000	0.23804440
7.21415589	0.00000000	1.34891800
7.21915589	0.00000000	1.37333300
7.22415589	0.00000000	0.35401470
7.22915589	0.00000000	-0.11597030
7.23415589	0.00000000	-0.02441481
7.23915589	0.00000000	0.00000000
7.24415589	0.00000000	0.00000000
7.24915589	0.00000000	0.00000000
7.25415589	0.00000000	0.00000000
7.25915589	0.00000000	0.00000000
7.26415589	0.00000000	0.00000000
7.26915589	0.00000000	0.00000000
7.27415589	0.00000000	0.00000000
7.27915589	0.00000000	0.00000000
7.28415589	0.00000000	0.00000000
7.28915589	0.00000000	0.00000000
7.29415589	0.00000000	0.00000000
7.29915589	0.00000000	0.00000000
7.30415589	0.00000000	0.00000000
7.30915589	0.00000000	0.02441481
7.31415589	0.00000000	0.11597030
7.31915589	0.00000000	-0.37842950
7.32415589	0.00000000	-1.48930300
7.32915589	0.00000000	-0.99490340
7.33415589	0.00000000	1.13528900
7.33915589	0.00000000	1.13528900
7.34415589	0.00000000	-0.99490340
7.34915589	0.00000000	-1.48930300
7.35415589	0.00000000	-0.37842950
7.35915589	0.00000000	0.11597030
7.36415589	0.00000000	0.02441481
7.36915589	0.00000000	0.00000000
7.37415589	0.00000000	0.00000000
7.37915589	0.00000000	0.00000000
7.38415589	0.00000000	0.00000000
7.38915589	0.00000000	0.00000000
7.39415589	0.00000000	0.00000000
7.39915589	0.00000000	0.00000000
7.40415589	0.00000000	0.00000000
7.40915589	0.00000000	0.00000000
7.41415589	0.00000000	0.00000000
7.41915589	0.00000000	0.00000000
7.42415589	0.00000000	0.00000000
7.42915589	0.00000000	0.00000000
7.43415589	0.00000000	0.00000000
7.43915589	0.00000000	-0.02441481
7.44415589	0.00000000	-0.11597030
7.44915589	0.00000000	0.35401470
7.45415589	0.00000000	1.37333300
7.45915589	0.00000000	1.34891800
7.46415589	0.00000000	0.23804440
7.46915589	0.00000000	0.23804440
7.47415589	0.00000000	1.34891800
7.47915589	0.00000000	1.37333300
7.48415589	0.00000000	0.35401470
7.48915589	0.00000000	-0.11597030
7.49415589	0.00000000	-0.02441481
7.49915589	0.00000000	0.00000000
7.50415589	0.00000000	0.00000000
7.50915589	0.00000000	0.02441481
7.51415589	0.00000000	0.11597030
7.51915589	0.00000000	-0.35401470
7.52415589	0.00000000	-1.37333300
7.52915589	0.00000000	-1.37333300
7.53415589	0.00000000	-0.35401470
7.53915589	0.00000000	0.11597030
7.54415589	0.00000000	0.02441481
7.54915589	0.00000000	0.00000000
7.55415589	0.00000000	0.00000000
7.55915589	0.00000000	0.00000000
7.56415589	0.00000000	0.00000000
7.56915589	0.00000000	0.00000000
7.57415589	0.00000000	0.00000000
7.57915589	0.00000000	0.02441481
7.58415589	0.00000000	0.11597030
7.58915589	0.00000000	-0.35401470
7.59415589	0.00000000	-1.37333300
7.59915589	0.00000000	-1.34891800
7.60415589	0.00000000	-0.23804440
7.60915589	0.00000000	-0.21362960
7.61415589	0.00000000	-1.23294800
7.61915589	0.00000000	-1.70293300
7.62415589	0.00000000	-1.61137700
7.62915589	0.00000000	-1.58696200
7.63415589	0.00000000	-1.58696200
7.63915589	0.00000000	-1.58696200
7.64415589	0.00000000	-1.58696200
7.64915589	0.00000000	-1.61137700
7.65415589	0.00000000	-1.70293300
7.65915589	0.00000000	-1.23294800
7.66415589	0.00000000	-0.21362960
7.66915589	0.00000000	-0.23804440
7.67415589	0.00000000	-1.34891800
7.67915589	0.00000000	-1.37333300
7.68415589	0.00000000	-0.35401470
7.68915589	0.00000000	0.11597030
7.69415589	0.00000000	0.02441481
7.69915589	0.00000000	0.00000000
7.70415589	0.00000000	0.00000000
7.70915589	0.00000000	0.02441481
7.71415589	0.00000000	0.11597030
7.71915589	0.00000000	-0.32959990
7.72415589	0.00000000	-1.25736300
7.72915589	0.00000000	-1.72734800
7.73415589	0.00000000	-1.72734800
7.73915589	0.00000000	-1.25736300
7.74415589	0.00000000	-0.32959990
7.74915589	0.00000000	0.11597030
7.75415589	0.00000000	0.02441481
7.75915589	0.00000000	-0.02441481
7.76415589	0.00000000	-0.11597030
7.76915589	0.00000000	0.35401470
7.77415589	0.00000000	1.37333300
7.77915589	0.00000000	1.34891800
7.78415589	0.00000000	0.23804440
7.78915589	0.00000000	0.21362960
7.79415589	0.00000000	1.23294800
7.79915589	0.00000000	1.70293300
7.80415589	0.00000000	1.61137700
7.80915589	0.00000000	1.58696200
7.81415589	0.00000000	1.58696200
7.81915589	0.00000000	1.56254800
7.82415589	0.00000000	1.47099200
7.82915589	0.00000000	1.94097700
7.83415589	0.00000000	2.96029500
7.83915589	0.00000000	2.96029500
7.84415589	0.00000000	1.94097700
7.84915589	0.00000000	1.47099200
7.85415589	0.00000000	1.56254800
7.85915589	0.00000000	1.61137700
7.86415589	0.00000000	1.70293300
7.86915589	0.00000000	1.28177700
7.87415589	0.00000000	0.44557020
7.87915589	0.00000000	-0.46998500
7.88415589	0.00000000	-1.39774800
7.88915589	0.00000000	-1.37333300
7.89415589	0.00000000	-0.35401470
7.89915589	0.00000000	0.14038510
7.90415589	0.00000000	0.14038510
7.90915589	0.00000000	-0.35401470
7.91415589	0.00000000	-1.37333300
7.91915589	0.00000000	-1.37333300
7.92415589	0.00000000	-0.35401470
7.92915589	0.00000000	0.14038510
7.93415589	0.00000000	0.14038510
7.93915589	0.00000000	-0.37842950
7.94415589	0.00000000	-1.48930300
7.94915589	0.00000000	-1.01931800
7.95415589	0.00000000	1.01931800
7.95915589	0.00000000	1.48930300
7.96415589	0.00000000	0.37842950
7.96915589	0.00000000	-0.14038510
7.97415589	0.00000000	-0.14038510
7.97915589	0.00000000	0.35401470
7.98415589	0.00000000	1.37333300
7.98915589	0.00000000	1.34891800
7.99415589	0.00000000	0.23804440
7.99915589	0.00000000	0.21362960
8.00415589	0.00000000	1.23294800
8.00915589	0.00000000	1.70293300
8.01415589	0.00000000	1.61137700
8.01915589	0.00000000	1.58696200
8.02415589	0.00000000	1.58696200
8.02915589	0.00000000	1.58696200
8.03415589	0.00000000	1.58696200
8.03915589	0.00000000	1.61137700
8.04415589	0.00000000	1.70293300
8.04915589	0.00000000	1.23294800
8.05415589	0.00000000	0.21362960
8.05915589	0.00000000	0.23804440
8.06415589	0.00000000	1.34891800
8.06915589	0.00000000	1.37333300
8.07415589	0.00000000	0.35401470
8.07915589	0.00000000	-0.11597030
8.08415589	0.00000000	-0.02441481
8.08915589	0.00000000	0.00000000
8.09415589	0.00000000	0.00000000
8.09915589	0.00000000	0.00000000
8.10415589	0.00000000	0.00000000
8.10915589	0.00000000	0.02441481
8.11415589	0.00000000	0.11597030
8.11915589	0.00000000	-0.35401470
8.12415589	0.00000000	-1.37333300
8.12915589	0.00000000	-1.37333300
8.13415589	0.00000000	-0.35401470
8.13915589	0.00000000	0.11597030
8.14415589	0.00000000	0.02441481
8.14915589	0.00000000	0.02441481
8.15415589	0.00000000	0.11597030
8.15915589	0.00000000	-0.32959990
8.16415589	0.00000000	-1.25736300
8.16915589	0.00000000	-1.70293300
8.17415589	0.00000000	-1.61137700
8.17915589	0.00000000	-1.61137700
8.18415589	0.00000000	-1.70293300
8.18915589	0.00000000	-1.23294800
8.19415589	0.00000000	-0.21362960
8.19915589	0.00000000	-0.23804440
8.20415589	0.00000000	-1.34891800
8.20915589	0.00000000	-1.37333300
8.21415589	0.00000000	-0.35401470
8.21915589	0.00000000	0.09155553
8.22415589	0.00000000	-0.09155553
8.22915589	0.00000000	0.32959990
8.23415589	0.00000000	1.25736300
8.23915589	0.00000000	1.72734800
8.24415589	0.00000000	1.72734800
8.24915589	0.00000000	1.25736300
8.25415589	0.00000000	0.32959990
8.25915589	0.00000000	-0.14038510
8.26415589	0.00000000	-0.14038510
8.26915589	0.00000000	0.35401470
8.27415589	0.00000000	1.37333300
8.27915589	0.00000000	1.34891800
8.28415589	0.00000000	0.23804440
8.28915589	0.00000000	0.21362960
8.29415589	0.00000000	1.23294800
8.29915589	0.00000000	1.70293300
8.30415589	0.00000000	1.61137700
8.30915589	0.00000000	1.61137700
8.31415589	0.00000000	1.70293300
8.31915589	0.00000000	1.25736300
8.32415589	0.00000000	0.32959990
8.32915589	0.00000000	-0.11597030
8.33415589	0.00000000	-0.02441481
8.33915589	0.00000000	0.00000000
8.34415589	0.00000000	0.00000000
8.34915589	0.00000000	0.00000000
8.35415589	0.00000000	0.00000000
8.35915589	0.00000000	-0.02441481
8.36415589	0.00000000	-0.11597030
8.36915589	0.00000000	0.35401470
8.37415589	0.00000000	1.37333300
8.37915589	0.00000000	1.37333300
8.38415589	0.00000000	0.35401470
8.38915589	0.00000000	-0.14038510
8.39415589	0.00000000	-0.14038510
8.39915589	0.00000000	0.35401470
8.40415589	0.00000000	1.37333300
8.40915589	0.00000000	1.37333300
8.41415589	0.00000000	0.35401470
8.41915589	0.00000000	-0.11597030
8.42415589	0.00000000	-0.02441481
8.42915589	0.00000000	0.00000000
8.43415589	0.00000000	0.00000000
8.43915589	0.00000000	0.00000000
8.44415589	0.00000000	0.00000000
8.44915589	0.00000000	0.02441481
8.45415589	0.00000000	0.11597030
8.45915589	0.00000000	-0.35401470
8.46415589	0.00000000	-1.37333300
8.46915589	0.00000000	-1.34891800
8.47415589	0.00000000	-0.23804440
8.47915589	0.00000000	-0.21362960
8.48415589	0.00000000	-1.23294800
8.48915589	0.00000000	-1.70293300
8.49415589	0.00000000	-1.61137700
8.49915589	0.00000000	-1.58696200
8.50415589	0.00000000	-1.58696200
8.50915589	0.00000000	-1.58696200
8.51415589	0.00000000	-1.58696200
8.51915589	0.00000000	-1.58696200
8.52415589	0.00000000	-1.58696200
8.52915589	0.00000000	-1.61137700
8.53415589	0.00000000	-1.70293300
8.53915589	0.00000000	-1.23294800
8.54415589	0.00000000	-0.21362960
8.54915589	0.00000000	-0.23804440
8.55415589	0.00000000	-1.34891800
8.55915589	0.00000000	-1.37333300
8.56415589	0.00000000	-0.35401470
8.56915589	0.00000000	0.09155553
8.57415589	0.00000000	-0.09155553
8.57915589	0.00000000	0.35401470
8.58415589	0.00000000	1.37333300
8.58915589	0.00000000	1.37333300
8.59415589	0.00000000	0.35401470
8.59915589	0.00000000	-0.11597030
8.60415589	0.00000000	-0.02441481
8.60915589	0.00000000	0.00000000
8.61415589	0.00000000	0.00000000
8.61915589	0.00000000	0.00000000
8.62415588	0.00000000	0.00000000
8.62915588	0.00000000	0.02441481
8.63415588	0.00000000	0.11597030
8.63915588	0.00000000	-0.35401470
8.64415588	0.00000000	-1.37333300
8.64915588	0.00000000	-1.37333300
8.65415588	0.00000000	-0.35401470
8.65915588	0.00000000	0.11597030
8.66415588	0.00000000	0.02441481
8.66915588	0.00000000	0.00000000
8.67415588	0.00000000	0.00000000
8.67915588	0.00000000	0.02441481
8.68415588	0.00000000	0.11597030
8.68915588	0.00000000	-0.32959990
8.69415588	0.00000000	-1.25736300
8.69915588	0.00000000	-1.72734800
8.70415588	0.00000000	-1.72734800
8.70915588	0.00000000	-1.25736300
8.71415588	0.00000000	-0.32959990
8.71915588	0.00000000	0.09155553
8.72415588	0.00000000	-0.09155553
8.72915588	0.00000000	0.35401470
8.73415588	0.00000000	1.37333300
8.73915588	0.00000000	1.39774800
8.74415588	0.00000000	0.46998500
8.74915588	0.00000000	-0.46998500
8.75415588	0.00000000	-1.39774800
8.75915588	0.00000000	-1.37333300
8.76415588	0.00000000	-0.35401470
8.76915588	0.00000000	0.14038510
8.77415588	0.00000000	0.14038510
8.77915588	0.00000000	-0.35401470
8.78415588	0.00000000	-1.37333300
8.78915588	0.00000000	-1.37333300
8.79415588	0.00000000	-0.35401470
8.79915588	0.00000000	0.11597030
8.80415588	0.00000000	0.02441481
8.80915588	0.00000000	0.00000000
8.81415588	0.00000000	0.00000000
8.81915588	0.00000000	0.00000000
8.82415588	0.00000000	0.00000000
8.82915588	0.00000000	0.00000000
8.83415588	0.00000000	0.00000000
8.83915588	0.00000000	0.00000000
8.84415588	0.00000000	0.00000000
8.84915588	0.00000000	0.00000000
8.85415588	0.00000000	0.00000000
8.85915588	0.00000000	-0.02441481
8.86415588	0.00000000	-0.11597030
8.86915588	0.00000000	0.35401470
8.87415588	0.00000000	1.37333300
8.87915588	0.00000000	1.37333300
8.88415588	0.00000000	0.35401470
8.88915588	0.00000000	-0.11597030
8.89415588	0.00000000	-0.02441481
8.89915588	0.00000000	0.00000000
8.90415588	0.00000000	0.00000000
8.90915588	0.00000000	0.00000000
8.91415588	0.00000000	0.00000000
8.91915588	0.00000000	0.00000000
8.92415588	0.00000000	0.00000000
8.92915588	0.00000000	0.00000000
8.93415588	0.00000000	0.00000000
8.93915588	0.00000000	0.02441481
8.94415588	0.00000000	0.11597030
8.94915588	0.00000000	-0.35401470
8.95415588	0.00000000	-1.37333300
8.95915588	0.00000000	-1.37333300
8.96415588	0.00000000	-0.35401470
8.96915588	0.00000000	0.11597030
8.97415588	0.00000000	0.02441481
8.97915588	0.00000000	-0.02441481
8.98415588	0.00000000	-0.11597030
8.98915588	0.00000000	0.37842950
8.99415588	0.00000000	1.48930300
8.99915588	0.00000000	1.01931800
9.00415588	0.00000000	-1.01931800
9.00915588	0.00000000	-1.48930300
9.01415588	0.00000000	-0.37842950
9.01915588	0.00000000	0.11597030
9.02415588	0.00000000	0.02441481
