Time	Channel A	Channel B
(us)	(V)	(mV)

-1.01264304	-0.00793481	-7.74559700
-1.00764304	-0.00793481	-6.81783500
-1.00264304	-0.00793481	-5.90228000
-0.99764304	-0.00793481	-5.06607200
-0.99264304	-0.00793481	-4.64491700
-0.98764304	-0.00793481	-4.73647300
-0.98264304	-0.00793481	-4.73647300
-0.97764304	-0.00793481	-4.64491700
-0.97264304	-0.00793481	-5.11490200
-0.96764304	-0.00793481	-6.13422100
-0.96264304	-0.00793481	-6.10980600
-0.95764304	-0.00793481	-4.99893200
-0.95264304	-0.00793481	-4.99893200
-0.94764304	-0.00793481	-6.10980600
-0.94264304	-0.00793481	-6.10980600
-0.93764304	-0.00793481	-4.99893200
-0.93264304	-0.00793481	-4.99893200
-0.92764304	-0.00793481	-6.10980600
-0.92264304	-0.00793481	-6.10980600
-0.91764304	-0.00793481	-4.99893200
-0.91264304	-0.00793481	-4.99893200
-0.90764304	-0.00793481	-6.10980600
-0.90264304	-0.00793481	-6.10980600
-0.89764304	-0.00793481	-4.99893200
-0.89264304	-0.00793481	-4.99893200
-0.88764304	-0.00793481	-6.10980600
-0.88264304	-0.00793481	-6.10980600
-0.87764304	-0.00793481	-4.99893200
-0.87264304	-0.00793481	-4.97451700
-0.86764304	-0.00793481	-5.99383500
-0.86264304	-0.00793481	-6.46382000
-0.85764304	-0.00793481	-6.37226500
-0.85264304	-0.00793481	-6.34785000
-0.84764304	-0.00793481	-6.34785000
-0.84264304	-0.00793481	-6.34785000
-0.83764304	-0.00793481	-6.34785000
-0.83264304	-0.00793481	-6.34785000
-0.82764304	-0.00793481	-6.34785000
-0.82264304	-0.00793481	-6.34785000
-0.81764304	-0.00793481	-6.34785000
-0.81264304	-0.00793481	-6.34785000
-0.80764304	-0.00793481	-6.34785000
-0.80264304	-0.00793481	-6.34785000
-0.79764304	-0.00793481	-6.34785000
-0.79264304	-0.00793481	-6.37226500
-0.78764304	-0.00793481	-6.46382000
-0.78264304	-0.00793481	-5.99383500
-0.77764304	-0.00793481	-4.97451700
-0.77264304	-0.00793481	-4.97451700
-0.76764304	-0.00793481	-5.99383500
-0.76264304	-0.00793481	-6.48823500
-0.75764304	-0.00793481	-6.48823500
-0.75264304	-0.00793481	-6.01825000
-0.74764304	-0.00793481	-5.09048700
-0.74264304	-0.00793481	-4.62050200
-0.73764304	-0.00793481	-4.62050200
-0.73264304	-0.00793481	-5.11490200
-0.72764304	-0.00793481	-6.13422100
-0.72264304	-0.00793481	-6.13422100
-0.71764304	-0.00793481	-5.11490200
-0.71264304	-0.00793481	-4.64491700
-0.70764304	-0.00793481	-4.73647300
-0.70264304	-0.00793481	-4.73647300
-0.69764304	-0.00793481	-4.64491700
-0.69264304	-0.00793481	-5.09048700
-0.68764304	-0.00793481	-6.01825000
-0.68264304	-0.00793481	-6.46382000
-0.67764304	-0.00793481	-6.37226500
-0.67264304	-0.00793481	-6.37226500
-0.66764304	-0.00793481	-6.46382000
-0.66264304	-0.00793481	-5.99383500
-0.65764304	-0.00793481	-4.97451700
-0.65264304	-0.00793481	-4.99893200
-0.64764304	-0.00793481	-6.10980600
-0.64264304	-0.00793481	-6.13422100
-0.63764304	-0.00793481	-5.11490200
-0.63264304	-0.00793481	-4.62050200
-0.62764304	-0.00793481	-4.62050200
-0.62264304	-0.00793481	-5.11490200
-0.61764304	-0.00793481	-6.13422100
-0.61264304	-0.00793481	-6.13422100
-0.60764304	-0.00793481	-5.11490200
-0.60264304	-0.00793481	-4.62050200
-0.59764304	-0.00793481	-4.62050200
-0.59264304	-0.00793481	-5.11490200
-0.58764304	-0.00793481	-6.13422100
-0.58264304	-0.00793481	-6.10980600
-0.57764304	-0.00793481	-4.99893200
-0.57264304	-0.00793481	-4.97451700
-0.56764304	-0.00793481	-5.99383500
-0.56264304	-0.00793481	-6.46382000
-0.55764304	-0.00793481	-6.37226500
-0.55264304	-0.00793481	-6.34785000
-0.54764304	-0.00793481	-6.34785000
-0.54264304	-0.00793481	-6.34785000
-0.53764304	-0.00793481	-6.34785000
-0.53264304	-0.00793481	-6.32343500
-0.52764304	-0.00793481	-6.23187900
-0.52264304	-0.00793481	-6.67745000
-0.51764304	-0.00793481	-7.60521200
-0.51264304	-0.00793481	-8.07519700
-0.50764304	-0.00793481	-8.07519700
-0.50264304	-0.00793481	-7.60521200
-0.49764304	-0.00793481	-6.67745000
-0.49264304	-0.00793481	-6.23187900
-0.48764304	-0.00793481	-6.32343500
-0.48264304	-0.00793481	-6.34785000
-0.47764304	-0.00793481	-6.34785000
-0.47264304	-0.00793481	-6.34785000
-0.46764304	-0.00793481	-6.34785000
-0.46264304	-0.00793481	-6.34785000
-0.45764304	-0.00793481	-6.34785000
-0.45264304	-0.00793481	-6.34785000
-0.44764304	-0.00793481	-6.34785000
-0.44264304	-0.00793481	-6.37226500
-0.43764304	-0.00793481	-6.46382000
-0.43264304	-0.00793481	-5.99383500
-0.42764304	-0.00793481	-4.97451700
-0.42264304	-0.00793481	-4.99893200
-0.41764304	-0.00793481	-6.10980600
-0.41264304	-0.00793481	-6.13422100
-0.40764304	-0.00793481	-5.11490200
-0.40264304	-0.00793481	-4.62050200
-0.39764304	-0.00793481	-4.62050200
-0.39264304	-0.00793481	-5.11490200
-0.38764304	-0.00793481	-6.13422100
-0.38264304	-0.00793481	-6.13422100
-0.37764304	-0.00793481	-5.11490200
-0.37264304	-0.00793481	-4.62050200
-0.36764304	-0.00793481	-4.62050200
-0.36264304	-0.00793481	-5.09048700
-0.35764304	-0.00793481	-6.01825000
-0.35264304	-0.00793481	-6.48823500
-0.34764304	-0.00793481	-6.48823500
-0.34264304	-0.00793481	-5.99383500
-0.33764304	-0.00793481	-4.97451700
-0.33264304	-0.00793481	-4.99893200
-0.32764304	-0.00793481	-6.10980600
-0.32264304	-0.00793481	-6.13422100
-0.31764304	-0.00793481	-5.11490200
-0.31264304	-0.00793481	-4.64491700
-0.30764304	-0.00793481	-4.73647300
-0.30264304	-0.00793481	-4.76088700
-0.29764304	-0.00793481	-4.76088700
-0.29264304	-0.00793481	-4.76088700
-0.28764304	-0.00793481	-4.76088700
-0.28264304	-0.00793481	-4.73647300
-0.27764304	-0.00793481	-4.64491700
-0.27264304	-0.00793481	-5.06607200
-0.26764304	-0.00793481	-5.90228000
-0.26264304	-0.00793481	-6.79342000
-0.25764304	-0.00793481	-7.62962700
-0.25264304	-0.00793481	-8.07519700
-0.24764304	-0.00793481	-8.07519700
-0.24264304	-0.00793481	-7.60521200
-0.23764304	-0.00793481	-6.67745000
-0.23264304	-0.00793481	-6.23187900
-0.22764304	-0.00793481	-6.32343500
-0.22264304	-0.00793481	-6.34785000
-0.21764304	-0.00793481	-6.34785000
-0.21264304	-0.00793481	-6.34785000
-0.20764304	-0.00793481	-6.34785000
-0.20264304	-0.00793481	-6.34785000
-0.19764304	-0.00793481	-6.34785000
-0.19264304	-0.00793481	-6.37226500
-0.18764304	-0.00793481	-6.46382000
-0.18264304	-0.00793481	-6.01825000
-0.17764304	-0.00793481	-5.09048700
-0.17264304	-0.00793481	-4.64491700
-0.16764304	-0.00793481	-4.73647300
-0.16264304	-0.00793481	-4.76088700
-0.15764304	-0.00793481	-4.76088700
-0.15264304	-0.00793481	-4.76088700
-0.14764304	-0.00793481	-4.76088700
-0.14264304	-0.00793481	-4.73647300
-0.13764304	-0.00793481	-4.64491700
-0.13264304	-0.00793481	-5.09048700
-0.12764304	-0.00793481	-6.01825000
-0.12264304	-0.00793481	-6.43940500
-0.11764304	-0.00793481	-6.25629500
-0.11264304	-0.00805689	-6.65303500
-0.10764304	-0.00851466	-7.48924200
-0.10264304	-0.00640889	-8.35596800
-0.09764304	-0.00222785	-9.10061900
-0.09264304	0.00201422	-9.92461900
-0.08764304	0.00521867	-10.56551000
-0.08264304	0.01171911	-11.86560000
-0.07764304	0.02002014	-13.52580000
-0.07264304	0.02639851	-14.82589000
-0.06764304	0.02914518	-15.46678000
-0.06264304	0.03552354	-16.31520000
-0.05764304	0.04382458	-17.15140000
-0.05264304	0.05032502	-17.59697000
-0.04764304	0.05352946	-17.59697000
-0.04264304	0.05764946	-17.10257000
-0.03764304	0.06137272	-16.08325000
-0.03264304	0.06549272	-16.05884000
-0.02764304	0.06869716	-16.98660000
-0.02264304	0.07519761	-17.92657000
-0.01764304	0.08349864	-18.85434000
-0.01264304	0.08999909	-18.82992000
-0.00764304	0.09320353	-17.81060000
-0.00264304	0.09723197	-17.31620000
0.00235696	0.10043640	-17.31620000
0.00735696	0.10693690	-17.81060000
0.01235696	0.11523790	-18.82992000
0.01735696	0.12173830	-18.82992000
0.02235696	0.12494280	-17.81060000
0.02735696	0.12906280	-17.34062000
0.03235696	0.13275550	-17.43217000
0.03735696	0.13702810	-17.45659000
0.04235696	0.14072080	-17.45659000
0.04735696	0.14499340	-17.48100000
0.05235696	0.14868620	-17.57256000
0.05735696	0.15280620	-17.12699000
0.06235696	0.15601060	-16.19922000
0.06735696	0.16251110	-15.75365000
0.07235696	0.17081210	-15.84521000
0.07735696	0.17731250	-15.86962000
0.08235696	0.18051700	-15.86962000
0.08735696	0.18475910	-15.86962000
0.09235696	0.18894010	-15.86962000
0.09735696	0.19092380	-15.86962000
0.10235696	0.19000820	-15.86962000
0.10735696	0.19199190	-15.86962000
0.11235696	0.19617300	-15.86962000
0.11735696	0.20062870	-15.86962000
0.12235696	0.20480970	-15.86962000
0.12735696	0.20679340	-15.86962000
0.13235696	0.20587790	-15.86962000
0.13735696	0.20786160	-15.86962000
0.14235696	0.21204260	-15.86962000
0.14735696	0.21649830	-15.84521000
0.15235696	0.22067930	-15.75365000
0.15735696	0.22266300	-16.22364000
0.16235696	0.22174750	-17.24296000
0.16735696	0.22385330	-17.24296000
0.17235696	0.22849210	-16.22364000
0.17735696	0.23059790	-15.72924000
0.18235696	0.22968230	-15.72924000
0.18735696	0.23178810	-16.22364000
0.19235696	0.23642690	-17.24296000
0.19735696	0.23865470	-17.24296000
0.20235696	0.23819700	-16.22364000
0.20735696	0.23795280	-15.75365000
0.21235696	0.23749500	-15.84521000
0.21735696	0.23972290	-15.86962000
0.22235696	0.24436170	-15.86962000
0.22735696	0.24646750	-15.84521000
0.23235696	0.24555190	-15.75365000
0.23735696	0.24765770	-16.19922000
0.24235696	0.25229650	-17.12699000
0.24735696	0.25452440	-17.57256000
0.25235696	0.25406660	-17.48100000
0.25735696	0.25382240	-17.45659000
0.26235696	0.25336470	-17.45659000
0.26735696	0.25559250	-17.45659000
0.27235696	0.26023130	-17.45659000
0.27735696	0.26245920	-17.43217000
0.28235696	0.26200140	-17.34062000
0.28735696	0.26187930	-17.78619000
0.29235696	0.26187930	-18.71395000
0.29735696	0.26187930	-19.15952000
0.30235696	0.26187930	-19.06796000
0.30735695	0.26175730	-19.04355000
0.31235695	0.26129950	-19.04355000
0.31735695	0.26352730	-19.01913000
0.32235695	0.26816620	-18.92758000
0.32735695	0.27039400	-19.37315000
0.33235695	0.26993620	-20.30091000
0.33735695	0.26981410	-20.74648000
0.34235695	0.26981410	-20.65493000
0.34735695	0.26981410	-20.65493000
0.35235695	0.26981410	-20.74648000
0.35735695	0.26981410	-20.30091000
0.36235695	0.26981410	-19.37315000
0.36735695	0.26993620	-18.90317000
0.37235695	0.27039400	-18.90317000
0.37735695	0.26816620	-19.39757000
0.38235695	0.26352730	-20.41688000
0.38735695	0.26129950	-20.41688000
0.39235695	0.26175730	-19.39757000
0.39735695	0.26187930	-18.95199000
0.40235695	0.26187930	-19.13511000
0.40735695	0.26200140	-18.73836000
0.41235695	0.26245920	-17.90216000
0.41735695	0.26023130	-17.01102000
0.42235695	0.25559250	-16.17481000
0.42735695	0.25348680	-15.75365000
0.43235695	0.25440230	-15.84521000
0.43735695	0.25229650	-15.91846000
0.44235695	0.24765770	-16.10157000
0.44735695	0.24542990	-15.21042000
0.45235695	0.24588760	-13.35490000
0.45735695	0.24613180	-12.46376000
0.46235695	0.24658960	-12.64687000
0.46735695	0.24436170	-12.69570000
0.47235695	0.23972290	-12.69570000
0.47735695	0.23761710	-12.69570000
0.48235695	0.23853270	-12.69570000
0.48735695	0.23642690	-12.69570000
0.49235695	0.23178810	-12.69570000
0.49735695	0.22956020	-12.69570000
0.50235695	0.23001800	-12.69570000
0.50735695	0.23026220	-12.69570000
0.51235695	0.23071990	-12.69570000
0.51735695	0.22849210	-12.67128000
0.52235695	0.22385330	-12.57973000
0.52735695	0.22162540	-13.02530000
0.53235695	0.22208320	-13.95306000
0.53735695	0.22232730	-14.42305000
0.54235695	0.22278510	-14.42305000
0.54735695	0.22055730	-13.92865000
0.55235695	0.21591850	-12.90933000
0.55735695	0.21369060	-12.93374000
0.56235695	0.21414840	-14.04462000
0.56735695	0.21427050	-14.04462000
0.57235695	0.21427050	-12.93374000
0.57735695	0.21427050	-12.90933000
0.58235695	0.21427050	-13.92865000
0.58735695	0.21439250	-14.44746000
0.59235695	0.21485030	-14.53902000
0.59735695	0.21262240	-13.59905000
0.60235695	0.20798360	-11.65197000
0.60735695	0.20575580	-11.20640000
0.61235695	0.20621360	-12.31727000
0.61735695	0.20633560	-12.81167000
0.62235695	0.20633560	-12.72011000
0.62735695	0.20633560	-12.69570000
0.63235695	0.20633560	-12.69570000
0.63735695	0.20633560	-12.69570000
0.64235695	0.20633560	-12.69570000
0.64735695	0.20633560	-12.72011000
0.65235695	0.20633560	-12.81167000
0.65735695	0.20645770	-12.36610000
0.66235695	0.20691550	-11.43834000
0.66735695	0.20468760	-10.99277000
0.67235695	0.20004880	-11.08432000
0.67735695	0.19782100	-11.10874000
0.68235695	0.19827880	-11.10874000
0.68735695	0.19840080	-11.13315000
0.69235695	0.19840080	-11.22471000
0.69735695	0.19840080	-10.77914000
0.70235695	0.19840080	-9.85137500
0.70735695	0.19840080	-9.38139000
0.71235695	0.19840080	-9.38139000
0.71735695	0.19852290	-9.87579000
0.72235695	0.19898070	-10.89511000
0.72735695	0.19675280	-10.89511000
0.73235695	0.19211400	-9.87579000
0.73735695	0.18988620	-9.38139000
0.74235695	0.19034390	-9.38139000
0.74735695	0.19046600	-9.87579000
0.75235695	0.19046600	-10.89511000
0.75735695	0.19046600	-10.89511000
0.76235695	0.19046600	-9.87579000
0.76735695	0.19046600	-9.40580500
0.77235695	0.19046600	-9.49735900
0.77735695	0.19046600	-9.52177400
0.78235695	0.19046600	-9.52177400
0.78735695	0.19058810	-9.52177400
0.79235695	0.19104590	-9.52177400
0.79735695	0.18881800	-9.52177400
0.80235695	0.18417920	-9.52177400
0.80735695	0.18195140	-9.52177400
0.81235695	0.18240910	-9.52177400
0.81735695	0.18253120	-9.52177400
0.82235695	0.18253120	-9.52177400
0.82735695	0.18253120	-9.54619000
0.83235695	0.18253120	-9.63774600
0.83735695	0.18253120	-9.19217500
0.84235695	0.18253120	-8.26441300
0.84735695	0.18253120	-7.79442700
0.85235695	0.18253120	-7.79442700
0.85735695	0.18253120	-8.26441300
0.86235695	0.18253120	-9.19217500
0.86735695	0.18265330	-9.63774600
0.87235695	0.18311110	-9.54619000
0.87735695	0.18088320	-9.52177400
0.88235695	0.17624440	-9.52177400
0.88735695	0.17401650	-9.54619000
0.89235695	0.17447430	-9.63774600
0.89735695	0.17459640	-9.19217500
0.90235695	0.17459640	-8.26441300
0.90735695	0.17459640	-7.79442700
0.91235695	0.17459640	-7.79442700
0.91735695	0.17459640	-8.28882700
0.92235695	0.17459640	-9.30814500
0.92735695	0.17459640	-9.30814500
0.93235695	0.17459640	-8.28882700
0.93735695	0.17459640	-7.79442700
0.94235695	0.17459640	-7.79442700
0.94735695	0.17471850	-8.26441300
0.95235695	0.17517620	-9.19217500
0.95735695	0.17294840	-9.66216000
0.96235695	0.16830960	-9.66216000
0.96735695	0.16608170	-9.16776000
0.97235695	0.16653950	-8.14844100
0.97735695	0.16666160	-8.17285700
0.98235695	0.16666160	-9.28373100
0.98735695	0.16666160	-9.30814500
0.99235695	0.16666160	-8.28882700
0.99735695	0.16666160	-7.81884200
1.00235695	0.16666160	-7.91039800
1.00735695	0.16666160	-7.93481200
1.01235695	0.16666160	-7.93481200
1.01735695	0.16666160	-7.95922800
1.02235695	0.16666160	-8.05078300
1.02735695	0.16678370	-7.60521200
1.03235695	0.16724140	-6.67745000
1.03735695	0.16501360	-6.20746500
1.04235695	0.16037480	-6.20746500
1.04735695	0.15814690	-6.70186400
1.05235695	0.15860470	-7.72118300
1.05735695	0.15872680	-7.69676800
1.06235695	0.15872680	-6.58589400
1.06735695	0.15872680	-6.61030900
1.07235695	0.15872680	-7.81273800
1.07735695	0.15872680	-7.36716800
1.08235695	0.15872680	-5.32853200
1.08735695	0.15872680	-4.85854700
1.09235695	0.15872680	-5.96942000
1.09735695	0.15872680	-6.46382000
1.10235695	0.15872680	-6.37226500
1.10735695	0.15872680	-6.37226500
1.11235695	0.15872680	-6.46382000
1.11735695	0.15872680	-5.99383500
1.12235695	0.15872680	-4.97451700
1.12735695	0.15872680	-4.97451700
1.13235695	0.15872680	-5.99383500
1.13735695	0.15884880	-6.46382000
1.14235695	0.15930660	-6.37226500
1.14735695	0.15707880	-6.32343500
1.15235695	0.15244000	-6.23187900
1.15735695	0.15021210	-6.67745000
1.16235695	0.15066990	-7.60521200
1.16735695	0.15079200	-8.05078300
1.17235695	0.15079200	-7.95922800
1.17735695	0.15079200	-7.93481200
1.18235695	0.15079200	-7.93481200
1.18735695	0.15079200	-7.93481200
1.19235695	0.15079200	-7.93481200
1.19735695	0.15079200	-7.91039800
1.20235695	0.15079200	-7.81884200
1.20735695	0.15079200	-8.26441300
1.21235695	0.15079200	-9.19217500
1.21735695	0.15091400	-9.63774600
1.22235695	0.15137180	-9.54619000
1.22735695	0.14914390	-9.54619000
1.23235695	0.14450510	-9.63774600
1.23735695	0.14227730	-9.19217500
1.24235695	0.14273510	-8.26441300
1.24735695	0.14285710	-7.81884200
1.25235695	0.14285710	-7.91039800
1.25735695	0.14285710	-7.93481200
1.26235695	0.14285710	-7.93481200
1.26735695	0.14285710	-7.93481200
1.27235695	0.14285710	-7.93481200
1.27735695	0.14285710	-7.95922800
1.28235695	0.14285710	-8.05078300
1.28735695	0.14285710	-7.60521200
1.29235695	0.14285710	-6.67745000
1.29735695	0.14285710	-6.23187900
1.30235695	0.14285710	-6.32343500
1.30735695	0.14285710	-6.34785000
1.31235695	0.14285710	-6.34785000
1.31735695	0.14285710	-6.37226500
1.32235695	0.14285710	-6.46382000
1.32735695	0.14297920	-6.01825000
1.33235695	0.14343700	-5.09048700
1.33735695	0.14120910	-4.64491700
1.34235695	0.13653980	-4.73647300
1.34735695	0.13431200	-4.76088700
1.35235695	0.13476970	-4.76088700
1.35735695	0.13489180	-4.76088700
1.36235695	0.13489180	-4.76088700
1.36735695	0.13489180	-4.73647300
1.37235695	0.13489180	-4.64491700
1.37735695	0.13489180	-5.11490200
1.38235695	0.13489180	-6.13422100
1.38735695	0.13489180	-6.13422100
1.39235695	0.13489180	-5.11490200
1.39735695	0.13489180	-4.62050200
1.40235695	0.13489180	-4.62050200
1.40735695	0.13489180	-5.11490200
1.41235695	0.13489180	-6.13422100
1.41735695	0.13501390	-6.13422100
1.42235695	0.13547170	-5.11490200
1.42735695	0.13324380	-4.64491700
1.43235695	0.12860500	-4.73647300
1.43735695	0.12637720	-4.76088700
1.44235695	0.12683490	-4.76088700
1.44735695	0.12695700	-4.76088700
1.45235695	0.12695700	-4.76088700
1.45735695	0.12695700	-4.76088700
1.46235695	0.12695700	-4.76088700
1.46735695	0.12695700	-4.78530200
1.47235695	0.12695700	-4.87685800
1.47735695	0.12695700	-4.40687300
1.48235695	0.12695700	-3.38755500
1.48735695	0.12695700	-3.38755500
1.49235695	0.12695700	-4.40687300
1.49735695	0.12695700	-4.87685800
1.50235695	0.12695700	-4.78530200
1.50735695	0.12695700	-4.76088700
1.51235695	0.12695700	-4.76088700
1.51735695	0.12695700	-4.76088700
1.52235695	0.12695700	-4.76088700
1.52735695	0.12695700	-4.76088700
1.53235695	0.12695700	-4.76088700
1.53735695	0.12707910	-4.73647300
1.54235695	0.12753680	-4.64491700
1.54735695	0.12530900	-5.09048700
1.55235695	0.12067020	-6.01825000
1.55735695	0.11844230	-6.46382000
1.56235695	0.11890010	-6.37226500
1.56735695	0.11902220	-6.34785000
1.57235695	0.11902220	-6.34785000
1.57735695	0.11902220	-6.34785000
1.58235695	0.11902220	-6.34785000
1.58735695	0.11902220	-6.37226500
1.59235695	0.11902220	-6.46382000
1.59735695	0.11902220	-6.01825000
1.60235695	0.11902220	-5.09048700
1.60735695	0.11902220	-4.64491700
1.61235695	0.11902220	-4.73647300
1.61735695	0.11902220	-4.76088700
1.62235695	0.11902220	-4.76088700
1.62735695	0.11902220	-4.76088700
1.63235695	0.11902220	-4.76088700
1.63735695	0.11902220	-4.80971700
1.64235695	0.11902220	-4.99282800
1.64735695	0.11914430	-4.05285800
1.65235695	0.11960200	-2.01422100
1.65735695	0.11737420	-2.01422100
1.66235695	0.11273540	-4.05285800
1.66735695	0.11050750	-5.04165700
1.67235695	0.11096530	-5.04165700
1.67735695	0.11108740	-4.07727300
1.68235695	0.11108740	-2.13019200
1.68735695	0.11108740	-1.66020700
1.69235695	0.11108740	-2.67952500
1.69735695	0.11108740	-3.61949500
1.70235695	0.11108740	-4.45570200
1.70735695	0.11108740	-4.87685800
1.71235695	0.11108740	-4.78530200
1.71735695	0.11108740	-4.76088700
1.72235695	0.11108740	-4.76088700
1.72735695	0.11108740	-4.73647300
1.73235695	0.11108740	-4.64491700
1.73735695	0.11108740	-5.09048700
1.74235695	0.11108740	-6.01825000
1.74735695	0.11108740	-6.43940500
1.75235695	0.11108740	-6.25629500
1.75735695	0.11108740	-6.70186400
1.76235695	0.11108740	-7.72118300
1.76735695	0.11120950	-7.72118300
1.77235695	0.11166720	-6.70186400
1.77735695	0.10943940	-6.23187900
1.78235695	0.10480060	-6.32343500
1.78735695	0.10257270	-6.34785000
1.79235695	0.10303050	-6.34785000
1.79735695	0.10315260	-6.34785000
1.80235695	0.10315260	-6.34785000
1.80735695	0.10315260	-6.37226500
1.81235695	0.10315260	-6.46382000
1.81735695	0.10315260	-5.99383500
1.82235695	0.10315260	-4.97451700
1.82735695	0.10315260	-4.99893200
1.83235695	0.10315260	-6.10980600
1.83735695	0.10315260	-6.10980600
1.84235695	0.10315260	-4.99893200
1.84735695	0.10315260	-4.99893200
1.85235695	0.10315260	-6.10980600
1.85735695	0.10315260	-6.10980600
1.86235695	0.10315260	-4.99893200
1.86735695	0.10315260	-4.99893200
1.87235695	0.10315260	-6.10980600
1.87735695	0.10315260	-6.10980600
1.88235695	0.10315260	-4.99893200
1.88735695	0.10315260	-4.99893200
1.89235695	0.10315260	-6.10980600
1.89735695	0.10315260	-6.13422100
1.90235695	0.10315260	-5.11490200
1.90735695	0.10327460	-4.64491700
1.91235695	0.10373240	-4.73647300
1.91735695	0.10150460	-4.76088700
1.92235695	0.09686575	-4.76088700
1.92735695	0.09463790	-4.76088700
1.93235695	0.09509568	-4.76088700
1.93735695	0.09521775	-4.76088700
1.94235695	0.09521775	-4.76088700
1.94735695	0.09521775	-4.76088700
1.95235695	0.09521775	-4.76088700
1.95735694	0.09521775	-4.76088700
1.96235694	0.09521775	-4.76088700
1.96735694	0.09521775	-4.76088700
1.97235694	0.09521775	-4.76088700
1.97735694	0.09521775	-4.76088700
1.98235694	0.09521775	-4.76088700
1.98735694	0.09521775	-4.73647300
1.99235694	0.09521775	-4.64491700
1.99735694	0.09521775	-5.06607200
2.00235694	0.09521775	-5.90228000
2.00735694	0.09521775	-6.81783500
2.01235694	0.09521775	-7.74559700
2.01735694	0.09521775	-7.69676800
2.02235694	0.09521775	-6.58589400
2.02735694	0.09521775	-6.58589400
2.03235694	0.09521775	-7.69676800
2.03735694	0.09533982	-7.69676800
2.04235694	0.09579760	-6.58589400
2.04735694	0.09356975	-6.56148000
2.05235694	0.08893093	-7.58079800
2.05735694	0.08658101	-8.02636700
2.06235694	0.08658101	-7.84325600
2.06735694	0.08905301	-8.28882700
2.07235694	0.09414960	-9.30814500
2.07735694	0.09414960	-9.33256100
2.08235694	0.08905301	-8.40479800
2.08735694	0.08670308	-7.48924200
2.09235694	0.08716086	-6.65303500
2.09735694	0.08728294	-6.20746500
2.10235694	0.08728294	-6.20746500
2.10735694	0.08728294	-6.67745000
2.11235694	0.08728294	-7.60521200
2.11735694	0.08728294	-8.05078300
2.12235694	0.08728294	-7.95922800
2.12735694	0.08728294	-7.95922800
2.13235694	0.08728294	-8.05078300
2.13735694	0.08728294	-7.60521200
2.14235694	0.08728294	-6.67745000
2.14735694	0.08728294	-6.25629500
2.15235694	0.08728294	-6.43940500
2.15735694	0.08728294	-5.99383500
2.16235694	0.08728294	-4.97451700
2.16735694	0.08728294	-4.97451700
2.17235694	0.08728294	-5.99383500
2.17735694	0.08728294	-6.46382000
2.18235694	0.08728294	-6.37226500
2.18735694	0.08728294	-6.37226500
2.19235694	0.08728294	-6.46382000
2.19735694	0.08728294	-6.01825000
2.20235694	0.08728294	-5.09048700
2.20735694	0.08740501	-4.64491700
2.21235694	0.08786279	-4.73647300
2.21735694	0.08563494	-4.76088700
2.22235694	0.08099613	-4.76088700
2.22735694	0.07876828	-4.76088700
2.23235694	0.07922605	-4.76088700
2.23735694	0.07934812	-4.76088700
2.24235694	0.07934812	-4.76088700
2.24735694	0.07934812	-4.76088700
2.25235694	0.07934812	-4.76088700
2.25735694	0.07934812	-4.76088700
2.26235694	0.07934812	-4.76088700
2.26735694	0.07934812	-4.73647300
2.27235694	0.07934812	-4.64491700
2.27735694	0.07934812	-5.09048700
2.28235694	0.07934812	-6.01825000
2.28735694	0.07934812	-6.48823500
2.29235694	0.07934812	-6.48823500
2.29735694	0.07934812	-5.99383500
2.30235694	0.07934812	-4.97451700
2.30735694	0.07934812	-4.97451700
2.31235694	0.07934812	-5.99383500
2.31735694	0.07934812	-6.48823500
2.32235694	0.07934812	-6.48823500
2.32735694	0.07934812	-6.01825000
2.33235694	0.07934812	-5.09048700
2.33735694	0.07934812	-4.62050200
2.34235694	0.07934812	-4.62050200
2.34735694	0.07947020	-5.09048700
2.35235694	0.07992797	-6.01825000
2.35735694	0.07757805	-6.46382000
2.36235694	0.07248146	-6.37226500
2.36735694	0.07248146	-6.37226500
2.37235694	0.07757805	-6.46382000
2.37735694	0.07992797	-5.99383500
2.38235694	0.07947020	-4.97451700
2.38735694	0.07934812	-4.99893200
2.39235694	0.07934812	-6.10980600
2.39735694	0.07947020	-6.13422100
2.40235694	0.07992797	-5.11490200
2.40735694	0.07770012	-4.64491700
2.41235694	0.07306131	-4.73647300
2.41735694	0.07083346	-4.76088700
2.42235694	0.07129124	-4.76088700
2.42735694	0.07141331	-4.78530200
2.43235694	0.07141331	-4.87685800
2.43735694	0.07141331	-4.40687300
2.44235694	0.07141331	-3.38755500
2.44735694	0.07141331	-3.38755500
2.45235694	0.07141331	-4.40687300
2.45735694	0.07141331	-4.87685800
2.46235694	0.07141331	-4.78530200
2.46735694	0.07141331	-4.76088700
2.47235694	0.07141331	-4.76088700
2.47735694	0.07141331	-4.76088700
2.48235694	0.07141331	-4.76088700
2.48735694	0.07141331	-4.76088700
2.49235694	0.07141331	-4.76088700
2.49735694	0.07141331	-4.78530200
2.50235694	0.07141331	-4.87685800
2.50735694	0.07141331	-4.43128700
2.51235694	0.07141331	-3.50352500
2.51735694	0.07141331	-3.03354000
2.52235694	0.07141331	-3.03354000
2.52735694	0.07141331	-3.50352500
2.53235694	0.07141331	-4.43128700
2.53735694	0.07141331	-4.87685800
2.54235694	0.07141331	-4.78530200
2.54735694	0.07141331	-4.76088700
2.55235694	0.07141331	-4.76088700
2.55735694	0.07141331	-4.76088700
2.56235694	0.07141331	-4.76088700
2.56735694	0.07153539	-4.73647300
2.57235694	0.07199316	-4.64491700
2.57735694	0.06976531	-5.11490200
2.58235694	0.06512650	-6.13422100
2.58735694	0.06289865	-6.10980600
2.59235694	0.06335643	-4.99893200
2.59735694	0.06347850	-4.99893200
2.60235694	0.06347850	-6.10980600
2.60735694	0.06347850	-6.10980600
2.61235694	0.06347850	-4.99893200
2.61735694	0.06347850	-4.97451700
2.62235694	0.06347850	-5.99383500
2.62735694	0.06347850	-6.46382000
2.63235694	0.06347850	-6.37226500
2.63735694	0.06347850	-6.37226500
2.64235694	0.06347850	-6.46382000
2.64735694	0.06347850	-6.01825000
2.65235694	0.06347850	-5.09048700
2.65735694	0.06347850	-4.64491700
2.66235694	0.06347850	-4.73647300
2.66735694	0.06347850	-4.78530200
2.67235694	0.06347850	-4.87685800
2.67735694	0.06347850	-4.40687300
2.68235694	0.06347850	-3.38755500
2.68735694	0.06347850	-3.38755500
2.69235694	0.06347850	-4.40687300
2.69735694	0.06347850	-4.90127200
2.70235694	0.06347850	-4.90127200
2.70735694	0.06347850	-4.40687300
2.71235694	0.06347850	-3.38755500
2.71735694	0.06347850	-3.38755500
2.72235694	0.06347850	-4.40687300
2.72735694	0.06347850	-4.85244300
2.73235694	0.06347850	-4.66933200
2.73735694	0.06347850	-5.13931700
2.74235694	0.06347850	-6.25019100
2.74735694	0.06347850	-5.78020600
2.75235694	0.06347850	-3.74156900
2.75735694	0.06360057	-3.27158400
2.76235694	0.06405835	-4.38245800
2.76735694	0.06170843	-4.87685800
2.77235694	0.05661184	-4.78530200
2.77735694	0.05673391	-4.76088700
2.78235694	0.06228828	-4.76088700
2.78735694	0.06241035	-4.73647300
2.79235694	0.05731376	-4.64491700
2.79735694	0.05496383	-5.11490200
2.80235694	0.05542161	-6.13422100
2.80735694	0.05554369	-6.13422100
2.81235694	0.05554369	-5.11490200
2.81735694	0.05554369	-4.62050200
2.82235694	0.05554369	-4.62050200
2.82735694	0.05554369	-5.11490200
2.83235694	0.05554369	-6.13422100
2.83735694	0.05554369	-6.10980600
2.84235694	0.05554369	-4.99893200
2.84735694	0.05554369	-4.99893200
2.85235694	0.05554369	-6.10980600
2.85735694	0.05554369	-6.13422100
2.86235694	0.05554369	-5.11490200
2.86735694	0.05554369	-4.62050200
2.87235694	0.05554369	-4.62050200
2.87735694	0.05554369	-5.11490200
2.88235694	0.05554369	-6.13422100
2.88735694	0.05554369	-6.13422100
2.89235694	0.05554369	-5.11490200
2.89735694	0.05554369	-4.62050200
2.90235694	0.05554369	-4.62050200
2.90735694	0.05554369	-5.09048700
2.91235694	0.05554369	-6.01825000
2.91735694	0.05554369	-6.43940500
2.92235694	0.05554369	-6.25629500
2.92735694	0.05554369	-6.70186400
2.93235694	0.05554369	-7.72118300
2.93735694	0.05554369	-7.72118300
2.94235694	0.05554369	-6.70186400
2.94735694	0.05554369	-6.23187900
2.95235694	0.05554369	-6.32343500
2.95735694	0.05554369	-6.34785000
2.96235694	0.05554369	-6.34785000
2.96735694	0.05554369	-6.34785000
2.97235694	0.05554369	-6.34785000
2.97735694	0.05554369	-6.34785000
2.98235694	0.05554369	-6.34785000
2.98735694	0.05554369	-6.37226500
2.99235694	0.05554369	-6.46382000
2.99735694	0.05566576	-6.01825000
3.00235694	0.05612354	-5.09048700
3.00735694	0.05377361	-4.64491700
3.01235694	0.04867702	-4.73647300
3.01735694	0.04879910	-4.76088700
3.02235694	0.05435346	-4.76088700
3.02735694	0.05447554	-4.76088700
3.03235694	0.04937895	-4.76088700
3.03735694	0.04702902	-4.76088700
3.04235694	0.04748680	-4.76088700
3.04735694	0.04760887	-4.78530200
3.05235694	0.04760887	-4.87685800
3.05735694	0.04760887	-4.43128700
3.06235694	0.04760887	-3.50352500
3.06735694	0.04760887	-3.05795500
3.07235694	0.04760887	-3.14951000
3.07735694	0.04760887	-3.17392500
3.08235694	0.04760887	-3.17392500
3.08735694	0.04760887	-3.17392500
3.09235694	0.04760887	-3.17392500
3.09735694	0.04760887	-3.17392500
3.10235694	0.04760887	-3.17392500
3.10735694	0.04760887	-3.17392500
3.11235694	0.04760887	-3.17392500
3.11735694	0.04760887	-3.19834000
3.12235694	0.04760887	-3.28989500
3.12735694	0.04760887	-2.89315500
3.13235694	0.04760887	-2.14850300
3.13735694	0.04760887	-0.92776260
3.14235694	0.04760887	0.36622210
3.14735694	0.04760887	3.28379200
3.15235694	0.04760887	6.98263500
3.15735694	0.04760887	12.46376000
3.16235694	0.04760887	18.28669000
3.16735694	0.04760887	26.78915000
3.17235694	0.04760887	35.85315000
3.17735694	0.04760887	46.94357000
3.18235694	0.04760887	57.39311000
3.18735694	0.04760887	69.71038000
3.19235694	0.04760887	80.80080000
3.19735694	0.04760887	94.01532000
3.20235694	0.04760887	106.12510000
3.20735694	0.04760887	118.88180000
3.21235694	0.04760887	129.14820000
3.21735694	0.04760887	140.59270000
3.22235694	0.04760887	150.29760000
3.22735694	0.04760887	160.54570000
3.23235694	0.04760887	168.87110000
3.23735694	0.04760887	176.47630000
3.24235694	0.04760887	181.37150000
3.24735694	0.04760887	186.85260000
3.25235694	0.04760887	191.47920000
3.25735694	0.04760887	195.31850000
3.26235694	0.04760887	197.44260000
3.26735694	0.04760887	199.11500000
3.27235694	0.04760887	199.85960000
3.27735694	0.04760887	Infinity
3.28235694	0.04760887	199.11500000
3.28735694	0.04760887	197.39370000
3.29235694	0.04760887	195.08040000
3.29735694	0.04760887	192.06520000
3.30235694	0.04760887	189.01940000
3.30735694	0.04773095	185.65020000
3.31235694	0.04818873	182.87910000
3.31735694	0.04596087	178.64310000
3.32235694	0.04132206	174.01650000
3.32735694	0.03909421	168.85890000
3.33235694	0.03955199	164.33000000
3.33735694	0.03967406	159.68500000
3.34235694	0.03967406	156.17540000
3.34735694	0.03967406	151.56100000
3.35235694	0.03967406	147.12970000
3.35735694	0.03967406	141.54480000
3.36235694	0.03967406	136.08810000
3.36735694	0.03967406	130.97320000
3.37235694	0.03967406	127.46360000
3.37735694	0.03967406	123.27650000
3.38235694	0.03967406	119.57760000
3.38735694	0.03967406	115.34170000
3.39235694	0.03967406	111.63670000
3.39735694	0.03967406	107.40070000
3.40235694	0.03967406	103.70190000
3.40735694	0.03967406	99.44151000
3.41235694	0.03967406	95.65112000
3.41735694	0.03967406	91.81188000
3.42235694	0.03967406	88.85769000
3.42735694	0.03967406	85.90960000
3.43235694	0.03967406	83.78551000
3.43735694	0.03967406	81.26469000
3.44235694	0.03967406	79.04294000
3.44735694	0.03967406	76.50380000
3.45235694	0.03967406	74.28205000
3.45735694	0.03967406	71.71850000
3.46235694	0.03967406	69.40520000
3.46735694	0.03967406	67.31162000
3.47235694	0.03967406	66.01764000
3.47735694	0.03967406	63.92407000
3.48235694	0.03967406	61.61077000
3.48735694	0.03967406	58.99838000
3.49235694	0.03967406	56.58742000
3.49735694	0.03967406	54.93942000
3.50235694	0.03967406	54.57320000
3.50735694	0.03967406	52.87637000
3.51235694	0.03967406	50.28840000
3.51735694	0.03967406	48.56715000
3.52235694	0.03967406	48.10938000
3.52735694	0.03967406	46.88253000
3.53235694	0.03967406	45.31388000
3.53735694	0.03967406	43.54381000
3.54235694	0.03967406	41.88360000
3.54735694	0.03967406	41.07791000
3.55235694	0.03967406	41.45634000
3.55735694	0.03967406	40.63234000
3.56235694	0.03967406	38.86837000
3.56735694	0.03967406	37.54997000
3.57235694	0.03967406	36.90909000
3.57735694	0.03967406	36.08509000
3.58235694	0.03967406	35.34044000
3.58735694	0.03967406	34.49812000
3.59235694	0.03967406	33.75347000
3.59735694	0.03979614	32.91116000
3.60235693	0.04025391	32.16651000
3.60735693	0.03790399	31.29978000
3.61235693	0.03280740	30.46358000
3.61735693	0.03292947	30.06684000
3.62235693	0.03848384	30.24995000
3.62735693	0.03860591	29.82879000
3.63235693	0.03350932	28.90103000
3.63735693	0.03103732	28.47987000
3.64235693	0.03103732	28.66298000
3.64735693	0.03350932	28.26624000
3.65235693	0.03860591	27.43003000
3.65735693	0.03860591	26.53279000
3.66235693	0.03350932	25.69658000
3.66735693	0.03115940	25.27543000
3.67235693	0.03161718	25.36699000
3.67735693	0.03173925	25.39140000
3.68235693	0.03173925	25.39140000
3.68735693	0.03173925	25.44023000
3.69235693	0.03173925	25.62334000
3.69735693	0.03173925	24.73220000
3.70235693	0.03173925	22.87667000
3.70735693	0.03173925	22.00995000
3.71235693	0.03173925	22.28461000
3.71735693	0.03173925	21.91229000
3.72235693	0.03173925	21.07608000
3.72735693	0.03173925	20.18494000
3.73235693	0.03173925	19.34873000
3.73735693	0.03173925	18.92758000
3.74235693	0.03173925	19.01913000
3.74735693	0.03173925	19.06796000
3.75235693	0.03173925	19.15952000
3.75735693	0.03173925	18.71395000
3.76235693	0.03173925	17.78619000
3.76735693	0.03173925	17.36503000
3.77235693	0.03173925	17.54814000
3.77735693	0.03173925	17.12699000
3.78235693	0.03173925	16.19922000
3.78735693	0.03173925	15.75365000
3.79235693	0.03173925	15.84521000
3.79735693	0.03173925	15.89404000
3.80235693	0.03173925	15.98559000
3.80735693	0.03173925	15.54002000
3.81235693	0.03173925	14.61226000
3.81735693	0.03173925	14.19111000
3.82235693	0.03173925	14.37422000
3.82735693	0.03173925	13.92865000
3.83235693	0.03173925	12.90933000
3.83735693	0.03173925	12.93374000
3.84235693	0.03173925	14.04462000
3.84735693	0.03173925	14.06903000
3.85235693	0.03173925	13.04971000
3.85735693	0.03173925	12.57973000
3.86235693	0.03173925	12.67128000
3.86735693	0.03173925	12.69570000
3.87235693	0.03173925	12.69570000
3.87735693	0.03173925	12.69570000
3.88235693	0.03173925	12.69570000
3.88735693	0.03173925	12.67128000
3.89235693	0.03173925	12.57973000
3.89735693	0.03173925	13.04971000
3.90235693	0.03173925	14.06903000
3.90735693	0.03173925	14.06903000
3.91235693	0.03173925	13.04971000
3.91735693	0.03173925	12.57973000
3.92235693	0.03173925	12.67128000
3.92735693	0.03173925	12.72011000
3.93235693	0.03173925	12.81167000
3.93735693	0.03173925	12.34169000
3.94235693	0.03173925	11.32237000
3.94735693	0.03173925	11.32237000
3.95235693	0.03173925	12.34169000
3.95735693	0.03173925	12.83609000
3.96235693	0.03173925	12.83609000
3.96735693	0.03173925	12.36610000
3.97235693	0.03173925	11.43834000
3.97735693	0.03173925	10.99277000
3.98235693	0.03173925	11.08432000
3.98735693	0.03173925	11.10874000
3.99235693	0.03173925	11.10874000
3.99735693	0.03173925	11.13315000
4.00235693	0.03173925	11.22471000
4.00735693	0.03173925	10.77914000
4.01235693	0.03173925	9.85137500
4.01735693	0.03173925	9.40580500
4.02235693	0.03173925	9.49735900
4.02735693	0.03173925	9.52177400
4.03235693	0.03173925	9.52177400
4.03735693	0.03173925	9.52177400
4.04235693	0.03173925	9.52177400
4.04735693	0.03186132	9.52177400
4.05235693	0.03231910	9.52177400
4.05735693	0.02996918	9.52177400
4.06235693	0.02487259	9.52177400
4.06735693	0.02499466	9.54619000
4.07235693	0.03054903	9.63774600
4.07735693	0.03054903	9.19217500
4.08235693	0.02499466	8.26441300
4.08735693	0.02499466	7.81884200
4.09235693	0.03054903	7.91039800
4.09735693	0.03067110	7.93481200
4.10235693	0.02557451	7.93481200
4.10735693	0.02322458	7.93481200
4.11235693	0.02368236	7.93481200
4.11735693	0.02380444	7.93481200
4.12235693	0.02380444	7.93481200
4.12735693	0.02380444	7.93481200
4.13235693	0.02380444	7.93481200
4.13735693	0.02380444	7.95922800
4.14235693	0.02380444	8.05078300
4.14735693	0.02380444	7.58079800
4.15235693	0.02380444	6.56148000
4.15735693	0.02380444	6.61030900
4.16235693	0.02380444	7.81273800
4.16735693	0.02380444	7.36716800
4.17235693	0.02380444	5.32853200
4.17735693	0.02380444	4.85854700
4.18235693	0.02380444	5.96942000
4.18735693	0.02380444	6.46382000
4.19235693	0.02380444	6.37226500
4.19735693	0.02380444	6.34785000
4.20235693	0.02380444	6.34785000
4.20735693	0.02380444	6.34785000
4.21235693	0.02380444	6.34785000
4.21735693	0.02380444	6.34785000
4.22235693	0.02380444	6.34785000
4.22735693	0.02380444	6.37226500
4.23235693	0.02380444	6.46382000
4.23735693	0.02380444	6.01825000
4.24235693	0.02380444	5.09048700
4.24735693	0.02380444	4.64491700
4.25235693	0.02380444	4.73647300
4.25735693	0.02380444	4.76088700
4.26235693	0.02380444	4.76088700
4.26735693	0.02380444	4.76088700
4.27235693	0.02380444	4.76088700
4.27735693	0.02380444	4.76088700
4.28235693	0.02380444	4.76088700
4.28735693	0.02380444	4.76088700
4.29235693	0.02380444	4.76088700
4.29735693	0.02380444	4.76088700
4.30235693	0.02380444	4.76088700
4.30735693	0.02380444	4.76088700
4.31235693	0.02380444	4.76088700
4.31735693	0.02380444	4.73647300
4.32235693	0.02380444	4.64491700
4.32735693	0.02380444	5.11490200
4.33235693	0.02380444	6.13422100
4.33735693	0.02380444	6.13422100
4.34235693	0.02380444	5.11490200
4.34735693	0.02380444	4.64491700
4.35235693	0.02380444	4.73647300
4.35735693	0.02380444	4.76088700
4.36235693	0.02380444	4.76088700
4.36735693	0.02380444	4.78530200
4.37235693	0.02380444	4.87685800
4.37735693	0.02380444	4.43128700
4.38235693	0.02380444	3.50352500
4.38735693	0.02380444	3.05795500
4.39235693	0.02380444	3.14951000
4.39735693	0.02380444	3.17392500
4.40235693	0.02380444	3.17392500
4.40735693	0.02380444	3.17392500
4.41235693	0.02380444	3.17392500
4.41735693	0.02380444	3.17392500
4.42235693	0.02380444	3.17392500
4.42735693	0.02380444	3.14951000
4.43235693	0.02380444	3.05795500
4.43735693	0.02380444	3.50352500
4.44235693	0.02380444	4.43128700
4.44735693	0.02380444	4.90127200
4.45235693	0.02380444	4.90127200
4.45735693	0.02380444	4.40687300
4.46235693	0.02380444	3.38755500
4.46735693	0.02380444	3.38755500
4.47235693	0.02380444	4.40687300
4.47735693	0.02380444	4.87685800
4.48235693	0.02380444	4.78530200
4.48735693	0.02380444	4.76088700
4.49235693	0.02380444	4.76088700
4.49735693	0.02380444	4.76088700
4.50235693	0.02380444	4.76088700
4.50735693	0.02380444	4.78530200
4.51235693	0.02380444	4.87685800
4.51735693	0.02380444	4.40687300
4.52235693	0.02380444	3.38755500
4.52735693	0.02380444	3.41196900
4.53235693	0.02380444	4.52284300
4.53735693	0.02380444	4.52284300
4.54235693	0.02380444	3.41196900
4.54735693	0.02380444	3.38755500
4.55235693	0.02380444	4.40687300
4.55735693	0.02380444	4.90127200
4.56235693	0.02380444	4.90127200
4.56735693	0.02392651	4.43128700
4.57235693	0.02438429	3.50352500
4.57735693	0.02203436	3.05795500
4.58235693	0.01693777	3.14951000
4.58735693	0.01693777	3.14951000
4.59235693	0.02203436	3.05795500
4.59735693	0.02450636	3.50352500
4.60235693	0.02450636	4.43128700
4.60735693	0.02215644	4.90127200
4.61235693	0.01751762	4.90127200
4.61735693	0.01528977	4.43128700
4.62235693	0.01574755	3.50352500
4.62735693	0.01586962	3.05795500
4.63235693	0.01586962	3.14951000
4.63735693	0.01586962	3.17392500
4.64235693	0.01586962	3.17392500
4.64735693	0.01586962	3.17392500
4.65235693	0.01586962	3.17392500
4.65735693	0.01586962	3.17392500
4.66235693	0.01586962	3.17392500
4.66735693	0.01586962	3.17392500
4.67235693	0.01586962	3.17392500
4.67735693	0.01586962	3.17392500
4.68235693	0.01586962	3.17392500
4.68735693	0.01586962	3.17392500
4.69235693	0.01586962	3.17392500
4.69735693	0.01586962	3.14951000
4.70235693	0.01586962	3.05795500
4.70735693	0.01586962	3.50352500
4.71235693	0.01586962	4.43128700
4.71735693	0.01586962	4.87685800
4.72235693	0.01586962	4.78530200
4.72735693	0.01586962	4.78530200
4.73235693	0.01586962	4.87685800
4.73735693	0.01586962	4.43128700
4.74235693	0.01586962	3.50352500
4.74735693	0.01586962	3.03354000
4.75235693	0.01586962	3.03354000
4.75735693	0.01586962	3.50352500
4.76235693	0.01586962	4.43128700
4.76735693	0.01586962	4.92568700
4.77235693	0.01586962	5.01724300
4.77735693	0.01586962	4.07727300
4.78235693	0.01586962	2.13019200
4.78735693	0.01586962	1.66020700
4.79235693	0.01586962	2.67952500
4.79735693	0.01586962	3.64391000
4.80235693	0.01586962	4.57167300
4.80735693	0.01586962	4.54725700
4.81235693	0.01586962	3.52794000
4.81735693	0.01586962	3.08237000
4.82235693	0.01586962	3.26548100
4.82735693	0.01586962	2.81991000
4.83235693	0.01586962	1.80059200
4.83735693	0.01586962	1.82500700
4.84235693	0.01586962	2.93588100
4.84735693	0.01586962	2.98471000
4.85235693	0.01586962	2.05694700
4.85735693	0.01586962	1.14139200
4.86235693	0.01586962	0.30518510
4.86735693	0.01586962	-0.11597030
4.87235693	0.01586962	-0.02441481
4.87735693	0.01586962	0.00000000
4.88235693	0.01586962	0.00000000
4.88735693	0.01586962	0.00000000
4.89235693	0.01586962	0.00000000
4.89735693	0.01586962	-0.02441481
4.90235693	0.01586962	-0.11597030
4.90735693	0.01586962	0.35401470
4.91235693	0.01586962	1.37333300
4.91735693	0.01586962	1.37333300
4.92235693	0.01586962	0.35401470
4.92735693	0.01586962	-0.11597030
4.93235693	0.01586962	-0.02441481
4.93735693	0.01586962	-0.02441481
4.94235693	0.01586962	-0.11597030
4.94735693	0.01586962	0.35401470
4.95235693	0.01586962	1.37333300
4.95735693	0.01586962	1.37333300
4.96235693	0.01586962	0.35401470
4.96735693	0.01586962	-0.11597030
4.97235693	0.01586962	-0.02441481
4.97735693	0.01586962	0.00000000
4.98235693	0.01586962	0.00000000
4.98735693	0.01586962	0.00000000
4.99235693	0.01586962	0.00000000
4.99735693	0.01586962	-0.02441481
5.00235693	0.01586962	-0.11597030
5.00735693	0.01586962	0.35401470
5.01235693	0.01586962	1.37333300
5.01735693	0.01586962	1.37333300
5.02235693	0.01586962	0.35401470
5.02735693	0.01586962	-0.14038510
5.03235693	0.01586962	-0.14038510
5.03735693	0.01586962	0.32959990
5.04235693	0.01586962	1.25736300
5.04735693	0.01586962	1.70293300
5.05235693	0.01586962	1.61137700
5.05735693	0.01586962	1.58696200
5.06235693	0.01586962	1.58696200
5.06735693	0.01586962	1.58696200
5.07235693	0.01586962	1.58696200
5.07735693	0.01586962	1.58696200
5.08235693	0.01586962	1.58696200
5.08735693	0.01586962	1.58696200
5.09235693	0.01586962	1.58696200
5.09735693	0.01586962	1.58696200
5.10235693	0.01586962	1.58696200
5.10735693	0.01586962	1.58696200
5.11235693	0.01586962	1.58696200
5.11735693	0.01586962	1.58696200
5.12235693	0.01586962	1.58696200
5.12735693	0.01586962	1.58696200
5.13235693	0.01586962	1.58696200
5.13735693	0.01586962	1.58696200
5.14235693	0.01586962	1.58696200
5.14735693	0.01586962	1.58696200
5.15235693	0.01586962	1.58696200
5.15735693	0.01586962	1.58696200
5.16235693	0.01586962	1.58696200
5.16735693	0.01586962	1.61137700
5.17235693	0.01586962	1.70293300
5.17735693	0.01586962	1.25736300
5.18235693	0.01586962	0.32959990
5.18735693	0.01586962	-0.11597030
5.19235693	0.01586962	-0.02441481
5.19735693	0.01586962	0.00000000
5.20235693	0.01586962	0.00000000
5.20735693	0.01586962	0.00000000
5.21235693	0.01586962	0.00000000
5.21735693	0.01586962	0.00000000
5.22235693	0.01586962	0.00000000
5.22735693	0.01599170	0.00000000
5.23235693	0.01644948	0.00000000
5.23735693	0.01409955	-0.02441481
5.24235693	0.00900296	-0.11597030
5.24735692	0.00900296	0.35401470
5.25235692	0.01409955	1.37333300
5.25735692	0.01644948	1.37333300
5.26235692	0.01599170	0.35401470
5.26735692	0.01586962	-0.11597030
5.27235692	0.01586962	-0.02441481
5.27735692	0.01599170	0.00000000
5.28235692	0.01644948	0.00000000
5.28735692	0.01409955	0.00000000
5.29235692	0.00900296	0.00000000
5.29735692	0.00900296	0.02441481
5.30235692	0.01409955	0.11597030
5.30735692	0.01657155	-0.35401470
5.31235692	0.01657155	-1.37333300
5.31735692	0.01422163	-1.37333300
5.32235692	0.00958281	-0.35401470
5.32735692	0.00735496	0.11597030
5.33235692	0.00781274	0.02441481
5.33735692	0.00793481	0.00000000
5.34235692	0.00793481	0.00000000
5.34735692	0.00793481	0.00000000
5.35235692	0.00793481	0.00000000
5.35735692	0.00793481	-0.02441481
5.36235692	0.00793481	-0.11597030
5.36735692	0.00793481	0.30518510
5.37235692	0.00793481	1.14139200
5.37735692	0.00781274	2.08136200
5.38235692	0.00735496	3.10068000
5.38735692	0.00970489	2.60628100
5.39235692	0.01480148	0.56764430
5.39735692	0.01480148	0.12207400
5.40235692	0.00970489	1.32450300
5.40735692	0.00735496	1.37333300
5.41235692	0.00781274	0.35401470
5.41735692	0.00793481	-0.11597030
5.42235692	0.00793481	-0.02441481
5.42735692	0.00793481	0.02441481
5.43235692	0.00793481	0.11597030
5.43735692	0.00793481	-0.30518510
5.44235692	0.00793481	-1.14139200
5.44735692	0.00793481	-2.05694700
5.45235692	0.00793481	-2.98471000
5.45735692	0.00793481	-2.96029500
5.46235692	0.00793481	-1.94097700
5.46735692	0.00793481	-1.47099200
5.47235692	0.00793481	-1.56254800
5.47735692	0.00793481	-1.56254800
5.48235692	0.00793481	-1.47099200
5.48735692	0.00793481	-1.94097700
5.49235692	0.00793481	-2.96029500
5.49735692	0.00793481	-2.96029500
5.50235692	0.00793481	-1.94097700
5.50735692	0.00793481	-1.49540700
5.51235692	0.00793481	-1.67851800
5.51735692	0.00793481	-1.25736300
5.52235692	0.00793481	-0.32959990
5.52735692	0.00793481	0.11597030
5.53235692	0.00793481	0.02441481
5.53735692	0.00793481	0.02441481
5.54235692	0.00793481	0.11597030
5.54735692	0.00793481	-0.35401470
5.55235692	0.00793481	-1.37333300
5.55735692	0.00793481	-1.34891800
5.56235692	0.00793481	-0.23804440
5.56735692	0.00793481	-0.23804440
5.57235692	0.00793481	-1.34891800
5.57735692	0.00793481	-1.34891800
5.58235692	0.00793481	-0.23804440
5.58735692	0.00793481	-0.21362960
5.59235692	0.00793481	-1.23294800
5.59735692	0.00793481	-1.70293300
5.60235692	0.00793481	-1.61137700
5.60735692	0.00793481	-1.58696200
5.61235692	0.00793481	-1.58696200
5.61735692	0.00793481	-1.58696200
5.62235692	0.00793481	-1.58696200
5.62735692	0.00793481	-1.58696200
5.63235692	0.00793481	-1.58696200
5.63735692	0.00793481	-1.56254800
5.64235692	0.00793481	-1.47099200
5.64735692	0.00793481	-1.94097700
5.65235692	0.00793481	-2.96029500
5.65735692	0.00793481	-2.96029500
5.66235692	0.00793481	-1.94097700
5.66735692	0.00793481	-1.49540700
5.67235692	0.00793481	-1.67851800
5.67735692	0.00793481	-1.25736300
5.68235692	0.00793481	-0.32959990
5.68735692	0.00793481	0.14038510
5.69235692	0.00793481	0.14038510
5.69735692	0.00793481	-0.35401470
5.70235692	0.00793481	-1.37333300
5.70735692	0.00793481	-1.37333300
5.71235692	0.00793481	-0.35401470
5.71735692	0.00793481	0.11597030
5.72235692	0.00793481	0.02441481
5.72735692	0.00793481	0.00000000
5.73235692	0.00793481	0.00000000
5.73735692	0.00793481	0.04882962
5.74235692	0.00793481	0.23194070
5.74735692	0.00793481	-0.68361460
5.75235692	0.00793481	-2.63069600
5.75735692	0.00793481	-3.05185100
5.76235692	0.00793481	-1.84942200
5.76735692	0.00793481	-1.82500700
5.77235692	0.00793481	-2.93588100
5.77735692	0.00793481	-2.98471000
5.78235692	0.00793481	-2.05694700
5.78735692	0.00793481	-1.14139200
5.79235692	0.00793481	-0.30518510
5.79735692	0.00793481	0.14038510
5.80235692	0.00793481	0.14038510
5.80735692	0.00793481	-0.35401470
5.81235692	0.00793481	-1.37333300
5.81735692	0.00793481	-1.37333300
5.82235692	0.00793481	-0.35401470
5.82735692	0.00793481	0.14038510
5.83235692	0.00793481	0.14038510
5.83735692	0.00793481	-0.32959990
5.84235692	0.00793481	-1.25736300
5.84735692	0.00793481	-1.70293300
5.85235692	0.00793481	-1.61137700
5.85735692	0.00793481	-1.58696200
5.86235692	0.00793481	-1.58696200
5.86735692	0.00793481	-1.58696200
5.87235692	0.00793481	-1.58696200
5.87735692	0.00793481	-1.58696200
5.88235692	0.00793481	-1.58696200
5.88735692	0.00793481	-1.58696200
5.89235692	0.00793481	-1.58696200
5.89735692	0.00793481	-1.58696200
5.90235692	0.00793481	-1.58696200
5.90735692	0.00793481	-1.61137700
5.91235692	0.00793481	-1.70293300
5.91735692	0.00793481	-1.23294800
5.92235692	0.00793481	-0.21362960
5.92735692	0.00793481	-0.23804440
5.93235692	0.00793481	-1.34891800
5.93735692	0.00793481	-1.37333300
5.94235692	0.00793481	-0.35401470
5.94735692	0.00793481	0.14038510
5.95235692	0.00793481	0.14038510
5.95735692	0.00793481	-0.35401470
5.96235692	0.00793481	-1.37333300
5.96735692	0.00793481	-1.34891800
5.97235692	0.00793481	-0.23804440
5.97735692	0.00793481	-0.21362960
5.98235692	0.00793481	-1.23294800
5.98735692	0.00793481	-1.70293300
5.99235692	0.00793481	-1.61137700
5.99735692	0.00793481	-1.56254800
6.00235692	0.00793481	-1.47099200
6.00735692	0.00793481	-1.94097700
6.01235692	0.00793481	-2.96029500
6.01735692	0.00793481	-2.93588100
6.02235692	0.00793481	-1.82500700
6.02735692	0.00793481	-1.77617700
6.03235692	0.00793481	-2.70394000
6.03735692	0.00793481	-3.61949500
6.04235692	0.00793481	-4.45570200
6.04735692	0.00793481	-4.87685800
6.05235692	0.00793481	-4.78530200
6.05735692	0.00793481	-4.76088700
6.06235692	0.00793481	-4.76088700
6.06735692	0.00793481	-4.78530200
6.07235692	0.00793481	-4.87685800
6.07735692	0.00793481	-4.43128700
6.08235692	0.00793481	-3.50352500
6.08735692	0.00793481	-3.05795500
6.09235692	0.00793481	-3.14951000
6.09735692	0.00793481	-3.17392500
6.10235692	0.00793481	-3.17392500
6.10735692	0.00793481	-3.17392500
6.11235692	0.00793481	-3.17392500
6.11735692	0.00793481	-3.17392500
6.12235692	0.00793481	-3.17392500
6.12735692	0.00793481	-3.17392500
6.13235692	0.00793481	-3.17392500
6.13735692	0.00793481	-3.19834000
6.14235692	0.00793481	-3.28989500
6.14735692	0.00793481	-2.84432500
6.15235692	0.00793481	-1.91656200
6.15735692	0.00793481	-1.47099200
6.16235692	0.00793481	-1.56254800
6.16735692	0.00793481	-1.58696200
6.17235692	0.00793481	-1.58696200
6.17735692	0.00793481	-1.58696200
6.18235692	0.00793481	-1.58696200
6.18735692	0.00793481	-1.58696200
6.19235692	0.00793481	-1.58696200
6.19735692	0.00793481	-1.58696200
6.20235692	0.00793481	-1.58696200
6.20735692	0.00793481	-1.58696200
6.21235692	0.00793481	-1.58696200
6.21735692	0.00793481	-1.58696200
6.22235692	0.00793481	-1.58696200
6.22735692	0.00793481	-1.58696200
6.23235692	0.00793481	-1.58696200
6.23735692	0.00793481	-1.58696200
6.24235692	0.00793481	-1.58696200
6.24735692	0.00793481	-1.58696200
6.25235692	0.00793481	-1.58696200
6.25735692	0.00793481	-1.58696200
6.26235692	0.00793481	-1.58696200
6.26735692	0.00793481	-1.58696200
6.27235692	0.00793481	-1.58696200
6.27735692	0.00793481	-1.58696200
6.28235692	0.00793481	-1.58696200
6.28735692	0.00793481	-1.58696200
6.29235692	0.00793481	-1.58696200
6.29735692	0.00805689	-1.56254800
6.30235692	0.00851466	-1.47099200
6.30735692	0.00616474	-1.94097700
6.31235692	0.00106815	-2.96029500
6.31735692	0.00106815	-2.96029500
6.32235692	0.00616474	-1.94097700
6.32735692	0.00851466	-1.47099200
6.33235692	0.00805689	-1.56254800
6.33735692	0.00793481	-1.61137700
6.34235692	0.00793481	-1.70293300
6.34735692	0.00805689	-1.23294800
6.35235692	0.00851466	-0.21362960
6.35735692	0.00616474	-0.21362960
6.36235692	0.00106815	-1.23294800
6.36735692	0.00119022	-1.70293300
6.37235692	0.00674459	-1.61137700
6.37735692	0.00674459	-1.58696200
6.38235692	0.00119022	-1.58696200
6.38735692	0.00106815	-1.58696200
6.39235692	0.00616474	-1.58696200
6.39735692	0.00863674	-1.56254800
6.40235692	0.00863674	-1.47099200
6.40735692	0.00616474	-1.91656200
6.41235692	0.00106815	-2.84432500
6.41735692	0.00106815	-3.31431000
6.42235692	0.00616474	-3.31431000
6.42735692	0.00863674	-2.81991000
6.43235692	0.00863674	-1.80059200
6.43735692	0.00616474	-1.82500700
6.44235692	0.00106815	-2.93588100
6.44735692	0.00106815	-2.96029500
6.45235692	0.00616474	-1.94097700
6.45735692	0.00863674	-1.47099200
6.46235692	0.00863674	-1.56254800
6.46735692	0.00628681	-1.58696200
6.47235692	0.00164800	-1.58696200
6.47735692	-0.00070193	-1.58696200
6.48235692	-0.00070193	-1.58696200
6.48735692	0.00177007	-1.56254800
6.49235692	0.00686667	-1.47099200
6.49735692	0.00674459	-1.91656200
6.50235692	0.00119022	-2.84432500
6.50735692	0.00119022	-3.31431000
6.51235692	0.00674459	-3.31431000
6.51735692	0.00686667	-2.81991000
6.52235692	0.00177007	-1.80059200
6.52735692	-0.00057985	-1.82500700
6.53235692	-0.00012207	-2.93588100
6.53735692	0.00000000	-2.96029500
6.54235692	0.00000000	-1.94097700
6.54735692	0.00000000	-1.47099200
6.55235692	0.00000000	-1.56254800
6.55735692	-0.00012207	-1.58696200
6.56235692	-0.00057985	-1.58696200
6.56735692	0.00177007	-1.58696200
6.57235692	0.00686667	-1.58696200
6.57735692	0.00686667	-1.58696200
6.58235692	0.00177007	-1.58696200
6.58735692	-0.00057985	-1.58696200
6.59235692	-0.00012207	-1.58696200
6.59735692	0.00000000	-1.61137700
6.60235692	0.00000000	-1.70293300
6.60735692	0.00000000	-1.25736300
6.61235692	0.00000000	-0.32959990
6.61735692	0.00000000	0.14038510
6.62235692	0.00000000	0.14038510
6.62735692	0.00000000	-0.30518510
6.63235692	0.00000000	-1.14139200
6.63735692	0.00000000	-2.03253300
6.64235692	0.00000000	-2.86874000
6.64735692	0.00000000	-3.31431000
6.65235692	0.00000000	-3.31431000
6.65735692	0.00000000	-2.81991000
6.66235692	0.00000000	-1.80059200
6.66735692	0.00000000	-1.80059200
6.67235692	0.00000000	-2.81991000
6.67735692	0.00000000	-3.28989500
6.68235692	0.00000000	-3.19834000
6.68735692	0.00000000	-3.17392500
6.69235692	0.00000000	-3.17392500
6.69735692	0.00000000	-3.19834000
6.70235692	0.00000000	-3.28989500
6.70735692	0.00000000	-2.84432500
6.71235692	0.00000000	-1.91656200
6.71735692	0.00000000	-1.47099200
6.72235692	0.00000000	-1.56254800
6.72735692	0.00000000	-1.56254800
6.73235692	0.00000000	-1.47099200
6.73735692	0.00000000	-1.94097700
6.74235692	0.00000000	-2.96029500
6.74735692	0.00000000	-2.96029500
6.75235692	0.00000000	-1.94097700
6.75735692	0.00000000	-1.47099200
6.76235692	0.00000000	-1.56254800
6.76735692	0.00000000	-1.58696200
6.77235692	0.00000000	-1.58696200
6.77735692	0.00000000	-1.56254800
6.78235692	0.00000000	-1.47099200
6.78735692	0.00000000	-1.94097700
6.79235692	0.00000000	-2.96029500
6.79735692	0.00000000	-2.93588100
6.80235692	0.00000000	-1.82500700
6.80735692	0.00000000	-1.80059200
6.81235692	0.00000000	-2.81991000
6.81735692	0.00000000	-3.31431000
6.82235692	0.00000000	-3.31431000
6.82735692	0.00000000	-2.84432500
6.83235692	0.00000000	-1.91656200
6.83735692	0.00000000	-1.47099200
6.84235692	0.00000000	-1.56254800
6.84735692	0.00000000	-1.58696200
6.85235692	0.00000000	-1.58696200
6.85735692	0.00000000	-1.56254800
6.86235692	0.00000000	-1.47099200
6.86735692	0.00000000	-1.91656200
6.87235692	0.00000000	-2.84432500
6.87735692	0.00000000	-3.28989500
6.88235692	0.00000000	-3.19834000
6.88735692	0.00000000	-3.17392500
6.89235691	0.00000000	-3.17392500
6.89735691	0.00000000	-3.14951000
6.90235691	0.00000000	-3.05795500
6.90735691	0.00000000	-3.50352500
6.91235691	0.00000000	-4.43128700
6.91735691	0.00000000	-4.85244300
6.92235691	0.00000000	-4.66933200
6.92735691	0.00000000	-5.09048700
6.93235691	0.00000000	-6.01825000
6.93735691	0.00000000	-6.48823500
6.94235691	0.00000000	-6.48823500
6.94735691	0.00000000	-5.99383500
6.95235691	0.00000000	-4.97451700
6.95735691	0.00000000	-4.99893200
6.96235691	0.00000000	-6.10980600
6.96735691	0.00000000	-6.13422100
6.97235691	0.00000000	-5.11490200
6.97735691	0.00000000	-4.64491700
6.98235691	0.00000000	-4.73647300
6.98735691	0.00000000	-4.78530200
6.99235691	0.00000000	-4.87685800
6.99735691	0.00000000	-4.43128700
7.00235691	0.00000000	-3.50352500
7.00735691	0.00000000	-3.05795500
7.01235691	0.00000000	-3.14951000
7.01735691	0.00000000	-3.14951000
7.02235691	0.00000000	-3.05795500
7.02735691	0.00000000	-3.50352500
7.03235691	0.00000000	-4.43128700
7.03735691	0.00000000	-4.90127200
7.04235691	0.00000000	-4.90127200
7.04735691	0.00000000	-4.43128700
7.05235691	0.00000000	-3.50352500
7.05735691	0.00000000	-3.03354000
7.06235691	0.00000000	-3.03354000
7.06735691	0.00000000	-3.50352500
7.07235691	0.00000000	-4.43128700
7.07735691	0.00000000	-4.90127200
7.08235691	0.00000000	-4.90127200
7.08735691	0.00000000	-4.40687300
7.09235691	0.00000000	-3.38755500
7.09735691	0.00000000	-3.41196900
7.10235691	0.00000000	-4.52284300
7.10735691	0.00000000	-4.54725700
7.11235691	0.00000000	-3.52794000
7.11735691	0.00000000	-3.05795500
7.12235691	0.00000000	-3.14951000
7.12735691	0.00000000	-3.17392500
7.13235691	0.00000000	-3.17392500
7.13735691	0.00000000	-3.17392500
7.14235691	0.00000000	-3.17392500
7.14735691	0.00000000	-3.17392500
7.15235691	0.00000000	-3.17392500
7.15735691	0.00000000	-3.14951000
7.16235691	0.00000000	-3.05795500
7.16735691	0.00000000	-3.52794000
7.17235691	0.00000000	-4.54725700
7.17735691	0.00000000	-4.54725700
7.18235691	0.00000000	-3.52794000
7.18735691	0.00000000	-3.05795500
7.19235691	0.00000000	-3.14951000
7.19735691	0.00000000	-3.17392500
7.20235691	0.00000000	-3.17392500
7.20735691	0.00000000	-3.17392500
7.21235691	0.00000000	-3.17392500
7.21735691	0.00000000	-3.14951000
7.22235691	0.00000000	-3.05795500
7.22735691	0.00000000	-3.50352500
7.23235691	0.00000000	-4.43128700
7.23735691	0.00000000	-4.90127200
7.24235691	0.00000000	-4.90127200
7.24735691	0.00000000	-4.43128700
7.25235691	0.00000000	-3.50352500
7.25735691	0.00000000	-3.03354000
7.26235691	0.00000000	-3.03354000
7.26735691	0.00000000	-3.52794000
7.27235691	0.00000000	-4.54725700
7.27735691	0.00000000	-4.52284300
7.28235691	0.00000000	-3.41196900
7.28735691	0.00000000	-3.38755500
7.29235691	0.00000000	-4.40687300
7.29735691	0.00000000	-4.90127200
7.30235691	0.00000000	-4.90127200
7.30735691	0.00000000	-4.43128700
7.31235691	0.00000000	-3.50352500
7.31735691	0.00000000	-3.05795500
7.32235691	0.00000000	-3.14951000
7.32735691	0.00000000	-3.17392500
7.33235691	0.00000000	-3.17392500
7.33735691	0.00000000	-3.17392500
7.34235691	0.00000000	-3.17392500
7.34735691	0.00000000	-3.17392500
7.35235691	0.00000000	-3.17392500
7.35735691	0.00000000	-3.17392500
7.36235691	0.00000000	-3.17392500
7.36735691	0.00000000	-3.17392500
7.37235691	0.00000000	-3.17392500
7.37735691	0.00000000	-3.19834000
7.38235691	0.00000000	-3.28989500
7.38735691	0.00000000	-2.81991000
7.39235691	0.00000000	-1.80059200
7.39735691	0.00000000	-1.80059200
7.40235691	0.00000000	-2.81991000
7.40735691	0.00000000	-3.28989500
7.41235691	0.00000000	-3.19834000
7.41735691	0.00000000	-3.17392500
7.42235691	0.00000000	-3.17392500
7.42735691	0.00000000	-3.17392500
7.43235691	0.00000000	-3.17392500
7.43735691	0.00000000	-3.17392500
7.44235691	0.00000000	-3.17392500
7.44735691	0.00000000	-3.19834000
7.45235691	0.00000000	-3.28989500
7.45735691	0.00000000	-2.81991000
7.46235691	0.00000000	-1.80059200
7.46735691	0.00000000	-1.80059200
7.47235691	0.00000000	-2.81991000
7.47735691	0.00000000	-3.28989500
7.48235691	0.00000000	-3.19834000
7.48735691	0.00000000	-3.17392500
7.49235691	0.00000000	-3.17392500
7.49735691	0.00000000	-3.17392500
7.50235691	0.00000000	-3.17392500
7.50735691	0.00000000	-3.14951000
7.51235691	0.00000000	-3.05795500
7.51735691	0.00000000	-3.50352500
7.52235691	0.00000000	-4.43128700
7.52735691	0.00000000	-4.87685800
7.53235691	0.00000000	-4.78530200
7.53735691	0.00000000	-4.78530200
7.54235691	0.00000000	-4.87685800
7.54735691	0.00000000	-4.40687300
7.55235691	0.00000000	-3.38755500
7.55735691	0.00000000	-3.38755500
7.56235691	0.00000000	-4.40687300
7.56735691	0.00000000	-4.87685800
7.57235691	0.00000000	-4.78530200
7.57735691	0.00000000	-4.78530200
7.58235691	0.00000000	-4.87685800
7.58735691	0.00000000	-4.43128700
7.59235691	0.00000000	-3.50352500
7.59735691	0.00000000	-3.05795500
7.60235691	0.00000000	-3.14951000
7.60735691	0.00000000	-3.14951000
7.61235691	0.00000000	-3.05795500
7.61735691	0.00000000	-3.52794000
7.62235691	0.00000000	-4.54725700
7.62735691	0.00000000	-4.54725700
7.63235691	0.00000000	-3.52794000
7.63735691	0.00000000	-3.03354000
7.64235691	0.00000000	-3.03354000
7.64735691	0.00000000	-3.52794000
7.65235691	0.00000000	-4.54725700
7.65735691	0.00000000	-4.54725700
7.66235691	0.00000000	-3.52794000
7.66735691	0.00000000	-3.05795500
7.67235691	0.00000000	-3.14951000
7.67735691	0.00000000	-3.14951000
7.68235691	0.00000000	-3.05795500
7.68735691	0.00000000	-3.50352500
7.69235691	0.00000000	-4.43128700
7.69735691	0.00000000	-4.87685800
7.70235691	0.00000000	-4.78530200
7.70735691	0.00000000	-4.76088700
7.71235691	0.00000000	-4.76088700
7.71735691	0.00000000	-4.76088700
7.72235691	0.00000000	-4.76088700
7.72735691	0.00000000	-4.76088700
7.73235691	0.00000000	-4.76088700
7.73735691	0.00000000	-4.76088700
7.74235691	0.00000000	-4.76088700
7.74735691	0.00000000	-4.78530200
7.75235691	0.00000000	-4.87685800
7.75735691	0.00000000	-4.40687300
7.76235691	0.00000000	-3.38755500
7.76735691	0.00000000	-3.41196900
7.77235691	0.00000000	-4.52284300
7.77735691	0.00000000	-4.54725700
7.78235691	0.00000000	-3.52794000
7.78735691	0.00000000	-3.05795500
7.79235691	0.00000000	-3.14951000
7.79735691	0.00000000	-3.17392500
7.80235691	0.00000000	-3.17392500
7.80735691	0.00000000	-3.14951000
7.81235691	0.00000000	-3.05795500
7.81735691	0.00000000	-3.50352500
7.82235691	0.00000000	-4.43128700
7.82735691	0.00000000	-4.90127200
7.83235691	0.00000000	-4.90127200
7.83735691	0.00000000	-4.43128700
7.84235691	0.00000000	-3.50352500
7.84735691	0.00000000	-3.03354000
7.85235691	0.00000000	-3.03354000
7.85735691	0.00000000	-3.50352500
7.86235691	0.00000000	-4.43128700
7.86735691	0.00000000	-4.87685800
7.87235691	0.00000000	-4.78530200
7.87735691	0.00000000	-4.76088700
7.88235691	0.00000000	-4.76088700
7.88735691	0.00000000	-4.76088700
7.89235691	0.00000000	-4.76088700
7.89735691	0.00000000	-4.76088700
7.90235691	0.00000000	-4.76088700
7.90735691	0.00000000	-4.76088700
7.91235691	0.00000000	-4.76088700
7.91735691	0.00000000	-4.76088700
7.92235691	0.00000000	-4.76088700
7.92735691	0.00000000	-4.76088700
7.93235691	0.00000000	-4.76088700
7.93735691	0.00000000	-4.76088700
7.94235691	0.00000000	-4.76088700
7.94735691	0.00000000	-4.76088700
7.95235691	0.00000000	-4.76088700
7.95735691	0.00000000	-4.76088700
7.96235691	0.00000000	-4.76088700
7.96735691	0.00000000	-4.76088700
7.97235691	0.00000000	-4.76088700
7.97735691	0.00000000	-4.76088700
7.98235691	0.00000000	-4.76088700
7.98735691	0.00000000	-4.78530200
7.99235691	0.00000000	-4.87685800
7.99735691	0.00000000	-4.43128700
8.00235691	0.00000000	-3.50352500
8.00735691	0.00000000	-3.05795500
8.01235691	0.00000000	-3.14951000
8.01735691	0.00000000	-3.14951000
8.02235691	0.00000000	-3.05795500
8.02735691	0.00000000	-3.52794000
8.03235691	0.00000000	-4.54725700
8.03735691	0.00000000	-4.52284300
8.04235691	0.00000000	-3.41196900
8.04735691	0.00000000	-3.38755500
8.05235691	0.00000000	-4.40687300
8.05735691	0.00000000	-4.87685800
8.06235691	0.00000000	-4.78530200
8.06735691	0.00000000	-4.76088700
8.07235691	0.00000000	-4.76088700
8.07735691	0.00000000	-4.78530200
8.08235691	0.00000000	-4.87685800
8.08735691	0.00000000	-4.40687300
8.09235691	0.00000000	-3.38755500
8.09735691	0.00000000	-3.38755500
8.10235691	0.00000000	-4.40687300
8.10735691	0.00000000	-4.85244300
8.11235691	0.00000000	-4.66933200
8.11735691	0.00000000	-5.11490200
8.12235691	0.00000000	-6.13422100
8.12735691	0.00000000	-6.10980600
8.13235691	0.00000000	-4.99893200
8.13735691	0.00000000	-4.97451700
8.14235691	0.00000000	-5.99383500
8.14735691	0.00000000	-6.48823500
8.15235691	0.00000000	-6.48823500
8.15735691	0.00000000	-6.01825000
8.16235691	0.00000000	-5.09048700
8.16735691	0.00000000	-4.66933200
8.17235691	0.00000000	-4.85244300
8.17735691	0.00000000	-4.45570200
8.18235691	0.00000000	-3.61949500
8.18735691	0.00000000	-2.72835500
8.19235691	0.00000000	-1.89214800
8.19735691	0.00000000	-1.47099200
8.20235691	0.00000000	-1.56254800
8.20735691	0.00000000	-1.56254800
8.21235691	0.00000000	-1.47099200
8.21735691	0.00000000	-1.91656200
8.22235691	0.00000000	-2.84432500
8.22735691	0.00000000	-3.28989500
8.23235691	0.00000000	-3.19834000
8.23735691	0.00000000	-3.17392500
8.24235691	0.00000000	-3.17392500
8.24735691	0.00000000	-3.17392500
8.25235691	0.00000000	-3.17392500
8.25735691	0.00000000	-3.17392500
8.26235691	0.00000000	-3.17392500
8.26735691	0.00000000	-3.17392500
8.27235691	0.00000000	-3.17392500
8.27735691	0.00000000	-3.14951000
8.28235691	0.00000000	-3.05795500
8.28735691	0.00000000	-3.52794000
8.29235691	0.00000000	-4.54725700
8.29735691	0.00000000	-4.52284300
8.30235691	0.00000000	-3.41196900
8.30735691	0.00000000	-3.38755500
8.31235691	0.00000000	-4.40687300
8.31735691	0.00000000	-4.87685800
8.32235691	0.00000000	-4.78530200
8.32735691	0.00000000	-4.76088700
8.33235691	0.00000000	-4.76088700
8.33735691	0.00000000	-4.78530200
8.34235691	0.00000000	-4.87685800
8.34735691	0.00000000	-4.40687300
8.35235691	0.00000000	-3.38755500
8.35735691	0.00000000	-3.38755500
8.36235691	0.00000000	-4.40687300
8.36735691	0.00000000	-4.90127200
8.37235691	0.00000000	-4.90127200
8.37735691	0.00000000	-4.40687300
8.38235691	0.00000000	-3.38755500
8.38735691	0.00000000	-3.38755500
8.39235691	0.00000000	-4.40687300
8.39735691	0.00000000	-4.87685800
8.40235691	0.00000000	-4.78530200
8.40735691	0.00000000	-4.76088700
8.41235691	0.00000000	-4.76088700
8.41735691	0.00000000	-4.76088700
8.42235691	0.00000000	-4.76088700
8.42735691	0.00000000	-4.76088700
8.43235691	0.00000000	-4.76088700
8.43735691	0.00000000	-4.76088700
8.44235691	0.00000000	-4.76088700
8.44735691	0.00000000	-4.76088700
8.45235691	0.00000000	-4.76088700
8.45735691	0.00000000	-4.76088700
8.46235691	0.00000000	-4.76088700
8.46735691	0.00000000	-4.76088700
8.47235691	0.00000000	-4.76088700
8.47735691	0.00000000	-4.76088700
8.48235691	0.00000000	-4.76088700
8.48735691	0.00000000	-4.78530200
8.49235691	0.00000000	-4.87685800
8.49735691	0.00000000	-4.43128700
8.50235691	0.00000000	-3.50352500
8.50735691	0.00000000	-3.08237000
8.51235691	0.00000000	-3.26548100
8.51735691	0.00000000	-2.81991000
8.52235691	0.00000000	-1.80059200
8.52735691	0.00000000	-1.80059200
8.53235691	0.00000000	-2.81991000
8.53735690	0.00000000	-3.28989500
8.54235690	0.00000000	-3.19834000
8.54735690	0.00000000	-3.17392500
8.55235690	0.00000000	-3.17392500
8.55735690	0.00000000	-3.19834000
8.56235690	0.00000000	-3.28989500
8.56735690	0.00000000	-2.81991000
8.57235690	0.00000000	-1.80059200
8.57735690	0.00000000	-1.80059200
8.58235690	0.00000000	-2.81991000
8.58735690	0.00000000	-3.28989500
8.59235690	0.00000000	-3.19834000
8.59735690	0.00000000	-3.17392500
8.60235690	0.00000000	-3.17392500
8.60735690	0.00000000	-3.14951000
8.61235690	0.00000000	-3.05795500
8.61735690	0.00000000	-3.52794000
8.62235690	0.00000000	-4.54725700
8.62735690	0.00000000	-4.54725700
8.63235690	0.00000000	-3.52794000
8.63735690	0.00000000	-3.05795500
8.64235690	0.00000000	-3.14951000
8.64735690	0.00000000	-3.14951000
8.65235690	0.00000000	-3.05795500
8.65735690	0.00000000	-3.50352500
8.66235690	0.00000000	-4.43128700
8.66735690	0.00000000	-4.87685800
8.67235690	0.00000000	-4.78530200
8.67735690	0.00000000	-4.73647300
8.68235690	0.00000000	-4.64491700
8.68735690	0.00000000	-5.11490200
8.69235690	0.00000000	-6.13422100
8.69735690	0.00000000	-6.13422100
8.70235690	0.00000000	-5.11490200
8.70735690	0.00000000	-4.62050200
8.71235690	0.00000000	-4.62050200
8.71735690	0.00000000	-5.09048700
8.72235690	0.00000000	-6.01825000
8.72735690	0.00000000	-6.48823500
8.73235690	0.00000000	-6.48823500
8.73735690	0.00000000	-6.01825000
8.74235690	0.00000000	-5.09048700
8.74735690	0.00000000	-4.64491700
8.75235690	0.00000000	-4.73647300
8.75735690	0.00000000	-4.76088700
8.76235690	0.00000000	-4.76088700
8.76735690	0.00000000	-4.76088700
8.77235690	0.00000000	-4.76088700
8.77735690	0.00000000	-4.76088700
8.78235690	0.00000000	-4.76088700
8.78735690	0.00000000	-4.76088700
8.79235690	0.00000000	-4.76088700
8.79735690	0.00000000	-4.76088700
8.80235690	0.00000000	-4.76088700
8.80735690	0.00000000	-4.78530200
8.81235690	0.00000000	-4.87685800
8.81735690	0.00000000	-4.43128700
8.82235690	0.00000000	-3.50352500
8.82735690	0.00000000	-3.05795500
8.83235690	0.00000000	-3.14951000
8.83735690	0.00012207	-3.17392500
8.84235690	0.00057985	-3.17392500
8.84735690	-0.00177007	-3.17392500
8.85235690	-0.00686667	-3.17392500
8.85735690	-0.00686667	-3.17392500
8.86235690	-0.00177007	-3.17392500
8.86735690	0.00057985	-3.14951000
8.87235690	0.00012207	-3.05795500
8.87735690	0.00000000	-3.50352500
8.88235690	0.00000000	-4.43128700
8.88735690	0.00000000	-4.87685800
8.89235690	0.00000000	-4.78530200
8.89735690	0.00000000	-4.76088700
8.90235690	0.00000000	-4.76088700
8.90735690	0.00000000	-4.76088700
8.91235690	0.00000000	-4.76088700
8.91735690	0.00000000	-4.76088700
8.92235690	0.00000000	-4.76088700
8.92735690	0.00000000	-4.76088700
8.93235690	0.00000000	-4.76088700
8.93735690	0.00000000	-4.76088700
8.94235690	0.00000000	-4.76088700
8.94735690	0.00000000	-4.76088700
8.95235690	0.00000000	-4.76088700
8.95735690	0.00000000	-4.76088700
8.96235690	0.00000000	-4.76088700
8.96735690	0.00000000	-4.76088700
8.97235690	0.00000000	-4.76088700
8.97735690	0.00000000	-4.76088700
8.98235690	0.00000000	-4.76088700
8.98735690	0.00000000	-4.76088700
8.99235690	0.00000000	-4.76088700
8.99735690	0.00000000	-4.76088700
9.00235690	0.00000000	-4.76088700
9.00735690	0.00000000	-4.76088700
9.01235690	0.00000000	-4.76088700
9.01735690	0.00000000	-4.76088700
9.02235690	0.00000000	-4.76088700
