Time	Channel A	Channel B
(us)	(V)	(mV)

-1.00693198	-0.00793481	-1.58696200
-1.00193198	-0.00793481	-1.58696200
-0.99693198	-0.00793481	-1.58696200
-0.99193198	-0.00793481	-1.58696200
-0.98693198	-0.00793481	-1.58696200
-0.98193198	-0.00793481	-1.58696200
-0.97693198	-0.00793481	-1.58696200
-0.97193198	-0.00793481	-1.58696200
-0.96693198	-0.00793481	-1.58696200
-0.96193198	-0.00793481	-1.58696200
-0.95693198	-0.00793481	-1.58696200
-0.95193198	-0.00793481	-1.58696200
-0.94693198	-0.00793481	-1.61137700
-0.94193198	-0.00793481	-1.70293300
-0.93693198	-0.00793481	-1.23294800
-0.93193198	-0.00793481	-0.21362960
-0.92693198	-0.00793481	-0.21362960
-0.92193198	-0.00793481	-1.23294800
-0.91693198	-0.00793481	-1.70293300
-0.91193198	-0.00793481	-1.61137700
-0.90693198	-0.00793481	-1.58696200
-0.90193198	-0.00793481	-1.58696200
-0.89693198	-0.00793481	-1.58696200
-0.89193198	-0.00793481	-1.58696200
-0.88693198	-0.00793481	-1.56254800
-0.88193198	-0.00793481	-1.47099200
-0.87693198	-0.00793481	-1.91656200
-0.87193198	-0.00793481	-2.84432500
-0.86693198	-0.00793481	-3.28989500
-0.86193198	-0.00793481	-3.19834000
-0.85693198	-0.00793481	-3.17392500
-0.85193198	-0.00793481	-3.17392500
-0.84693198	-0.00793481	-3.17392500
-0.84193198	-0.00793481	-3.17392500
-0.83693198	-0.00793481	-3.19834000
-0.83193198	-0.00793481	-3.28989500
-0.82693198	-0.00793481	-2.84432500
-0.82193198	-0.00793481	-1.91656200
-0.81693198	-0.00793481	-1.47099200
-0.81193198	-0.00793481	-1.56254800
-0.80693198	-0.00793481	-1.58696200
-0.80193198	-0.00793481	-1.58696200
-0.79693198	-0.00793481	-1.58696200
-0.79193198	-0.00793481	-1.58696200
-0.78693198	-0.00793481	-1.56254800
-0.78193198	-0.00793481	-1.47099200
-0.77693198	-0.00793481	-1.94097700
-0.77193198	-0.00793481	-2.96029500
-0.76693198	-0.00793481	-2.96029500
-0.76193198	-0.00793481	-1.94097700
-0.75693198	-0.00793481	-1.44657700
-0.75193198	-0.00793481	-1.44657700
-0.74693198	-0.00793481	-1.94097700
-0.74193198	-0.00793481	-2.96029500
-0.73693198	-0.00793481	-2.96029500
-0.73193198	-0.00793481	-1.94097700
-0.72693198	-0.00793481	-1.47099200
-0.72193198	-0.00793481	-1.56254800
-0.71693198	-0.00793481	-1.58696200
-0.71193198	-0.00793481	-1.58696200
-0.70693198	-0.00793481	-1.61137700
-0.70193198	-0.00793481	-1.70293300
-0.69693198	-0.00793481	-1.25736300
-0.69193198	-0.00793481	-0.32959990
-0.68693198	-0.00793481	0.11597030
-0.68193198	-0.00793481	0.02441481
-0.67693198	-0.00793481	0.00000000
-0.67193198	-0.00793481	0.00000000
-0.66693198	-0.00793481	0.02441481
-0.66193198	-0.00793481	0.11597030
-0.65693198	-0.00793481	-0.32959990
-0.65193198	-0.00793481	-1.25736300
-0.64693198	-0.00793481	-1.70293300
-0.64193198	-0.00793481	-1.61137700
-0.63693198	-0.00793481	-1.58696200
-0.63193198	-0.00793481	-1.58696200
-0.62693198	-0.00793481	-1.56254800
-0.62193198	-0.00793481	-1.47099200
-0.61693198	-0.00793481	-1.91656200
-0.61193198	-0.00793481	-2.84432500
-0.60693198	-0.00793481	-3.28989500
-0.60193198	-0.00793481	-3.19834000
-0.59693198	-0.00793481	-3.19834000
-0.59193198	-0.00793481	-3.28989500
-0.58693198	-0.00793481	-2.84432500
-0.58193198	-0.00793481	-1.91656200
-0.57693198	-0.00793481	-1.47099200
-0.57193198	-0.00793481	-1.56254800
-0.56693198	-0.00793481	-1.58696200
-0.56193198	-0.00793481	-1.58696200
-0.55693198	-0.00793481	-1.58696200
-0.55193198	-0.00793481	-1.58696200
-0.54693198	-0.00793481	-1.58696200
-0.54193198	-0.00793481	-1.58696200
-0.53693198	-0.00793481	-1.58696200
-0.53193198	-0.00793481	-1.58696200
-0.52693198	-0.00793481	-1.58696200
-0.52193198	-0.00793481	-1.58696200
-0.51693198	-0.00793481	-1.56254800
-0.51193198	-0.00793481	-1.47099200
-0.50693198	-0.00793481	-1.94097700
-0.50193198	-0.00793481	-2.96029500
-0.49693198	-0.00793481	-2.93588100
-0.49193198	-0.00793481	-1.82500700
-0.48693198	-0.00793481	-1.80059200
-0.48193198	-0.00793481	-2.81991000
-0.47693198	-0.00793481	-3.31431000
-0.47193198	-0.00793481	-3.31431000
-0.46693198	-0.00793481	-2.81991000
-0.46193198	-0.00793481	-1.80059200
-0.45693198	-0.00793481	-1.80059200
-0.45193198	-0.00793481	-2.81991000
-0.44693198	-0.00793481	-3.28989500
-0.44193198	-0.00793481	-3.19834000
-0.43693198	-0.00793481	-3.17392500
-0.43193198	-0.00793481	-3.17392500
-0.42693198	-0.00793481	-3.19834000
-0.42193198	-0.00793481	-3.28989500
-0.41693198	-0.00793481	-2.84432500
-0.41193198	-0.00793481	-1.91656200
-0.40693198	-0.00805689	-1.47099200
-0.40193198	-0.00851466	-1.56254800
-0.39693198	-0.00616474	-1.56254800
-0.39193198	-0.00106815	-1.47099200
-0.38693198	-0.00106815	-1.91656200
-0.38193198	-0.00616474	-2.84432500
-0.37693198	-0.00851466	-3.26548100
-0.37193198	-0.00805689	-3.08237000
-0.36693198	-0.00793481	-3.50352500
-0.36193198	-0.00793481	-4.43128700
-0.35693198	-0.00793481	-4.90127200
-0.35193198	-0.00793481	-4.90127200
-0.34693198	-0.00793481	-4.43128700
-0.34193198	-0.00793481	-3.50352500
-0.33693198	-0.00793481	-3.03354000
-0.33193198	-0.00793481	-3.03354000
-0.32693198	-0.00793481	-3.50352500
-0.32193198	-0.00793481	-4.43128700
-0.31693198	-0.00793481	-4.90127200
-0.31193198	-0.00793481	-4.90127200
-0.30693198	-0.00793481	-4.43128700
-0.30193198	-0.00793481	-3.50352500
-0.29693198	-0.00793481	-3.05795500
-0.29193198	-0.00793481	-3.14951000
-0.28693198	-0.00793481	-3.17392500
-0.28193198	-0.00793481	-3.17392500
-0.27693198	-0.00793481	-3.19834000
-0.27193198	-0.00793481	-3.28989500
-0.26693198	-0.00793481	-2.81991000
-0.26193198	-0.00793481	-1.80059200
-0.25693198	-0.00793481	-1.80059200
-0.25193198	-0.00793481	-2.81991000
-0.24693198	-0.00805689	-3.28989500
-0.24193198	-0.00851466	-3.19834000
-0.23693198	-0.00628681	-3.17392500
-0.23193198	-0.00164800	-3.17392500
-0.22693198	0.00070193	-3.17392500
-0.22193198	0.00070193	-3.17392500
-0.21693198	-0.00164800	-3.19834000
-0.21193198	-0.00628681	-3.28989500
-0.20693198	-0.00851466	-2.81991000
-0.20193198	-0.00805689	-1.80059200
-0.19693198	-0.00793481	-1.80059200
-0.19193198	-0.00793481	-2.81991000
-0.18693198	-0.00793481	-3.31431000
-0.18193198	-0.00793481	-3.31431000
-0.17693198	-0.00793481	-2.81991000
-0.17193198	-0.00793481	-1.80059200
-0.16693198	-0.00793481	-1.82500700
-0.16193198	-0.00793481	-2.93588100
-0.15693198	-0.00805689	-2.93588100
-0.15193198	-0.00851466	-1.82500700
-0.14693198	-0.00616474	-1.80059200
-0.14193198	-0.00106815	-2.81991000
-0.13693198	-0.00106815	-3.28989500
-0.13193198	-0.00616474	-3.19834000
-0.12693198	-0.00851466	-3.19834000
-0.12193198	-0.00805689	-3.28989500
-0.11693198	-0.00805689	-2.81991000
-0.11193198	-0.00851466	-1.80059200
-0.10693198	-0.00628681	-1.75176200
-0.10193198	-0.00164800	-2.58797000
-0.09693198	0.00045778	-3.93078400
-0.09193198	-0.00045778	-5.59099100
-0.08693198	0.00140385	-6.89107900
-0.08193198	0.00512711	-7.53196800
-0.07693198	0.01171911	-8.33765600
-0.07193198	0.02002014	-8.97854500
-0.06693198	0.02639851	-10.27863000
-0.06193198	0.02914518	-11.93884000
-0.05693198	0.03552354	-13.25724000
-0.05193198	0.04382458	-14.00189000
-0.04693198	0.05020295	-14.39863000
-0.04193198	0.05294961	-14.30708000
-0.03693198	0.05932798	-14.28266000
-0.03193198	0.06762902	-14.28266000
-0.02693198	0.07412946	-14.28266000
-0.02193198	0.07733390	-14.28266000
-0.01693198	0.08136234	-14.28266000
-0.01193198	0.08456679	-14.28266000
-0.00693198	0.09106723	-14.28266000
-0.00193198	0.09936827	-14.28266000
0.00306802	0.10586870	-14.28266000
0.00806802	0.10907320	-14.28266000
0.01306802	0.11319320	-14.28266000
0.01806802	0.11691640	-14.28266000
0.02306802	0.12103640	-14.30708000
0.02806802	0.12424090	-14.39863000
0.03306801	0.13074130	-13.95306000
0.03806801	0.13907290	-13.02530000
0.04306801	0.14557330	-12.60414000
0.04806801	0.14877770	-12.78726000
0.05306801	0.15289770	-12.34169000
0.05806801	0.15662100	-11.32237000
0.06306801	0.16083250	-11.32237000
0.06806801	0.16455580	-12.34169000
0.07306801	0.16876740	-12.81167000
0.07806801	0.17249060	-12.72011000
0.08306801	0.17670220	-12.72011000
0.08806801	0.18042540	-12.81167000
0.09306801	0.18463700	-12.34169000
0.09806801	0.18836020	-11.32237000
0.10306801	0.19257180	-11.32237000
0.10806801	0.19629510	-12.34169000
0.11306801	0.20050660	-12.81167000
0.11806801	0.20422990	-12.72011000
0.12306801	0.20844140	-12.69570000
0.12806801	0.21216470	-12.69570000
0.13306801	0.21649830	-12.69570000
0.13806801	0.22067930	-12.69570000
0.14306801	0.22266300	-12.67128000
0.14806801	0.22174750	-12.57973000
0.15306801	0.22385330	-13.04971000
0.15806801	0.22849210	-14.06903000
0.16306801	0.23059790	-14.06903000
0.16806801	0.22968230	-13.04971000
0.17306801	0.23178810	-12.57973000
0.17806801	0.23642690	-12.67128000
0.18306801	0.23853270	-12.67128000
0.18806801	0.23761710	-12.57973000
0.19306801	0.23960080	-13.04971000
0.19806801	0.24378180	-14.06903000
0.20306801	0.24823760	-14.06903000
0.20806801	0.25241860	-13.04971000
0.21306801	0.25452440	-12.55531000
0.21806801	0.25406660	-12.55531000
0.22306801	0.25382240	-13.02530000
0.22806801	0.25336470	-13.95306000
0.23306801	0.25559250	-14.39863000
0.23806801	0.26023130	-14.30708000
0.24306801	0.26245920	-14.28266000
0.24806801	0.26200140	-14.28266000
0.25306801	0.26175730	-14.28266000
0.25806801	0.26129950	-14.28266000
0.26306801	0.26352730	-14.28266000
0.26806801	0.26816620	-14.28266000
0.27306801	0.27039400	-14.25825000
0.27806801	0.26993620	-14.16669000
0.28306801	0.26981410	-14.61226000
0.28806801	0.26981410	-15.54002000
0.29306801	0.26981410	-15.98559000
0.29806801	0.26981410	-15.89404000
0.30306801	0.26969210	-15.86962000
0.30806801	0.26923430	-15.86962000
0.31306801	0.27146210	-15.86962000
0.31806801	0.27610100	-15.86962000
0.32306801	0.27832880	-15.86962000
0.32806801	0.27787100	-15.86962000
0.33306801	0.27774890	-15.86962000
0.33806801	0.27774890	-15.86962000
0.34306801	0.27774890	-15.86962000
0.34806801	0.27774890	-15.86962000
0.35306801	0.27774890	-15.86962000
0.35806801	0.27774890	-15.86962000
0.36306801	0.27774890	-15.89404000
0.36806801	0.27774890	-15.98559000
0.37306801	0.27774890	-15.51561000
0.37806801	0.27774890	-14.49629000
0.38306801	0.27774890	-14.49629000
0.38806801	0.27774890	-15.51561000
0.39306801	0.27787100	-16.01001000
0.39806801	0.27832880	-16.01001000
0.40306801	0.27610100	-15.58885000
0.40806801	0.27146210	-14.84420000
0.41306801	0.26923430	-13.48308000
0.41806801	0.26969210	-11.62755000
0.42306801	0.26993620	-11.23081000
0.42806801	0.27039400	-12.43324000
0.43306801	0.26816620	-12.48207000
0.43806801	0.26352730	-11.46275000
0.44306801	0.26142160	-10.99277000
0.44806801	0.26233710	-11.08432000
0.45306801	0.26023130	-11.10874000
0.45806801	0.25559250	-11.10874000
0.46306801	0.25348680	-11.10874000
0.46806801	0.25440230	-11.10874000
0.47306801	0.25229650	-11.10874000
0.47806801	0.24765770	-11.10874000
0.48306801	0.24555190	-11.13315000
0.48806801	0.24646750	-11.22471000
0.49306801	0.24436170	-10.82797000
0.49806801	0.23972290	-10.08331000
0.50306801	0.23749500	-8.69777500
0.50806801	0.23795280	-6.75069400
0.51306801	0.23819700	-6.77510900
0.51806801	0.23865470	-8.81374500
0.52306801	0.23642690	-9.77813100
0.52806801	0.23178810	-9.68657500
0.53306801	0.22956020	-9.19217500
0.53806801	0.23001800	-8.26441300
0.54306801	0.23014010	-7.77001200
0.54806801	0.23014010	-7.67845700
0.55306801	0.23026220	-8.59401200
0.55806801	0.23071990	-10.44954000
0.56306801	0.22849210	-11.34068000
0.56806801	0.22385330	-11.15757000
0.57306801	0.22162540	-11.13315000
0.57806801	0.22208320	-11.22471000
0.58306801	0.22220530	-10.75472000
0.58806801	0.22220530	-9.73540400
0.59306801	0.22232730	-9.73540400
0.59806801	0.22278510	-10.75472000
0.60306801	0.22055730	-11.24912000
0.60806801	0.21591850	-11.24912000
0.61306801	0.21369060	-10.80355000
0.61806801	0.21414840	-9.96734500
0.62306801	0.21427050	-9.07620400
0.62806801	0.21427050	-8.23999700
0.63306801	0.21427050	-7.81884200
0.63806801	0.21427050	-7.91039800
0.64306801	0.21427050	-7.93481200
0.64806801	0.21427050	-7.93481200
0.65306801	0.21439250	-7.93481200
0.65806801	0.21485030	-7.93481200
0.66306801	0.21262240	-7.93481200
0.66806801	0.20798360	-7.93481200
0.67306801	0.20575580	-7.93481200
0.67806801	0.20621360	-7.93481200
0.68306801	0.20633560	-7.95922800
0.68806801	0.20633560	-8.05078300
0.69306801	0.20633560	-7.60521200
0.69806801	0.20633560	-6.67745000
0.70306801	0.20633560	-6.20746500
0.70806801	0.20633560	-6.20746500
0.71306801	0.20633560	-6.67745000
0.71806801	0.20633560	-7.60521200
0.72306801	0.20633560	-8.07519700
0.72806801	0.20633560	-8.07519700
0.73306801	0.20645770	-7.60521200
0.73806801	0.20691550	-6.67745000
0.74306801	0.20468760	-6.20746500
0.74806801	0.20004880	-6.20746500
0.75306801	0.19782100	-6.70186400
0.75806801	0.19827880	-7.72118300
0.76306801	0.19840080	-7.74559700
0.76806801	0.19840080	-6.81783500
0.77306801	0.19840080	-5.90228000
0.77806801	0.19840080	-5.06607200
0.78306801	0.19840080	-4.64491700
0.78806801	0.19840080	-4.73647300
0.79306801	0.19852290	-4.78530200
0.79806801	0.19898070	-4.87685800
0.80306801	0.19675280	-4.43128700
0.80806801	0.19211400	-3.50352500
0.81306801	0.18988620	-3.00912500
0.81806801	0.19034390	-2.91756900
0.82306801	0.19046600	-3.85753900
0.82806801	0.19046600	-5.80462000
0.83306801	0.19046600	-6.25019100
0.83806801	0.19046600	-5.13931700
0.84306801	0.19046600	-4.62050200
0.84806801	0.19046600	-4.62050200
0.85306801	0.19046600	-5.11490200
0.85806801	0.19046600	-6.13422100
0.86306801	0.19046600	-6.13422100
0.86806801	0.19046600	-5.11490200
0.87306801	0.19058810	-4.64491700
0.87806801	0.19104590	-4.73647300
0.88306801	0.18881800	-4.76088700
0.88806801	0.18417920	-4.76088700
0.89306801	0.18195140	-4.76088700
0.89806801	0.18240910	-4.76088700
0.90306801	0.18253120	-4.76088700
0.90806801	0.18253120	-4.76088700
0.91306801	0.18253120	-4.76088700
0.91806801	0.18253120	-4.76088700
0.92306801	0.18253120	-4.80971700
0.92806801	0.18253120	-4.99282800
0.93306801	0.18253120	-4.05285800
0.93806801	0.18253120	-2.01422100
0.94306801	0.18265330	-2.03863600
0.94806801	0.18311110	-4.16882800
0.95306801	0.18088320	-4.66322800
0.95806801	0.17624440	-3.55235400
0.96306801	0.17401650	-3.05795500
0.96806801	0.17447430	-3.14951000
0.97306801	0.17459640	-3.17392500
0.97806801	0.17459640	-3.17392500
0.98306801	0.17459640	-3.17392500
0.98806801	0.17459640	-3.17392500
0.99306801	0.17459640	-3.17392500
0.99806801	0.17459640	-3.17392500
1.00306801	0.17459640	-3.17392500
1.00806801	0.17459640	-3.17392500
1.01306801	0.17459640	-3.19834000
1.01806801	0.17459640	-3.28989500
1.02306801	0.17459640	-2.84432500
1.02806801	0.17459640	-1.91656200
1.03306801	0.17471850	-1.44657700
1.03806801	0.17517620	-1.44657700
1.04306801	0.17294840	-1.94097700
1.04806801	0.16830960	-2.96029500
1.05306801	0.16608170	-2.96029500
1.05806801	0.16653950	-1.94097700
1.06306801	0.16666160	-1.47099200
1.06806801	0.16666160	-1.56254800
1.07306801	0.16666160	-1.58696200
1.07806801	0.16666160	-1.58696200
1.08306801	0.16666160	-1.56254800
1.08806801	0.16666160	-1.47099200
1.09306801	0.16666160	-1.91656200
1.09806801	0.16666160	-2.84432500
1.10306801	0.16678370	-3.31431000
1.10806801	0.16724140	-3.31431000
1.11306801	0.16489150	-2.81991000
1.11806801	0.15979490	-1.80059200
1.12306801	0.15979490	-1.80059200
1.12806801	0.16489150	-2.81991000
1.13306801	0.16736350	-3.31431000
1.13806801	0.16736350	-3.31431000
1.14306801	0.16501360	-2.84432500
1.14806801	0.16037480	-1.91656200
1.15306801	0.15814690	-1.47099200
1.15806801	0.15860470	-1.56254800
1.16306801	0.15872680	-1.58696200
1.16806801	0.15872680	-1.58696200
1.17306801	0.15872680	-1.58696200
1.17806801	0.15872680	-1.58696200
1.18306801	0.15872680	-1.58696200
1.18806801	0.15872680	-1.58696200
1.19306801	0.15872680	-1.58696200
1.19806801	0.15872680	-1.58696200
1.20306801	0.15872680	-1.58696200
1.20806801	0.15872680	-1.58696200
1.21306801	0.15872680	-1.56254800
1.21806801	0.15872680	-1.47099200
1.22306801	0.15884880	-1.94097700
1.22806801	0.15930660	-2.96029500
1.23306801	0.15707880	-2.96029500
1.23806801	0.15244000	-1.94097700
1.24306801	0.15021210	-1.47099200
1.24806801	0.15066990	-1.56254800
1.25306801	0.15079200	-1.58696200
1.25806801	0.15079200	-1.58696200
1.26306801	0.15079200	-1.58696200
1.26806801	0.15079200	-1.58696200
1.27306801	0.15079200	-1.61137700
1.27806801	0.15079200	-1.70293300
1.28306801	0.15079200	-1.25736300
1.28806801	0.15079200	-0.32959990
1.29306801	0.15079200	0.11597030
1.29806801	0.15079200	0.02441481
1.30306801	0.15079200	0.00000000
1.30806801	0.15079200	0.00000000
1.31306801	0.15091400	0.00000000
1.31806801	0.15137180	0.00000000
1.32306801	0.14914390	0.00000000
1.32806801	0.14450510	0.00000000
1.33306801	0.14227730	0.00000000
1.33806801	0.14273510	0.00000000
1.34306801	0.14285710	0.00000000
1.34806801	0.14285710	0.00000000
1.35306801	0.14285710	0.02441481
1.35806801	0.14285710	0.11597030
1.36306801	0.14285710	-0.35401470
1.36806801	0.14285710	-1.37333300
1.37306801	0.14285710	-1.34891800
1.37806801	0.14285710	-0.23804440
1.38306801	0.14285710	-0.21362960
1.38806801	0.14285710	-1.23294800
1.39306801	0.14285710	-1.70293300
1.39806801	0.14285710	-1.61137700
1.40306801	0.14285710	-1.58696200
1.40806801	0.14285710	-1.58696200
1.41306801	0.14297920	-1.58696200
1.41806801	0.14343700	-1.58696200
1.42306801	0.14120910	-1.56254800
1.42806801	0.13653980	-1.47099200
1.43306801	0.13431200	-1.89214800
1.43806801	0.13476970	-2.72835500
1.44306801	0.13489180	-3.64391000
1.44806801	0.13489180	-4.57167300
1.45306801	0.13489180	-4.54725700
1.45806801	0.13489180	-3.52794000
1.46306801	0.13489180	-3.05795500
1.46806801	0.13489180	-3.14951000
1.47306801	0.13489180	-3.17392500
1.47806801	0.13489180	-3.17392500
1.48306801	0.13489180	-3.17392500
1.48806801	0.13489180	-3.17392500
1.49306801	0.13489180	-3.17392500
1.49806801	0.13489180	-3.17392500
1.50306801	0.13501390	-3.19834000
1.50806801	0.13547170	-3.28989500
1.51306801	0.13324380	-2.84432500
1.51806801	0.12860500	-1.91656200
1.52306801	0.12637720	-1.49540700
1.52806801	0.12683490	-1.67851800
1.53306801	0.12695700	-1.25736300
1.53806801	0.12695700	-0.32959990
1.54306801	0.12695700	0.11597030
1.54806801	0.12695700	0.02441481
1.55306801	0.12695700	0.00000000
1.55806801	0.12695700	0.00000000
1.56306801	0.12695700	0.00000000
1.56806801	0.12695700	0.00000000
1.57306801	0.12695700	0.00000000
1.57806801	0.12695700	0.00000000
1.58306801	0.12695700	0.02441481
1.58806801	0.12695700	0.11597030
1.59306801	0.12695700	-0.32959990
1.59806801	0.12695700	-1.25736300
1.60306801	0.12695700	-1.70293300
1.60806801	0.12695700	-1.61137700
1.61306801	0.12695700	-1.56254800
1.61806801	0.12695700	-1.47099200
1.62306801	0.12707910	-1.91656200
1.62806801	0.12753680	-2.84432500
1.63306801	0.12530900	-3.26548100
1.63806801	0.12067020	-3.08237000
1.64306801	0.11844230	-3.52794000
1.64806801	0.11890010	-4.54725700
1.65306801	0.11902220	-4.54725700
1.65806801	0.11902220	-3.52794000
1.66306801	0.11902220	-3.08237000
1.66806801	0.11902220	-3.26548100
1.67306801	0.11902220	-2.81991000
1.67806800	0.11902220	-1.80059200
1.68306800	0.11902220	-1.80059200
1.68806800	0.11902220	-2.81991000
1.69306800	0.11902220	-3.28989500
1.69806800	0.11902220	-3.19834000
1.70306800	0.11902220	-3.19834000
1.70806800	0.11902220	-3.28989500
1.71306800	0.11902220	-2.81991000
1.71806800	0.11902220	-1.80059200
1.72306800	0.11902220	-1.80059200
1.72806800	0.11902220	-2.81991000
1.73306800	0.11902220	-3.28989500
1.73806800	0.11902220	-3.19834000
1.74306800	0.11914430	-3.14951000
1.74806800	0.11960200	-3.05795500
1.75306800	0.11737420	-3.52794000
1.75806800	0.11273540	-4.54725700
1.76306800	0.11050750	-4.54725700
1.76806800	0.11096530	-3.52794000
1.77306800	0.11108740	-3.05795500
1.77806800	0.11108740	-3.14951000
1.78306800	0.11108740	-3.17392500
1.78806800	0.11108740	-3.17392500
1.79306800	0.11108740	-3.17392500
1.79806800	0.11108740	-3.17392500
1.80306800	0.11108740	-3.19834000
1.80806800	0.11108740	-3.28989500
1.81306800	0.11108740	-2.84432500
1.81806800	0.11108740	-1.91656200
1.82306800	0.11108740	-1.49540700
1.82806800	0.11108740	-1.67851800
1.83306800	0.11108740	-1.25736300
1.83806800	0.11108740	-0.32959990
1.84306800	0.11108740	0.14038510
1.84806800	0.11108740	0.14038510
1.85306800	0.11108740	-0.32959990
1.85806800	0.11108740	-1.25736300
1.86306800	0.11108740	-1.70293300
1.86806800	0.11108740	-1.61137700
1.87306800	0.11120950	-1.58696200
1.87806800	0.11166720	-1.58696200
1.88306800	0.10943940	-1.58696200
1.88806800	0.10480060	-1.58696200
1.89306800	0.10257270	-1.58696200
1.89806800	0.10303050	-1.58696200
1.90306800	0.10315260	-1.56254800
1.90806800	0.10315260	-1.47099200
1.91306800	0.10315260	-1.91656200
1.91806800	0.10315260	-2.84432500
1.92306800	0.10315260	-3.31431000
1.92806800	0.10315260	-3.31431000
1.93306800	0.10315260	-2.84432500
1.93806800	0.10315260	-1.91656200
1.94306800	0.10315260	-1.47099200
1.94806800	0.10315260	-1.56254800
1.95306800	0.10315260	-1.61137700
1.95806800	0.10315260	-1.70293300
1.96306800	0.10315260	-1.25736300
1.96806800	0.10315260	-0.32959990
1.97306800	0.10315260	0.14038510
1.97806800	0.10315260	0.14038510
1.98306800	0.10315260	-0.32959990
1.98806800	0.10315260	-1.25736300
1.99306800	0.10315260	-1.70293300
1.99806800	0.10315260	-1.61137700
2.00306800	0.10327460	-1.58696200
2.00806800	0.10373240	-1.58696200
2.01306800	0.10150460	-1.56254800
2.01806800	0.09686575	-1.47099200
2.02306800	0.09463790	-1.91656200
2.02806800	0.09509568	-2.84432500
2.03306800	0.09521775	-3.28989500
2.03806800	0.09521775	-3.19834000
2.04306800	0.09521775	-3.17392500
2.04806800	0.09521775	-3.17392500
2.05306800	0.09521775	-3.17392500
2.05806800	0.09521775	-3.17392500
2.06306800	0.09521775	-3.17392500
2.06806800	0.09521775	-3.17392500
2.07306800	0.09521775	-3.17392500
2.07806800	0.09521775	-3.17392500
2.08306800	0.09521775	-3.17392500
2.08806800	0.09521775	-3.17392500
2.09306800	0.09521775	-3.17392500
2.09806800	0.09521775	-3.17392500
2.10306800	0.09521775	-3.17392500
2.10806800	0.09521775	-3.17392500
2.11306800	0.09521775	-3.19834000
2.11806800	0.09521775	-3.28989500
2.12306800	0.09521775	-2.84432500
2.12806800	0.09521775	-1.91656200
2.13306800	0.09521775	-1.47099200
2.13806800	0.09521775	-1.56254800
2.14306800	0.09533982	-1.58696200
2.14806800	0.09579760	-1.58696200
2.15306800	0.09356975	-1.58696200
2.15806800	0.08893093	-1.58696200
2.16306800	0.08670308	-1.61137700
2.16806800	0.08716086	-1.70293300
2.17306800	0.08728294	-1.25736300
2.17806800	0.08728294	-0.32959990
2.18306800	0.08728294	0.11597030
2.18806800	0.08728294	0.02441481
2.19306800	0.08728294	0.02441481
2.19806800	0.08728294	0.11597030
2.20306800	0.08728294	-0.32959990
2.20806800	0.08728294	-1.25736300
2.21306800	0.08728294	-1.70293300
2.21806800	0.08728294	-1.61137700
2.22306800	0.08728294	-1.61137700
2.22806800	0.08728294	-1.70293300
2.23306800	0.08728294	-1.23294800
2.23806800	0.08728294	-0.21362960
2.24306800	0.08728294	-0.21362960
2.24806800	0.08728294	-1.23294800
2.25306800	0.08728294	-1.70293300
2.25806800	0.08728294	-1.61137700
2.26306800	0.08728294	-1.58696200
2.26806800	0.08728294	-1.58696200
2.27306800	0.08728294	-1.58696200
2.27806800	0.08728294	-1.58696200
2.28306800	0.08728294	-1.56254800
2.28806800	0.08728294	-1.47099200
2.29306800	0.08740501	-1.91656200
2.29806800	0.08786279	-2.84432500
2.30306800	0.08551286	-3.28989500
2.30806800	0.08041627	-3.19834000
2.31306800	0.08041627	-3.17392500
2.31806800	0.08551286	-3.17392500
2.32306800	0.08798486	-3.19834000
2.32806800	0.08798486	-3.28989500
2.33306800	0.08563494	-2.81991000
2.33806800	0.08099613	-1.80059200
2.34306800	0.07876828	-1.82500700
2.34806800	0.07922605	-2.93588100
2.35306800	0.07934812	-2.96029500
2.35806800	0.07934812	-1.94097700
2.36306800	0.07934812	-1.47099200
2.36806800	0.07934812	-1.56254800
2.37306800	0.07934812	-1.61137700
2.37806800	0.07934812	-1.70293300
2.38306800	0.07934812	-1.23294800
2.38806800	0.07934812	-0.21362960
2.39306800	0.07934812	-0.21362960
2.39806800	0.07934812	-1.23294800
2.40306800	0.07934812	-1.72734800
2.40806800	0.07934812	-1.72734800
2.41306800	0.07934812	-1.23294800
2.41806800	0.07934812	-0.21362960
2.42306800	0.07934812	-0.23804440
2.42806800	0.07934812	-1.34891800
2.43306800	0.07934812	-1.37333300
2.43806800	0.07934812	-0.35401470
2.44306800	0.07934812	0.14038510
2.44806800	0.07934812	0.14038510
2.45306800	0.07947020	-0.35401470
2.45806800	0.07992797	-1.37333300
2.46306800	0.07757805	-1.37333300
2.46806800	0.07248146	-0.35401470
2.47306800	0.07260353	0.14038510
2.47806800	0.07815790	0.14038510
2.48306800	0.07827998	-0.35401470
2.48806800	0.07318339	-1.37333300
2.49306800	0.07083346	-1.37333300
2.49806800	0.07129124	-0.35401470
2.50306800	0.07141331	0.14038510
2.50806800	0.07141331	0.14038510
2.51306800	0.07141331	-0.32959990
2.51806800	0.07141331	-1.25736300
2.52306800	0.07141331	-1.70293300
2.52806800	0.07141331	-1.61137700
2.53306800	0.07141331	-1.61137700
2.53806800	0.07141331	-1.70293300
2.54306800	0.07141331	-1.23294800
2.54806800	0.07141331	-0.21362960
2.55306800	0.07141331	-0.21362960
2.55806800	0.07141331	-1.23294800
2.56306800	0.07141331	-1.70293300
2.56806800	0.07141331	-1.61137700
2.57306800	0.07141331	-1.58696200
2.57806800	0.07141331	-1.58696200
2.58306800	0.07141331	-1.58696200
2.58806800	0.07141331	-1.58696200
2.59306800	0.07141331	-1.58696200
2.59806800	0.07141331	-1.58696200
2.60306800	0.07141331	-1.58696200
2.60806800	0.07141331	-1.58696200
2.61306800	0.07141331	-1.58696200
2.61806800	0.07141331	-1.58696200
2.62306800	0.07141331	-1.61137700
2.62806800	0.07141331	-1.70293300
2.63306800	0.07141331	-1.23294800
2.63806800	0.07141331	-0.21362960
2.64306800	0.07141331	-0.21362960
2.64806800	0.07141331	-1.23294800
2.65306800	0.07141331	-1.72734800
2.65806800	0.07141331	-1.72734800
2.66306800	0.07153539	-1.23294800
2.66806800	0.07199316	-0.21362960
2.67306800	0.06964324	-0.21362960
2.67806800	0.06454664	-1.23294800
2.68306800	0.06454664	-1.70293300
2.68806800	0.06964324	-1.61137700
2.69306800	0.07211524	-1.58696200
2.69806800	0.07211524	-1.58696200
2.70306800	0.06976531	-1.58696200
2.70806800	0.06512650	-1.58696200
2.71306800	0.06289865	-1.58696200
2.71806800	0.06335643	-1.58696200
2.72306800	0.06347850	-1.56254800
2.72806800	0.06347850	-1.47099200
2.73306800	0.06347850	-1.96539200
2.73806800	0.06347850	-3.07626600
2.74306800	0.06347850	-2.63069600
2.74806800	0.06347850	-0.68361460
2.75306800	0.06347850	0.23194070
2.75806800	0.06347850	0.04882962
2.76306800	0.06347850	0.00000000
2.76806800	0.06347850	0.00000000
2.77306800	0.06347850	0.00000000
2.77806800	0.06347850	0.00000000
2.78306800	0.06347850	0.00000000
2.78806800	0.06347850	0.00000000
2.79306800	0.06347850	0.02441481
2.79806800	0.06347850	0.11597030
2.80306800	0.06347850	-0.32959990
2.80806800	0.06347850	-1.25736300
2.81306800	0.06347850	-1.70293300
2.81806800	0.06347850	-1.61137700
2.82306800	0.06347850	-1.56254800
2.82806800	0.06347850	-1.47099200
2.83306800	0.06347850	-1.94097700
2.83806800	0.06347850	-2.96029500
2.84306800	0.06347850	-2.96029500
2.84806800	0.06347850	-1.94097700
2.85306800	0.06347850	-1.44657700
2.85806800	0.06347850	-1.44657700
2.86306800	0.06347850	-1.91656200
2.86806800	0.06347850	-2.84432500
2.87306800	0.06347850	-3.28989500
2.87806800	0.06347850	-3.19834000
2.88306800	0.06360057	-3.19834000
2.88806800	0.06405835	-3.28989500
2.89306800	0.06183050	-2.84432500
2.89806800	0.05719168	-1.91656200
2.90306800	0.05496383	-1.44657700
2.90806800	0.05542161	-1.44657700
2.91306800	0.05554369	-1.91656200
2.91806800	0.05554369	-2.84432500
2.92306800	0.05554369	-3.31431000
2.92806800	0.05554369	-3.31431000
2.93306800	0.05554369	-2.84432500
2.93806800	0.05554369	-1.91656200
2.94306800	0.05554369	-1.44657700
2.94806800	0.05554369	-1.44657700
2.95306800	0.05554369	-1.94097700
2.95806800	0.05554369	-2.96029500
2.96306800	0.05554369	-2.96029500
2.96806800	0.05554369	-1.94097700
2.97306800	0.05554369	-1.49540700
2.97806800	0.05554369	-1.67851800
2.98306800	0.05554369	-1.23294800
2.98806800	0.05554369	-0.21362960
2.99306800	0.05554369	-0.23804440
2.99806800	0.05554369	-1.34891800
3.00306800	0.05554369	-1.37333300
3.00806800	0.05554369	-0.35401470
3.01306800	0.05554369	0.09155553
3.01806800	0.05554369	-0.09155553
3.02306800	0.05554369	0.35401470
3.02806800	0.05554369	1.37333300
3.03306800	0.05554369	1.37333300
3.03806800	0.05554369	0.35401470
3.04306800	0.05554369	-0.09155553
3.04806800	0.05554369	0.09155553
3.05306800	0.05554369	-0.35401470
3.05806800	0.05554369	-1.37333300
3.06306800	0.05554369	-1.34891800
3.06806800	0.05554369	-0.23804440
3.07306800	0.05554369	-0.23804440
3.07806800	0.05554369	-1.34891800
3.08306800	0.05554369	-1.34891800
3.08806800	0.05554369	-0.23804440
3.09306800	0.05554369	-0.21362960
3.09806800	0.05554369	-1.23294800
3.10306800	0.05554369	-1.70293300
3.10806800	0.05554369	-1.61137700
3.11306800	0.05554369	-1.58696200
3.11806800	0.05554369	-1.58696200
3.12306800	0.05566576	-1.58696200
3.12806800	0.05612354	-1.58696200
3.13306800	0.05377361	-1.61137700
3.13806800	0.04867702	-1.70293300
3.14306800	0.04879910	-1.30619200
3.14806800	0.05435346	-0.56154050
3.15306800	0.05435346	0.65919980
3.15806800	0.04879910	1.95318400
3.16306800	0.04879910	4.87075400
3.16806800	0.05435346	8.56959700
3.17306800	0.05447554	14.05072000
3.17806800	0.04937895	19.87365000
3.18306800	0.04702902	28.35169000
3.18806800	0.04748680	37.32413000
3.19306800	0.04760887	48.81130000
3.19806800	0.04760887	59.99939000
3.20306800	0.04760887	73.63506000
3.20806800	0.04760887	86.39790000
3.21306800	0.04760887	100.92470000
3.21806800	0.04760887	113.77910000
3.22306800	0.04760887	126.94480000
3.22806800	0.04760887	137.11360000
3.23306800	0.04760887	148.57630000
3.23806800	0.04760887	158.47040000
3.24306800	0.04760887	167.82130000
3.24806800	0.04760887	174.29120000
3.25306800	0.04760887	181.02360000
3.25806800	0.04760887	186.19950000
3.26306800	0.04760887	191.30830000
3.26806800	0.04760887	195.09870000
3.27306800	0.04760887	198.06510000
3.27806800	0.04760887	199.45680000
3.28306800	0.04760887	Infinity
3.28806800	0.04760887	Infinity
3.29306800	0.04760887	Infinity
3.29806800	0.04760887	Infinity
3.30306800	0.04760887	Infinity
3.30806800	0.04760887	196.69180000
3.31306800	0.04760887	193.67660000
3.31806800	0.04760887	190.72240000
3.32306799	0.04760887	186.85870000
3.32806799	0.04760887	182.97680000
3.33306799	0.04760887	179.21080000
3.33806799	0.04760887	176.62280000
3.34306799	0.04760887	171.91690000
3.34806799	0.04760887	166.17330000
3.35306799	0.04760887	161.48560000
3.35806799	0.04760887	158.99530000
3.36306799	0.04760887	154.80820000
3.36806799	0.04760887	150.09000000
3.37306799	0.04760887	145.40240000
3.37806799	0.04760887	141.89270000
3.38306799	0.04760887	137.22950000
3.38806799	0.04760887	132.60290000
3.39306799	0.04760887	127.92140000
3.39806799	0.04760887	124.31410000
3.40306799	0.04760887	120.07810000
3.40806799	0.04760887	116.28770000
3.41306799	0.04760887	112.47290000
3.41806799	0.04760887	109.60420000
3.42306799	0.04760887	106.23490000
3.42806799	0.04760887	103.28070000
3.43306799	0.04760887	99.88708000
3.43806799	0.04760887	96.93289000
3.44306799	0.04760887	93.51482000
3.44806799	0.04760887	90.46906000
3.45306799	0.04760887	87.47215000
3.45806799	0.04760887	85.25040000
3.46306799	0.04773095	83.15684000
3.46806799	0.04818873	81.77129000
3.47306799	0.04596087	80.12329000
3.47806799	0.04132206	78.73775000
3.48306799	0.03909421	76.59535000
3.48806799	0.03955199	74.19049000
3.49306799	0.03967406	72.07251000
3.49806799	0.03967406	70.77853000
3.50306799	0.03967406	68.63613000
3.50806799	0.03967406	66.13971000
3.51306799	0.03967406	64.44289000
3.51806799	0.03967406	63.98510000
3.52306799	0.03967406	62.73385000
3.52806799	0.03967406	61.07364000
3.53306799	0.03967406	59.79797000
3.53806799	0.03967406	59.24863000
3.54306799	0.03967406	57.97296000
3.54806799	0.03967406	56.30665000
3.55306799	0.03967406	55.05539000
3.55806799	0.03967406	54.59761000
3.56306799	0.03967406	52.85195000
3.56806799	0.03967406	50.17243000
3.57306799	0.03967406	48.87234000
3.57806799	0.03967406	49.25077000
3.58306799	0.03967406	48.92117000
3.58806799	0.03967406	48.17652000
3.59306799	0.03967406	46.85812000
3.59806799	0.03967406	45.19791000
3.60306799	0.03967406	43.89782000
3.60806799	0.03967406	43.25694000
3.61306799	0.03967406	42.45124000
3.61806799	0.03967406	41.81036000
3.62306799	0.03967406	40.51027000
3.62806799	0.03967406	38.85006000
3.63306799	0.03967406	37.54997000
3.63806799	0.03967406	36.90909000
3.64306799	0.03967406	36.06067000
3.64806799	0.03967406	35.22446000
3.65306799	0.03967406	34.82772000
3.65806799	0.03967406	35.01083000
3.66306799	0.03967406	34.61409000
3.66806799	0.03967406	33.77789000
3.67306799	0.03967406	32.91116000
3.67806799	0.03967406	32.16651000
3.68306799	0.03967406	31.32420000
3.68806799	0.03967406	30.57955000
3.69306799	0.03967406	29.71282000
3.69806799	0.03967406	28.87661000
3.70306799	0.03967406	28.47987000
3.70806799	0.03967406	28.66298000
3.71306799	0.03967406	28.21741000
3.71806799	0.03967406	27.19199000
3.72306799	0.03967406	27.24082000
3.72806799	0.03967406	28.44935000
3.73306799	0.03967406	28.02820000
3.73806799	0.03967406	26.07501000
3.74306799	0.03967406	25.17777000
3.74806799	0.03967406	25.45854000
3.75306799	0.03967406	25.06180000
3.75806799	0.03967406	24.13404000
3.76306799	0.03967406	23.68847000
3.76806799	0.03967406	23.78002000
3.77306799	0.03967406	23.82885000
3.77806799	0.03967406	23.92041000
3.78306799	0.03967406	23.45042000
3.78806799	0.03967406	22.43110000
3.79306799	0.03967406	22.45552000
3.79806799	0.03967406	23.56639000
3.80306799	0.03979614	23.59081000
3.80806799	0.04025391	22.57149000
3.81306799	0.03802606	22.12592000
3.81806799	0.03338725	22.30903000
3.82306799	0.03115940	21.86346000
3.82806799	0.03161718	20.84414000
3.83306799	0.03173925	20.86856000
3.83806799	0.03173925	21.97943000
3.84306799	0.03173925	22.02826000
3.84806799	0.03173925	21.10050000
3.85306799	0.03173925	20.18494000
3.85806799	0.03173925	19.34873000
3.86306799	0.03173925	18.92758000
3.86806799	0.03173925	19.01913000
3.87306799	0.03173925	19.06796000
3.87806799	0.03173925	19.15952000
3.88306799	0.03173925	18.71395000
3.88806799	0.03173925	17.78619000
3.89306799	0.03173925	17.31620000
3.89806799	0.03173925	17.31620000
3.90306799	0.03173925	17.81060000
3.90806799	0.03173925	18.82992000
3.91306799	0.03173925	18.85434000
3.91806799	0.03173925	17.92657000
3.92306799	0.03173925	17.01102000
3.92806799	0.03173925	16.17481000
3.93306799	0.03173925	15.75365000
3.93806799	0.03173925	15.84521000
3.94306799	0.03173925	15.86962000
3.94806799	0.03173925	15.86962000
3.95306799	0.03173925	15.89404000
3.95806799	0.03173925	15.98559000
3.96306799	0.03173925	15.51561000
3.96806799	0.03173925	14.49629000
3.97306799	0.03173925	14.52071000
3.97806799	0.03173925	15.63158000
3.98306799	0.03173925	15.65600000
3.98806799	0.03173925	14.63668000
3.99306799	0.03173925	14.19111000
3.99806799	0.03173925	14.37422000
4.00306799	0.03173925	13.97748000
4.00806799	0.03173925	13.14127000
4.01306799	0.03173925	12.17689000
4.01806799	0.03173925	11.06601000
4.02306799	0.03173925	12.03040000
4.02806799	0.03173925	15.08835000
4.03306799	0.03173925	15.58275000
4.03806799	0.03173925	13.54411000
4.04306799	0.03173925	12.10975000
4.04806799	0.03173925	11.27354000
4.05306799	0.03173925	11.32237000
4.05806799	0.03173925	12.34169000
4.06306799	0.03173925	12.81167000
4.06806799	0.03173925	12.72011000
4.07306799	0.03173925	12.69570000
4.07806799	0.03173925	12.69570000
4.08306799	0.03173925	12.69570000
4.08806799	0.03173925	12.69570000
4.09306799	0.03173925	12.69570000
4.09806799	0.03173925	12.69570000
4.10306799	0.03173925	12.69570000
4.10806799	0.03173925	12.69570000
4.11306799	0.03173925	12.69570000
4.11806799	0.03173925	12.69570000
4.12306799	0.03173925	12.72011000
4.12806799	0.03173925	12.81167000
4.13306799	0.03173925	12.36610000
4.13806799	0.03173925	11.43834000
4.14306799	0.03173925	10.99277000
4.14806799	0.03173925	11.08432000
4.15306799	0.03173925	11.10874000
4.15806799	0.03173925	11.10874000
4.16306799	0.03173925	11.10874000
4.16806799	0.03173925	11.10874000
4.17306799	0.03173925	11.10874000
4.17806799	0.03173925	11.10874000
4.18306799	0.03173925	11.10874000
4.18806799	0.03173925	11.10874000
4.19306799	0.03173925	11.10874000
4.19806799	0.03173925	11.10874000
4.20306799	0.03173925	11.08432000
4.20806799	0.03173925	10.99277000
4.21306799	0.03173925	11.43834000
4.21806799	0.03173925	12.36610000
4.22306799	0.03173925	12.83609000
4.22806799	0.03173925	12.83609000
4.23306799	0.03173925	12.36610000
4.23806799	0.03173925	11.43834000
4.24306799	0.03186132	10.99277000
4.24806799	0.03231910	11.08432000
4.25306799	0.02996918	11.13315000
4.25806799	0.02487259	11.22471000
4.26306799	0.02487259	10.77914000
4.26806799	0.02996918	9.85137500
4.27306799	0.03244118	9.38139000
4.27806799	0.03244118	9.38139000
4.28306799	0.03009125	9.85137500
4.28806799	0.02545244	10.77914000
4.29306799	0.02322458	11.24912000
4.29806799	0.02368236	11.24912000
4.30306799	0.02380444	10.77914000
4.30806799	0.02380444	9.85137500
4.31306799	0.02380444	9.43021900
4.31806799	0.02380444	9.61333000
4.32306799	0.02380444	9.16776000
4.32806799	0.02380444	8.14844100
4.33306799	0.02380444	8.14844100
4.33806799	0.02380444	9.16776000
4.34306799	0.02380444	9.63774600
4.34806799	0.02380444	9.54619000
4.35306799	0.02380444	9.52177400
4.35806799	0.02380444	9.52177400
4.36306799	0.02380444	9.49735900
4.36806799	0.02380444	9.40580500
4.37306799	0.02380444	9.85137500
4.37806799	0.02380444	10.77914000
4.38306799	0.02380444	11.24912000
4.38806799	0.02380444	11.24912000
4.39306799	0.02380444	10.75472000
4.39806799	0.02380444	9.73540400
4.40306799	0.02380444	9.73540400
4.40806799	0.02380444	10.75472000
4.41306799	0.02380444	11.24912000
4.41806799	0.02380444	11.24912000
4.42306799	0.02380444	10.77914000
4.42806799	0.02380444	9.85137500
4.43306799	0.02380444	9.40580500
4.43806799	0.02380444	9.49735900
4.44306799	0.02380444	9.52177400
4.44806799	0.02380444	9.52177400
4.45306799	0.02380444	9.52177400
4.45806799	0.02380444	9.52177400
4.46306799	0.02380444	9.54619000
4.46806799	0.02380444	9.63774600
4.47306799	0.02380444	9.19217500
4.47806799	0.02380444	8.26441300
4.48306799	0.02380444	7.79442700
4.48806799	0.02380444	7.79442700
4.49306799	0.02380444	8.28882700
4.49806799	0.02380444	9.30814500
4.50306799	0.02380444	9.28373100
4.50806799	0.02380444	8.17285700
4.51306799	0.02380444	8.17285700
4.51806799	0.02380444	9.28373100
4.52306799	0.02380444	9.30814500
4.52806799	0.02380444	8.28882700
4.53306799	0.02380444	7.81884200
4.53806799	0.02380444	7.91039800
4.54306799	0.02380444	7.93481200
4.54806799	0.02380444	7.93481200
4.55306799	0.02380444	7.93481200
4.55806799	0.02380444	7.93481200
4.56306799	0.02380444	7.93481200
4.56806799	0.02380444	7.93481200
4.57306799	0.02380444	7.93481200
4.57806799	0.02380444	7.93481200
4.58306799	0.02380444	7.93481200
4.58806799	0.02380444	7.93481200
4.59306799	0.02380444	7.93481200
4.59806799	0.02380444	7.93481200
4.60306799	0.02380444	7.93481200
4.60806799	0.02380444	7.93481200
4.61306799	0.02380444	7.93481200
4.61806799	0.02380444	7.93481200
4.62306799	0.02380444	7.95922800
4.62806799	0.02380444	8.05078300
4.63306799	0.02380444	7.58079800
4.63806799	0.02380444	6.56148000
4.64306799	0.02380444	6.56148000
4.64806799	0.02380444	7.58079800
4.65306799	0.02380444	8.05078300
4.65806799	0.02380444	7.95922800
4.66306799	0.02380444	7.93481200
4.66806799	0.02380444	7.93481200
4.67306799	0.02380444	7.93481200
4.67806799	0.02380444	7.93481200
4.68306799	0.02380444	7.95922800
4.68806799	0.02380444	8.05078300
4.69306799	0.02380444	7.60521200
4.69806799	0.02380444	6.67745000
4.70306799	0.02380444	6.25629500
4.70806799	0.02380444	6.43940500
4.71306799	0.02380444	5.99383500
4.71806799	0.02380444	4.97451700
4.72306799	0.02380444	4.97451700
4.72806799	0.02380444	5.99383500
4.73306799	0.02380444	6.46382000
4.73806799	0.02380444	6.37226500
4.74306799	0.02380444	6.37226500
4.74806799	0.02380444	6.46382000
4.75306799	0.02380444	6.01825000
4.75806799	0.02380444	5.09048700
4.76306799	0.02380444	4.62050200
4.76806799	0.02380444	4.62050200
4.77306799	0.02380444	5.09048700
4.77806799	0.02380444	6.01825000
4.78306799	0.02392651	6.46382000
4.78806799	0.02438429	6.37226500
4.79306799	0.02203436	6.34785000
4.79806799	0.01693777	6.34785000
4.80306799	0.01693777	6.34785000
4.80806799	0.02203436	6.34785000
4.81306799	0.02438429	6.34785000
4.81806799	0.02392651	6.34785000
4.82306799	0.02392651	6.34785000
4.82806799	0.02438429	6.34785000
4.83306799	0.02215644	6.34785000
4.83806799	0.01751762	6.34785000
4.84306799	0.01516770	6.34785000
4.84806799	0.01516770	6.34785000
4.85306799	0.01751762	6.34785000
4.85806799	0.02215644	6.34785000
4.86306799	0.02438429	6.34785000
4.86806799	0.02392651	6.34785000
4.87306799	0.02392651	6.34785000
4.87806799	0.02438429	6.34785000
4.88306799	0.02215644	6.34785000
4.88806799	0.01751762	6.34785000
4.89306799	0.01516770	6.34785000
4.89806799	0.01516770	6.34785000
4.90306799	0.01763970	6.34785000
4.90806799	0.02273629	6.34785000
4.91306799	0.02273629	6.34785000
4.91806799	0.01763970	6.34785000
4.92306799	0.01528977	6.34785000
4.92806799	0.01574755	6.34785000
4.93306799	0.01586962	6.34785000
4.93806799	0.01586962	6.34785000
4.94306799	0.01586962	6.34785000
4.94806799	0.01586962	6.34785000
4.95306799	0.01586962	6.34785000
4.95806799	0.01586962	6.34785000
4.96306799	0.01586962	6.34785000
4.96806799	0.01586962	6.34785000
4.97306798	0.01586962	6.32343500
4.97806798	0.01586962	6.23187900
4.98306798	0.01586962	6.70186400
4.98806798	0.01586962	7.72118300
4.99306798	0.01586962	7.72118300
4.99806798	0.01586962	6.70186400
5.00306798	0.01586962	6.23187900
5.00806798	0.01586962	6.32343500
5.01306798	0.01586962	6.34785000
5.01806798	0.01586962	6.34785000
5.02306798	0.01586962	6.37226500
5.02806798	0.01586962	6.46382000
5.03306798	0.01586962	6.01825000
5.03806798	0.01586962	5.09048700
5.04306798	0.01586962	4.64491700
5.04806798	0.01586962	4.73647300
5.05306798	0.01586962	4.76088700
5.05806798	0.01586962	4.76088700
5.06306798	0.01586962	4.76088700
5.06806798	0.01586962	4.76088700
5.07306798	0.01586962	4.76088700
5.07806798	0.01586962	4.76088700
5.08306798	0.01586962	4.76088700
5.08806798	0.01586962	4.76088700
5.09306798	0.01586962	4.76088700
5.09806798	0.01586962	4.76088700
5.10306798	0.01586962	4.76088700
5.10806798	0.01586962	4.76088700
5.11306798	0.01586962	4.78530200
5.11806798	0.01586962	4.87685800
5.12306798	0.01586962	4.43128700
5.12806798	0.01586962	3.50352500
5.13306798	0.01586962	3.05795500
5.13806798	0.01586962	3.14951000
5.14306798	0.01586962	3.17392500
5.14806798	0.01586962	3.17392500
5.15306798	0.01586962	3.17392500
5.15806798	0.01586962	3.17392500
5.16306798	0.01586962	3.17392500
5.16806798	0.01586962	3.17392500
5.17306798	0.01586962	3.17392500
5.17806798	0.01586962	3.17392500
5.18306798	0.01586962	3.17392500
5.18806798	0.01586962	3.17392500
5.19306798	0.01586962	3.14951000
5.19806798	0.01586962	3.05795500
5.20306798	0.01586962	3.50352500
5.20806798	0.01586962	4.43128700
5.21306798	0.01586962	4.90127200
5.21806798	0.01586962	4.90127200
5.22306798	0.01586962	4.40687300
5.22806798	0.01586962	3.38755500
5.23306798	0.01586962	3.38755500
5.23806798	0.01586962	4.40687300
5.24306798	0.01586962	4.87685800
5.24806798	0.01586962	4.78530200
5.25306798	0.01586962	4.73647300
5.25806798	0.01586962	4.64491700
5.26306798	0.01586962	5.09048700
5.26806798	0.01586962	6.01825000
5.27306798	0.01586962	6.46382000
5.27806798	0.01586962	6.37226500
5.28306798	0.01586962	6.34785000
5.28806798	0.01586962	6.34785000
5.29306798	0.01586962	6.32343500
5.29806798	0.01586962	6.23187900
5.30306798	0.01586962	6.70186400
5.30806798	0.01586962	7.72118300
5.31306798	0.01586962	7.72118300
5.31806798	0.01586962	6.70186400
5.32306798	0.01586962	6.25629500
5.32806798	0.01586962	6.43940500
5.33306798	0.01586962	5.99383500
5.33806798	0.01586962	4.97451700
5.34306798	0.01586962	4.99893200
5.34806798	0.01586962	6.10980600
5.35306798	0.01586962	6.13422100
5.35806798	0.01586962	5.11490200
5.36306798	0.01586962	4.64491700
5.36806798	0.01586962	4.73647300
5.37306798	0.01586962	4.76088700
5.37806798	0.01586962	4.76088700
5.38306798	0.01586962	4.76088700
5.38806798	0.01586962	4.76088700
5.39306798	0.01586962	4.78530200
5.39806798	0.01586962	4.87685800
5.40306798	0.01586962	4.43128700
5.40806798	0.01586962	3.50352500
5.41306798	0.01586962	3.03354000
5.41806798	0.01586962	3.03354000
5.42306798	0.01586962	3.50352500
5.42806798	0.01586962	4.43128700
5.43306798	0.01586962	4.90127200
5.43806798	0.01586962	4.90127200
5.44306798	0.01586962	4.40687300
5.44806798	0.01586962	3.38755500
5.45306798	0.01586962	3.41196900
5.45806798	0.01586962	4.52284300
5.46306798	0.01586962	4.54725700
5.46806798	0.01586962	3.52794000
5.47306798	0.01586962	3.05795500
5.47806798	0.01586962	3.14951000
5.48306798	0.01586962	3.17392500
5.48806798	0.01586962	3.17392500
5.49306798	0.01586962	3.17392500
5.49806798	0.01586962	3.17392500
5.50306798	0.01586962	3.17392500
5.50806798	0.01586962	3.17392500
5.51306798	0.01586962	3.17392500
5.51806798	0.01586962	3.17392500
5.52306798	0.01586962	3.17392500
5.52806798	0.01586962	3.17392500
5.53306798	0.01586962	3.14951000
5.53806798	0.01586962	3.05795500
5.54306798	0.01586962	3.50352500
5.54806798	0.01586962	4.43128700
5.55306798	0.01586962	4.87685800
5.55806798	0.01586962	4.78530200
5.56306798	0.01586962	4.76088700
5.56806798	0.01586962	4.76088700
5.57306798	0.01599170	4.76088700
5.57806798	0.01644948	4.76088700
5.58306798	0.01409955	4.76088700
5.58806798	0.00900296	4.76088700
5.59306798	0.00900296	4.76088700
5.59806798	0.01409955	4.76088700
5.60306798	0.01644948	4.76088700
5.60806798	0.01599170	4.76088700
5.61306798	0.01586962	4.78530200
5.61806798	0.01586962	4.87685800
5.62306798	0.01586962	4.40687300
5.62806798	0.01586962	3.38755500
5.63306798	0.01586962	3.41196900
5.63806798	0.01586962	4.52284300
5.64306798	0.01586962	4.52284300
5.64806798	0.01586962	3.41196900
5.65306798	0.01586962	3.41196900
5.65806798	0.01586962	4.52284300
5.66306798	0.01599170	4.52284300
5.66806798	0.01644948	3.41196900
5.67306798	0.01409955	3.38755500
5.67806798	0.00900296	4.40687300
5.68306798	0.00912503	4.87685800
5.68806798	0.01467940	4.78530200
5.69306798	0.01480148	4.73647300
5.69806798	0.00970489	4.64491700
5.70306798	0.00723289	5.09048700
5.70806798	0.00723289	6.01825000
5.71306798	0.00970489	6.51265000
5.71806798	0.01480148	6.60420600
5.72306798	0.01480148	5.68865000
5.72806798	0.00970489	3.83312500
5.73306798	0.00735496	2.94198400
5.73806798	0.00781274	3.12509500
5.74306798	0.00793481	3.19834000
5.74806798	0.00793481	3.28989500
5.75306798	0.00793481	2.84432500
5.75806798	0.00793481	1.91656200
5.76306798	0.00793481	1.44657700
5.76806798	0.00793481	1.44657700
5.77306798	0.00793481	1.94097700
5.77806798	0.00793481	2.96029500
5.78306798	0.00793481	2.96029500
5.78806798	0.00793481	1.94097700
5.79306798	0.00793481	1.47099200
5.79806798	0.00793481	1.56254800
5.80306798	0.00793481	1.58696200
5.80806798	0.00793481	1.58696200
5.81306798	0.00793481	1.58696200
5.81806798	0.00793481	1.58696200
5.82306798	0.00793481	1.56254800
5.82806798	0.00793481	1.47099200
5.83306798	0.00793481	1.91656200
5.83806798	0.00793481	2.84432500
5.84306798	0.00793481	3.28989500
5.84806798	0.00793481	3.19834000
5.85306798	0.00793481	3.14951000
5.85806798	0.00793481	3.05795500
5.86306798	0.00793481	3.52794000
5.86806798	0.00793481	4.54725700
5.87306798	0.00793481	4.54725700
5.87806798	0.00793481	3.52794000
5.88306798	0.00793481	3.05795500
5.88806798	0.00793481	3.14951000
5.89306798	0.00793481	3.17392500
5.89806798	0.00793481	3.17392500
5.90306798	0.00793481	3.17392500
5.90806798	0.00793481	3.17392500
5.91306798	0.00793481	3.14951000
5.91806798	0.00793481	3.05795500
5.92306798	0.00793481	3.52794000
5.92806798	0.00793481	4.54725700
5.93306798	0.00793481	4.54725700
5.93806798	0.00793481	3.52794000
5.94306798	0.00793481	3.05795500
5.94806798	0.00793481	3.14951000
5.95306798	0.00793481	3.17392500
5.95806798	0.00793481	3.17392500
5.96306798	0.00793481	3.17392500
5.96806798	0.00793481	3.17392500
5.97306798	0.00793481	3.17392500
5.97806798	0.00793481	3.17392500
5.98306798	0.00793481	3.19834000
5.98806798	0.00793481	3.28989500
5.99306798	0.00793481	2.84432500
5.99806798	0.00793481	1.91656200
6.00306798	0.00793481	1.44657700
6.00806798	0.00793481	1.44657700
6.01306798	0.00793481	1.94097700
6.01806798	0.00793481	2.96029500
6.02306798	0.00793481	2.93588100
6.02806798	0.00793481	1.82500700
6.03306798	0.00793481	1.80059200
6.03806798	0.00793481	2.81991000
6.04306798	0.00793481	3.28989500
6.04806798	0.00793481	3.19834000
6.05306798	0.00793481	3.17392500
6.05806798	0.00793481	3.17392500
6.06306798	0.00793481	3.17392500
6.06806798	0.00793481	3.17392500
6.07306798	0.00793481	3.19834000
6.07806798	0.00793481	3.28989500
6.08306798	0.00793481	2.81991000
6.08806798	0.00793481	1.80059200
6.09306798	0.00793481	1.80059200
6.09806798	0.00793481	2.81991000
6.10306798	0.00793481	3.28989500
6.10806798	0.00793481	3.19834000
6.11306798	0.00793481	3.19834000
6.11806798	0.00793481	3.28989500
6.12306798	0.00793481	2.81991000
6.12806798	0.00793481	1.80059200
6.13306798	0.00793481	1.77617700
6.13806798	0.00793481	2.70394000
6.14306798	0.00793481	3.64391000
6.14806798	0.00793481	4.57167300
6.15306798	0.00793481	4.54725700
6.15806798	0.00793481	3.52794000
6.16306798	0.00793481	3.03354000
6.16806798	0.00793481	3.03354000
6.17306798	0.00793481	3.50352500
6.17806798	0.00793481	4.43128700
6.18306798	0.00793481	4.90127200
6.18806798	0.00793481	4.90127200
6.19306798	0.00793481	4.40687300
6.19806798	0.00793481	3.38755500
6.20306798	0.00793481	3.41196900
6.20806798	0.00793481	4.52284300
6.21306798	0.00793481	4.54725700
6.21806798	0.00793481	3.52794000
6.22306798	0.00793481	3.05795500
6.22806798	0.00793481	3.14951000
6.23306798	0.00793481	3.17392500
6.23806798	0.00793481	3.17392500
6.24306798	0.00793481	3.17392500
6.24806798	0.00793481	3.17392500
6.25306798	0.00793481	3.17392500
6.25806798	0.00793481	3.17392500
6.26306798	0.00793481	3.17392500
6.26806798	0.00793481	3.17392500
6.27306798	0.00793481	3.17392500
6.27806798	0.00793481	3.17392500
6.28306798	0.00793481	3.17392500
6.28806798	0.00793481	3.17392500
6.29306798	0.00793481	3.17392500
6.29806798	0.00793481	3.17392500
6.30306798	0.00793481	3.17392500
6.30806798	0.00793481	3.17392500
6.31306798	0.00793481	3.17392500
6.31806798	0.00793481	3.17392500
6.32306798	0.00793481	3.17392500
6.32806798	0.00793481	3.17392500
6.33306798	0.00793481	3.17392500
6.33806798	0.00793481	3.17392500
6.34306798	0.00793481	3.19834000
6.34806798	0.00793481	3.28989500
6.35306798	0.00793481	2.81991000
6.35806798	0.00793481	1.80059200
6.36306798	0.00793481	1.80059200
6.36806798	0.00793481	2.81991000
6.37306798	0.00793481	3.28989500
6.37806798	0.00793481	3.19834000
6.38306798	0.00793481	3.19834000
6.38806798	0.00793481	3.28989500
6.39306798	0.00793481	2.84432500
6.39806798	0.00793481	1.91656200
6.40306798	0.00793481	1.44657700
6.40806798	0.00793481	1.44657700
6.41306798	0.00793481	1.91656200
6.41806798	0.00793481	2.84432500
6.42306798	0.00793481	3.28989500
6.42806798	0.00793481	3.19834000
6.43306798	0.00793481	3.14951000
6.43806798	0.00793481	3.05795500
6.44306798	0.00793481	3.50352500
6.44806798	0.00793481	4.43128700
6.45306798	0.00793481	4.87685800
6.45806798	0.00793481	4.78530200
6.46306798	0.00793481	4.76088700
6.46806798	0.00793481	4.76088700
6.47306798	0.00793481	4.73647300
6.47806798	0.00793481	4.64491700
6.48306798	0.00793481	5.11490200
6.48806798	0.00793481	6.13422100
6.49306798	0.00793481	6.13422100
6.49806798	0.00793481	5.11490200
6.50306798	0.00793481	4.64491700
6.50806798	0.00793481	4.73647300
6.51306798	0.00793481	4.73647300
6.51806798	0.00793481	4.64491700
6.52306798	0.00793481	5.09048700
6.52806798	0.00793481	6.01825000
6.53306798	0.00793481	6.46382000
6.53806798	0.00793481	6.37226500
6.54306798	0.00793481	6.37226500
6.54806798	0.00793481	6.46382000
6.55306798	0.00793481	6.01825000
6.55806798	0.00793481	5.09048700
6.56306798	0.00793481	4.66933200
6.56806798	0.00793481	4.85244300
6.57306798	0.00793481	4.40687300
6.57806798	0.00793481	3.38755500
6.58306798	0.00793481	3.38755500
6.58806798	0.00793481	4.40687300
6.59306798	0.00793481	4.87685800
6.59806798	0.00793481	4.78530200
6.60306798	0.00793481	4.78530200
6.60806798	0.00793481	4.87685800
6.61306798	0.00793481	4.43128700
6.61806797	0.00793481	3.50352500
6.62306797	0.00793481	3.05795500
6.62806797	0.00793481	3.14951000
6.63306797	0.00793481	3.17392500
6.63806797	0.00793481	3.17392500
6.64306797	0.00793481	3.14951000
6.64806797	0.00793481	3.05795500
6.65306797	0.00793481	3.50352500
6.65806797	0.00793481	4.43128700
6.66306797	0.00793481	4.90127200
6.66806797	0.00793481	4.90127200
6.67306797	0.00793481	4.40687300
6.67806797	0.00793481	3.38755500
6.68306797	0.00793481	3.38755500
6.68806797	0.00793481	4.40687300
6.69306797	0.00793481	4.90127200
6.69806797	0.00793481	4.90127200
6.70306797	0.00793481	4.43128700
6.70806797	0.00793481	3.50352500
6.71306797	0.00793481	3.03354000
6.71806797	0.00793481	3.03354000
6.72306797	0.00793481	3.52794000
6.72806797	0.00793481	4.54725700
6.73306797	0.00793481	4.54725700
6.73806797	0.00793481	3.52794000
6.74306797	0.00793481	3.03354000
6.74806797	0.00793481	3.03354000
6.75306797	0.00793481	3.52794000
6.75806797	0.00793481	4.54725700
6.76306797	0.00793481	4.54725700
6.76806797	0.00793481	3.52794000
6.77306797	0.00793481	3.03354000
6.77806797	0.00793481	3.03354000
6.78306797	0.00793481	3.50352500
6.78806797	0.00793481	4.43128700
6.79306797	0.00793481	4.87685800
6.79806797	0.00793481	4.78530200
6.80306797	0.00793481	4.76088700
6.80806797	0.00793481	4.76088700
6.81306797	0.00793481	4.78530200
6.81806797	0.00793481	4.87685800
6.82306797	0.00793481	4.43128700
6.82806797	0.00793481	3.50352500
6.83306797	0.00793481	3.05795500
6.83806797	0.00793481	3.14951000
6.84306797	0.00793481	3.17392500
6.84806797	0.00793481	3.17392500
6.85306797	0.00793481	3.17392500
6.85806797	0.00793481	3.17392500
6.86306797	0.00793481	3.19834000
6.86806797	0.00793481	3.28989500
6.87306797	0.00793481	2.81991000
6.87806797	0.00793481	1.80059200
6.88306797	0.00793481	1.80059200
6.88806797	0.00793481	2.81991000
6.89306797	0.00793481	3.31431000
6.89806797	0.00793481	3.31431000
6.90306797	0.00793481	2.84432500
6.90806797	0.00793481	1.91656200
6.91306797	0.00793481	1.47099200
6.91806797	0.00793481	1.56254800
6.92306797	0.00793481	1.56254800
6.92806797	0.00793481	1.47099200
6.93306797	0.00793481	1.94097700
6.93806797	0.00793481	2.96029500
6.94306797	0.00793481	2.93588100
6.94806797	0.00793481	1.82500700
6.95306797	0.00793481	1.82500700
6.95806797	0.00793481	2.93588100
6.96306797	0.00793481	2.96029500
6.96806797	0.00793481	1.94097700
6.97306797	0.00793481	1.44657700
6.97806797	0.00793481	1.44657700
6.98306797	0.00793481	1.91656200
6.98806797	0.00793481	2.84432500
6.99306797	0.00793481	3.28989500
6.99806797	0.00793481	3.19834000
7.00306797	0.00793481	3.17392500
7.00806797	0.00793481	3.17392500
7.01306797	0.00793481	3.17392500
7.01806797	0.00793481	3.17392500
7.02306797	0.00793481	3.17392500
7.02806797	0.00793481	3.17392500
7.03306797	0.00793481	3.17392500
7.03806797	0.00793481	3.17392500
7.04306797	0.00793481	3.17392500
7.04806797	0.00793481	3.17392500
7.05306797	0.00793481	3.14951000
7.05806797	0.00793481	3.05795500
7.06306797	0.00793481	3.52794000
7.06806797	0.00793481	4.54725700
7.07306797	0.00793481	4.52284300
7.07806797	0.00793481	3.41196900
7.08306797	0.00793481	3.38755500
7.08806797	0.00793481	4.40687300
7.09306797	0.00793481	4.87685800
7.09806797	0.00793481	4.78530200
7.10306797	0.00793481	4.80971700
7.10806797	0.00793481	4.99282800
7.11306797	0.00805689	4.05285800
7.11806797	0.00851466	2.01422100
7.12306797	0.00616474	2.03863600
7.12806797	0.00106815	4.16882800
7.13306797	0.00106815	4.66322800
7.13806797	0.00616474	3.55235400
7.14306797	0.00851466	3.05795500
7.14806797	0.00805689	3.14951000
7.15306797	0.00793481	3.17392500
7.15806797	0.00793481	3.17392500
7.16306797	0.00805689	3.17392500
7.16806797	0.00851466	3.17392500
7.17306797	0.00616474	3.17392500
7.17806797	0.00106815	3.17392500
7.18306797	0.00106815	3.14951000
7.18806797	0.00616474	3.05795500
7.19306797	0.00863674	3.52794000
7.19806797	0.00863674	4.54725700
7.20306797	0.00616474	4.54725700
7.20806797	0.00106815	3.52794000
7.21306797	0.00119022	3.03354000
7.21806797	0.00674459	3.03354000
7.22306797	0.00674459	3.52794000
7.22806797	0.00119022	4.54725700
7.23306797	0.00119022	4.54725700
7.23806797	0.00674459	3.52794000
7.24306797	0.00686667	3.03354000
7.24806797	0.00177007	3.03354000
7.25306797	-0.00057985	3.50352500
7.25806797	-0.00012207	4.43128700
7.26306797	0.00000000	4.90127200
7.26806797	0.00000000	4.90127200
7.27306797	0.00000000	4.40687300
7.27806797	0.00000000	3.38755500
7.28306797	0.00000000	3.38755500
7.28806797	0.00000000	4.40687300
7.29306797	0.00000000	4.90127200
7.29806797	0.00000000	4.90127200
7.30306797	0.00000000	4.43128700
7.30806797	0.00000000	3.50352500
7.31306797	-0.00012207	3.05795500
7.31806797	-0.00057985	3.14951000
7.32306797	0.00177007	3.17392500
7.32806797	0.00686667	3.17392500
7.33306797	0.00686667	3.17392500
7.33806797	0.00177007	3.17392500
7.34306797	-0.00070193	3.17392500
7.34806797	-0.00070193	3.17392500
7.35306797	0.00177007	3.17392500
7.35806797	0.00686667	3.17392500
7.36306797	0.00686667	3.17392500
7.36806797	0.00177007	3.17392500
7.37306797	-0.00057985	3.19834000
7.37806797	-0.00012207	3.28989500
7.38306797	0.00000000	2.84432500
7.38806797	0.00000000	1.91656200
7.39306797	0.00000000	1.44657700
7.39806797	0.00000000	1.44657700
7.40306797	0.00000000	1.91656200
7.40806797	0.00000000	2.84432500
7.41306797	0.00000000	3.28989500
7.41806797	0.00000000	3.19834000
7.42306797	0.00000000	3.19834000
7.42806797	0.00000000	3.28989500
7.43306797	-0.00012207	2.84432500
7.43806797	-0.00057985	1.91656200
7.44306797	0.00164800	1.44657700
7.44806797	0.00628681	1.44657700
7.45306797	0.00863674	1.94097700
7.45806797	0.00863674	2.96029500
7.46306797	0.00628681	2.96029500
7.46806797	0.00164800	1.94097700
7.47306797	-0.00057985	1.47099200
7.47806797	-0.00012207	1.56254800
7.48306797	0.00000000	1.58696200
7.48806797	0.00000000	1.58696200
7.49306797	0.00000000	1.58696200
7.49806797	0.00000000	1.58696200
7.50306797	0.00000000	1.56254800
7.50806797	0.00000000	1.47099200
7.51306797	0.00000000	1.94097700
7.51806797	0.00000000	2.96029500
7.52306797	0.00000000	2.96029500
7.52806797	0.00000000	1.94097700
7.53306797	0.00000000	1.47099200
7.53806797	0.00000000	1.56254800
7.54306797	0.00000000	1.58696200
7.54806797	0.00000000	1.58696200
7.55306797	0.00000000	1.58696200
7.55806797	0.00000000	1.58696200
7.56306797	0.00000000	1.61137700
7.56806797	0.00000000	1.70293300
7.57306797	0.00000000	1.25736300
7.57806797	0.00000000	0.32959990
7.58306797	0.00000000	-0.14038510
7.58806797	0.00000000	-0.14038510
7.59306797	0.00000000	0.32959990
7.59806797	0.00000000	1.25736300
7.60306797	0.00000000	1.70293300
7.60806797	0.00000000	1.61137700
7.61306797	0.00000000	1.58696200
7.61806797	0.00000000	1.58696200
7.62306797	0.00000000	1.61137700
7.62806797	0.00000000	1.70293300
7.63306797	0.00000000	1.23294800
7.63806797	0.00000000	0.21362960
7.64306797	0.00000000	0.21362960
7.64806797	0.00000000	1.23294800
7.65306797	0.00000000	1.70293300
7.65806797	0.00000000	1.61137700
7.66306797	0.00000000	1.58696200
7.66806797	0.00000000	1.58696200
7.67306797	0.00000000	1.58696200
7.67806797	0.00000000	1.58696200
7.68306797	0.00000000	1.58696200
7.68806797	0.00000000	1.58696200
7.69306797	0.00000000	1.56254800
7.69806797	0.00000000	1.47099200
7.70306797	0.00000000	1.91656200
7.70806797	0.00000000	2.84432500
7.71306797	0.00000000	3.31431000
7.71806797	0.00000000	3.31431000
7.72306797	0.00000000	2.84432500
7.72806797	0.00000000	1.91656200
7.73306797	0.00000000	1.47099200
7.73806797	0.00000000	1.56254800
7.74306797	0.00000000	1.61137700
7.74806797	0.00000000	1.70293300
7.75306797	0.00000000	1.25736300
7.75806797	0.00000000	0.32959990
7.76306797	0.00000000	-0.11597030
7.76806797	0.00000000	-0.02441481
7.77306797	0.00000000	-0.02441481
7.77806797	0.00000000	-0.11597030
7.78306797	0.00000000	0.32959990
7.78806797	0.00000000	1.25736300
7.79306797	0.00000000	1.70293300
7.79806797	0.00000000	1.61137700
7.80306797	0.00000000	1.58696200
7.80806797	0.00000000	1.58696200
7.81306797	0.00000000	1.58696200
7.81806797	0.00000000	1.58696200
7.82306797	0.00000000	1.61137700
7.82806797	0.00000000	1.70293300
7.83306797	0.00000000	1.23294800
7.83806797	0.00000000	0.21362960
7.84306797	0.00000000	0.21362960
7.84806797	0.00000000	1.23294800
7.85306797	0.00000000	1.70293300
7.85806797	0.00000000	1.61137700
7.86306797	0.00000000	1.58696200
7.86806797	0.00000000	1.58696200
7.87306797	0.00000000	1.58696200
7.87806797	0.00000000	1.58696200
7.88306797	0.00000000	1.58696200
7.88806797	0.00000000	1.58696200
7.89306797	0.00000000	1.56254800
7.89806797	0.00000000	1.47099200
7.90306797	0.00000000	1.94097700
7.90806797	0.00000000	2.96029500
7.91306797	0.00000000	2.96029500
7.91806797	0.00000000	1.94097700
7.92306797	0.00000000	1.44657700
7.92806797	0.00000000	1.44657700
7.93306797	0.00000000	1.94097700
7.93806797	0.00000000	2.96029500
7.94306797	0.00000000	2.96029500
7.94806797	0.00000000	1.94097700
7.95306797	0.00000000	1.44657700
7.95806797	0.00000000	1.44657700
7.96306797	0.00000000	1.91656200
7.96806797	0.00000000	2.84432500
7.97306797	0.00000000	3.31431000
7.97806797	0.00000000	3.31431000
7.98306797	0.00000000	2.81991000
7.98806797	0.00000000	1.80059200
7.99306797	0.00000000	1.82500700
7.99806797	0.00000000	2.93588100
8.00306797	0.00000000	2.96029500
8.00806797	0.00000000	1.94097700
8.01306797	0.00000000	1.47099200
8.01806797	0.00000000	1.56254800
8.02306797	0.00000000	1.58696200
8.02806797	0.00000000	1.58696200
8.03306797	0.00000000	1.58696200
8.03806797	0.00000000	1.58696200
8.04306797	0.00000000	1.58696200
8.04806797	0.00000000	1.58696200
8.05306797	0.00000000	1.56254800
8.05806797	0.00000000	1.47099200
8.06306797	0.00000000	1.91656200
8.06806797	0.00000000	2.84432500
8.07306797	0.00000000	3.28989500
8.07806797	0.00000000	3.19834000
8.08306797	0.00000000	3.19834000
8.08806797	0.00000000	3.28989500
8.09306797	0.00000000	2.81991000
8.09806797	0.00000000	1.80059200
8.10306797	0.00000000	1.80059200
8.10806797	0.00000000	2.81991000
8.11306797	0.00000000	3.31431000
8.11806797	0.00000000	3.31431000
8.12306797	0.00000000	2.81991000
8.12806797	0.00000000	1.80059200
8.13306797	0.00000000	1.80059200
8.13806797	0.00000000	2.81991000
8.14306797	0.00000000	3.28989500
8.14806797	0.00000000	3.19834000
8.15306797	0.00000000	3.17392500
8.15806797	0.00000000	3.17392500
8.16306797	0.00000000	3.19834000
8.16806797	0.00000000	3.28989500
8.17306797	0.00000000	2.81991000
8.17806797	0.00000000	1.80059200
8.18306797	0.00000000	1.82500700
8.18806797	0.00000000	2.93588100
8.19306797	0.00000000	2.96029500
8.19806797	0.00000000	1.94097700
8.20306797	0.00000000	1.44657700
8.20806797	0.00000000	1.44657700
8.21306797	0.00000000	1.94097700
8.21806797	0.00000000	2.96029500
8.22306797	0.00000000	2.96029500
8.22806797	0.00000000	1.94097700
8.23306797	0.00000000	1.47099200
8.23806797	0.00000000	1.56254800
8.24306797	0.00000000	1.58696200
8.24806797	0.00000000	1.58696200
8.25306797	0.00000000	1.58696200
8.25806797	0.00000000	1.58696200
8.26306796	0.00000000	1.58696200
8.26806796	0.00000000	1.58696200
8.27306796	0.00000000	1.58696200
8.27806796	0.00000000	1.58696200
8.28306796	0.00000000	1.58696200
8.28806796	0.00000000	1.58696200
8.29306796	0.00000000	1.58696200
8.29806796	0.00000000	1.58696200
8.30306796	0.00000000	1.56254800
8.30806796	0.00000000	1.47099200
8.31306796	0.00000000	1.94097700
8.31806796	0.00000000	2.96029500
8.32306796	0.00000000	2.96029500
8.32806796	0.00000000	1.94097700
8.33306796	0.00000000	1.47099200
8.33806796	0.00000000	1.56254800
8.34306796	0.00000000	1.58696200
8.34806796	0.00000000	1.58696200
8.35306796	0.00000000	1.61137700
8.35806796	0.00000000	1.70293300
8.36306796	0.00000000	1.25736300
8.36806796	0.00000000	0.32959990
8.37306796	0.00000000	-0.11597030
8.37806796	0.00000000	-0.02441481
8.38306796	0.00000000	0.00000000
8.38806796	0.00000000	0.00000000
8.39306796	0.00000000	0.00000000
8.39806796	0.00000000	0.00000000
8.40306796	0.00000000	-0.02441481
8.40806796	0.00000000	-0.11597030
8.41306796	0.00000000	0.35401470
8.41806796	0.00000000	1.37333300
8.42306796	0.00000000	1.37333300
8.42806796	0.00000000	0.35401470
8.43306796	0.00000000	-0.11597030
8.43806796	0.00000000	-0.02441481
8.44306796	0.00000000	-0.02441481
8.44806796	0.00000000	-0.11597030
8.45306796	0.00000000	0.32959990
8.45806796	0.00000000	1.25736300
8.46306796	0.00000000	1.70293300
8.46806796	0.00000000	1.61137700
8.47306796	0.00000000	1.58696200
8.47806796	0.00000000	1.58696200
8.48306796	0.00000000	1.58696200
8.48806796	0.00000000	1.58696200
8.49306796	0.00000000	1.58696200
8.49806796	0.00000000	1.58696200
8.50306796	0.00000000	1.56254800
8.50806796	0.00000000	1.47099200
8.51306796	0.00000000	1.91656200
8.51806796	0.00000000	2.84432500
8.52306796	0.00000000	3.28989500
8.52806796	0.00000000	3.19834000
8.53306796	0.00000000	3.17392500
8.53806796	0.00000000	3.17392500
8.54306796	0.00000000	3.17392500
8.54806796	0.00000000	3.17392500
8.55306796	0.00000000	3.19834000
8.55806796	0.00000000	3.28989500
8.56306796	0.00000000	2.84432500
8.56806796	0.00000000	1.91656200
8.57306796	0.00000000	1.47099200
8.57806796	0.00000000	1.56254800
8.58306796	0.00000000	1.58696200
8.58806796	0.00000000	1.58696200
8.59306796	0.00000000	1.61137700
8.59806796	0.00000000	1.70293300
8.60306796	0.00000000	1.23294800
8.60806796	0.00000000	0.21362960
8.61306796	0.00000000	0.23804440
8.61806796	0.00000000	1.34891800
8.62306796	0.00000000	1.34891800
8.62806796	0.00000000	0.23804440
8.63306796	0.00000000	0.21362960
8.63806796	0.00000000	1.23294800
8.64306796	0.00000000	1.70293300
8.64806796	0.00000000	1.61137700
8.65306796	0.00000000	1.58696200
8.65806796	0.00000000	1.58696200
8.66306796	0.00000000	1.58696200
8.66806796	0.00000000	1.58696200
8.67306796	0.00000000	1.58696200
8.67806796	0.00000000	1.58696200
8.68306796	0.00000000	1.58696200
8.68806796	0.00000000	1.58696200
8.69306796	0.00000000	1.58696200
8.69806796	0.00000000	1.58696200
8.70306796	0.00000000	1.58696200
8.70806796	0.00000000	1.58696200
8.71306796	0.00000000	1.58696200
8.71806796	0.00000000	1.58696200
8.72306796	0.00000000	1.58696200
8.72806796	0.00000000	1.58696200
8.73306796	0.00000000	1.58696200
8.73806796	0.00000000	1.58696200
8.74306796	0.00000000	1.58696200
8.74806796	0.00000000	1.58696200
8.75306796	0.00000000	1.58696200
8.75806796	0.00000000	1.58696200
8.76306796	0.00000000	1.61137700
8.76806796	0.00000000	1.70293300
8.77306796	0.00000000	1.25736300
8.77806796	0.00000000	0.32959990
8.78306796	0.00000000	-0.11597030
8.78806796	0.00000000	-0.02441481
8.79306796	0.00000000	0.00000000
8.79806796	0.00000000	0.00000000
8.80306796	0.00000000	0.00000000
8.80806796	0.00000000	0.00000000
8.81306796	0.00000000	0.00000000
8.81806796	0.00000000	0.00000000
8.82306796	0.00000000	0.02441481
8.82806796	0.00000000	0.11597030
8.83306796	0.00000000	-0.35401470
8.83806796	0.00000000	-1.37333300
8.84306796	0.00000000	-1.39774800
8.84806796	0.00000000	-0.46998500
8.85306796	0.00000000	0.44557020
8.85806796	0.00000000	1.28177700
8.86306796	0.00000000	1.70293300
8.86806796	0.00000000	1.61137700
8.87306796	0.00000000	1.58696200
8.87806796	0.00000000	1.58696200
8.88306796	0.00000000	1.61137700
8.88806796	0.00000000	1.70293300
8.89306796	0.00000000	1.23294800
8.89806796	0.00000000	0.21362960
8.90306796	0.00000000	0.21362960
8.90806796	0.00000000	1.23294800
8.91306796	0.00000000	1.72734800
8.91806796	0.00000000	1.72734800
8.92306796	0.00000000	1.23294800
8.92806796	0.00000000	0.21362960
8.93306796	0.00000000	0.23804440
8.93806796	0.00000000	1.34891800
8.94306796	0.00000000	1.37333300
8.94806796	0.00000000	0.35401470
8.95306796	0.00000000	-0.14038510
8.95806796	0.00000000	-0.14038510
8.96306796	0.00000000	0.35401470
8.96806796	0.00000000	1.37333300
8.97306796	0.00000000	1.37333300
8.97806796	0.00000000	0.35401470
8.98306796	0.00000000	-0.11597030
8.98806796	0.00000000	-0.02441481
8.99306796	0.00000000	0.00000000
8.99806796	0.00000000	0.00000000
9.00306796	0.00000000	0.00000000
9.00806796	0.00000000	0.00000000
9.01306796	0.00000000	0.00000000
9.01806796	0.00000000	0.00000000
9.02306796	0.00000000	0.00000000
9.02806796	0.00000000	0.00000000
