Time	Channel A	Channel B
(us)	(V)	(mV)

-1.00793595	0.00000000	3.17392500
-1.00293595	0.00000000	3.17392500
-0.99793595	0.00000000	3.17392500
-0.99293595	0.00000000	3.17392500
-0.98793595	0.00000000	3.17392500
-0.98293595	0.00000000	3.17392500
-0.97793595	0.00000000	3.14951000
-0.97293595	0.00000000	3.05795500
-0.96793595	0.00000000	3.52794000
-0.96293595	0.00000000	4.54725700
-0.95793595	0.00000000	4.54725700
-0.95293595	0.00000000	3.52794000
-0.94793595	0.00000000	3.05795500
-0.94293595	0.00000000	3.14951000
-0.93793595	0.00000000	3.17392500
-0.93293595	0.00000000	3.17392500
-0.92793595	0.00000000	3.17392500
-0.92293595	0.00000000	3.17392500
-0.91793595	0.00000000	3.14951000
-0.91293595	0.00000000	3.05795500
-0.90793595	0.00000000	3.52794000
-0.90293595	0.00000000	4.54725700
-0.89793595	0.00000000	4.54725700
-0.89293595	0.00000000	3.52794000
-0.88793595	0.00000000	3.05795500
-0.88293595	0.00000000	3.14951000
-0.87793595	0.00000000	3.14951000
-0.87293595	0.00000000	3.05795500
-0.86793595	0.00000000	3.52794000
-0.86293595	0.00000000	4.54725700
-0.85793595	0.00000000	4.54725700
-0.85293595	0.00000000	3.52794000
-0.84793595	0.00000000	3.05795500
-0.84293595	0.00000000	3.14951000
-0.83793595	0.00000000	3.17392500
-0.83293595	0.00000000	3.17392500
-0.82793595	0.00000000	3.14951000
-0.82293595	0.00000000	3.05795500
-0.81793595	0.00000000	3.52794000
-0.81293595	0.00000000	4.54725700
-0.80793595	0.00000000	4.54725700
-0.80293595	0.00000000	3.52794000
-0.79793595	0.00000000	3.03354000
-0.79293595	0.00000000	3.03354000
-0.78793595	0.00000000	3.52794000
-0.78293595	0.00000000	4.54725700
-0.77793595	0.00000000	4.52284300
-0.77293595	0.00000000	3.41196900
-0.76793595	0.00000000	3.38755500
-0.76293595	0.00000000	4.40687300
-0.75793595	0.00000000	4.87685800
-0.75293595	0.00000000	4.78530200
-0.74793595	0.00000000	4.78530200
-0.74293595	0.00000000	4.87685800
-0.73793595	0.00000000	4.40687300
-0.73293595	0.00000000	3.38755500
-0.72793595	0.00000000	3.38755500
-0.72293595	0.00000000	4.40687300
-0.71793595	0.00000000	4.87685800
-0.71293595	0.00000000	4.78530200
-0.70793595	0.00000000	4.76088700
-0.70293595	0.00000000	4.76088700
-0.69793595	0.00000000	4.78530200
-0.69293595	0.00000000	4.87685800
-0.68793595	0.00000000	4.40687300
-0.68293595	0.00000000	3.38755500
-0.67793595	0.00000000	3.38755500
-0.67293595	0.00000000	4.40687300
-0.66793595	0.00000000	4.90127200
-0.66293595	0.00000000	4.90127200
-0.65793595	0.00000000	4.43128700
-0.65293595	0.00000000	3.50352500
-0.64793595	0.00000000	3.03354000
-0.64293595	0.00000000	3.03354000
-0.63793595	0.00000000	3.52794000
-0.63293595	0.00000000	4.54725700
-0.62793595	0.00000000	4.54725700
-0.62293595	0.00000000	3.52794000
-0.61793595	0.00000000	3.05795500
-0.61293595	0.00000000	3.14951000
-0.60793595	0.00000000	3.19834000
-0.60293595	0.00000000	3.28989500
-0.59793595	0.00000000	2.84432500
-0.59293595	0.00000000	1.91656200
-0.58793595	0.00000000	1.47099200
-0.58293595	0.00000000	1.56254800
-0.57793595	0.00000000	1.58696200
-0.57293595	0.00000000	1.58696200
-0.56793595	0.00000000	1.58696200
-0.56293595	0.00000000	1.58696200
-0.55793595	0.00000000	1.56254800
-0.55293595	0.00000000	1.47099200
-0.54793595	0.00000000	1.94097700
-0.54293595	0.00000000	2.96029500
-0.53793595	0.00000000	2.93588100
-0.53293595	0.00000000	1.82500700
-0.52793595	0.00000000	1.82500700
-0.52293595	0.00000000	2.93588100
-0.51793595	0.00000000	2.93588100
-0.51293595	0.00000000	1.82500700
-0.50793595	0.00000000	1.80059200
-0.50293595	0.00000000	2.81991000
-0.49793595	0.00000000	3.28989500
-0.49293595	0.00000000	3.19834000
-0.48793595	0.00000000	3.19834000
-0.48293595	0.00000000	3.28989500
-0.47793595	0.00000000	2.81991000
-0.47293595	0.00000000	1.80059200
-0.46793595	0.00000000	1.80059200
-0.46293595	0.00000000	2.81991000
-0.45793595	0.00000000	3.28989500
-0.45293595	0.00000000	3.19834000
-0.44793595	0.00000000	3.17392500
-0.44293595	0.00000000	3.17392500
-0.43793595	0.00000000	3.17392500
-0.43293595	0.00000000	3.17392500
-0.42793595	0.00000000	3.17392500
-0.42293595	0.00000000	3.17392500
-0.41793595	0.00000000	3.14951000
-0.41293595	0.00000000	3.05795500
-0.40793595	0.00000000	3.52794000
-0.40293595	0.00000000	4.54725700
-0.39793595	0.00000000	4.54725700
-0.39293595	0.00000000	3.52794000
-0.38793595	0.00000000	3.05795500
-0.38293595	0.00000000	3.14951000
-0.37793595	0.00000000	3.19834000
-0.37293595	0.00000000	3.28989500
-0.36793595	0.00000000	2.81991000
-0.36293595	0.00000000	1.80059200
-0.35793595	0.00000000	1.80059200
-0.35293595	0.00000000	2.81991000
-0.34793595	0.00000000	3.28989500
-0.34293595	0.00000000	3.19834000
-0.33793595	0.00000000	3.19834000
-0.33293595	0.00000000	3.28989500
-0.32793595	0.00000000	2.81991000
-0.32293595	0.00000000	1.80059200
-0.31793595	0.00000000	1.82500700
-0.31293595	0.00000000	2.93588100
-0.30793595	0.00000000	2.93588100
-0.30293595	0.00000000	1.82500700
-0.29793595	0.00000000	1.82500700
-0.29293595	0.00000000	2.93588100
-0.28793595	0.00000000	2.96029500
-0.28293595	0.00000000	1.94097700
-0.27793595	0.00000000	1.47099200
-0.27293595	0.00000000	1.56254800
-0.26793595	0.00000000	1.56254800
-0.26293595	0.00000000	1.47099200
-0.25793595	0.00000000	1.91656200
-0.25293595	0.00000000	2.84432500
-0.24793595	0.00000000	3.31431000
-0.24293595	0.00000000	3.31431000
-0.23793595	0.00000000	2.81991000
-0.23293595	0.00000000	1.80059200
-0.22793595	0.00000000	1.82500700
-0.22293595	0.00000000	2.93588100
-0.21793595	0.00000000	2.96029500
-0.21293595	0.00000000	1.94097700
-0.20793595	0.00000000	1.44657700
-0.20293595	0.00000000	1.44657700
-0.19793595	0.00000000	1.91656200
-0.19293595	0.00000000	2.84432500
-0.18793595	0.00000000	3.28989500
-0.18293595	0.00000000	3.19834000
-0.17793595	0.00000000	3.17392500
-0.17293595	0.00000000	3.17392500
-0.16793595	0.00000000	3.14951000
-0.16293595	0.00000000	3.05795500
-0.15793595	0.00000000	3.52794000
-0.15293595	0.00000000	4.54725700
-0.14793595	0.00000000	4.54725700
-0.14293595	0.00000000	3.52794000
-0.13793595	0.00000000	3.03354000
-0.13293595	0.00000000	3.03354000
-0.12793595	0.00000000	3.50352500
-0.12293595	0.00000000	4.43128700
-0.11793595	0.00000000	4.92568700
-0.11293595	0.00000000	5.01724300
-0.10793595	-0.00012207	4.07727300
-0.10293595	-0.00057985	2.13019200
-0.09793595	0.00152593	1.73345100
-0.09293595	0.00570696	3.02743600
-0.08793595	0.01004059	2.65511000
-0.08293595	0.01376385	0.79958490
-0.07793595	0.01788385	-0.54322950
-0.07293595	0.02108829	-1.18411800
-0.06793595	0.02758873	-2.00811800
-0.06293595	0.03588977	-2.75276900
-0.05793595	0.04239021	-3.59508000
-0.05293595	0.04559465	-4.33973200
-0.04793595	0.04962309	-5.20645800
-0.04293595	0.05282754	-6.04266500
-0.03793595	0.05932798	-6.43940500
-0.03293595	0.06762902	-6.25629500
-0.02793595	0.07412946	-6.65303500
-0.02293595	0.07733390	-7.48924200
-0.01793595	0.08136234	-8.38038300
-0.01293595	0.08456679	-9.21658900
-0.00793595	0.09106723	-9.63774600
-0.00293595	0.09936827	-9.54619000
0.00206405	0.10586870	-9.54619000
0.00706405	0.10907320	-9.63774600
0.01206405	0.11319320	-9.16776000
0.01706405	0.11691640	-8.14844100
0.02206405	0.12112800	-8.14844100
0.02706405	0.12485120	-9.16776000
0.03206405	0.12897120	-9.63774600
0.03706405	0.13217570	-9.54619000
0.04206405	0.13867610	-9.57060400
0.04706405	0.14700770	-9.75371600
0.05206405	0.15350810	-8.83816100
0.05706405	0.15671250	-6.89107900
0.06206405	0.16083250	-6.44550900
0.06706405	0.16455580	-7.55638300
0.07206405	0.16876740	-8.07519700
0.07706405	0.17249060	-8.07519700
0.08206405	0.17670220	-7.58079800
0.08706405	0.18042540	-6.56148000
0.09206405	0.18463700	-6.56148000
0.09706405	0.18836020	-7.58079800
0.10206405	0.19257180	-8.07519700
0.10706405	0.19629510	-8.07519700
0.11206405	0.20050660	-7.58079800
0.11706405	0.20422990	-6.56148000
0.12206405	0.20856350	-6.56148000
0.12706405	0.21274450	-7.58079800
0.13206405	0.21472820	-8.02636700
0.13706405	0.21381270	-7.84325600
0.14206405	0.21579640	-8.28882700
0.14706405	0.21997740	-9.30814500
0.15206405	0.22431100	-9.30814500
0.15706405	0.22803430	-8.28882700
0.16206405	0.23236790	-7.81884200
0.16706405	0.23654900	-7.91039800
0.17206405	0.23853270	-7.93481200
0.17706405	0.23761710	-7.93481200
0.18206405	0.23972290	-7.93481200
0.18706405	0.24436170	-7.93481200
0.19206405	0.24646750	-7.91039800
0.19706405	0.24555190	-7.81884200
0.20206405	0.24765770	-8.28882700
0.20706405	0.25229650	-9.30814500
0.21206405	0.25440230	-9.30814500
0.21706405	0.25348680	-8.28882700
0.22206405	0.25559250	-7.81884200
0.22706405	0.26023130	-7.91039800
0.23206405	0.26245920	-7.91039800
0.23706405	0.26200140	-7.81884200
0.24206405	0.26175730	-8.26441300
0.24706405	0.26129950	-9.19217500
0.25206405	0.26352730	-9.61333000
0.25706405	0.26816620	-9.43021900
0.26206405	0.27039400	-9.85137500
0.26706405	0.26993620	-10.77914000
0.27206405	0.26969210	-11.22471000
0.27706405	0.26923430	-11.13315000
0.28206405	0.27146210	-11.10874000
0.28706404	0.27610100	-11.10874000
0.29206404	0.27832880	-11.10874000
0.29706404	0.27787100	-11.10874000
0.30206404	0.27774890	-11.10874000
0.30706404	0.27774890	-11.10874000
0.31206404	0.27774890	-11.13315000
0.31706404	0.27774890	-11.22471000
0.32206404	0.27774890	-10.75472000
0.32706404	0.27774890	-9.73540400
0.33206404	0.27774890	-9.75981900
0.33706404	0.27774890	-10.87069000
0.34206404	0.27774890	-10.89511000
0.34706404	0.27774890	-9.87579000
0.35206404	0.27774890	-9.40580500
0.35706404	0.27774890	-9.49735900
0.36206404	0.27787100	-9.54619000
0.36706404	0.27832880	-9.63774600
0.37206404	0.27610100	-9.24100500
0.37706404	0.27146210	-8.49635300
0.38206404	0.26923430	-7.11081300
0.38706404	0.26969210	-5.16373200
0.39206404	0.26993620	-5.21256200
0.39706404	0.27039400	-7.34275300
0.40206404	0.26816620	-7.86156800
0.40706404	0.26352730	-6.84224900
0.41206404	0.26129950	-5.90228000
0.41706404	0.26175730	-5.06607200
0.42206404	0.26200140	-4.66933200
0.42706404	0.26245920	-4.85244300
0.43206404	0.26023130	-4.40687300
0.43706404	0.25559250	-3.38755500
0.44206404	0.25348680	-3.38755500
0.44706404	0.25440230	-4.40687300
0.45206404	0.25229650	-4.87685800
0.45706404	0.24765770	-4.78530200
0.46206404	0.24555190	-4.76088700
0.46706404	0.24646750	-4.76088700
0.47206404	0.24436170	-4.76088700
0.47706404	0.23972290	-4.76088700
0.48206404	0.23749500	-4.78530200
0.48706404	0.23795280	-4.87685800
0.49206404	0.23819700	-4.43128700
0.49706404	0.23865470	-3.50352500
0.50206404	0.23642690	-3.05795500
0.50706404	0.23178810	-3.14951000
0.51206404	0.22956020	-3.19834000
0.51706404	0.23001800	-3.28989500
0.52206404	0.23026220	-2.81991000
0.52706404	0.23071990	-1.80059200
0.53206404	0.22849210	-1.80059200
0.53706404	0.22385330	-2.81991000
0.54206404	0.22162540	-3.28989500
0.54706404	0.22208320	-3.19834000
0.55206404	0.22220530	-3.17392500
0.55706404	0.22220530	-3.17392500
0.56206404	0.22220530	-3.17392500
0.56706404	0.22220530	-3.17392500
0.57206404	0.22232730	-3.19834000
0.57706404	0.22278510	-3.28989500
0.58206404	0.22055730	-2.84432500
0.58706404	0.21591850	-1.91656200
0.59206404	0.21369060	-1.47099200
0.59706404	0.21414840	-1.56254800
0.60206404	0.21427050	-1.58696200
0.60706404	0.21427050	-1.58696200
0.61206404	0.21427050	-1.58696200
0.61706404	0.21427050	-1.58696200
0.62206404	0.21439250	-1.61137700
0.62706404	0.21485030	-1.70293300
0.63206404	0.21262240	-1.25736300
0.63706404	0.20798360	-0.32959990
0.64206404	0.20575580	0.11597030
0.64706404	0.20621360	0.02441481
0.65206404	0.20633560	-0.02441481
0.65706404	0.20633560	-0.11597030
0.66206404	0.20633560	0.32959990
0.66706404	0.20633560	1.25736300
0.67206404	0.20633560	1.72734800
0.67706404	0.20633560	1.72734800
0.68206404	0.20633560	1.25736300
0.68706404	0.20633560	0.32959990
0.69206404	0.20633560	-0.11597030
0.69706404	0.20633560	-0.02441481
0.70206404	0.20633560	-0.02441481
0.70706404	0.20633560	-0.11597030
0.71206404	0.20645770	0.35401470
0.71706404	0.20691550	1.37333300
0.72206404	0.20468760	1.34891800
0.72706404	0.20004880	0.23804440
0.73206404	0.19782100	0.23804440
0.73706404	0.19827880	1.34891800
0.74206404	0.19840080	1.37333300
0.74706404	0.19840080	0.35401470
0.75206404	0.19840080	-0.11597030
0.75706404	0.19840080	-0.02441481
0.76206404	0.19840080	-0.02441481
0.76706404	0.19840080	-0.11597030
0.77206404	0.19840080	0.32959990
0.77706404	0.19840080	1.25736300
0.78206404	0.19852290	1.70293300
0.78706404	0.19898070	1.61137700
0.79206404	0.19675280	1.58696200
0.79706404	0.19211400	1.58696200
0.80206404	0.18988620	1.58696200
0.80706404	0.19034390	1.58696200
0.81206404	0.19046600	1.58696200
0.81706404	0.19046600	1.58696200
0.82206404	0.19046600	1.58696200
0.82706404	0.19046600	1.58696200
0.83206404	0.19046600	1.61137700
0.83706404	0.19046600	1.70293300
0.84206404	0.19046600	1.25736300
0.84706404	0.19046600	0.32959990
0.85206404	0.19046600	-0.14038510
0.85706404	0.19046600	-0.14038510
0.86206404	0.19058810	0.32959990
0.86706404	0.19104590	1.25736300
0.87206404	0.18881800	1.72734800
0.87706404	0.18417920	1.72734800
0.88206404	0.18195140	1.23294800
0.88706404	0.18240910	0.21362960
0.89206404	0.18253120	0.18921480
0.89706404	0.18253120	1.11697700
0.90206404	0.18253120	2.05694700
0.90706404	0.18253120	2.98471000
0.91206404	0.18253120	2.93588100
0.91706404	0.18253120	1.82500700
0.92206404	0.18253120	1.80059200
0.92706404	0.18253120	2.81991000
0.93206404	0.18265330	3.28989500
0.93706404	0.18311110	3.19834000
0.94206404	0.18088320	3.17392500
0.94706404	0.17624440	3.17392500
0.95206404	0.17401650	3.17392500
0.95706404	0.17447430	3.17392500
0.96206404	0.17459640	3.14951000
0.96706404	0.17459640	3.05795500
0.97206404	0.17459640	3.52794000
0.97706404	0.17459640	4.54725700
0.98206404	0.17459640	4.52284300
0.98706404	0.17459640	3.41196900
0.99206404	0.17459640	3.38755500
0.99706404	0.17459640	4.40687300
1.00206404	0.17459640	4.90127200
1.00706404	0.17459640	4.90127200
1.01206404	0.17459640	4.43128700
1.01706404	0.17459640	3.50352500
1.02206404	0.17471850	3.05795500
1.02706404	0.17517620	3.14951000
1.03206404	0.17294840	3.14951000
1.03706404	0.16830960	3.05795500
1.04206404	0.16608170	3.52794000
1.04706404	0.16653950	4.54725700
1.05206404	0.16666160	4.52284300
1.05706404	0.16666160	3.41196900
1.06206404	0.16666160	3.41196900
1.06706404	0.16666160	4.52284300
1.07206404	0.16666160	4.54725700
1.07706404	0.16666160	3.52794000
1.08206404	0.16666160	3.05795500
1.08706404	0.16666160	3.14951000
1.09206404	0.16666160	3.17392500
1.09706404	0.16666160	3.17392500
1.10206404	0.16666160	3.14951000
1.10706404	0.16666160	3.05795500
1.11206404	0.16678370	3.50352500
1.11706404	0.16724140	4.43128700
1.12206404	0.16501360	4.87685800
1.12706404	0.16037480	4.78530200
1.13206404	0.15814690	4.76088700
1.13706404	0.15860470	4.76088700
1.14206404	0.15872680	4.76088700
1.14706404	0.15872680	4.76088700
1.15206404	0.15872680	4.78530200
1.15706404	0.15872680	4.87685800
1.16206404	0.15872680	4.40687300
1.16706404	0.15872680	3.38755500
1.17206404	0.15872680	3.38755500
1.17706404	0.15872680	4.40687300
1.18206404	0.15872680	4.90127200
1.18706404	0.15872680	4.90127200
1.19206404	0.15872680	4.43128700
1.19706404	0.15872680	3.50352500
1.20206404	0.15872680	3.03354000
1.20706404	0.15872680	3.03354000
1.21206404	0.15884880	3.52794000
1.21706404	0.15930660	4.54725700
1.22206404	0.15707880	4.54725700
1.22706404	0.15244000	3.52794000
1.23206404	0.15021210	3.05795500
1.23706404	0.15066990	3.14951000
1.24206404	0.15079200	3.14951000
1.24706404	0.15079200	3.05795500
1.25206404	0.15079200	3.52794000
1.25706404	0.15079200	4.54725700
1.26206404	0.15079200	4.52284300
1.26706404	0.15079200	3.41196900
1.27206404	0.15079200	3.41196900
1.27706404	0.15079200	4.52284300
1.28206404	0.15079200	4.54725700
1.28706404	0.15079200	3.52794000
1.29206404	0.15079200	3.05795500
1.29706404	0.15079200	3.14951000
1.30206404	0.15091400	3.14951000
1.30706404	0.15137180	3.05795500
1.31206404	0.14914390	3.50352500
1.31706404	0.14450510	4.43128700
1.32206404	0.14227730	4.90127200
1.32706404	0.14273510	4.90127200
1.33206404	0.14285710	4.40687300
1.33706404	0.14285710	3.38755500
1.34206404	0.14285710	3.38755500
1.34706404	0.14285710	4.40687300
1.35206404	0.14285710	4.87685800
1.35706404	0.14285710	4.78530200
1.36206404	0.14285710	4.78530200
1.36706404	0.14285710	4.87685800
1.37206404	0.14285710	4.40687300
1.37706404	0.14285710	3.38755500
1.38206404	0.14285710	3.41196900
1.38706404	0.14285710	4.52284300
1.39206404	0.14285710	4.54725700
1.39706404	0.14285710	3.52794000
1.40206404	0.14297920	3.08237000
1.40706404	0.14343700	3.26548100
1.41206404	0.14120910	2.81991000
1.41706404	0.13653980	1.80059200
1.42206404	0.13431200	1.80059200
1.42706404	0.13476970	2.81991000
1.43206404	0.13489180	3.28989500
1.43706404	0.13489180	3.19834000
1.44206404	0.13489180	3.19834000
1.44706404	0.13489180	3.28989500
1.45206404	0.13489180	2.81991000
1.45706404	0.13489180	1.80059200
1.46206404	0.13489180	1.82500700
1.46706404	0.13489180	2.93588100
1.47206404	0.13489180	2.96029500
1.47706404	0.13489180	1.94097700
1.48206404	0.13489180	1.47099200
1.48706404	0.13489180	1.56254800
1.49206404	0.13489180	1.58696200
1.49706404	0.13489180	1.58696200
1.50206404	0.13489180	1.56254800
1.50706404	0.13489180	1.47099200
1.51206404	0.13489180	1.91656200
1.51706404	0.13489180	2.84432500
1.52206404	0.13501390	3.28989500
1.52706404	0.13547170	3.19834000
1.53206404	0.13324380	3.17392500
1.53706404	0.12860500	3.17392500
1.54206404	0.12637720	3.17392500
1.54706404	0.12683490	3.17392500
1.55206404	0.12695700	3.14951000
1.55706404	0.12695700	3.05795500
1.56206404	0.12695700	3.50352500
1.56706404	0.12695700	4.43128700
1.57206404	0.12695700	4.87685800
1.57706404	0.12695700	4.78530200
1.58206404	0.12695700	4.76088700
1.58706404	0.12695700	4.76088700
1.59206404	0.12695700	4.76088700
1.59706404	0.12695700	4.76088700
1.60206404	0.12695700	4.76088700
1.60706404	0.12695700	4.76088700
1.61206404	0.12695700	4.76088700
1.61706404	0.12695700	4.76088700
1.62206404	0.12695700	4.78530200
1.62706404	0.12695700	4.87685800
1.63206404	0.12695700	4.43128700
1.63706404	0.12695700	3.50352500
1.64206404	0.12695700	3.03354000
1.64706404	0.12695700	3.03354000
1.65206404	0.12707910	3.52794000
1.65706404	0.12753680	4.54725700
1.66206404	0.12530900	4.54725700
1.66706404	0.12067020	3.52794000
1.67206404	0.11844230	3.05795500
1.67706404	0.11890010	3.14951000
1.68206404	0.11902220	3.17392500
1.68706404	0.11902220	3.17392500
1.69206404	0.11902220	3.14951000
1.69706404	0.11902220	3.05795500
1.70206404	0.11902220	3.50352500
1.70706404	0.11902220	4.43128700
1.71206404	0.11902220	4.90127200
1.71706404	0.11902220	4.90127200
1.72206404	0.11902220	4.43128700
1.72706404	0.11902220	3.50352500
1.73206404	0.11902220	3.05795500
1.73706404	0.11902220	3.14951000
1.74206404	0.11902220	3.17392500
1.74706404	0.11902220	3.17392500
1.75206404	0.11902220	3.17392500
1.75706404	0.11902220	3.17392500
1.76206404	0.11914430	3.17392500
1.76706404	0.11960200	3.17392500
1.77206404	0.11737420	3.14951000
1.77706404	0.11273540	3.05795500
1.78206404	0.11050750	3.52794000
1.78706404	0.11096530	4.54725700
1.79206404	0.11108740	4.52284300
1.79706404	0.11108740	3.41196900
1.80206404	0.11108740	3.38755500
1.80706404	0.11108740	4.40687300
1.81206404	0.11108740	4.90127200
1.81706404	0.11108740	4.90127200
1.82206404	0.11108740	4.40687300
1.82706404	0.11108740	3.38755500
1.83206404	0.11108740	3.38755500
1.83706404	0.11108740	4.40687300
1.84206404	0.11108740	4.87685800
1.84706404	0.11108740	4.78530200
1.85206404	0.11108740	4.76088700
1.85706404	0.11108740	4.76088700
1.86206404	0.11108740	4.76088700
1.86706404	0.11108740	4.76088700
1.87206404	0.11108740	4.76088700
1.87706404	0.11108740	4.76088700
1.88206404	0.11108740	4.78530200
1.88706404	0.11108740	4.87685800
1.89206404	0.11120950	4.40687300
1.89706404	0.11166720	3.38755500
1.90206404	0.10943940	3.38755500
1.90706404	0.10480060	4.40687300
1.91206404	0.10257270	4.87685800
1.91706404	0.10303050	4.78530200
1.92206404	0.10315260	4.76088700
1.92706404	0.10315260	4.76088700
1.93206403	0.10315260	4.78530200
1.93706403	0.10315260	4.87685800
1.94206403	0.10315260	4.40687300
1.94706403	0.10315260	3.38755500
1.95206403	0.10315260	3.38755500
1.95706403	0.10315260	4.40687300
1.96206403	0.10315260	4.87685800
1.96706403	0.10315260	4.78530200
1.97206403	0.10315260	4.76088700
1.97706403	0.10315260	4.76088700
1.98206403	0.10315260	4.73647300
1.98706403	0.10315260	4.64491700
1.99206403	0.10315260	5.11490200
1.99706403	0.10315260	6.13422100
2.00206403	0.10315260	6.13422100
2.00706403	0.10315260	5.11490200
2.01206403	0.10315260	4.66933200
2.01706403	0.10315260	4.85244300
2.02206403	0.10315260	4.43128700
2.02706403	0.10315260	3.50352500
2.03206403	0.10327460	3.03354000
2.03706403	0.10373240	3.03354000
2.04206403	0.10150460	3.50352500
2.04706403	0.09686575	4.43128700
2.05206403	0.09463790	4.90127200
2.05706403	0.09509568	4.90127200
2.06206403	0.09521775	4.43128700
2.06706403	0.09521775	3.50352500
2.07206403	0.09521775	3.05795500
2.07706403	0.09521775	3.14951000
2.08206403	0.09521775	3.17392500
2.08706403	0.09521775	3.17392500
2.09206403	0.09521775	3.17392500
2.09706403	0.09521775	3.17392500
2.10206403	0.09521775	3.17392500
2.10706403	0.09521775	3.17392500
2.11206403	0.09521775	3.17392500
2.11706403	0.09521775	3.17392500
2.12206403	0.09521775	3.14951000
2.12706403	0.09521775	3.05795500
2.13206403	0.09521775	3.50352500
2.13706403	0.09521775	4.43128700
2.14206403	0.09521775	4.87685800
2.14706403	0.09521775	4.78530200
2.15206403	0.09521775	4.76088700
2.15706403	0.09521775	4.76088700
2.16206403	0.09521775	4.76088700
2.16706403	0.09521775	4.76088700
2.17206403	0.09521775	4.76088700
2.17706403	0.09521775	4.76088700
2.18206403	0.09521775	4.76088700
2.18706403	0.09521775	4.76088700
2.19206403	0.09533982	4.76088700
2.19706403	0.09579760	4.76088700
2.20206403	0.09356975	4.76088700
2.20706403	0.08893093	4.76088700
2.21206403	0.08670308	4.76088700
2.21706403	0.08716086	4.76088700
2.22206403	0.08728294	4.73647300
2.22706403	0.08728294	4.64491700
2.23206403	0.08728294	5.11490200
2.23706403	0.08728294	6.13422100
2.24206403	0.08728294	6.13422100
2.24706403	0.08728294	5.11490200
2.25206403	0.08728294	4.66933200
2.25706403	0.08728294	4.85244300
2.26206403	0.08728294	4.40687300
2.26706403	0.08728294	3.38755500
2.27206403	0.08728294	3.38755500
2.27706403	0.08728294	4.40687300
2.28206403	0.08728294	4.87685800
2.28706403	0.08728294	4.78530200
2.29206403	0.08728294	4.76088700
2.29706403	0.08728294	4.76088700
2.30206403	0.08728294	4.76088700
2.30706403	0.08728294	4.76088700
2.31206403	0.08728294	4.78530200
2.31706403	0.08728294	4.87685800
2.32206403	0.08728294	4.43128700
2.32706403	0.08728294	3.50352500
2.33206403	0.08728294	3.03354000
2.33706403	0.08728294	3.03354000
2.34206403	0.08728294	3.52794000
2.34706403	0.08728294	4.54725700
2.35206403	0.08728294	4.52284300
2.35706403	0.08728294	3.41196900
2.36206403	0.08728294	3.38755500
2.36706403	0.08728294	4.40687300
2.37206403	0.08740501	4.90127200
2.37706403	0.08786279	4.90127200
2.38206403	0.08563494	4.43128700
2.38706403	0.08099613	3.50352500
2.39206403	0.07876828	3.03354000
2.39706403	0.07922605	3.03354000
2.40206403	0.07934812	3.50352500
2.40706403	0.07934812	4.43128700
2.41206403	0.07934812	4.87685800
2.41706403	0.07934812	4.78530200
2.42206403	0.07934812	4.76088700
2.42706403	0.07934812	4.76088700
2.43206403	0.07934812	4.78530200
2.43706403	0.07934812	4.87685800
2.44206403	0.07934812	4.40687300
2.44706403	0.07934812	3.38755500
2.45206403	0.07934812	3.38755500
2.45706403	0.07934812	4.40687300
2.46206403	0.07934812	4.87685800
2.46706403	0.07934812	4.78530200
2.47206403	0.07934812	4.78530200
2.47706403	0.07934812	4.87685800
2.48206403	0.07934812	4.43128700
2.48706403	0.07934812	3.50352500
2.49206403	0.07934812	3.05795500
2.49706403	0.07934812	3.14951000
2.50206403	0.07934812	3.14951000
2.50706403	0.07934812	3.05795500
2.51206403	0.07934812	3.50352500
2.51706403	0.07934812	4.43128700
2.52206403	0.07934812	4.87685800
2.52706403	0.07934812	4.78530200
2.53206403	0.07934812	4.73647300
2.53706403	0.07934812	4.64491700
2.54206403	0.07934812	5.11490200
2.54706403	0.07934812	6.13422100
2.55206403	0.07934812	6.10980600
2.55706403	0.07934812	4.99893200
2.56206403	0.07947020	5.02334600
2.56706403	0.07992797	6.22577600
2.57206403	0.07770012	5.80462000
2.57706403	0.07306131	3.85753900
2.58206403	0.07083346	2.91756900
2.58706403	0.07129124	3.00912500
2.59206403	0.07141331	3.50352500
2.59706403	0.07141331	4.43128700
2.60206403	0.07141331	4.90127200
2.60706403	0.07141331	4.90127200
2.61206403	0.07141331	4.43128700
2.61706403	0.07141331	3.50352500
2.62206403	0.07141331	3.05795500
2.62706403	0.07141331	3.14951000
2.63206403	0.07141331	3.14951000
2.63706403	0.07141331	3.05795500
2.64206403	0.07141331	3.50352500
2.64706403	0.07141331	4.43128700
2.65206403	0.07141331	4.85244300
2.65706403	0.07141331	4.66933200
2.66206403	0.07141331	5.11490200
2.66706403	0.07141331	6.13422100
2.67206403	0.07141331	6.15863500
2.67706403	0.07141331	5.23087300
2.68206403	0.07141331	4.31531700
2.68706403	0.07141331	3.47911000
2.69206403	0.07141331	3.05795500
2.69706403	0.07141331	3.14951000
2.70206403	0.07141331	3.17392500
2.70706403	0.07141331	3.17392500
2.71206403	0.07141331	3.17392500
2.71706403	0.07141331	3.17392500
2.72206403	0.07141331	3.14951000
2.72706403	0.07141331	3.05795500
2.73206403	0.07141331	3.47911000
2.73706403	0.07141331	4.31531700
2.74206403	0.07141331	5.20645800
2.74706403	0.07141331	6.04266500
2.75206403	0.07141331	6.46382000
2.75706403	0.07141331	6.37226500
2.76206403	0.07153539	6.34785000
2.76706403	0.07199316	6.34785000
2.77206403	0.06976531	6.34785000
2.77706403	0.06512650	6.34785000
2.78206403	0.06289865	6.34785000
2.78706403	0.06335643	6.34785000
2.79206403	0.06347850	6.34785000
2.79706403	0.06347850	6.34785000
2.80206403	0.06347850	6.37226500
2.80706403	0.06347850	6.46382000
2.81206403	0.06347850	6.01825000
2.81706403	0.06347850	5.09048700
2.82206403	0.06347850	4.64491700
2.82706403	0.06347850	4.73647300
2.83206403	0.06347850	4.78530200
2.83706403	0.06347850	4.87685800
2.84206403	0.06347850	4.43128700
2.84706403	0.06347850	3.50352500
2.85206403	0.06347850	3.05795500
2.85706403	0.06347850	3.14951000
2.86206403	0.06347850	3.17392500
2.86706403	0.06347850	3.17392500
2.87206403	0.06347850	3.17392500
2.87706403	0.06347850	3.17392500
2.88206403	0.06347850	3.17392500
2.88706403	0.06347850	3.17392500
2.89206403	0.06347850	3.17392500
2.89706403	0.06347850	3.17392500
2.90206403	0.06347850	3.17392500
2.90706403	0.06347850	3.17392500
2.91206403	0.06347850	3.14951000
2.91706403	0.06347850	3.05795500
2.92206403	0.06347850	3.52794000
2.92706403	0.06347850	4.54725700
2.93206403	0.06347850	4.52284300
2.93706403	0.06347850	3.41196900
2.94206403	0.06347850	3.38755500
2.94706403	0.06347850	4.40687300
2.95206403	0.06347850	4.90127200
2.95706403	0.06347850	4.90127200
2.96206403	0.06347850	4.43128700
2.96706403	0.06347850	3.50352500
2.97206403	0.06347850	3.03354000
2.97706403	0.06347850	3.03354000
2.98206403	0.06347850	3.50352500
2.98706403	0.06347850	4.43128700
2.99206403	0.06347850	4.87685800
2.99706403	0.06347850	4.78530200
3.00206403	0.06347850	4.76088700
3.00706403	0.06347850	4.76088700
3.01206403	0.06360057	4.78530200
3.01706403	0.06405835	4.87685800
3.02206403	0.06183050	4.40687300
3.02706403	0.05719168	3.38755500
3.03206403	0.05496383	3.38755500
3.03706403	0.05542161	4.40687300
3.04206403	0.05554369	4.87685800
3.04706403	0.05554369	4.78530200
3.05206403	0.05554369	4.76088700
3.05706403	0.05554369	4.76088700
3.06206403	0.05554369	4.76088700
3.06706403	0.05554369	4.76088700
3.07206403	0.05554369	4.73647300
3.07706403	0.05554369	4.64491700
3.08206403	0.05554369	5.06607200
3.08706403	0.05554369	5.90228000
3.09206403	0.05554369	6.75069400
3.09706403	0.05554369	7.39158200
3.10206403	0.05554369	8.61842700
3.10706403	0.05554369	10.00397000
3.11206403	0.05554369	12.47597000
3.11706403	0.05554369	15.24705000
3.12206403	0.05554369	20.28260000
3.12706403	0.05554369	26.20319000
3.13206403	0.05554369	34.73006000
3.13706403	0.05554369	43.78796000
3.14206403	0.05554369	54.87838000
3.14706403	0.05554369	65.32793000
3.15206403	0.05554369	77.66961000
3.15706403	0.05554369	88.85159000
3.16206403	0.05554369	101.62050000
3.16706403	0.05554369	112.80860000
3.17206403	0.05554369	125.16860000
3.17706403	0.05554369	135.70360000
3.18206403	0.05554369	146.29960000
3.18706403	0.05554369	154.25280000
3.19206403	0.05554369	163.15190000
3.19706403	0.05554369	170.73880000
3.20206403	0.05554369	177.96560000
3.20706403	0.05554369	183.05000000
3.21206403	0.05554369	188.11000000
3.21706403	0.05554369	191.80880000
3.22206403	0.05554369	195.22080000
3.22706403	0.05554369	197.53410000
3.23206403	0.05554369	198.80370000
3.23706403	0.05554369	198.71210000
3.24206403	0.05554369	197.79050000
3.24706403	0.05554369	196.13020000
3.25206403	0.05554369	194.40900000
3.25706403	0.05554369	193.02350000
3.26206403	0.05554369	190.92990000
3.26706403	0.05554369	188.70810000
3.27206403	0.05554369	185.74180000
3.27706403	0.05554369	182.78760000
3.28206403	0.05554369	178.94830000
3.28706403	0.05554369	175.15790000
3.29206403	0.05554369	170.89760000
3.29706403	0.05554369	167.19260000
3.30206403	0.05566576	162.98100000
3.30706403	0.05612354	159.37370000
3.31206403	0.05377361	154.69220000
3.31706403	0.04867702	150.06560000
3.32206403	0.04879910	145.37800000
3.32706403	0.05435346	141.77070000
3.33206403	0.05447554	137.55910000
3.33706403	0.04937895	133.86030000
3.34206403	0.04702902	129.64870000
3.34706403	0.04748680	126.04150000
3.35206403	0.04760887	121.33550000
3.35706403	0.04760887	116.61730000
3.36206403	0.04760887	112.35690000
3.36706403	0.04760887	109.57980000
3.37206403	0.04760887	106.23490000
3.37706403	0.04760887	103.28070000
3.38206403	0.04760887	99.88708000
3.38706403	0.04760887	96.93289000
3.39206403	0.04760887	93.51482000
3.39706403	0.04760887	90.46906000
3.40206403	0.04760887	87.49657000
3.40706403	0.04760887	85.37248000
3.41206403	0.04760887	82.82723000
3.41706403	0.04760887	80.51392000
3.42206403	0.04760887	78.44477000
3.42706403	0.04760887	77.24235000
3.43206403	0.04760887	74.67879000
3.43706403	0.04760887	71.34617000
3.44206403	0.04760887	68.75820000
3.44706403	0.04760887	67.46421000
3.45206403	0.04760887	65.79180000
3.45706403	0.04760887	64.22315000
3.46206403	0.04760887	62.99631000
3.46706403	0.04760887	62.53853000
3.47206403	0.04760887	60.81729000
3.47706403	0.04760887	58.22932000
3.48206403	0.04760887	56.50807000
3.48706403	0.04760887	56.04419000
3.49206403	0.04760887	54.79293000
3.49706403	0.04760887	53.13272000
3.50206403	0.04760887	51.85705000
3.50706403	0.04760887	51.30772000
3.51206403	0.04760887	50.03204000
3.51706403	0.04760887	48.37184000
3.52206403	0.04760887	47.07175000
3.52706403	0.04760887	46.43086000
3.53206403	0.04760887	45.60686000
3.53706403	0.04760887	44.86221000
3.54206403	0.04760887	44.01990000
3.54706403	0.04760887	43.27525000
3.55206403	0.04760887	42.43293000
3.55706403	0.04760887	41.68828000
3.56206403	0.04760887	40.82156000
3.56706403	0.04760887	39.98535000
3.57206403	0.04760887	39.58861000
3.57706402	0.04760887	39.77172000
3.58206402	0.04760887	39.37498000
3.58706402	0.04760887	38.53877000
3.59206402	0.04760887	37.64763000
3.59706402	0.04760887	36.81142000
3.60206402	0.04773095	36.41468000
3.60706402	0.04818873	36.59780000
3.61206402	0.04596087	36.20105000
3.61706402	0.04132206	35.36485000
3.62206402	0.03909421	34.49812000
3.62706402	0.03955199	33.75347000
3.63206402	0.03967406	32.91116000
3.63706402	0.03967406	32.16651000
3.64206402	0.03967406	31.27537000
3.64706402	0.03967406	30.34761000
3.65206402	0.03967406	30.39643000
3.65706402	0.03967406	31.50731000
3.66206402	0.03967406	31.55614000
3.66706402	0.03967406	30.62838000
3.67206402	0.03967406	29.71282000
3.67706402	0.03967406	28.87661000
3.68206402	0.03967406	28.47987000
3.68706402	0.03967406	28.66298000
3.69206402	0.03967406	28.24183000
3.69706402	0.03967406	27.30796000
3.70206402	0.03967406	26.88681000
3.70706402	0.03967406	27.06992000
3.71206402	0.03967406	26.64876000
3.71706402	0.03967406	25.72100000
3.72206402	0.03967406	25.29984000
3.72706402	0.03967406	25.48295000
3.73206402	0.03967406	25.06180000
3.73706402	0.03967406	24.13404000
3.74206402	0.03967406	23.68847000
3.74706402	0.03967406	23.78002000
3.75206402	0.03967406	23.80444000
3.75706402	0.03967406	23.80444000
3.76206402	0.03967406	23.80444000
3.76706402	0.03967406	23.80444000
3.77206402	0.03967406	23.82885000
3.77706402	0.03967406	23.92041000
3.78206402	0.03967406	23.47484000
3.78706402	0.03967406	22.54707000
3.79206402	0.03967406	22.10150000
3.79706402	0.03967406	22.19306000
3.80206402	0.03967406	22.21748000
3.80706402	0.03967406	22.21748000
3.81206402	0.03967406	22.21748000
3.81706402	0.03967406	22.21748000
3.82206402	0.03967406	22.21748000
3.82706402	0.03967406	22.21748000
3.83206402	0.03967406	22.24189000
3.83706402	0.03967406	22.33344000
3.84206402	0.03967406	21.88787000
3.84706402	0.03967406	20.96011000
3.85206402	0.03967406	20.51454000
3.85706402	0.03967406	20.60610000
3.86206402	0.03967406	20.63051000
3.86706402	0.03967406	20.63051000
3.87206402	0.03967406	20.65493000
3.87706402	0.03967406	20.74648000
3.88206402	0.03967406	20.27650000
3.88706402	0.03967406	19.25718000
3.89206402	0.03967406	19.28160000
3.89706402	0.03967406	20.39247000
3.90206402	0.03967406	20.41688000
3.90706402	0.03967406	19.39757000
3.91206402	0.03967406	18.92758000
3.91706402	0.03967406	19.01913000
3.92206402	0.03967406	19.04355000
3.92706402	0.03967406	19.04355000
3.93206402	0.03967406	19.04355000
3.93706402	0.03967406	19.04355000
3.94206402	0.03967406	19.01913000
3.94706402	0.03967406	18.92758000
3.95206402	0.03967406	19.42198000
3.95706402	0.03967406	20.53285000
3.96206402	0.03967406	20.06287000
3.96706402	0.03967406	18.02423000
3.97206402	0.03967406	17.57866000
3.97706402	0.03967406	18.78109000
3.98206402	0.03967406	18.80550000
3.98706402	0.03967406	17.69463000
3.99206402	0.03967406	17.67022000
3.99706402	0.03967406	18.68954000
4.00206402	0.03967406	19.15952000
4.00706402	0.03967406	19.06796000
4.01206402	0.03967406	19.06796000
4.01706402	0.03967406	19.15952000
4.02206402	0.03967406	18.71395000
4.02706402	0.03967406	17.78619000
4.03206402	0.03979614	17.36503000
4.03706402	0.04025391	17.54814000
4.04206402	0.03802606	17.10257000
4.04706402	0.03338725	16.08325000
4.05206402	0.03115940	16.10767000
4.05706402	0.03161718	17.21854000
4.06206402	0.03173925	17.26737000
4.06706402	0.03173925	16.33961000
4.07206402	0.03173925	15.42405000
4.07706402	0.03173925	14.58785000
4.08206402	0.03173925	14.14228000
4.08706402	0.03173925	14.14228000
4.09206402	0.03173925	14.61226000
4.09706402	0.03173925	15.54002000
4.10206402	0.03173925	15.96118000
4.10706402	0.03173925	15.77807000
4.11206402	0.03173925	16.22364000
4.11706402	0.03173925	17.24296000
4.12206402	0.03173925	17.26737000
4.12706402	0.03173925	16.33961000
4.13206402	0.03173925	15.39964000
4.13706402	0.03173925	14.47188000
4.14206402	0.03173925	14.49629000
4.14706402	0.03173925	15.51561000
4.15206402	0.03173925	15.98559000
4.15706402	0.03173925	15.89404000
4.16206402	0.03173925	15.86962000
4.16706402	0.03173925	15.86962000
4.17206402	0.03173925	15.86962000
4.17706402	0.03173925	15.86962000
4.18206402	0.03173925	15.86962000
4.18706402	0.03173925	15.86962000
4.19206402	0.03173925	15.89404000
4.19706402	0.03173925	15.98559000
4.20206402	0.03173925	15.51561000
4.20706402	0.03173925	14.49629000
4.21206402	0.03173925	14.52071000
4.21706402	0.03173925	15.63158000
4.22206402	0.03173925	15.63158000
4.22706402	0.03173925	14.52071000
4.23206402	0.03173925	14.52071000
4.23706402	0.03173925	15.63158000
4.24206402	0.03173925	15.65600000
4.24706402	0.03173925	14.63668000
4.25206402	0.03173925	14.16669000
4.25706402	0.03173925	14.25825000
4.26206402	0.03173925	14.25825000
4.26706402	0.03173925	14.16669000
4.27206402	0.03173925	14.63668000
4.27706402	0.03173925	15.65600000
4.28206402	0.03173925	15.68041000
4.28706402	0.03173925	14.75265000
4.29206402	0.03173925	13.83709000
4.29706402	0.03173925	13.00089000
4.30206402	0.03173925	12.57973000
4.30706402	0.03173925	12.67128000
4.31206402	0.03173925	12.72011000
4.31706402	0.03173925	12.81167000
4.32206402	0.03173925	12.36610000
4.32706402	0.03173925	11.43834000
4.33206402	0.03173925	10.94394000
4.33706402	0.03173925	10.85238000
4.34206402	0.03173925	11.79235000
4.34706402	0.03173925	13.73943000
4.35206402	0.03173925	14.18500000
4.35706402	0.03173925	13.07413000
4.36206402	0.03173925	12.57973000
4.36706402	0.03173925	12.67128000
4.37206402	0.03173925	12.67128000
4.37706402	0.03173925	12.57973000
4.38206402	0.03173925	13.04971000
4.38706402	0.03173925	14.06903000
4.39206402	0.03173925	14.04462000
4.39706402	0.03173925	12.93374000
4.40206402	0.03173925	12.90933000
4.40706402	0.03173925	13.92865000
4.41206402	0.03173925	14.42305000
4.41706402	0.03173925	14.42305000
4.42206402	0.03173925	13.92865000
4.42706402	0.03173925	12.90933000
4.43206402	0.03173925	12.93374000
4.43706402	0.03173925	14.04462000
4.44206402	0.03173925	14.06903000
4.44706402	0.03173925	13.04971000
4.45206402	0.03173925	12.57973000
4.45706402	0.03173925	12.67128000
4.46206402	0.03173925	12.69570000
4.46706402	0.03173925	12.69570000
4.47206402	0.03173925	12.72011000
4.47706402	0.03173925	12.81167000
4.48206402	0.03173925	12.36610000
4.48706402	0.03173925	11.43834000
4.49206402	0.03186132	10.96835000
4.49706402	0.03231910	10.96835000
4.50206402	0.02996918	11.46275000
4.50706402	0.02487259	12.48207000
4.51206402	0.02487259	12.48207000
4.51706402	0.02996918	11.46275000
4.52206402	0.03244118	10.99277000
4.52706402	0.03244118	11.08432000
4.53206402	0.03009125	11.10874000
4.53706402	0.02545244	11.10874000
4.54206402	0.02322458	11.08432000
4.54706402	0.02368236	10.99277000
4.55206402	0.02380444	11.46275000
4.55706402	0.02380444	12.48207000
4.56206402	0.02380444	12.48207000
4.56706402	0.02380444	11.46275000
4.57206402	0.02380444	10.96835000
4.57706402	0.02380444	10.96835000
4.58206402	0.02380444	11.46275000
4.58706402	0.02380444	12.48207000
4.59206402	0.02380444	12.48207000
4.59706402	0.02380444	11.46275000
4.60206402	0.02380444	10.99277000
4.60706402	0.02380444	11.08432000
4.61206402	0.02380444	11.10874000
4.61706402	0.02380444	11.10874000
4.62206402	0.02380444	11.10874000
4.62706402	0.02380444	11.10874000
4.63206402	0.02380444	11.10874000
4.63706402	0.02380444	11.10874000
4.64206402	0.02380444	11.10874000
4.64706402	0.02380444	11.10874000
4.65206402	0.02380444	11.08432000
4.65706402	0.02380444	10.99277000
4.66206402	0.02380444	11.46275000
4.66706402	0.02380444	12.48207000
4.67206402	0.02380444	12.48207000
4.67706402	0.02380444	11.46275000
4.68206402	0.02380444	10.99277000
4.68706402	0.02380444	11.08432000
4.69206402	0.02380444	11.13315000
4.69706402	0.02380444	11.22471000
4.70206402	0.02380444	10.77914000
4.70706402	0.02380444	9.85137500
4.71206402	0.02380444	9.40580500
4.71706402	0.02380444	9.49735900
4.72206402	0.02380444	9.52177400
4.72706402	0.02380444	9.52177400
4.73206402	0.02380444	9.52177400
4.73706402	0.02380444	9.52177400
4.74206402	0.02380444	9.52177400
4.74706402	0.02380444	9.52177400
4.75206402	0.02380444	9.52177400
4.75706402	0.02380444	9.52177400
4.76206402	0.02380444	9.52177400
4.76706402	0.02380444	9.52177400
4.77206402	0.02380444	9.52177400
4.77706402	0.02380444	9.52177400
4.78206402	0.02380444	9.52177400
4.78706402	0.02380444	9.52177400
4.79206402	0.02380444	9.54619000
4.79706402	0.02380444	9.63774600
4.80206402	0.02380444	9.16776000
4.80706402	0.02380444	8.14844100
4.81206402	0.02380444	8.12402700
4.81706402	0.02380444	9.05179000
4.82206402	0.02380444	9.99175900
4.82706402	0.02380444	10.91952000
4.83206402	0.02380444	10.91952000
4.83706402	0.02380444	9.99175900
4.84206402	0.02380444	9.07620400
4.84706402	0.02380444	8.23999700
4.85206402	0.02380444	7.81884200
4.85706402	0.02380444	7.91039800
4.86206402	0.02380444	7.93481200
4.86706402	0.02380444	7.93481200
4.87206402	0.02380444	7.91039800
4.87706402	0.02380444	7.81884200
4.88206402	0.02380444	8.26441300
4.88706402	0.02380444	9.19217500
4.89206402	0.02380444	9.63774600
4.89706402	0.02380444	9.54619000
4.90206402	0.02380444	9.52177400
4.90706402	0.02380444	9.52177400
4.91206402	0.02380444	9.52177400
4.91706402	0.02380444	9.52177400
4.92206402	0.02380444	9.52177400
4.92706402	0.02380444	9.52177400
4.93206402	0.02380444	9.52177400
4.93706402	0.02380444	9.52177400
4.94206402	0.02380444	9.49735900
4.94706402	0.02380444	9.40580500
4.95206402	0.02380444	9.85137500
4.95706402	0.02380444	10.77914000
4.96206402	0.02380444	11.24912000
4.96706402	0.02380444	11.24912000
4.97206402	0.02380444	10.75472000
4.97706402	0.02380444	9.73540400
4.98206402	0.02380444	9.73540400
4.98706402	0.02380444	10.75472000
4.99206402	0.02380444	11.20029000
4.99706402	0.02380444	11.01718000
5.00206402	0.02380444	11.46275000
5.00706402	0.02380444	12.48207000
5.01206402	0.02380444	12.45765000
5.01706402	0.02380444	11.34678000
5.02206402	0.02380444	11.32237000
5.02706402	0.02380444	12.34169000
5.03206402	0.02380444	12.83609000
5.03706402	0.02380444	12.83609000
5.04206402	0.02380444	12.34169000
5.04706402	0.02380444	11.32237000
5.05206402	0.02380444	11.34678000
5.05706402	0.02380444	12.45765000
5.06206402	0.02380444	12.48207000
5.06706402	0.02380444	11.46275000
5.07206402	0.02380444	10.99277000
5.07706402	0.02380444	11.08432000
5.08206402	0.02380444	11.10874000
5.08706402	0.02380444	11.10874000
5.09206402	0.02380444	11.10874000
5.09706402	0.02380444	11.10874000
5.10206402	0.02380444	11.13315000
5.10706402	0.02380444	11.22471000
5.11206402	0.02380444	10.77914000
5.11706402	0.02380444	9.85137500
5.12206402	0.02380444	9.40580500
5.12706402	0.02380444	9.49735900
5.13206402	0.02380444	9.52177400
5.13706402	0.02380444	9.52177400
5.14206402	0.02380444	9.52177400
5.14706402	0.02380444	9.52177400
5.15206402	0.02392651	9.52177400
5.15706402	0.02438429	9.52177400
5.16206402	0.02215644	9.52177400
5.16706402	0.01751762	9.52177400
5.17206402	0.01516770	9.49735900
5.17706402	0.01516770	9.40580500
5.18206402	0.01751762	9.87579000
5.18706402	0.02215644	10.89511000
5.19206402	0.02450636	10.89511000
5.19706402	0.02450636	9.87579000
5.20206402	0.02215644	9.40580500
5.20706402	0.01751762	9.49735900
5.21206402	0.01516770	9.52177400
5.21706402	0.01516770	9.52177400
5.22206401	0.01763970	9.52177400
5.22706401	0.02273629	9.52177400
5.23206401	0.02273629	9.52177400
5.23706401	0.01763970	9.52177400
5.24206401	0.01528977	9.54619000
5.24706401	0.01574755	9.63774600
5.25206401	0.01574755	9.16776000
5.25706401	0.01528977	8.14844100
5.26206401	0.01763970	8.12402700
5.26706401	0.02273629	9.05179000
5.27206401	0.02273629	9.99175900
5.27706401	0.01763970	10.91952000
5.28206401	0.01528977	10.89511000
5.28706401	0.01574755	9.87579000
5.29206401	0.01586962	9.40580500
5.29706401	0.01586962	9.49735900
5.30206401	0.01586962	9.52177400
5.30706401	0.01586962	9.52177400
5.31206401	0.01586962	9.52177400
5.31706401	0.01586962	9.52177400
5.32206401	0.01586962	9.52177400
5.32706401	0.01586962	9.52177400
5.33206401	0.01586962	9.49735900
5.33706401	0.01586962	9.40580500
5.34206401	0.01586962	9.87579000
5.34706401	0.01586962	10.89511000
5.35206401	0.01586962	10.89511000
5.35706401	0.01586962	9.87579000
5.36206401	0.01586962	9.40580500
5.36706401	0.01586962	9.49735900
5.37206401	0.01586962	9.49735900
5.37706401	0.01586962	9.40580500
5.38206401	0.01586962	9.87579000
5.38706401	0.01586962	10.89511000
5.39206401	0.01586962	10.89511000
5.39706401	0.01586962	9.87579000
5.40206401	0.01586962	9.40580500
5.40706401	0.01586962	9.49735900
5.41206401	0.01586962	9.49735900
5.41706401	0.01586962	9.40580500
5.42206401	0.01586962	9.87579000
5.42706401	0.01586962	10.89511000
5.43206401	0.01586962	10.89511000
5.43706401	0.01586962	9.87579000
5.44206401	0.01586962	9.40580500
5.44706401	0.01586962	9.49735900
5.45206401	0.01586962	9.52177400
5.45706401	0.01586962	9.52177400
5.46206401	0.01586962	9.54619000
5.46706401	0.01586962	9.63774600
5.47206401	0.01586962	9.19217500
5.47706401	0.01586962	8.26441300
5.48206401	0.01586962	7.84325600
5.48706401	0.01586962	8.02636700
5.49206401	0.01586962	7.60521200
5.49706401	0.01586962	6.67745000
5.50206401	0.01586962	6.23187900
5.50706401	0.01586962	6.32343500
5.51206401	0.01586962	6.34785000
5.51706401	0.01586962	6.34785000
5.52206401	0.01586962	6.34785000
5.52706401	0.01586962	6.34785000
5.53206401	0.01586962	6.34785000
5.53706401	0.01586962	6.34785000
5.54206401	0.01586962	6.34785000
5.54706401	0.01586962	6.34785000
5.55206401	0.01586962	6.34785000
5.55706401	0.01586962	6.34785000
5.56206401	0.01586962	6.32343500
5.56706401	0.01586962	6.23187900
5.57206401	0.01586962	6.67745000
5.57706401	0.01586962	7.60521200
5.58206401	0.01586962	8.05078300
5.58706401	0.01586962	7.95922800
5.59206401	0.01586962	7.93481200
5.59706401	0.01586962	7.93481200
5.60206401	0.01586962	7.93481200
5.60706401	0.01586962	7.93481200
5.61206401	0.01586962	7.91039800
5.61706401	0.01586962	7.81884200
5.62206401	0.01586962	8.28882700
5.62706401	0.01586962	9.30814500
5.63206401	0.01586962	9.30814500
5.63706401	0.01586962	8.28882700
5.64206401	0.01586962	7.81884200
5.64706401	0.01586962	7.91039800
5.65206401	0.01586962	7.93481200
5.65706401	0.01586962	7.93481200
5.66206401	0.01586962	7.93481200
5.66706401	0.01586962	7.93481200
5.67206401	0.01586962	7.93481200
5.67706401	0.01586962	7.93481200
5.68206401	0.01586962	7.95922800
5.68706401	0.01586962	8.05078300
5.69206401	0.01586962	7.58079800
5.69706401	0.01586962	6.56148000
5.70206401	0.01586962	6.56148000
5.70706401	0.01586962	7.58079800
5.71206401	0.01586962	8.05078300
5.71706401	0.01586962	7.95922800
5.72206401	0.01586962	7.93481200
5.72706401	0.01586962	7.93481200
5.73206401	0.01586962	7.93481200
5.73706401	0.01586962	7.93481200
5.74206401	0.01586962	7.93481200
5.74706401	0.01586962	7.93481200
5.75206401	0.01586962	7.93481200
5.75706401	0.01586962	7.93481200
5.76206401	0.01586962	7.93481200
5.76706401	0.01586962	7.93481200
5.77206401	0.01586962	7.95922800
5.77706401	0.01586962	8.05078300
5.78206401	0.01586962	7.58079800
5.78706401	0.01586962	6.56148000
5.79206401	0.01586962	6.58589400
5.79706401	0.01586962	7.69676800
5.80206401	0.01586962	7.72118300
5.80706401	0.01586962	6.70186400
5.81206401	0.01586962	6.20746500
5.81706401	0.01586962	6.20746500
5.82206401	0.01586962	6.65303500
5.82706401	0.01586962	7.48924200
5.83206401	0.01586962	8.40479800
5.83706401	0.01586962	9.33256100
5.84206401	0.01586962	9.30814500
5.84706401	0.01586962	8.28882700
5.85206401	0.01586962	7.81884200
5.85706401	0.01586962	7.91039800
5.86206401	0.01586962	7.93481200
5.86706401	0.01586962	7.93481200
5.87206401	0.01586962	7.91039800
5.87706401	0.01586962	7.81884200
5.88206401	0.01586962	8.28882700
5.88706401	0.01586962	9.30814500
5.89206401	0.01586962	9.30814500
5.89706401	0.01586962	8.28882700
5.90206401	0.01586962	7.81884200
5.90706401	0.01586962	7.91039800
5.91206401	0.01586962	7.95922800
5.91706401	0.01586962	8.05078300
5.92206401	0.01586962	7.60521200
5.92706401	0.01586962	6.67745000
5.93206401	0.01586962	6.23187900
5.93706401	0.01586962	6.32343500
5.94206401	0.01586962	6.34785000
5.94706401	0.01586962	6.34785000
5.95206401	0.01586962	6.34785000
5.95706401	0.01586962	6.34785000
5.96206401	0.01586962	6.34785000
5.96706401	0.01586962	6.34785000
5.97206401	0.01586962	6.32343500
5.97706401	0.01586962	6.23187900
5.98206401	0.01586962	6.70186400
5.98706401	0.01586962	7.72118300
5.99206401	0.01586962	7.72118300
5.99706401	0.01586962	6.70186400
6.00206401	0.01586962	6.23187900
6.00706401	0.01586962	6.32343500
6.01206401	0.01586962	6.34785000
6.01706401	0.01586962	6.34785000
6.02206401	0.01586962	6.37226500
6.02706401	0.01586962	6.46382000
6.03206401	0.01586962	5.99383500
6.03706401	0.01586962	4.97451700
6.04206401	0.01586962	4.97451700
6.04706401	0.01586962	5.99383500
6.05206401	0.01586962	6.46382000
6.05706401	0.01586962	6.37226500
6.06206401	0.01586962	6.37226500
6.06706401	0.01586962	6.46382000
6.07206401	0.01586962	6.01825000
6.07706401	0.01586962	5.09048700
6.08206401	0.01586962	4.62050200
6.08706401	0.01586962	4.62050200
6.09206401	0.01586962	5.09048700
6.09706401	0.01586962	6.01825000
6.10206401	0.01586962	6.46382000
6.10706401	0.01586962	6.37226500
6.11206401	0.01586962	6.37226500
6.11706401	0.01586962	6.46382000
6.12206401	0.01586962	5.99383500
6.12706401	0.01586962	4.97451700
6.13206401	0.01586962	4.97451700
6.13706401	0.01586962	5.99383500
6.14206401	0.01586962	6.48823500
6.14706401	0.01586962	6.48823500
6.15206401	0.01586962	5.99383500
6.15706401	0.01586962	4.97451700
6.16206401	0.01586962	4.95010200
6.16706401	0.01586962	5.87786500
6.17206401	0.01586962	6.81783500
6.17706401	0.01586962	7.74559700
6.18206401	0.01586962	7.72118300
6.18706401	0.01586962	6.70186400
6.19206401	0.01586962	6.23187900
6.19706401	0.01586962	6.32343500
6.20206401	0.01586962	6.32343500
6.20706401	0.01586962	6.23187900
6.21206401	0.01586962	6.70186400
6.21706401	0.01586962	7.72118300
6.22206401	0.01586962	7.69676800
6.22706401	0.01586962	6.58589400
6.23206401	0.01586962	6.58589400
6.23706401	0.01586962	7.69676800
6.24206401	0.01586962	7.69676800
6.24706401	0.01586962	6.58589400
6.25206401	0.01586962	6.58589400
6.25706401	0.01586962	7.69676800
6.26206401	0.01599170	7.72118300
6.26706401	0.01644948	6.70186400
6.27206401	0.01409955	6.25629500
6.27706401	0.00900296	6.43940500
6.28206401	0.00900296	5.99383500
6.28706401	0.01409955	4.97451700
6.29206401	0.01644948	4.99893200
6.29706401	0.01599170	6.10980600
6.30206401	0.01586962	6.13422100
6.30706401	0.01586962	5.11490200
6.31206401	0.01599170	4.64491700
6.31706401	0.01644948	4.73647300
6.32206401	0.01422163	4.76088700
6.32706401	0.00958281	4.76088700
6.33206401	0.00735496	4.76088700
6.33706401	0.00781274	4.76088700
6.34206401	0.00793481	4.76088700
6.34706401	0.00793481	4.76088700
6.35206401	0.00793481	4.73647300
6.35706401	0.00793481	4.64491700
6.36206401	0.00793481	5.09048700
6.36706401	0.00793481	6.01825000
6.37206401	0.00793481	6.46382000
6.37706401	0.00793481	6.37226500
6.38206401	0.00793481	6.34785000
6.38706401	0.00793481	6.34785000
6.39206401	0.00793481	6.39667900
6.39706401	0.00793481	6.57979000
6.40206401	0.00793481	5.66423500
6.40706401	0.00793481	3.71715500
6.41206401	0.00793481	3.27158400
6.41706401	0.00793481	4.38245800
6.42206401	0.00793481	4.87685800
6.42706401	0.00793481	4.78530200
6.43206401	0.00793481	4.76088700
6.43706401	0.00793481	4.76088700
6.44206401	0.00781274	4.76088700
6.44706401	0.00735496	4.76088700
6.45206401	0.00970489	4.76088700
6.45706401	0.01480148	4.76088700
6.46206401	0.01480148	4.73647300
6.46706401	0.00970489	4.64491700
6.47206401	0.00735496	5.09048700
6.47706401	0.00781274	6.01825000
6.48206401	0.00793481	6.46382000
6.48706401	0.00793481	6.37226500
6.49206401	0.00793481	6.37226500
6.49706401	0.00793481	6.46382000
6.50206401	0.00793481	5.99383500
6.50706401	0.00793481	4.97451700
6.51206401	0.00793481	4.97451700
6.51706401	0.00793481	5.99383500
6.52206401	0.00793481	6.48823500
6.52706401	0.00793481	6.48823500
6.53206401	0.00793481	6.01825000
6.53706401	0.00793481	5.09048700
6.54206401	0.00793481	4.64491700
6.54706401	0.00793481	4.73647300
6.55206401	0.00793481	4.76088700
6.55706401	0.00793481	4.76088700
6.56206401	0.00793481	4.78530200
6.56706401	0.00793481	4.87685800
6.57206401	0.00793481	4.43128700
6.57706401	0.00793481	3.50352500
6.58206401	0.00793481	3.03354000
6.58706401	0.00793481	3.03354000
6.59206401	0.00793481	3.50352500
6.59706401	0.00793481	4.43128700
6.60206401	0.00793481	4.85244300
6.60706401	0.00793481	4.66933200
6.61206401	0.00793481	5.09048700
6.61706401	0.00793481	6.01825000
6.62206401	0.00793481	6.46382000
6.62706401	0.00793481	6.37226500
6.63206401	0.00793481	6.34785000
6.63706401	0.00793481	6.34785000
6.64206401	0.00793481	6.34785000
6.64706401	0.00793481	6.34785000
6.65206401	0.00793481	6.32343500
6.65706401	0.00793481	6.23187900
6.66206401	0.00793481	6.67745000
6.66706401	0.00793481	7.60521200
6.67206401	0.00793481	8.05078300
6.67706401	0.00793481	7.95922800
6.68206401	0.00793481	7.95922800
6.68706401	0.00793481	8.05078300
6.69206401	0.00793481	7.60521200
6.69706401	0.00793481	6.67745000
6.70206401	0.00793481	6.23187900
6.70706401	0.00793481	6.32343500
6.71206401	0.00793481	6.34785000
6.71706401	0.00793481	6.34785000
6.72206401	0.00793481	6.34785000
6.72706401	0.00793481	6.34785000
6.73206401	0.00793481	6.34785000
6.73706401	0.00793481	6.34785000
6.74206401	0.00793481	6.34785000
6.74706401	0.00793481	6.34785000
6.75206401	0.00793481	6.32343500
6.75706401	0.00793481	6.23187900
6.76206401	0.00793481	6.67745000
6.76706401	0.00793481	7.60521200
6.77206401	0.00793481	8.05078300
6.77706401	0.00793481	7.95922800
6.78206401	0.00793481	7.93481200
6.78706401	0.00793481	7.93481200
6.79206401	0.00793481	7.95922800
6.79706401	0.00793481	8.05078300
6.80206401	0.00793481	7.60521200
6.80706401	0.00793481	6.67745000
6.81206401	0.00793481	6.20746500
6.81706401	0.00793481	6.20746500
6.82206401	0.00793481	6.67745000
6.82706401	0.00793481	7.60521200
6.83206401	0.00793481	8.07519700
6.83706401	0.00793481	8.07519700
6.84206401	0.00793481	7.60521200
6.84706401	0.00793481	6.67745000
6.85206401	0.00793481	6.25629500
6.85706401	0.00793481	6.43940500
6.86206401	0.00793481	6.01825000
6.86706400	0.00793481	5.09048700
6.87206400	0.00793481	4.66933200
6.87706400	0.00793481	4.85244300
6.88206400	0.00793481	4.40687300
6.88706400	0.00793481	3.38755500
6.89206400	0.00793481	3.38755500
6.89706400	0.00793481	4.40687300
6.90206400	0.00793481	4.87685800
6.90706400	0.00793481	4.78530200
6.91206400	0.00793481	4.76088700
6.91706400	0.00793481	4.76088700
6.92206400	0.00793481	4.76088700
6.92706400	0.00793481	4.76088700
6.93206400	0.00793481	4.78530200
6.93706400	0.00793481	4.87685800
6.94206400	0.00793481	4.40687300
6.94706400	0.00793481	3.38755500
6.95206400	0.00793481	3.38755500
6.95706400	0.00793481	4.40687300
6.96206400	0.00793481	4.87685800
6.96706400	0.00793481	4.78530200
6.97206400	0.00793481	4.78530200
6.97706400	0.00793481	4.87685800
6.98206400	0.00793481	4.40687300
6.98706400	0.00793481	3.38755500
6.99206400	0.00793481	3.36314000
6.99706400	0.00793481	4.29090200
7.00206400	0.00793481	5.20645800
7.00706400	0.00793481	6.04266500
7.01206400	0.00793481	6.46382000
7.01706400	0.00793481	6.37226500
7.02206400	0.00793481	6.34785000
7.02706400	0.00793481	6.34785000
7.03206400	0.00793481	6.34785000
7.03706400	0.00793481	6.34785000
7.04206400	0.00793481	6.32343500
7.04706400	0.00793481	6.23187900
7.05206400	0.00793481	6.67745000
7.05706400	0.00793481	7.60521200
7.06206400	0.00793481	8.05078300
7.06706400	0.00793481	7.95922800
7.07206400	0.00793481	7.95922800
7.07706400	0.00793481	8.05078300
7.08206400	0.00793481	7.58079800
7.08706400	0.00793481	6.56148000
7.09206400	0.00793481	6.61030900
7.09706400	0.00793481	7.81273800
7.10206400	0.00793481	7.36716800
7.10706400	0.00793481	5.32853200
7.11206400	0.00793481	4.88296100
7.11706400	0.00793481	6.08539100
7.12206400	0.00793481	6.13422100
7.12706400	0.00793481	5.11490200
7.13206400	0.00793481	4.64491700
7.13706400	0.00793481	4.73647300
7.14206400	0.00793481	4.76088700
7.14706400	0.00793481	4.76088700
7.15206400	0.00793481	4.76088700
7.15706400	0.00793481	4.76088700
7.16206400	0.00793481	4.76088700
7.16706400	0.00793481	4.76088700
7.17206400	0.00793481	4.76088700
7.17706400	0.00793481	4.76088700
7.18206400	0.00793481	4.73647300
7.18706400	0.00793481	4.64491700
7.19206400	0.00793481	5.09048700
7.19706400	0.00793481	6.01825000
7.20206400	0.00793481	6.46382000
7.20706400	0.00793481	6.37226500
7.21206400	0.00793481	6.34785000
7.21706400	0.00793481	6.34785000
7.22206400	0.00793481	6.37226500
7.22706400	0.00793481	6.46382000
7.23206400	0.00793481	5.99383500
7.23706400	0.00793481	4.97451700
7.24206400	0.00793481	4.95010200
7.24706400	0.00793481	5.87786500
7.25206400	0.00793481	6.81783500
7.25706400	0.00793481	7.74559700
7.26206400	0.00793481	7.72118300
7.26706400	0.00793481	6.70186400
7.27206400	0.00793481	6.25629500
7.27706400	0.00793481	6.43940500
7.28206400	0.00793481	5.99383500
7.28706400	0.00793481	4.97451700
7.29206400	0.00793481	4.97451700
7.29706400	0.00793481	5.99383500
7.30206400	0.00793481	6.48823500
7.30706400	0.00793481	6.48823500
7.31206400	0.00793481	6.01825000
7.31706400	0.00793481	5.09048700
7.32206400	0.00793481	4.64491700
7.32706400	0.00793481	4.73647300
7.33206400	0.00793481	4.73647300
7.33706400	0.00793481	4.64491700
7.34206400	0.00793481	5.11490200
7.34706400	0.00793481	6.13422100
7.35206400	0.00793481	6.10980600
7.35706400	0.00793481	4.99893200
7.36206400	0.00793481	4.97451700
7.36706400	0.00793481	5.99383500
7.37206400	0.00793481	6.48823500
7.37706400	0.00793481	6.48823500
7.38206400	0.00793481	6.01825000
7.38706400	0.00793481	5.09048700
7.39206400	0.00793481	4.62050200
7.39706400	0.00793481	4.62050200
7.40206400	0.00793481	5.09048700
7.40706400	0.00793481	6.01825000
7.41206400	0.00793481	6.46382000
7.41706400	0.00793481	6.37226500
7.42206400	0.00793481	6.34785000
7.42706400	0.00793481	6.34785000
7.43206400	0.00793481	6.34785000
7.43706400	0.00793481	6.34785000
7.44206400	0.00793481	6.32343500
7.44706400	0.00793481	6.23187900
7.45206400	0.00793481	6.70186400
7.45706400	0.00793481	7.72118300
7.46206400	0.00793481	7.72118300
7.46706400	0.00793481	6.70186400
7.47206400	0.00793481	6.25629500
7.47706400	0.00793481	6.43940500
7.48206400	0.00793481	5.99383500
7.48706400	0.00793481	4.97451700
7.49206400	0.00793481	4.97451700
7.49706400	0.00793481	5.99383500
7.50206400	0.00793481	6.48823500
7.50706400	0.00793481	6.48823500
7.51206400	0.00793481	5.99383500
7.51706400	0.00793481	4.97451700
7.52206400	0.00793481	4.97451700
7.52706400	0.00793481	5.99383500
7.53206400	0.00793481	6.46382000
7.53706400	0.00793481	6.37226500
7.54206400	0.00793481	6.37226500
7.54706400	0.00793481	6.46382000
7.55206400	0.00793481	6.01825000
7.55706400	0.00793481	5.09048700
7.56206400	0.00793481	4.62050200
7.56706400	0.00793481	4.62050200
7.57206400	0.00793481	5.11490200
7.57706400	0.00793481	6.13422100
7.58206400	0.00793481	6.10980600
7.58706400	0.00793481	4.99893200
7.59206400	0.00793481	4.99893200
7.59706400	0.00793481	6.10980600
7.60206400	0.00793481	6.10980600
7.60706400	0.00793481	4.99893200
7.61206400	0.00793481	4.97451700
7.61706400	0.00793481	5.99383500
7.62206400	0.00793481	6.48823500
7.62706400	0.00793481	6.48823500
7.63206400	0.00793481	5.99383500
7.63706400	0.00793481	4.97451700
7.64206400	0.00793481	4.99893200
7.64706400	0.00793481	6.10980600
7.65206400	0.00793481	6.13422100
7.65706400	0.00793481	5.11490200
7.66206400	0.00793481	4.64491700
7.66706400	0.00793481	4.73647300
7.67206400	0.00793481	4.73647300
7.67706400	0.00793481	4.64491700
7.68206400	0.00793481	5.11490200
7.68706400	0.00793481	6.13422100
7.69206400	0.00793481	6.13422100
7.69706400	0.00793481	5.11490200
7.70206400	0.00793481	4.64491700
7.70706400	0.00793481	4.73647300
7.71206400	0.00793481	4.76088700
7.71706400	0.00793481	4.76088700
7.72206400	0.00793481	4.76088700
7.72706400	0.00793481	4.76088700
7.73206400	0.00793481	4.78530200
7.73706400	0.00793481	4.87685800
7.74206400	0.00793481	4.40687300
7.74706400	0.00793481	3.38755500
7.75206400	0.00793481	3.38755500
7.75706400	0.00793481	4.40687300
7.76206400	0.00793481	4.87685800
7.76706400	0.00793481	4.78530200
7.77206400	0.00793481	4.76088700
7.77706400	0.00793481	4.76088700
7.78206400	0.00793481	4.76088700
7.78706400	0.00793481	4.76088700
7.79206400	0.00793481	4.78530200
7.79706400	0.00793481	4.87685800
7.80206400	0.00793481	4.38245800
7.80706400	0.00793481	3.27158400
7.81206400	0.00793481	3.74156900
7.81706400	0.00793481	5.78020600
7.82206400	0.00793481	6.20136100
7.82706400	0.00793481	4.90737600
7.83206400	0.00793481	5.32853200
7.83706400	0.00793481	7.36716800
7.84206400	0.00793481	7.83715300
7.84706400	0.00793481	6.72627900
7.85206400	0.00793481	6.23187900
7.85706400	0.00793481	6.32343500
7.86206400	0.00793481	6.37226500
7.86706400	0.00793481	6.46382000
7.87206400	0.00793481	6.01825000
7.87706400	0.00793481	5.09048700
7.88206400	0.00793481	4.64491700
7.88706400	0.00793481	4.73647300
7.89206400	0.00793481	4.73647300
7.89706400	0.00793481	4.64491700
7.90206400	0.00793481	5.09048700
7.90706400	0.00793481	6.01825000
7.91206400	0.00793481	6.48823500
7.91706400	0.00793481	6.48823500
7.92206400	0.00793481	6.01825000
7.92706400	0.00793481	5.09048700
7.93206400	0.00793481	4.66933200
7.93706400	0.00793481	4.85244300
7.94206400	0.00793481	4.40687300
7.94706400	0.00793481	3.38755500
7.95206400	0.00793481	3.38755500
7.95706400	0.00793481	4.40687300
7.96206400	0.00793481	4.87685800
7.96706400	0.00793481	4.78530200
7.97206400	0.00793481	4.78530200
7.97706400	0.00793481	4.87685800
7.98206400	0.00793481	4.43128700
7.98706400	0.00793481	3.50352500
7.99206400	0.00793481	3.05795500
7.99706400	0.00793481	3.14951000
8.00206400	0.00793481	3.12509500
8.00706400	0.00793481	2.94198400
8.01206400	0.00793481	3.85753900
8.01706400	0.00793481	5.80462000
8.02206400	0.00793481	6.25019100
8.02706400	0.00793481	5.13931700
8.03206400	0.00793481	4.64491700
8.03706400	0.00793481	4.73647300
8.04206400	0.00793481	4.76088700
8.04706400	0.00793481	4.76088700
8.05206400	0.00805689	4.76088700
8.05706400	0.00851466	4.76088700
8.06206400	0.00616474	4.78530200
8.06706400	0.00106815	4.87685800
8.07206400	0.00106815	4.43128700
8.07706400	0.00616474	3.50352500
8.08206400	0.00851466	3.03354000
8.08706400	0.00805689	3.03354000
8.09206400	0.00793481	3.52794000
8.09706400	0.00793481	4.54725700
8.10206400	0.00793481	4.52284300
8.10706400	0.00793481	3.41196900
8.11206400	0.00793481	3.38755500
8.11706400	0.00793481	4.40687300
8.12206400	0.00793481	4.87685800
8.12706400	0.00793481	4.78530200
8.13206400	0.00793481	4.78530200
8.13706400	0.00793481	4.87685800
8.14206400	0.00793481	4.40687300
8.14706400	0.00793481	3.38755500
8.15206400	0.00793481	3.36314000
8.15706400	0.00793481	4.29090200
8.16206400	0.00793481	5.20645800
8.16706400	0.00793481	6.04266500
8.17206400	0.00793481	6.51265000
8.17706400	0.00793481	6.60420600
8.18206400	0.00793481	5.66423500
8.18706400	0.00793481	3.71715500
8.19206400	0.00793481	3.27158400
8.19706400	0.00793481	4.38245800
8.20206400	0.00793481	4.87685800
8.20706400	0.00793481	4.78530200
8.21206400	0.00793481	4.76088700
8.21706400	0.00793481	4.76088700
8.22206400	0.00805689	4.76088700
8.22706400	0.00851466	4.76088700
8.23206400	0.00616474	4.76088700
8.23706400	0.00106815	4.76088700
8.24206400	0.00106815	4.76088700
8.24706400	0.00616474	4.76088700
8.25206400	0.00863674	4.76088700
8.25706400	0.00863674	4.76088700
8.26206400	0.00628681	4.73647300
8.26706400	0.00164800	4.64491700
8.27206400	-0.00070193	5.09048700
8.27706400	-0.00070193	6.01825000
8.28206400	0.00164800	6.48823500
8.28706400	0.00628681	6.48823500
8.29206400	0.00851466	6.04266500
8.29706400	0.00805689	5.20645800
8.30206400	0.00793481	4.29090200
8.30706400	0.00793481	3.36314000
8.31206400	0.00793481	3.38755500
8.31706400	0.00793481	4.40687300
8.32206400	0.00793481	4.90127200
8.32706400	0.00793481	4.90127200
8.33206400	0.00805689	4.43128700
8.33706400	0.00851466	3.50352500
8.34206400	0.00616474	3.08237000
8.34706400	0.00106815	3.26548100
8.35206400	0.00106815	2.84432500
8.35706400	0.00616474	1.91656200
8.36206400	0.00851466	1.47099200
8.36706400	0.00805689	1.56254800
8.37206400	0.00793481	1.56254800
8.37706400	0.00793481	1.47099200
8.38206400	0.00793481	1.91656200
8.38706400	0.00793481	2.84432500
8.39206400	0.00793481	3.28989500
8.39706400	0.00793481	3.19834000
8.40206400	0.00805689	3.14951000
8.40706400	0.00851466	3.05795500
8.41206400	0.00616474	3.50352500
8.41706400	0.00106815	4.43128700
8.42206400	0.00106815	4.87685800
8.42706400	0.00616474	4.78530200
8.43206400	0.00851466	4.76088700
8.43706400	0.00805689	4.76088700
8.44206400	0.00793481	4.76088700
8.44706400	0.00793481	4.76088700
8.45206400	0.00793481	4.76088700
8.45706400	0.00793481	4.76088700
8.46206400	0.00793481	4.76088700
8.46706400	0.00793481	4.76088700
8.47206400	0.00805689	4.78530200
8.47706400	0.00851466	4.87685800
8.48206400	0.00616474	4.43128700
8.48706400	0.00106815	3.50352500
8.49206400	0.00106815	3.03354000
8.49706400	0.00616474	3.03354000
8.50206400	0.00851466	3.52794000
8.50706400	0.00805689	4.54725700
8.51206399	0.00793481	4.52284300
8.51706399	0.00793481	3.41196900
8.52206399	0.00805689	3.38755500
8.52706399	0.00851466	4.40687300
8.53206399	0.00616474	4.87685800
8.53706399	0.00106815	4.78530200
8.54206399	0.00106815	4.78530200
8.54706399	0.00616474	4.87685800
8.55206399	0.00851466	4.43128700
8.55706399	0.00805689	3.50352500
8.56206399	0.00805689	3.08237000
8.56706399	0.00851466	3.26548100
8.57206399	0.00628681	2.81991000
8.57706399	0.00164800	1.80059200
8.58206399	-0.00057985	1.80059200
8.58706399	-0.00012207	2.81991000
8.59206399	0.00000000	3.28989500
8.59706399	0.00000000	3.19834000
8.60206399	0.00000000	3.14951000
8.60706399	0.00000000	3.05795500
8.61206399	0.00000000	3.50352500
8.61706399	0.00000000	4.43128700
8.62206399	0.00000000	4.87685800
8.62706399	0.00000000	4.78530200
8.63206399	0.00000000	4.76088700
8.63706399	0.00000000	4.76088700
8.64206399	-0.00012207	4.76088700
8.64706399	-0.00057985	4.76088700
8.65206399	0.00177007	4.76088700
8.65706399	0.00686667	4.76088700
8.66206399	0.00686667	4.76088700
8.66706399	0.00177007	4.76088700
8.67206399	-0.00070193	4.76088700
8.67706399	-0.00070193	4.76088700
8.68206399	0.00177007	4.76088700
8.68706399	0.00686667	4.76088700
8.69206399	0.00686667	4.76088700
8.69706399	0.00177007	4.76088700
8.70206399	-0.00070193	4.78530200
8.70706399	-0.00070193	4.87685800
8.71206399	0.00177007	4.38245800
8.71706399	0.00686667	3.27158400
8.72206399	0.00686667	3.74156900
8.72706399	0.00177007	5.78020600
8.73206399	-0.00057985	6.25019100
8.73706399	-0.00012207	5.13931700
8.74206399	0.00000000	4.64491700
8.74706399	0.00000000	4.73647300
8.75206399	0.00000000	4.76088700
8.75706399	0.00000000	4.76088700
8.76206399	0.00000000	4.76088700
8.76706399	0.00000000	4.76088700
8.77206399	0.00000000	4.76088700
8.77706399	0.00000000	4.76088700
8.78206399	0.00000000	4.76088700
8.78706399	0.00000000	4.76088700
8.79206399	0.00000000	4.76088700
8.79706399	0.00000000	4.76088700
8.80206399	0.00000000	4.78530200
8.80706399	0.00000000	4.87685800
8.81206399	0.00000000	4.43128700
8.81706399	0.00000000	3.50352500
8.82206399	0.00000000	3.05795500
8.82706399	0.00000000	3.14951000
8.83206399	0.00000000	3.14951000
8.83706399	0.00000000	3.05795500
8.84206399	0.00000000	3.52794000
8.84706399	0.00000000	4.54725700
8.85206399	0.00000000	4.52284300
8.85706399	0.00000000	3.41196900
8.86206399	0.00000000	3.41196900
8.86706399	0.00000000	4.52284300
8.87206399	-0.00012207	4.52284300
8.87706399	-0.00057985	3.41196900
8.88206399	0.00177007	3.38755500
8.88706399	0.00686667	4.40687300
8.89206399	0.00686667	4.87685800
8.89706399	0.00177007	4.78530200
8.90206399	-0.00057985	4.76088700
8.90706399	-0.00012207	4.76088700
8.91206399	0.00000000	4.76088700
8.91706399	0.00000000	4.76088700
8.92206399	0.00000000	4.76088700
8.92706399	0.00000000	4.76088700
8.93206399	0.00000000	4.76088700
8.93706399	0.00000000	4.76088700
8.94206399	0.00000000	4.76088700
8.94706399	0.00000000	4.76088700
8.95206399	0.00000000	4.78530200
8.95706399	0.00000000	4.87685800
8.96206399	0.00000000	4.40687300
8.96706399	0.00000000	3.38755500
8.97206399	0.00000000	3.41196900
8.97706399	0.00000000	4.52284300
8.98206399	0.00000000	4.52284300
8.98706399	0.00000000	3.41196900
8.99206399	0.00000000	3.41196900
8.99706399	0.00000000	4.52284300
9.00206399	0.00000000	4.52284300
9.00706399	0.00000000	3.41196900
9.01206399	0.00000000	3.38755500
9.01706399	0.00000000	4.40687300
9.02206399	0.00000000	4.87685800
9.02706399	0.00000000	4.78530200
