Time	Channel A	Channel B
(us)	(V)	(mV)

-1.01083905	-0.00793481	-1.56254800
-1.00583905	-0.00793481	-1.47099200
-1.00083905	-0.00793481	-1.94097700
-0.99583905	-0.00793481	-2.96029500
-0.99083905	-0.00805689	-2.96029500
-0.98583905	-0.00851466	-1.94097700
-0.98083905	-0.00616474	-1.49540700
-0.97583905	-0.00106815	-1.67851800
-0.97083905	-0.00106815	-1.25736300
-0.96583905	-0.00616474	-0.32959990
-0.96083905	-0.00851466	0.14038510
-0.95583905	-0.00805689	0.14038510
-0.95083905	-0.00793481	-0.32959990
-0.94583905	-0.00793481	-1.25736300
-0.94083905	-0.00805689	-1.70293300
-0.93583905	-0.00851466	-1.61137700
-0.93083905	-0.00616474	-1.58696200
-0.92583905	-0.00106815	-1.58696200
-0.92083905	-0.00106815	-1.58696200
-0.91583905	-0.00616474	-1.58696200
-0.91083905	-0.00851466	-1.58696200
-0.90583905	-0.00805689	-1.58696200
-0.90083905	-0.00793481	-1.58696200
-0.89583905	-0.00793481	-1.58696200
-0.89083905	-0.00805689	-1.58696200
-0.88583905	-0.00851466	-1.58696200
-0.88083906	-0.00616474	-1.58696200
-0.87583906	-0.00106815	-1.58696200
-0.87083906	-0.00119022	-1.58696200
-0.86583906	-0.00674459	-1.58696200
-0.86083906	-0.00674459	-1.56254800
-0.85583906	-0.00119022	-1.47099200
-0.85083906	-0.00106815	-1.94097700
-0.84583906	-0.00616474	-2.96029500
-0.84083906	-0.00863674	-2.96029500
-0.83583906	-0.00863674	-1.94097700
-0.83083906	-0.00616474	-1.47099200
-0.82583906	-0.00106815	-1.56254800
-0.82083906	-0.00119022	-1.58696200
-0.81583906	-0.00674459	-1.58696200
-0.81083906	-0.00674459	-1.58696200
-0.80583906	-0.00119022	-1.58696200
-0.80083906	-0.00106815	-1.53813300
-0.79583906	-0.00616474	-1.35502200
-0.79083906	-0.00863674	-2.27057700
-0.78583906	-0.00863674	-4.21765800
-0.78083906	-0.00616474	-4.68764300
-0.77583906	-0.00106815	-3.66832500
-0.77083906	-0.00119022	-2.70394000
-0.76583906	-0.00674459	-1.77617700
-0.76083906	-0.00674459	-1.80059200
-0.75583906	-0.00119022	-2.81991000
-0.75083906	-0.00106815	-3.31431000
-0.74583906	-0.00616474	-3.31431000
-0.74083906	-0.00851466	-2.84432500
-0.73583906	-0.00805689	-1.91656200
-0.73083906	-0.00793481	-1.49540700
-0.72583906	-0.00793481	-1.67851800
-0.72083906	-0.00805689	-1.25736300
-0.71583906	-0.00851466	-0.32959990
-0.71083906	-0.00616474	0.11597030
-0.70583906	-0.00106815	0.02441481
-0.70083906	-0.00106815	0.00000000
-0.69583906	-0.00616474	0.00000000
-0.69083906	-0.00863674	0.00000000
-0.68583906	-0.00863674	0.00000000
-0.68083906	-0.00628681	0.00000000
-0.67583906	-0.00164800	0.00000000
-0.67083906	0.00070193	0.00000000
-0.66583906	0.00070193	0.00000000
-0.66083906	-0.00164800	0.00000000
-0.65583906	-0.00628681	0.00000000
-0.65083906	-0.00851466	0.02441481
-0.64583906	-0.00805689	0.11597030
-0.64083906	-0.00805689	-0.32959990
-0.63583906	-0.00851466	-1.25736300
-0.63083906	-0.00616474	-1.70293300
-0.62583906	-0.00106815	-1.61137700
-0.62083906	-0.00106815	-1.58696200
-0.61583906	-0.00616474	-1.58696200
-0.61083906	-0.00863674	-1.58696200
-0.60583906	-0.00863674	-1.58696200
-0.60083906	-0.00628681	-1.58696200
-0.59583906	-0.00164800	-1.58696200
-0.59083906	0.00057985	-1.58696200
-0.58583906	0.00012207	-1.58696200
-0.58083906	0.00012207	-1.61137700
-0.57583906	0.00057985	-1.70293300
-0.57083906	-0.00164800	-1.23294800
-0.56583906	-0.00628681	-0.21362960
-0.56083906	-0.00851466	-0.23804440
-0.55583906	-0.00805689	-1.34891800
-0.55083906	-0.00793481	-1.37333300
-0.54583906	-0.00793481	-0.35401470
-0.54083906	-0.00793481	0.11597030
-0.53583906	-0.00793481	0.02441481
-0.53083906	-0.00793481	0.02441481
-0.52583906	-0.00793481	0.11597030
-0.52083906	-0.00805689	-0.30518510
-0.51583906	-0.00851466	-1.14139200
-0.51083906	-0.00616474	-2.05694700
-0.50583906	-0.00106815	-2.98471000
-0.50083906	-0.00106815	-2.96029500
-0.49583906	-0.00616474	-1.94097700
-0.49083906	-0.00851466	-1.47099200
-0.48583906	-0.00805689	-1.56254800
-0.48083906	-0.00793481	-1.56254800
-0.47583906	-0.00793481	-1.47099200
-0.47083906	-0.00793481	-1.91656200
-0.46583906	-0.00793481	-2.84432500
-0.46083906	-0.00805689	-3.31431000
-0.45583906	-0.00851466	-3.31431000
-0.45083906	-0.00616474	-2.84432500
-0.44583906	-0.00106815	-1.91656200
-0.44083906	-0.00106815	-1.47099200
-0.43583906	-0.00616474	-1.56254800
-0.43083906	-0.00851466	-1.58696200
-0.42583906	-0.00805689	-1.58696200
-0.42083906	-0.00793481	-1.58696200
-0.41583906	-0.00793481	-1.58696200
-0.41083906	-0.00793481	-1.58696200
-0.40583906	-0.00793481	-1.58696200
-0.40083906	-0.00793481	-1.58696200
-0.39583906	-0.00793481	-1.58696200
-0.39083906	-0.00793481	-1.58696200
-0.38583906	-0.00793481	-1.58696200
-0.38083906	-0.00793481	-1.58696200
-0.37583906	-0.00793481	-1.58696200
-0.37083906	-0.00793481	-1.61137700
-0.36583906	-0.00793481	-1.70293300
-0.36083906	-0.00793481	-1.23294800
-0.35583906	-0.00793481	-0.21362960
-0.35083906	-0.00793481	-0.18921480
-0.34583906	-0.00793481	-1.11697700
-0.34083906	-0.00805689	-2.03253300
-0.33583906	-0.00851466	-2.86874000
-0.33083906	-0.00616474	-3.31431000
-0.32583906	-0.00106815	-3.31431000
-0.32083906	-0.00106815	-2.84432500
-0.31583906	-0.00616474	-1.91656200
-0.31083906	-0.00851466	-1.44657700
-0.30583906	-0.00805689	-1.44657700
-0.30083906	-0.00793481	-1.91656200
-0.29583906	-0.00793481	-2.84432500
-0.29083906	-0.00805689	-3.31431000
-0.28583906	-0.00851466	-3.31431000
-0.28083906	-0.00616474	-2.84432500
-0.27583906	-0.00106815	-1.91656200
-0.27083906	-0.00106815	-1.44657700
-0.26583906	-0.00616474	-1.44657700
-0.26083906	-0.00851466	-1.91656200
-0.25583906	-0.00805689	-2.84432500
-0.25083906	-0.00793481	-3.28989500
-0.24583906	-0.00793481	-3.19834000
-0.24083906	-0.00805689	-3.17392500
-0.23583906	-0.00851466	-3.17392500
-0.23083906	-0.00616474	-3.17392500
-0.22583906	-0.00106815	-3.17392500
-0.22083906	-0.00119022	-3.17392500
-0.21583906	-0.00674459	-3.17392500
-0.21083906	-0.00674459	-3.14951000
-0.20583906	-0.00119022	-3.05795500
-0.20083906	-0.00119022	-3.52794000
-0.19583906	-0.00674459	-4.54725700
-0.19083906	-0.00686667	-4.52284300
-0.18583906	-0.00177007	-3.41196900
-0.18083906	0.00057985	-3.38755500
-0.17583906	0.00012207	-4.40687300
-0.17083906	-0.00012207	-4.87685800
-0.16583906	-0.00057985	-4.78530200
-0.16083906	0.00164800	-4.73647300
-0.15583906	0.00628681	-4.64491700
-0.15083906	0.00839259	-5.09048700
-0.14583906	0.00747704	-6.01825000
-0.14083906	0.00946074	-6.43940500
-0.13583906	0.01364177	-6.25629500
-0.13083906	0.01797540	-6.70186400
-0.12583906	0.02169866	-7.72118300
-0.12083906	0.02603229	-7.69676800
-0.11583906	0.03021332	-6.58589400
-0.11083906	0.03219703	-6.56148000
-0.10583906	0.03128147	-7.58079800
-0.10083906	0.03326517	-8.05078300
-0.09583906	0.03744621	-7.95922800
-0.09083906	0.04190191	-7.95922800
-0.08583906	0.04608295	-8.05078300
-0.08083906	0.04806665	-7.58079800
-0.07583906	0.04715110	-6.56148000
-0.07083906	0.04913480	-6.53706500
-0.06583906	0.05331584	-7.46482800
-0.06083906	0.05764946	-8.38038300
-0.05583906	0.06137272	-9.21658900
-0.05083906	0.06558428	-9.63774600
-0.04583906	0.06930754	-9.54619000
-0.04083906	0.07364117	-9.52177400
-0.03583906	0.07782220	-9.52177400
-0.03083906	0.07980590	-9.52177400
-0.02583906	0.07889035	-9.52177400
-0.02083906	0.08087405	-9.52177400
-0.01583906	0.08505508	-9.52177400
-0.01083906	0.08938871	-9.54619000
-0.00583906	0.09311197	-9.63774600
-0.00083906	0.09732353	-9.16776000
0.00416094	0.10104680	-8.14844100
0.00916094	0.10525830	-8.14844100
0.01416094	0.10898160	-9.16776000
0.01916094	0.11319320	-9.63774600
0.02416094	0.11691640	-9.54619000
0.02916094	0.12112800	-9.49735900
0.03416094	0.12485120	-9.40580500
0.03916094	0.12918490	-9.87579000
0.04416094	0.13336590	-10.89511000
0.04916094	0.13534960	-10.87069000
0.05416094	0.13443400	-9.75981900
0.05916094	0.13641770	-9.71098900
0.06416094	0.14059880	-10.63875000
0.06916094	0.14499340	-11.60314000
0.07416094	0.14868620	-12.62246000
0.07916094	0.15301980	-12.15247000
0.08416094	0.15720080	-10.20539000
0.08916094	0.15918450	-9.26541900
0.09416094	0.15826900	-9.35697500
0.09916094	0.16037480	-9.85137500
0.10416094	0.16501360	-10.77914000
0.10916094	0.16711940	-11.27354000
0.11416094	0.16620380	-11.36509000
0.11916094	0.16830960	-10.42512000
0.12416094	0.17294840	-8.47804300
0.12916094	0.17505420	-8.03247200
0.13416094	0.17413860	-9.14334600
0.13916094	0.17624440	-9.63774600
0.14416094	0.18088320	-9.54619000
0.14916094	0.18298900	-9.52177400
0.15416094	0.18207340	-9.52177400
0.15916094	0.18417920	-9.52177400
0.16416094	0.18881800	-9.52177400
0.16916094	0.19092380	-9.49735900
0.17416094	0.19000820	-9.40580500
0.17916094	0.19211400	-9.85137500
0.18416094	0.19675280	-10.77914000
0.18916094	0.19885860	-11.22471000
0.19416094	0.19794300	-11.13315000
0.19916094	0.20004880	-11.10874000
0.20416094	0.20468760	-11.10874000
0.20916094	0.20691550	-11.10874000
0.21416094	0.20645770	-11.10874000
0.21916094	0.20633560	-11.10874000
0.22416094	0.20633560	-11.10874000
0.22916094	0.20621360	-11.08432000
0.23416094	0.20575580	-10.99277000
0.23916094	0.20798360	-11.41392000
0.24416094	0.21262240	-12.25013000
0.24916094	0.21485030	-13.16568000
0.25416094	0.21439250	-14.09345000
0.25916094	0.21414840	-14.06903000
0.26416094	0.21369060	-13.04971000
0.26916094	0.21591850	-12.57973000
0.27416094	0.22055730	-12.67128000
0.27916094	0.22278510	-12.67128000
0.28416094	0.22232730	-12.57973000
0.28916094	0.22220530	-13.04971000
0.29416094	0.22220530	-14.06903000
0.29916094	0.22220530	-14.06903000
0.30416094	0.22220530	-13.04971000
0.30916094	0.22208320	-12.60414000
0.31416094	0.22162540	-12.78726000
0.31916094	0.22385330	-12.34169000
0.32416094	0.22849210	-11.32237000
0.32916094	0.23071990	-11.32237000
0.33416094	0.23026220	-12.34169000
0.33916094	0.23014010	-12.81167000
0.34416094	0.23014010	-12.72011000
0.34916094	0.23001800	-12.67128000
0.35416094	0.22956020	-12.57973000
0.35916094	0.23178810	-13.04971000
0.36416094	0.23642690	-14.06903000
0.36916094	0.23865470	-14.06903000
0.37416094	0.23819700	-13.04971000
0.37916094	0.23807490	-12.60414000
0.38416094	0.23807490	-12.78726000
0.38916094	0.23807490	-12.36610000
0.39416094	0.23807490	-11.43834000
0.39916094	0.23807490	-10.99277000
0.40416094	0.23807490	-11.08432000
0.40916094	0.23807490	-11.10874000
0.41416094	0.23807490	-11.10874000
0.41916094	0.23807490	-11.13315000
0.42416094	0.23807490	-11.22471000
0.42916094	0.23795280	-10.75472000
0.43416094	0.23749500	-9.73540400
0.43916094	0.23984500	-9.75981900
0.44416094	0.24494160	-10.87069000
0.44916094	0.24494160	-10.87069000
0.45416094	0.23984500	-9.75981900
0.45916094	0.23749500	-9.73540400
0.46416094	0.23795280	-10.75472000
0.46916094	0.23807490	-11.22471000
0.47416094	0.23807490	-11.13315000
0.47916094	0.23807490	-11.10874000
0.48416094	0.23807490	-11.10874000
0.48916094	0.23807490	-11.15757000
0.49416094	0.23807490	-11.34068000
0.49916094	0.23819700	-10.42512000
0.50416094	0.23865470	-8.47804300
0.50916094	0.23642690	-8.05688600
0.51416094	0.23178810	-9.25931500
0.51916094	0.22956020	-9.33256100
0.52416094	0.23001800	-8.40479800
0.52916094	0.23014010	-7.46482800
0.53416094	0.23014010	-6.53706500
0.53916094	0.23026220	-6.58589400
0.54416094	0.23071990	-7.69676800
0.54916094	0.22849210	-7.72118300
0.55416094	0.22385330	-6.70186400
0.55916094	0.22174750	-6.23187900
0.56416094	0.22266300	-6.32343500
0.56916094	0.22055730	-6.34785000
0.57416094	0.21591850	-6.34785000
0.57916094	0.21369060	-6.34785000
0.58416094	0.21414840	-6.34785000
0.58916094	0.21439250	-6.34785000
0.59416094	0.21485030	-6.34785000
0.59916094	0.21262240	-6.34785000
0.60416094	0.20798360	-6.34785000
0.60916094	0.20575580	-6.34785000
0.61416094	0.20621360	-6.34785000
0.61916094	0.20633560	-6.34785000
0.62416094	0.20633560	-6.34785000
0.62916094	0.20645770	-6.34785000
0.63416094	0.20691550	-6.34785000
0.63916094	0.20468760	-6.32343500
0.64416094	0.20004880	-6.23187900
0.64916094	0.19782100	-6.70186400
0.65416094	0.19827880	-7.72118300
0.65916094	0.19840080	-7.72118300
0.66416094	0.19840080	-6.70186400
0.66916094	0.19852290	-6.23187900
0.67416094	0.19898070	-6.32343500
0.67916094	0.19675280	-6.34785000
0.68416094	0.19211400	-6.34785000
0.68916094	0.18988620	-6.37226500
0.69416094	0.19034390	-6.46382000
0.69916094	0.19046600	-5.99383500
0.70416094	0.19046600	-4.97451700
0.70916094	0.19046600	-4.99893200
0.71416094	0.19046600	-6.10980600
0.71916094	0.19046600	-6.13422100
0.72416094	0.19046600	-5.11490200
0.72916094	0.19046600	-4.62050200
0.73416094	0.19046600	-4.62050200
0.73916094	0.19058810	-5.09048700
0.74416094	0.19104590	-6.01825000
0.74916094	0.18881800	-6.46382000
0.75416094	0.18417920	-6.37226500
0.75916094	0.18195140	-6.34785000
0.76416093	0.18240910	-6.34785000
0.76916093	0.18253120	-6.34785000
0.77416093	0.18253120	-6.34785000
0.77916093	0.18253120	-6.37226500
0.78416093	0.18253120	-6.46382000
0.78916093	0.18253120	-6.01825000
0.79416093	0.18253120	-5.09048700
0.79916093	0.18253120	-4.64491700
0.80416093	0.18253120	-4.73647300
0.80916093	0.18253120	-4.73647300
0.81416093	0.18253120	-4.64491700
0.81916093	0.18253120	-5.11490200
0.82416093	0.18253120	-6.13422100
0.82916093	0.18265330	-6.13422100
0.83416093	0.18311110	-5.11490200
0.83916093	0.18076110	-4.62050200
0.84416093	0.17566450	-4.62050200
0.84916093	0.17578660	-5.11490200
0.85416093	0.18134100	-6.13422100
0.85916093	0.18146310	-6.13422100
0.86416093	0.17636650	-5.11490200
0.86916093	0.17401650	-4.64491700
0.87416093	0.17447430	-4.73647300
0.87916093	0.17459640	-4.78530200
0.88416093	0.17459640	-4.87685800
0.88916093	0.17459640	-4.43128700
0.89416093	0.17459640	-3.50352500
0.89916093	0.17459640	-3.08237000
0.90416093	0.17459640	-3.26548100
0.90916093	0.17459640	-2.84432500
0.91416093	0.17459640	-1.91656200
0.91916093	0.17471850	-1.47099200
0.92416093	0.17517620	-1.56254800
0.92916093	0.17294840	-1.56254800
0.93416093	0.16830960	-1.47099200
0.93916093	0.16608170	-1.94097700
0.94416093	0.16653950	-2.96029500
0.94916093	0.16666160	-2.96029500
0.95416093	0.16666160	-1.94097700
0.95916093	0.16666160	-1.47099200
0.96416093	0.16666160	-1.56254800
0.96916093	0.16666160	-1.56254800
0.97416093	0.16666160	-1.47099200
0.97916093	0.16666160	-1.91656200
0.98416093	0.16666160	-2.84432500
0.98916093	0.16666160	-3.31431000
0.99416093	0.16666160	-3.31431000
0.99916093	0.16678370	-2.84432500
1.00416093	0.16724140	-1.91656200
1.00916093	0.16501360	-1.47099200
1.01416093	0.16037480	-1.56254800
1.01916093	0.15814690	-1.61137700
1.02416093	0.15860470	-1.70293300
1.02916093	0.15872680	-1.23294800
1.03416093	0.15872680	-0.21362960
1.03916093	0.15872680	-0.21362960
1.04416093	0.15872680	-1.23294800
1.04916093	0.15872680	-1.70293300
1.05416093	0.15872680	-1.61137700
1.05916093	0.15872680	-1.58696200
1.06416093	0.15872680	-1.58696200
1.06916093	0.15872680	-1.58696200
1.07416093	0.15872680	-1.58696200
1.07916093	0.15872680	-1.58696200
1.08416093	0.15872680	-1.58696200
1.08916093	0.15884880	-1.58696200
1.09416093	0.15930660	-1.58696200
1.09916093	0.15707880	-1.58696200
1.10416093	0.15244000	-1.58696200
1.10916093	0.15021210	-1.56254800
1.11416093	0.15066990	-1.47099200
1.11916093	0.15079200	-1.94097700
1.12416093	0.15079200	-2.96029500
1.12916093	0.15079200	-2.93588100
1.13416093	0.15079200	-1.82500700
1.13916093	0.15079200	-1.82500700
1.14416093	0.15079200	-2.93588100
1.14916093	0.15079200	-2.93588100
1.15416093	0.15079200	-1.82500700
1.15916093	0.15079200	-1.80059200
1.16416093	0.15079200	-2.81991000
1.16916093	0.15079200	-3.28989500
1.17416093	0.15079200	-3.19834000
1.17916093	0.15079200	-3.19834000
1.18416093	0.15079200	-3.28989500
1.18916093	0.15091400	-2.81991000
1.19416093	0.15137180	-1.80059200
1.19916093	0.14914390	-1.80059200
1.20416093	0.14450510	-2.81991000
1.20916093	0.14227730	-3.31431000
1.21416093	0.14273510	-3.31431000
1.21916093	0.14285710	-2.84432500
1.22416093	0.14285710	-1.91656200
1.22916093	0.14285710	-1.47099200
1.23416093	0.14285710	-1.56254800
1.23916093	0.14285710	-1.56254800
1.24416093	0.14285710	-1.47099200
1.24916093	0.14285710	-1.94097700
1.25416093	0.14285710	-2.96029500
1.25916093	0.14285710	-2.96029500
1.26416093	0.14285710	-1.94097700
1.26916093	0.14285710	-1.47099200
1.27416093	0.14285710	-1.56254800
1.27916093	0.14285710	-1.58696200
1.28416093	0.14285710	-1.58696200
1.28916093	0.14285710	-1.58696200
1.29416093	0.14285710	-1.58696200
1.29916093	0.14297920	-1.58696200
1.30416093	0.14343700	-1.58696200
1.30916093	0.14120910	-1.58696200
1.31416093	0.13653980	-1.58696200
1.31916093	0.13431200	-1.58696200
1.32416093	0.13476970	-1.58696200
1.32916093	0.13489180	-1.61137700
1.33416093	0.13489180	-1.70293300
1.33916093	0.13489180	-1.25736300
1.34416093	0.13489180	-0.32959990
1.34916093	0.13489180	0.11597030
1.35416093	0.13489180	0.02441481
1.35916093	0.13489180	0.02441481
1.36416093	0.13489180	0.11597030
1.36916093	0.13489180	-0.32959990
1.37416093	0.13489180	-1.25736300
1.37916093	0.13489180	-1.72734800
1.38416093	0.13489180	-1.72734800
1.38916093	0.13489180	-1.23294800
1.39416093	0.13489180	-0.21362960
1.39916093	0.13489180	-0.18921480
1.40416093	0.13489180	-1.11697700
1.40916093	0.13501390	-2.03253300
1.41416093	0.13547170	-2.86874000
1.41916093	0.13324380	-3.28989500
1.42416093	0.12860500	-3.19834000
1.42916093	0.12637720	-3.17392500
1.43416093	0.12683490	-3.17392500
1.43916093	0.12695700	-3.17392500
1.44416093	0.12695700	-3.17392500
1.44916093	0.12695700	-3.17392500
1.45416093	0.12695700	-3.17392500
1.45916093	0.12695700	-3.19834000
1.46416093	0.12695700	-3.28989500
1.46916093	0.12695700	-2.84432500
1.47416093	0.12695700	-1.91656200
1.47916093	0.12695700	-1.42216300
1.48416093	0.12695700	-1.33060700
1.48916093	0.12695700	-2.27057700
1.49416093	0.12695700	-4.21765800
1.49916093	0.12695700	-4.68764300
1.50416093	0.12695700	-3.66832500
1.50916093	0.12707910	-2.70394000
1.51416093	0.12753680	-1.77617700
1.51916093	0.12530900	-1.82500700
1.52416093	0.12067020	-2.93588100
1.52916093	0.11844230	-2.93588100
1.53416093	0.11890010	-1.82500700
1.53916093	0.11902220	-1.80059200
1.54416093	0.11902220	-2.81991000
1.54916093	0.11902220	-3.31431000
1.55416093	0.11902220	-3.31431000
1.55916093	0.11902220	-2.81991000
1.56416093	0.11902220	-1.80059200
1.56916093	0.11902220	-1.84942200
1.57416093	0.11902220	-3.05185100
1.57916093	0.11902220	-2.60628100
1.58416093	0.11902220	-0.56764430
1.58916093	0.11902220	-0.09765923
1.59416093	0.11902220	-1.20853300
1.59916093	0.11902220	-1.72734800
1.60416093	0.11902220	-1.72734800
1.60916093	0.11902220	-1.23294800
1.61416093	0.11902220	-0.21362960
1.61916093	0.11902220	-0.23804440
1.62416093	0.11902220	-1.34891800
1.62916093	0.11902220	-1.37333300
1.63416093	0.11902220	-0.35401470
1.63916093	0.11914430	0.14038510
1.64416093	0.11960200	0.14038510
1.64916093	0.11737420	-0.35401470
1.65416093	0.11273540	-1.37333300
1.65916093	0.11050750	-1.34891800
1.66416093	0.11096530	-0.23804440
1.66916093	0.11108740	-0.23804440
1.67416093	0.11108740	-1.34891800
1.67916093	0.11108740	-1.39774800
1.68416093	0.11108740	-0.46998500
1.68916093	0.11108740	0.46998500
1.69416093	0.11108740	1.39774800
1.69916093	0.11108740	1.37333300
1.70416093	0.11108740	0.35401470
1.70916093	0.11108740	-0.11597030
1.71416093	0.11108740	-0.02441481
1.71916093	0.11108740	0.00000000
1.72416093	0.11108740	0.00000000
1.72916093	0.11108740	0.00000000
1.73416093	0.11108740	0.00000000
1.73916093	0.11108740	0.00000000
1.74416093	0.11108740	0.00000000
1.74916093	0.11108740	0.00000000
1.75416093	0.11108740	0.00000000
1.75916093	0.11108740	0.00000000
1.76416093	0.11108740	0.00000000
1.76916093	0.11120950	0.00000000
1.77416093	0.11166720	0.00000000
1.77916093	0.10943940	0.02441481
1.78416093	0.10480060	0.11597030
1.78916093	0.10257270	-0.32959990
1.79416093	0.10303050	-1.25736300
1.79916093	0.10315260	-1.70293300
1.80416093	0.10315260	-1.61137700
1.80916093	0.10315260	-1.58696200
1.81416093	0.10315260	-1.58696200
1.81916093	0.10315260	-1.58696200
1.82416093	0.10315260	-1.58696200
1.82916093	0.10315260	-1.58696200
1.83416093	0.10315260	-1.58696200
1.83916093	0.10315260	-1.58696200
1.84416093	0.10315260	-1.58696200
1.84916093	0.10315260	-1.58696200
1.85416093	0.10315260	-1.58696200
1.85916093	0.10315260	-1.58696200
1.86416093	0.10315260	-1.58696200
1.86916093	0.10315260	-1.58696200
1.87416093	0.10315260	-1.58696200
1.87916093	0.10315260	-1.58696200
1.88416093	0.10315260	-1.58696200
1.88916093	0.10315260	-1.56254800
1.89416093	0.10315260	-1.47099200
1.89916093	0.10315260	-1.94097700
1.90416093	0.10315260	-2.96029500
1.90916093	0.10327460	-2.98471000
1.91416093	0.10373240	-2.05694700
1.91916093	0.10150460	-1.11697700
1.92416093	0.09686575	-0.18921480
1.92916093	0.09463790	-0.21362960
1.93416093	0.09509568	-1.23294800
1.93916093	0.09521775	-1.72734800
1.94416093	0.09521775	-1.72734800
1.94916093	0.09521775	-1.23294800
1.95416093	0.09521775	-0.21362960
1.95916093	0.09521775	-0.23804440
1.96416093	0.09521775	-1.34891800
1.96916093	0.09521775	-1.37333300
1.97416093	0.09521775	-0.35401470
1.97916093	0.09521775	0.11597030
1.98416093	0.09521775	0.02441481
1.98916093	0.09521775	0.00000000
1.99416093	0.09521775	0.00000000
1.99916093	0.09521775	0.02441481
2.00416093	0.09521775	0.11597030
2.00916093	0.09521775	-0.32959990
2.01416093	0.09521775	-1.25736300
2.01916093	0.09521775	-1.72734800
2.02416093	0.09521775	-1.72734800
2.02916093	0.09521775	-1.25736300
2.03416093	0.09521775	-0.32959990
2.03916093	0.09521775	0.11597030
2.04416093	0.09521775	0.02441481
2.04916093	0.09521775	0.02441481
2.05416093	0.09521775	0.11597030
2.05916093	0.09521775	-0.35401470
2.06416093	0.09521775	-1.37333300
2.06916093	0.09533982	-1.37333300
2.07416093	0.09579760	-0.35401470
2.07916093	0.09356975	0.11597030
2.08416093	0.08893093	0.02441481
2.08916093	0.08670308	0.00000000
2.09416093	0.08716086	0.00000000
2.09916093	0.08728294	0.00000000
2.10416093	0.08728294	0.00000000
2.10916093	0.08728294	0.00000000
2.11416093	0.08728294	0.00000000
2.11916093	0.08728294	0.00000000
2.12416093	0.08728294	0.00000000
2.12916093	0.08728294	0.00000000
2.13416093	0.08728294	0.00000000
2.13916093	0.08728294	0.00000000
2.14416093	0.08728294	0.00000000
2.14916093	0.08728294	0.00000000
2.15416093	0.08728294	0.00000000
2.15916093	0.08728294	0.00000000
2.16416093	0.08728294	0.00000000
2.16916093	0.08728294	0.02441481
2.17416093	0.08728294	0.11597030
2.17916093	0.08728294	-0.35401470
2.18416093	0.08728294	-1.37333300
2.18916093	0.08728294	-1.34891800
2.19416093	0.08728294	-0.23804440
2.19916093	0.08728294	-0.21362960
2.20416093	0.08728294	-1.23294800
2.20916093	0.08728294	-1.70293300
2.21416093	0.08728294	-1.61137700
2.21916093	0.08728294	-1.56254800
2.22416093	0.08728294	-1.47099200
2.22916093	0.08740501	-1.94097700
2.23416093	0.08786279	-2.96029500
2.23916093	0.08563494	-2.93588100
2.24416093	0.08099613	-1.82500700
2.24916093	0.07876828	-1.82500700
2.25416093	0.07922605	-2.93588100
2.25916093	0.07934812	-2.96029500
2.26416093	0.07934812	-1.94097700
2.26916093	0.07934812	-1.47099200
2.27416093	0.07934812	-1.56254800
2.27916093	0.07934812	-1.58696200
2.28416093	0.07934812	-1.58696200
2.28916093	0.07934812	-1.61137700
2.29416093	0.07934812	-1.70293300
2.29916093	0.07934812	-1.25736300
2.30416093	0.07934812	-0.32959990
2.30916093	0.07934812	0.14038510
2.31416093	0.07934812	0.14038510
2.31916093	0.07934812	-0.35401470
2.32416093	0.07934812	-1.37333300
2.32916093	0.07934812	-1.34891800
2.33416093	0.07934812	-0.23804440
2.33916093	0.07934812	-0.21362960
2.34416093	0.07934812	-1.23294800
2.34916093	0.07934812	-1.70293300
2.35416093	0.07934812	-1.61137700
2.35916093	0.07934812	-1.56254800
2.36416093	0.07934812	-1.47099200
2.36916093	0.07934812	-1.94097700
2.37416093	0.07934812	-2.96029500
2.37916093	0.07934812	-2.93588100
2.38416093	0.07934812	-1.82500700
2.38916093	0.07947020	-1.82500700
2.39416093	0.07992797	-2.93588100
2.39916093	0.07770012	-2.96029500
2.40416093	0.07306131	-1.94097700
2.40916092	0.07083346	-1.47099200
2.41416092	0.07129124	-1.56254800
2.41916092	0.07141331	-1.56254800
2.42416092	0.07141331	-1.47099200
2.42916092	0.07129124	-1.94097700
2.43416092	0.07083346	-2.96029500
2.43916092	0.07318339	-2.93588100
2.44416092	0.07827998	-1.82500700
2.44916092	0.07827998	-1.82500700
2.45416092	0.07318339	-2.93588100
2.45916092	0.07083346	-2.93588100
2.46416092	0.07129124	-1.82500700
2.46916092	0.07141331	-1.82500700
2.47416092	0.07141331	-2.93588100
2.47916092	0.07141331	-2.93588100
2.48416092	0.07141331	-1.82500700
2.48916092	0.07141331	-1.80059200
2.49416092	0.07141331	-2.81991000
2.49916092	0.07141331	-3.28989500
2.50416092	0.07141331	-3.19834000
2.50916092	0.07141331	-3.22275400
2.51416092	0.07141331	-3.40586500
2.51916092	0.07141331	-2.49031000
2.52416092	0.07141331	-0.54322950
2.52916092	0.07141331	-0.12207400
2.53416092	0.07141331	-1.32450300
2.53916092	0.07141331	-1.34891800
2.54416092	0.07141331	-0.23804440
2.54916092	0.07141331	-0.23804440
2.55416092	0.07141331	-1.34891800
2.55916092	0.07141331	-1.37333300
2.56416092	0.07141331	-0.35401470
2.56916092	0.07141331	0.14038510
2.57416092	0.07141331	0.14038510
2.57916092	0.07141331	-0.32959990
2.58416092	0.07141331	-1.25736300
2.58916092	0.07141331	-1.70293300
2.59416092	0.07141331	-1.61137700
2.59916092	0.07141331	-1.58696200
2.60416092	0.07141331	-1.58696200
2.60916092	0.07153539	-1.58696200
2.61416092	0.07199316	-1.58696200
2.61916092	0.06964324	-1.58696200
2.62416092	0.06454664	-1.58696200
2.62916092	0.06466872	-1.58696200
2.63416092	0.07022309	-1.58696200
2.63916092	0.07034516	-1.58696200
2.64416092	0.06524857	-1.58696200
2.64916092	0.06289865	-1.58696200
2.65416092	0.06335643	-1.58696200
2.65916092	0.06347850	-1.61137700
2.66416092	0.06347850	-1.70293300
2.66916092	0.06347850	-1.25736300
2.67416092	0.06347850	-0.32959990
2.67916092	0.06347850	0.14038510
2.68416092	0.06347850	0.14038510
2.68916092	0.06347850	-0.32959990
2.69416092	0.06347850	-1.25736300
2.69916092	0.06347850	-1.70293300
2.70416092	0.06347850	-1.61137700
2.70916092	0.06347850	-1.58696200
2.71416092	0.06347850	-1.58696200
2.71916092	0.06347850	-1.58696200
2.72416092	0.06347850	-1.58696200
2.72916092	0.06347850	-1.58696200
2.73416092	0.06347850	-1.58696200
2.73916092	0.06347850	-1.58696200
2.74416092	0.06347850	-1.58696200
2.74916092	0.06347850	-1.58696200
2.75416092	0.06347850	-1.58696200
2.75916092	0.06347850	-1.58696200
2.76416092	0.06347850	-1.58696200
2.76916092	0.06347850	-1.61137700
2.77416092	0.06347850	-1.70293300
2.77916092	0.06347850	-1.23294800
2.78416092	0.06347850	-0.21362960
2.78916092	0.06347850	-0.21362960
2.79416092	0.06347850	-1.23294800
2.79916092	0.06347850	-1.70293300
2.80416092	0.06347850	-1.61137700
2.80916092	0.06347850	-1.58696200
2.81416092	0.06347850	-1.58696200
2.81916092	0.06347850	-1.58696200
2.82416092	0.06347850	-1.58696200
2.82916092	0.06360057	-1.56254800
2.83416092	0.06405835	-1.47099200
2.83916092	0.06183050	-1.91656200
2.84416092	0.05719168	-2.84432500
2.84916092	0.05496383	-3.28989500
2.85416092	0.05542161	-3.19834000
2.85916092	0.05542161	-3.17392500
2.86416092	0.05496383	-3.17392500
2.86916092	0.05731376	-3.17392500
2.87416092	0.06241035	-3.17392500
2.87916092	0.06241035	-3.14951000
2.88416092	0.05731376	-3.05795500
2.88916092	0.05496383	-3.55235400
2.89416092	0.05542161	-4.66322800
2.89916092	0.05554369	-4.21765800
2.90416092	0.05554369	-2.27057700
2.90916092	0.05554369	-1.35502200
2.91416092	0.05554369	-1.53813300
2.91916092	0.05554369	-1.58696200
2.92416092	0.05554369	-1.58696200
2.92916092	0.05554369	-1.58696200
2.93416092	0.05554369	-1.58696200
2.93916092	0.05554369	-1.58696200
2.94416092	0.05554369	-1.58696200
2.94916092	0.05554369	-1.58696200
2.95416092	0.05554369	-1.58696200
2.95916092	0.05554369	-1.61137700
2.96416092	0.05554369	-1.70293300
2.96916092	0.05554369	-1.25736300
2.97416092	0.05554369	-0.32959990
2.97916092	0.05554369	0.11597030
2.98416092	0.05554369	0.02441481
2.98916092	0.05554369	0.00000000
2.99416092	0.05554369	0.00000000
2.99916092	0.05554369	0.00000000
3.00416092	0.05554369	0.00000000
3.00916092	0.05554369	0.00000000
3.01416092	0.05554369	0.00000000
3.01916092	0.05554369	0.00000000
3.02416092	0.05554369	0.00000000
3.02916092	0.05554369	0.00000000
3.03416092	0.05554369	0.00000000
3.03916092	0.05554369	0.02441481
3.04416092	0.05554369	0.11597030
3.04916092	0.05554369	-0.32959990
3.05416092	0.05554369	-1.25736300
3.05916092	0.05554369	-1.70293300
3.06416092	0.05554369	-1.61137700
3.06916092	0.05554369	-1.58696200
3.07416092	0.05554369	-1.58696200
3.07916092	0.05554369	-1.58696200
3.08416092	0.05554369	-1.58696200
3.08916092	0.05554369	-1.56254800
3.09416092	0.05554369	-1.47099200
3.09916092	0.05566576	-1.94097700
3.10416092	0.05612354	-2.96029500
3.10916092	0.05389569	-2.93588100
3.11416092	0.04925688	-1.82500700
3.11916092	0.04702902	-1.82500700
3.12416092	0.04748680	-2.93588100
3.12916092	0.04760887	-2.96029500
3.13416092	0.04760887	-1.94097700
3.13916092	0.04760887	-1.47099200
3.14416092	0.04760887	-1.56254800
3.14916092	0.04760887	-1.58696200
3.15416092	0.04760887	-1.58696200
3.15916092	0.04760887	-1.56254800
3.16416092	0.04760887	-1.47099200
3.16916092	0.04760887	-1.91656200
3.17416092	0.04760887	-2.84432500
3.17916092	0.04760887	-3.28989500
3.18416092	0.04760887	-3.19834000
3.18916092	0.04760887	-3.19834000
3.19416092	0.04760887	-3.28989500
3.19916092	0.04760887	-2.81991000
3.20416092	0.04760887	-1.80059200
3.20916092	0.04760887	-1.80059200
3.21416092	0.04760887	-2.81991000
3.21916092	0.04760887	-3.28989500
3.22416092	0.04760887	-3.19834000
3.22916092	0.04760887	-3.17392500
3.23416092	0.04760887	-3.17392500
3.23916092	0.04760887	-3.17392500
3.24416092	0.04760887	-3.17392500
3.24916092	0.04760887	-3.19834000
3.25416092	0.04760887	-3.28989500
3.25916092	0.04760887	-2.84432500
3.26416092	0.04760887	-1.91656200
3.26916092	0.04760887	-1.47099200
3.27416092	0.04760887	-1.56254800
3.27916092	0.04760887	-1.58696200
3.28416092	0.04760887	-1.58696200
3.28916092	0.04760887	-1.58696200
3.29416092	0.04760887	-1.58696200
3.29916092	0.04760887	-1.58696200
3.30416092	0.04760887	-1.58696200
3.30916092	0.04760887	-1.61137700
3.31416092	0.04760887	-1.70293300
3.31916092	0.04760887	-1.23294800
3.32416092	0.04760887	-0.21362960
3.32916092	0.04760887	-0.23804440
3.33416092	0.04760887	-1.34891800
3.33916092	0.04773095	-1.37333300
3.34416092	0.04818873	-0.35401470
3.34916092	0.04583880	0.14038510
3.35416092	0.04074221	0.14038510
3.35916092	0.04074221	-0.32959990
3.36416092	0.04583880	-1.25736300
3.36916092	0.04831080	-1.70293300
3.37416092	0.04831080	-1.61137700
3.37916092	0.04596087	-1.58696200
3.38416092	0.04132206	-1.58696200
3.38916092	0.03909421	-1.58696200
3.39416092	0.03955199	-1.58696200
3.39916092	0.03955199	-1.58696200
3.40416092	0.03909421	-1.58696200
3.40916092	0.04144414	-1.58696200
3.41416092	0.04654073	-1.58696200
3.41916092	0.04654073	-1.58696200
3.42416092	0.04144414	-1.58696200
3.42916092	0.03909421	-1.61137700
3.43416092	0.03955199	-1.70293300
3.43916092	0.03967406	-1.25736300
3.44416092	0.03967406	-0.32959990
3.44916092	0.03967406	0.11597030
3.45416092	0.03967406	0.02441481
3.45916092	0.03967406	0.00000000
3.46416092	0.03967406	0.00000000
3.46916092	0.03967406	0.00000000
3.47416092	0.03967406	0.00000000
3.47916092	0.03967406	0.02441481
3.48416092	0.03967406	0.11597030
3.48916092	0.03967406	-0.32959990
3.49416092	0.03967406	-1.25736300
3.49916092	0.03967406	-1.70293300
3.50416092	0.03967406	-1.61137700
3.50916092	0.03967406	-1.58696200
3.51416092	0.03967406	-1.58696200
3.51916092	0.03967406	-1.61137700
3.52416092	0.03967406	-1.70293300
3.52916092	0.03967406	-1.23294800
3.53416092	0.03967406	-0.21362960
3.53916092	0.03967406	-0.21362960
3.54416092	0.03967406	-1.23294800
3.54916092	0.03967406	-1.72734800
3.55416092	0.03967406	-1.72734800
3.55916092	0.03967406	-1.25736300
3.56416092	0.03967406	-0.32959990
3.56916092	0.03967406	0.11597030
3.57416092	0.03967406	0.02441481
3.57916092	0.03967406	0.02441481
3.58416092	0.03967406	0.11597030
3.58916092	0.03967406	-0.32959990
3.59416092	0.03967406	-1.25736300
3.59916092	0.03967406	-1.72734800
3.60416092	0.03967406	-1.72734800
3.60916092	0.03967406	-1.25736300
3.61416092	0.03967406	-0.32959990
3.61916092	0.03967406	0.14038510
3.62416092	0.03967406	0.14038510
3.62916092	0.03967406	-0.32959990
3.63416092	0.03967406	-1.25736300
3.63916092	0.03967406	-1.70293300
3.64416092	0.03967406	-1.61137700
3.64916092	0.03967406	-1.58696200
3.65416092	0.03967406	-1.58696200
3.65916092	0.03967406	-1.58696200
3.66416092	0.03967406	-1.58696200
3.66916092	0.03967406	-1.58696200
3.67416092	0.03967406	-1.58696200
3.67916092	0.03967406	-1.56254800
3.68416092	0.03967406	-1.47099200
3.68916092	0.03967406	-1.94097700
3.69416092	0.03967406	-2.96029500
3.69916092	0.03967406	-2.96029500
3.70416092	0.03967406	-1.94097700
3.70916092	0.03967406	-1.47099200
3.71416092	0.03967406	-1.56254800
3.71916092	0.03967406	-1.58696200
3.72416092	0.03967406	-1.58696200
3.72916092	0.03967406	-1.61137700
3.73416092	0.03967406	-1.70293300
3.73916092	0.03979614	-1.23294800
3.74416092	0.04025391	-0.21362960
3.74916092	0.03802606	-0.21362960
3.75416092	0.03338725	-1.23294800
3.75916092	0.03103732	-1.70293300
3.76416092	0.03103732	-1.61137700
3.76916092	0.03350932	-1.58696200
3.77416092	0.03860591	-1.58696200
3.77916092	0.03860591	-1.58696200
3.78416092	0.03350932	-1.58696200
3.78916092	0.03115940	-1.58696200
3.79416092	0.03161718	-1.58696200
3.79916092	0.03173925	-1.56254800
3.80416092	0.03173925	-1.47099200
3.80916092	0.03173925	-1.94097700
3.81416092	0.03173925	-2.96029500
3.81916092	0.03173925	-2.96029500
3.82416092	0.03173925	-1.94097700
3.82916092	0.03173925	-1.44657700
3.83416092	0.03173925	-1.44657700
3.83916092	0.03173925	-1.94097700
3.84416092	0.03173925	-2.96029500
3.84916092	0.03173925	-2.93588100
3.85416092	0.03173925	-1.82500700
3.85916092	0.03173925	-1.82500700
3.86416092	0.03173925	-2.93588100
3.86916092	0.03173925	-2.96029500
3.87416092	0.03173925	-1.94097700
3.87916092	0.03173925	-1.47099200
3.88416092	0.03173925	-1.56254800
3.88916092	0.03173925	-1.58696200
3.89416092	0.03173925	-1.58696200
3.89916092	0.03173925	-1.58696200
3.90416092	0.03173925	-1.58696200
3.90916092	0.03173925	-1.58696200
3.91416092	0.03173925	-1.58696200
3.91916092	0.03173925	-1.58696200
3.92416092	0.03173925	-1.58696200
3.92916092	0.03173925	-1.58696200
3.93416092	0.03173925	-1.58696200
3.93916092	0.03173925	-1.58696200
3.94416092	0.03173925	-1.58696200
3.94916092	0.03173925	-1.58696200
3.95416092	0.03173925	-1.58696200
3.95916092	0.03173925	-1.58696200
3.96416092	0.03173925	-1.58696200
3.96916092	0.03173925	-1.58696200
3.97416092	0.03173925	-1.58696200
3.97916092	0.03173925	-1.58696200
3.98416092	0.03173925	-1.58696200
3.98916092	0.03173925	-1.58696200
3.99416092	0.03173925	-1.58696200
3.99916092	0.03173925	-1.58696200
4.00416092	0.03173925	-1.58696200
4.00916092	0.03173925	-1.58696200
4.01416092	0.03173925	-1.58696200
4.01916092	0.03173925	-1.58696200
4.02416092	0.03173925	-1.58696200
4.02916092	0.03173925	-1.58696200
4.03416092	0.03173925	-1.58696200
4.03916092	0.03173925	-1.58696200
4.04416092	0.03173925	-1.58696200
4.04916092	0.03173925	-1.61137700
4.05416091	0.03173925	-1.70293300
4.05916091	0.03173925	-1.23294800
4.06416091	0.03173925	-0.21362960
4.06916091	0.03173925	-0.21362960
4.07416091	0.03173925	-1.23294800
4.07916091	0.03173925	-1.70293300
4.08416091	0.03173925	-1.61137700
4.08916091	0.03173925	-1.58696200
4.09416091	0.03173925	-1.58696200
4.09916091	0.03173925	-1.58696200
4.10416091	0.03173925	-1.58696200
4.10916091	0.03173925	-1.58696200
4.11416091	0.03173925	-1.58696200
4.11916091	0.03173925	-1.58696200
4.12416091	0.03173925	-1.58696200
4.12916091	0.03173925	-1.61137700
4.13416091	0.03173925	-1.70293300
4.13916091	0.03173925	-1.23294800
4.14416091	0.03173925	-0.21362960
4.14916091	0.03173925	-0.23804440
4.15416091	0.03173925	-1.34891800
4.15916091	0.03173925	-1.37333300
4.16416091	0.03173925	-0.35401470
4.16916091	0.03173925	0.09155553
4.17416091	0.03173925	-0.09155553
4.17916091	0.03173925	0.35401470
4.18416091	0.03173925	1.37333300
4.18916091	0.03173925	1.37333300
4.19416091	0.03173925	0.35401470
4.19916091	0.03173925	-0.09155553
4.20416091	0.03173925	0.09155553
4.20916091	0.03186132	-0.32959990
4.21416091	0.03231910	-1.25736300
4.21916091	0.02996918	-1.70293300
4.22416091	0.02487259	-1.61137700
4.22916091	0.02499466	-1.58696200
4.23416091	0.03054903	-1.58696200
4.23916091	0.03054903	-1.58696200
4.24416091	0.02499466	-1.58696200
4.24916091	0.02499466	-1.56254800
4.25416091	0.03054903	-1.47099200
4.25916091	0.03067110	-1.91656200
4.26416091	0.02557451	-2.84432500
4.26916091	0.02322458	-3.31431000
4.27416091	0.02368236	-3.31431000
4.27916091	0.02380444	-2.81991000
4.28416091	0.02380444	-1.80059200
4.28916091	0.02380444	-1.80059200
4.29416091	0.02380444	-2.81991000
4.29916091	0.02380444	-3.28989500
4.30416091	0.02380444	-3.19834000
4.30916091	0.02380444	-3.17392500
4.31416091	0.02380444	-3.17392500
4.31916091	0.02380444	-3.17392500
4.32416091	0.02380444	-3.17392500
4.32916091	0.02380444	-3.17392500
4.33416091	0.02380444	-3.17392500
4.33916091	0.02380444	-3.17392500
4.34416091	0.02380444	-3.17392500
4.34916091	0.02380444	-3.17392500
4.35416091	0.02380444	-3.17392500
4.35916091	0.02380444	-3.19834000
4.36416091	0.02380444	-3.28989500
4.36916091	0.02380444	-2.84432500
4.37416091	0.02380444	-1.91656200
4.37916091	0.02380444	-1.47099200
4.38416091	0.02380444	-1.56254800
4.38916091	0.02380444	-1.58696200
4.39416091	0.02380444	-1.58696200
4.39916091	0.02380444	-1.58696200
4.40416091	0.02380444	-1.58696200
4.40916091	0.02380444	-1.58696200
4.41416091	0.02380444	-1.58696200
4.41916091	0.02380444	-1.61137700
4.42416091	0.02380444	-1.70293300
4.42916091	0.02380444	-1.25736300
4.43416091	0.02380444	-0.32959990
4.43916091	0.02380444	0.11597030
4.44416091	0.02380444	0.02441481
4.44916091	0.02380444	0.00000000
4.45416091	0.02380444	0.00000000
4.45916091	0.02380444	0.02441481
4.46416091	0.02380444	0.11597030
4.46916091	0.02380444	-0.32959990
4.47416091	0.02380444	-1.25736300
4.47916091	0.02380444	-1.70293300
4.48416091	0.02380444	-1.61137700
4.48916091	0.02380444	-1.58696200
4.49416091	0.02380444	-1.58696200
4.49916091	0.02380444	-1.56254800
4.50416091	0.02380444	-1.47099200
4.50916091	0.02380444	-1.91656200
4.51416091	0.02380444	-2.84432500
4.51916091	0.02380444	-3.28989500
4.52416091	0.02380444	-3.19834000
4.52916091	0.02380444	-3.19834000
4.53416091	0.02380444	-3.28989500
4.53916091	0.02380444	-2.81991000
4.54416091	0.02380444	-1.80059200
4.54916091	0.02380444	-1.82500700
4.55416091	0.02380444	-2.93588100
4.55916091	0.02380444	-2.93588100
4.56416091	0.02380444	-1.82500700
4.56916091	0.02380444	-1.80059200
4.57416091	0.02380444	-2.81991000
4.57916091	0.02380444	-3.31431000
4.58416091	0.02380444	-3.31431000
4.58916091	0.02380444	-2.84432500
4.59416091	0.02380444	-1.91656200
4.59916091	0.02380444	-1.49540700
4.60416091	0.02380444	-1.67851800
4.60916091	0.02380444	-1.33060700
4.61416091	0.02380444	-0.68361460
4.61916091	0.02380444	1.06204400
4.62416091	0.02380444	3.55845800
4.62916091	0.02380444	5.63371700
4.63416091	0.02380444	6.64082700
4.63916091	0.02380444	10.01007000
4.64416091	0.02380444	14.81979000
4.64916091	0.02380444	19.95300000
4.65416091	0.02380444	24.20118000
4.65916091	0.02380444	30.13398000
4.66416091	0.02380444	36.24378000
4.66916091	0.02380444	43.04941000
4.67416091	0.02380444	48.86623000
4.67916091	0.02380444	56.12354000
4.68416091	0.02380444	63.05734000
4.68916091	0.02380444	69.86298000
4.69416091	0.02380444	74.85580000
4.69916091	0.02380444	80.73977000
4.70416091	0.02380444	85.92181000
4.70916091	0.02380444	91.87902000
4.71416091	0.02380444	97.14652000
4.71916091	0.02380444	102.70090000
4.72416091	0.02380444	107.23590000
4.72916091	0.02380444	111.44750000
4.73416091	0.02380444	114.22470000
4.73916091	0.02392651	117.63660000
4.74416091	0.02438429	120.87770000
4.74916091	0.02215644	122.97130000
4.75416091	0.01751762	123.33750000
4.75916091	0.01516770	124.58270000
4.76416091	0.01516770	126.34660000
4.76916091	0.01763970	127.23780000
4.77416091	0.02273629	127.14620000
4.77916091	0.02273629	126.70060000
4.78416091	0.01763970	125.95600000
4.78916091	0.01528977	124.61930000
4.79416091	0.01574755	122.85530000
4.79916091	0.01586962	122.01300000
4.80416091	0.01586962	122.28770000
4.80916091	0.01586962	121.96420000
4.81416091	0.01586962	121.31720000
4.81916091	0.01586962	119.62030000
4.82416091	0.01586962	117.30700000
4.82916091	0.01586962	114.24300000
4.83416091	0.01586962	111.00190000
4.83916091	0.01586962	108.46280000
4.84416091	0.01586962	107.26040000
4.84916091	0.01586962	105.19120000
4.85416091	0.01586962	102.87790000
4.85916091	0.01586962	100.33880000
4.86416091	0.01586962	98.20856000
4.86916091	0.01586962	95.22385000
4.87416091	0.01586962	92.07434000
4.87916091	0.01586962	89.08964000
4.88416091	0.01586962	86.95944000
4.88916091	0.01586962	84.44471000
4.89416091	0.01586962	82.21686000
4.89916091	0.01586962	79.67773000
4.90416091	0.01586962	77.45598000
4.90916091	0.01586962	74.86800000
4.91416091	0.01586962	72.46315000
4.91916091	0.01586962	70.81515000
4.92416091	0.01586962	70.44892000
4.92916091	0.01586962	68.77651000
4.93416091	0.01586962	66.28010000
4.93916091	0.01586962	64.11329000
4.94416091	0.01586962	62.72775000
4.94916091	0.01586962	61.05533000
4.95416091	0.01586962	59.57823000
4.95916091	0.01586962	57.88140000
4.96416091	0.01586962	56.39820000
4.96916091	0.01586962	54.72579000
4.97416091	0.01586962	53.34025000
4.97916091	0.01586962	51.17344000
4.98416091	0.01586962	48.67702000
4.98916091	0.01586962	46.98019000
4.99416091	0.01586962	46.52242000
4.99916091	0.01586962	45.27116000
5.00416091	0.01586962	43.61095000
5.00916091	0.01586962	42.33528000
5.01416091	0.01586962	41.78594000
5.01916091	0.01586962	40.51027000
5.02416091	0.01586962	38.85006000
5.02916091	0.01586962	37.53167000
5.03416091	0.01586962	36.78701000
5.03916091	0.01586962	36.43910000
5.04416091	0.01586962	36.71376000
5.04916091	0.01586962	35.84704000
5.05416091	0.01586962	33.99151000
5.05916091	0.01586962	33.12479000
5.06416091	0.01586962	33.39946000
5.06916091	0.01586962	33.02713000
5.07416091	0.01586962	32.19093000
5.07916091	0.01586962	31.29978000
5.08416091	0.01586962	30.46358000
5.08916091	0.01586962	30.06684000
5.09416091	0.01586962	30.24995000
5.09916091	0.01586962	29.85321000
5.10416091	0.01586962	29.01700000
5.10916091	0.01586962	28.14417000
5.11416091	0.01586962	27.40562000
5.11916091	0.01586962	26.55110000
5.12416091	0.01586962	25.81256000
5.12916091	0.01586962	24.94583000
5.13416091	0.01586962	24.10962000
5.13916091	0.01586962	23.71288000
5.14416091	0.01586962	23.89599000
5.14916091	0.01586962	23.47484000
5.15416091	0.01586962	22.54707000
5.15916091	0.01586962	22.12592000
5.16416091	0.01586962	22.30903000
5.16916091	0.01586962	21.88787000
5.17416091	0.01586962	20.96011000
5.17916091	0.01586962	20.51454000
5.18416091	0.01586962	20.60610000
5.18916091	0.01586962	20.65493000
5.19416091	0.01586962	20.74648000
5.19916091	0.01586962	20.30091000
5.20416091	0.01586962	19.37315000
5.20916091	0.01586962	18.92758000
5.21416091	0.01586962	19.01913000
5.21916091	0.01586962	19.06796000
5.22416091	0.01586962	19.15952000
5.22916091	0.01586962	18.73836000
5.23416091	0.01586962	17.90216000
5.23916091	0.01586962	17.01102000
5.24416091	0.01586962	16.17481000
5.24916091	0.01586962	15.77807000
5.25416091	0.01586962	15.96118000
5.25916091	0.01586962	15.54002000
5.26416091	0.01586962	14.61226000
5.26916091	0.01586962	14.16669000
5.27416091	0.01586962	14.25825000
5.27916091	0.01586962	14.30708000
5.28416091	0.01586962	14.39863000
5.28916091	0.01586962	13.97748000
5.29416091	0.01586962	13.14127000
5.29916091	0.01586962	12.25013000
5.30416091	0.01586962	11.41392000
5.30916091	0.01586962	10.96835000
5.31416091	0.01586962	10.96835000
5.31916091	0.01586962	11.46275000
5.32416091	0.01586962	12.48207000
5.32916091	0.01586962	12.45765000
5.33416091	0.01586962	11.34678000
5.33916091	0.01586962	11.34678000
5.34416091	0.01586962	12.45765000
5.34916091	0.01586962	12.48207000
5.35416091	0.01586962	11.46275000
5.35916091	0.01586962	10.99277000
5.36416091	0.01586962	11.08432000
5.36916091	0.01586962	11.13315000
5.37416091	0.01586962	11.22471000
5.37916091	0.01586962	10.75472000
5.38416091	0.01586962	9.73540400
5.38916091	0.01586962	9.75981900
5.39416091	0.01586962	10.87069000
5.39916091	0.01586962	10.91952000
5.40416091	0.01586962	9.99175900
5.40916091	0.01586962	9.05179000
5.41416091	0.01586962	8.12402700
5.41916091	0.01586962	8.14844100
5.42416091	0.01586962	9.16776000
5.42916091	0.01586962	9.66216000
5.43416091	0.01586962	9.66216000
5.43916091	0.01586962	9.19217500
5.44416091	0.01586962	8.26441300
5.44916091	0.01586962	7.81884200
5.45416091	0.01586962	7.91039800
5.45916091	0.01586962	7.93481200
5.46416091	0.01586962	7.93481200
5.46916091	0.01586962	7.93481200
5.47416091	0.01586962	7.93481200
5.47916091	0.01586962	7.93481200
5.48416091	0.01586962	7.93481200
5.48916091	0.01586962	7.95922800
5.49416091	0.01586962	8.05078300
5.49916091	0.01586962	7.60521200
5.50416091	0.01586962	6.67745000
5.50916091	0.01586962	6.20746500
5.51416091	0.01586962	6.20746500
5.51916091	0.01586962	6.70186400
5.52416091	0.01586962	7.72118300
5.52916091	0.01586962	7.72118300
5.53416091	0.01586962	6.70186400
5.53916091	0.01586962	6.23187900
5.54416091	0.01586962	6.32343500
5.54916091	0.01586962	6.37226500
5.55416091	0.01586962	6.46382000
5.55916091	0.01586962	6.01825000
5.56416091	0.01586962	5.09048700
5.56916091	0.01599170	4.62050200
5.57416091	0.01644948	4.62050200
5.57916091	0.01422163	5.09048700
5.58416091	0.00958281	6.01825000
5.58916091	0.00735496	6.46382000
5.59416091	0.00781274	6.37226500
5.59916091	0.00781274	6.37226500
5.60416091	0.00735496	6.46382000
5.60916091	0.00958281	6.01825000
5.61416091	0.01422163	5.09048700
5.61916091	0.01657155	4.62050200
5.62416091	0.01657155	4.62050200
5.62916091	0.01422163	5.11490200
5.63416091	0.00958281	6.13422100
5.63916091	0.00735496	6.10980600
5.64416091	0.00781274	4.99893200
5.64916091	0.00793481	4.99893200
5.65416091	0.00793481	6.10980600
5.65916091	0.00793481	6.13422100
5.66416091	0.00793481	5.11490200
5.66916091	0.00793481	4.64491700
5.67416091	0.00793481	4.73647300
5.67916091	0.00793481	4.76088700
5.68416091	0.00793481	4.76088700
5.68916091	0.00793481	4.78530200
5.69416091	0.00793481	4.87685800
5.69916090	0.00793481	4.43128700
5.70416090	0.00793481	3.50352500
5.70916090	0.00793481	3.05795500
5.71416090	0.00793481	3.14951000
5.71916090	0.00793481	3.17392500
5.72416090	0.00793481	3.17392500
5.72916090	0.00793481	3.19834000
5.73416090	0.00793481	3.28989500
5.73916090	0.00793481	2.81991000
5.74416090	0.00793481	1.80059200
5.74916090	0.00793481	1.80059200
5.75416090	0.00793481	2.81991000
5.75916090	0.00793481	3.28989500
5.76416090	0.00793481	3.19834000
5.76916090	0.00793481	3.17392500
5.77416090	0.00793481	3.17392500
5.77916090	0.00793481	3.14951000
5.78416090	0.00793481	3.05795500
5.78916090	0.00793481	3.55235400
5.79416090	0.00793481	4.66322800
5.79916090	0.00793481	4.21765800
5.80416090	0.00793481	2.27057700
5.80916090	0.00793481	1.35502200
5.81416090	0.00793481	1.53813300
5.81916090	0.00793481	1.56254800
5.82416090	0.00793481	1.47099200
5.82916090	0.00793481	1.91656200
5.83416090	0.00793481	2.84432500
5.83916090	0.00793481	3.28989500
5.84416090	0.00793481	3.19834000
5.84916090	0.00793481	3.19834000
5.85416090	0.00793481	3.28989500
5.85916090	0.00793481	2.81991000
5.86416090	0.00793481	1.80059200
5.86916090	0.00793481	1.80059200
5.87416090	0.00793481	2.81991000
5.87916090	0.00793481	3.28989500
5.88416090	0.00793481	3.19834000
5.88916090	0.00793481	3.19834000
5.89416090	0.00793481	3.28989500
5.89916090	0.00793481	2.81991000
5.90416090	0.00793481	1.80059200
5.90916090	0.00793481	1.80059200
5.91416090	0.00793481	2.81991000
5.91916090	0.00793481	3.28989500
5.92416090	0.00793481	3.19834000
5.92916090	0.00793481	3.17392500
5.93416090	0.00793481	3.17392500
5.93916090	0.00793481	3.17392500
5.94416090	0.00793481	3.17392500
5.94916090	0.00793481	3.17392500
5.95416090	0.00793481	3.17392500
5.95916090	0.00793481	3.17392500
5.96416090	0.00793481	3.17392500
5.96916090	0.00793481	3.17392500
5.97416090	0.00793481	3.17392500
5.97916090	0.00793481	3.14951000
5.98416090	0.00793481	3.05795500
5.98916090	0.00793481	3.50352500
5.99416090	0.00793481	4.43128700
5.99916090	0.00793481	4.90127200
6.00416090	0.00793481	4.90127200
6.00916090	0.00793481	4.38245800
6.01416090	0.00793481	3.27158400
6.01916090	0.00793481	3.74156900
6.02416090	0.00793481	5.78020600
6.02916090	0.00793481	6.29902000
6.03416090	0.00793481	5.37125800
6.03916090	0.00793481	3.98571700
6.04416090	0.00793481	2.22174700
6.04916090	0.00793481	1.33060700
6.05416090	0.00793481	1.42216300
6.05916090	0.00793481	1.91656200
6.06416090	0.00793481	2.84432500
6.06916090	0.00793481	3.31431000
6.07416090	0.00793481	3.31431000
6.07916090	0.00793481	2.84432500
6.08416090	0.00793481	1.91656200
6.08916090	0.00793481	1.44657700
6.09416090	0.00793481	1.44657700
6.09916090	0.00793481	1.91656200
6.10416090	0.00793481	2.84432500
6.10916090	0.00793481	3.28989500
6.11416090	0.00793481	3.19834000
6.11916090	0.00793481	3.17392500
6.12416090	0.00793481	3.17392500
6.12916090	0.00793481	3.17392500
6.13416090	0.00793481	3.17392500
6.13916090	0.00793481	3.17392500
6.14416090	0.00793481	3.17392500
6.14916090	0.00793481	3.17392500
6.15416090	0.00793481	3.17392500
6.15916090	0.00793481	3.19834000
6.16416090	0.00793481	3.28989500
6.16916090	0.00793481	2.84432500
6.17416090	0.00793481	1.91656200
6.17916090	0.00793481	1.47099200
6.18416090	0.00793481	1.56254800
6.18916090	0.00793481	1.61137700
6.19416090	0.00793481	1.70293300
6.19916090	0.00793481	1.23294800
6.20416090	0.00793481	0.21362960
6.20916090	0.00793481	0.23804440
6.21416090	0.00793481	1.34891800
6.21916090	0.00793481	1.37333300
6.22416090	0.00793481	0.35401470
6.22916090	0.00793481	-0.14038510
6.23416090	0.00793481	-0.14038510
6.23916090	0.00793481	0.35401470
6.24416090	0.00793481	1.37333300
6.24916090	0.00793481	1.34891800
6.25416090	0.00793481	0.23804440
6.25916090	0.00793481	0.21362960
6.26416090	0.00793481	1.23294800
6.26916090	0.00793481	1.72734800
6.27416090	0.00793481	1.72734800
6.27916090	0.00793481	1.25736300
6.28416090	0.00793481	0.32959990
6.28916090	0.00793481	-0.11597030
6.29416090	0.00793481	-0.02441481
6.29916090	0.00793481	0.02441481
6.30416090	0.00793481	0.11597030
6.30916090	0.00793481	-0.35401470
6.31416090	0.00793481	-1.37333300
6.31916090	0.00793481	-1.37333300
6.32416090	0.00793481	-0.35401470
6.32916090	0.00793481	0.09155553
6.33416090	0.00793481	-0.09155553
6.33916090	0.00793481	0.35401470
6.34416090	0.00793481	1.37333300
6.34916090	0.00793481	1.37333300
6.35416090	0.00793481	0.35401470
6.35916090	0.00793481	-0.11597030
6.36416090	0.00793481	-0.02441481
6.36916090	0.00793481	0.00000000
6.37416090	0.00793481	0.00000000
6.37916090	0.00793481	0.00000000
6.38416090	0.00793481	0.00000000
6.38916090	0.00793481	0.00000000
6.39416090	0.00793481	0.00000000
6.39916090	0.00793481	-0.02441481
6.40416090	0.00793481	-0.11597030
6.40916090	0.00793481	0.30518510
6.41416090	0.00793481	1.14139200
6.41916090	0.00793481	2.05694700
6.42416090	0.00793481	2.98471000
6.42916090	0.00793481	2.96029500
6.43416090	0.00793481	1.94097700
6.43916090	0.00793481	1.47099200
6.44416090	0.00793481	1.56254800
6.44916090	0.00793481	1.58696200
6.45416090	0.00793481	1.58696200
6.45916090	0.00793481	1.61137700
6.46416090	0.00793481	1.70293300
6.46916090	0.00793481	1.25736300
6.47416090	0.00793481	0.32959990
6.47916090	0.00793481	-0.11597030
6.48416090	0.00793481	-0.02441481
6.48916090	0.00793481	0.00000000
6.49416090	0.00793481	0.00000000
6.49916090	0.00793481	-0.02441481
6.50416090	0.00793481	-0.11597030
6.50916090	0.00793481	0.35401470
6.51416090	0.00793481	1.37333300
6.51916090	0.00793481	1.37333300
6.52416090	0.00793481	0.35401470
6.52916090	0.00793481	-0.14038510
6.53416090	0.00793481	-0.14038510
6.53916090	0.00793481	0.32959990
6.54416090	0.00793481	1.25736300
6.54916090	0.00793481	1.70293300
6.55416090	0.00793481	1.61137700
6.55916090	0.00793481	1.61137700
6.56416090	0.00793481	1.70293300
6.56916090	0.00793481	1.25736300
6.57416090	0.00793481	0.32959990
6.57916090	0.00793481	-0.09155553
6.58416090	0.00793481	0.09155553
6.58916090	0.00793481	-0.37842950
6.59416090	0.00793481	-1.48930300
6.59916090	0.00793481	-1.01931800
6.60416090	0.00793481	1.01931800
6.60916090	0.00793481	1.51371800
6.61416090	0.00793481	0.49439980
6.61916090	0.00793481	-0.46998500
6.62416090	0.00793481	-1.39774800
6.62916090	0.00793481	-1.34891800
6.63416090	0.00793481	-0.23804440
6.63916090	0.00805689	-0.18921480
6.64416090	0.00851466	-1.11697700
6.64916090	0.00616474	-2.05694700
6.65416090	0.00106815	-2.98471000
6.65916090	0.00106815	-2.93588100
6.66416090	0.00616474	-1.82500700
6.66916090	0.00863674	-1.82500700
6.67416090	0.00863674	-2.93588100
6.67916090	0.00616474	-2.96029500
6.68416090	0.00106815	-1.94097700
6.68916090	0.00119022	-1.47099200
6.69416090	0.00674459	-1.56254800
6.69916090	0.00674459	-1.58696200
6.70416090	0.00119022	-1.58696200
6.70916090	0.00106815	-1.58696200
6.71416090	0.00616474	-1.58696200
6.71916090	0.00851466	-1.58696200
6.72416090	0.00805689	-1.58696200
6.72916090	0.00793481	-1.61137700
6.73416090	0.00793481	-1.70293300
6.73916090	0.00793481	-1.23294800
6.74416090	0.00793481	-0.21362960
6.74916090	0.00793481	-0.23804440
6.75416090	0.00793481	-1.34891800
6.75916090	0.00805689	-1.34891800
6.76416090	0.00851466	-0.23804440
6.76916090	0.00616474	-0.23804440
6.77416090	0.00106815	-1.34891800
6.77916090	0.00119022	-1.37333300
6.78416090	0.00674459	-0.35401470
6.78916090	0.00686667	0.11597030
6.79416090	0.00177007	0.02441481
6.79916090	-0.00070193	0.00000000
6.80416090	-0.00070193	0.00000000
6.80916090	0.00177007	-0.02441481
6.81416090	0.00686667	-0.11597030
6.81916090	0.00686667	0.32959990
6.82416090	0.00177007	1.25736300
6.82916090	-0.00057985	1.70293300
6.83416090	-0.00012207	1.61137700
6.83916090	-0.00012207	1.58696200
6.84416090	-0.00057985	1.58696200
6.84916090	0.00177007	1.58696200
6.85416090	0.00686667	1.58696200
6.85916090	0.00686667	1.61137700
6.86416090	0.00177007	1.70293300
6.86916090	-0.00057985	1.23294800
6.87416090	-0.00012207	0.21362960
6.87916090	0.00000000	0.21362960
6.88416090	0.00000000	1.23294800
6.88916090	0.00000000	1.70293300
6.89416090	0.00000000	1.61137700
6.89916090	0.00000000	1.58696200
6.90416090	0.00000000	1.58696200
6.90916090	0.00000000	1.61137700
6.91416090	0.00000000	1.70293300
6.91916090	0.00000000	1.23294800
6.92416090	0.00000000	0.21362960
6.92916090	-0.00012207	0.23804440
6.93416090	-0.00057985	1.34891800
6.93916090	0.00164800	1.37333300
6.94416090	0.00628681	0.35401470
6.94916090	0.00863674	-0.14038510
6.95416090	0.00863674	-0.14038510
6.95916090	0.00628681	0.35401470
6.96416090	0.00164800	1.37333300
6.96916090	-0.00057985	1.34891800
6.97416090	-0.00012207	0.23804440
6.97916090	0.00000000	0.23804440
6.98416090	0.00000000	1.34891800
6.98916090	0.00000000	1.37333300
6.99416090	0.00000000	0.35401470
6.99916090	0.00000000	-0.11597030
7.00416090	0.00000000	-0.02441481
7.00916090	0.00000000	0.00000000
7.01416090	0.00000000	0.00000000
7.01916090	0.00000000	0.02441481
7.02416090	0.00000000	0.11597030
7.02916090	0.00000000	-0.35401470
7.03416090	0.00000000	-1.37333300
7.03916090	0.00000000	-1.37333300
7.04416090	0.00000000	-0.35401470
7.04916090	0.00000000	0.11597030
7.05416090	0.00000000	0.02441481
7.05916090	0.00000000	0.00000000
7.06416090	0.00000000	0.00000000
7.06916090	0.00000000	0.02441481
7.07416090	0.00000000	0.11597030
7.07916090	0.00000000	-0.32959990
7.08416090	0.00000000	-1.25736300
7.08916090	0.00000000	-1.70293300
7.09416090	0.00000000	-1.61137700
7.09916090	0.00000000	-1.58696200
7.10416090	0.00000000	-1.58696200
7.10916090	0.00000000	-1.58696200
7.11416090	0.00000000	-1.58696200
7.11916090	0.00000000	-1.58696200
7.12416090	0.00000000	-1.58696200
7.12916090	0.00000000	-1.58696200
7.13416090	0.00000000	-1.58696200
7.13916090	0.00000000	-1.61137700
7.14416090	0.00000000	-1.70293300
7.14916090	0.00000000	-1.23294800
7.15416090	0.00000000	-0.21362960
7.15916090	0.00000000	-0.21362960
7.16416090	0.00000000	-1.23294800
7.16916090	0.00000000	-1.75176200
7.17416090	0.00000000	-1.84331800
7.17916090	0.00000000	-0.87893310
7.18416090	0.00000000	1.15970300
7.18916090	0.00000000	1.13528900
7.19416090	0.00000000	-0.99490340
7.19916090	0.00000000	-1.46488800
7.20416090	0.00000000	-0.26245920
7.20916090	0.00000000	-0.21362960
7.21416090	0.00000000	-1.23294800
7.21916090	0.00000000	-1.72734800
7.22416090	0.00000000	-1.72734800
7.22916090	0.00000000	-1.23294800
7.23416090	0.00000000	-0.21362960
7.23916090	0.00000000	-0.21362960
7.24416090	0.00000000	-1.23294800
7.24916090	0.00000000	-1.67851800
7.25416090	0.00000000	-1.49540700
7.25916090	0.00000000	-1.91656200
7.26416090	0.00000000	-2.84432500
7.26916090	0.00000000	-3.31431000
7.27416090	0.00000000	-3.31431000
7.27916090	0.00000000	-2.81991000
7.28416090	0.00000000	-1.80059200
7.28916090	0.00000000	-1.82500700
7.29416090	0.00000000	-2.93588100
7.29916090	0.00000000	-2.93588100
7.30416090	0.00000000	-1.82500700
7.30916090	0.00000000	-1.80059200
7.31416090	0.00000000	-2.81991000
7.31916090	0.00000000	-3.31431000
7.32416090	0.00000000	-3.31431000
7.32916090	0.00000000	-2.84432500
7.33416090	0.00000000	-1.91656200
7.33916090	0.00000000	-1.47099200
7.34416089	0.00000000	-1.56254800
7.34916089	0.00000000	-1.56254800
7.35416089	0.00000000	-1.47099200
7.35916089	0.00000000	-1.91656200
7.36416089	0.00000000	-2.84432500
7.36916089	0.00000000	-3.26548100
7.37416089	0.00000000	-3.08237000
7.37916089	0.00000000	-3.52794000
7.38416089	0.00000000	-4.54725700
7.38916089	0.00000000	-4.54725700
7.39416089	0.00000000	-3.52794000
7.39916089	0.00000000	-3.03354000
7.40416089	0.00000000	-3.03354000
7.40916089	0.00000000	-3.52794000
7.41416089	0.00000000	-4.54725700
7.41916089	0.00000000	-4.54725700
7.42416089	0.00000000	-3.52794000
7.42916089	0.00000000	-3.05795500
7.43416089	0.00000000	-3.14951000
7.43916089	0.00000000	-3.17392500
7.44416089	0.00000000	-3.17392500
7.44916089	0.00000000	-3.17392500
7.45416089	0.00000000	-3.17392500
7.45916089	0.00000000	-3.17392500
7.46416089	0.00000000	-3.17392500
7.46916089	0.00000000	-3.17392500
7.47416089	0.00000000	-3.17392500
7.47916089	0.00000000	-3.17392500
7.48416089	0.00000000	-3.17392500
7.48916089	0.00000000	-3.14951000
7.49416089	0.00000000	-3.05795500
7.49916089	0.00000000	-3.52794000
7.50416089	0.00000000	-4.54725700
7.50916089	0.00000000	-4.54725700
7.51416089	0.00000000	-3.52794000
7.51916089	0.00000000	-3.05795500
7.52416089	0.00000000	-3.14951000
7.52916089	0.00000000	-3.17392500
7.53416089	0.00000000	-3.17392500
7.53916089	0.00000000	-3.17392500
7.54416089	0.00000000	-3.17392500
7.54916089	0.00000000	-3.19834000
7.55416089	0.00000000	-3.28989500
7.55916089	0.00000000	-2.84432500
7.56416089	0.00000000	-1.91656200
7.56916089	0.00000000	-1.47099200
7.57416089	0.00000000	-1.56254800
7.57916089	0.00000000	-1.58696200
7.58416089	0.00000000	-1.58696200
7.58916089	0.00000000	-1.58696200
7.59416089	0.00000000	-1.58696200
7.59916089	0.00000000	-1.61137700
7.60416089	0.00000000	-1.70293300
7.60916089	0.00000000	-1.25736300
7.61416089	0.00000000	-0.32959990
7.61916089	0.00000000	0.11597030
7.62416089	0.00000000	0.02441481
7.62916089	0.00000000	0.02441481
7.63416089	0.00000000	0.11597030
7.63916089	0.00000000	-0.32959990
7.64416089	0.00000000	-1.25736300
7.64916089	0.00000000	-1.70293300
7.65416089	0.00000000	-1.61137700
7.65916089	0.00000000	-1.56254800
7.66416089	0.00000000	-1.47099200
7.66916089	0.00000000	-1.91656200
7.67416089	0.00000000	-2.84432500
7.67916089	0.00000000	-3.26548100
7.68416089	0.00000000	-3.08237000
7.68916089	0.00000000	-3.50352500
7.69416089	0.00000000	-4.43128700
7.69916089	0.00000000	-4.90127200
7.70416089	0.00000000	-4.90127200
7.70916089	0.00000000	-4.40687300
7.71416089	0.00000000	-3.38755500
7.71916089	0.00000000	-3.38755500
7.72416089	0.00000000	-4.40687300
7.72916089	0.00000000	-4.90127200
7.73416089	0.00000000	-4.90127200
7.73916089	0.00000000	-4.43128700
7.74416089	0.00000000	-3.50352500
7.74916089	0.00000000	-3.05795500
7.75416089	0.00000000	-3.14951000
7.75916089	0.00000000	-3.17392500
7.76416089	0.00000000	-3.17392500
7.76916089	0.00000000	-3.19834000
7.77416089	0.00000000	-3.28989500
7.77916089	0.00000000	-2.84432500
7.78416089	0.00000000	-1.91656200
7.78916089	0.00000000	-1.47099200
7.79416089	0.00000000	-1.56254800
7.79916089	0.00000000	-1.56254800
7.80416089	0.00000000	-1.47099200
7.80916089	0.00000000	-1.94097700
7.81416089	0.00000000	-2.96029500
7.81916089	0.00000000	-2.96029500
7.82416089	0.00000000	-1.94097700
7.82916089	0.00000000	-1.47099200
7.83416089	0.00000000	-1.56254800
7.83916089	0.00000000	-1.58696200
7.84416089	0.00000000	-1.58696200
7.84916089	0.00000000	-1.58696200
7.85416089	0.00000000	-1.58696200
7.85916089	0.00000000	-1.58696200
7.86416089	0.00000000	-1.58696200
7.86916089	0.00000000	-1.58696200
7.87416089	0.00000000	-1.58696200
7.87916089	0.00000000	-1.58696200
7.88416089	0.00000000	-1.58696200
7.88916089	0.00000000	-1.58696200
7.89416089	0.00000000	-1.58696200
7.89916089	0.00000000	-1.61137700
7.90416089	0.00000000	-1.70293300
7.90916089	0.00000000	-1.23294800
7.91416089	0.00000000	-0.21362960
7.91916089	0.00000000	-0.21362960
7.92416089	0.00000000	-1.23294800
7.92916089	0.00000000	-1.70293300
7.93416089	0.00000000	-1.61137700
7.93916089	0.00000000	-1.56254800
7.94416089	0.00000000	-1.47099200
7.94916089	0.00000000	-1.91656200
7.95416089	0.00000000	-2.84432500
7.95916089	0.00000000	-3.28989500
7.96416089	0.00000000	-3.19834000
7.96916089	0.00000000	-3.17392500
7.97416089	0.00000000	-3.17392500
7.97916089	0.00000000	-3.19834000
7.98416089	0.00000000	-3.28989500
7.98916089	0.00000000	-2.84432500
7.99416089	0.00000000	-1.91656200
7.99916089	0.00000000	-1.44657700
8.00416089	0.00000000	-1.44657700
8.00916089	0.00000000	-1.96539200
8.01416089	0.00000000	-3.07626600
8.01916089	0.00000000	-2.60628100
8.02416089	0.00000000	-0.56764430
8.02916089	0.00000000	-0.09765923
8.03416089	0.00000000	-1.20853300
8.03916089	0.00000000	-1.70293300
8.04416089	0.00000000	-1.61137700
8.04916089	0.00000000	-1.58696200
8.05416089	0.00000000	-1.58696200
8.05916089	0.00000000	-1.58696200
8.06416089	0.00000000	-1.58696200
8.06916089	0.00000000	-1.56254800
8.07416089	0.00000000	-1.47099200
8.07916089	0.00000000	-1.94097700
8.08416089	0.00000000	-2.96029500
8.08916089	0.00000000	-2.96029500
8.09416089	0.00000000	-1.94097700
8.09916089	0.00000000	-1.47099200
8.10416089	0.00000000	-1.56254800
8.10916089	0.00000000	-1.56254800
8.11416089	0.00000000	-1.47099200
8.11916089	0.00000000	-1.91656200
8.12416089	0.00000000	-2.84432500
8.12916089	0.00000000	-3.28989500
8.13416089	0.00000000	-3.19834000
8.13916089	0.00000000	-3.19834000
8.14416089	0.00000000	-3.28989500
8.14916089	0.00000000	-2.81991000
8.15416089	0.00000000	-1.80059200
8.15916089	0.00000000	-1.82500700
8.16416089	0.00000000	-2.93588100
8.16916089	0.00000000	-2.93588100
8.17416089	0.00000000	-1.82500700
8.17916089	0.00000000	-1.82500700
8.18416089	0.00000000	-2.93588100
8.18916089	0.00000000	-2.96029500
8.19416089	0.00000000	-1.94097700
8.19916089	0.00000000	-1.47099200
8.20416089	0.00000000	-1.56254800
8.20916089	0.00000000	-1.58696200
8.21416089	0.00000000	-1.58696200
8.21916089	0.00000000	-1.56254800
8.22416089	0.00000000	-1.47099200
8.22916089	0.00000000	-1.94097700
8.23416089	0.00000000	-2.96029500
8.23916089	0.00000000	-2.96029500
8.24416089	0.00000000	-1.94097700
8.24916089	0.00000000	-1.47099200
8.25416089	0.00000000	-1.56254800
8.25916089	0.00000000	-1.56254800
8.26416089	0.00000000	-1.47099200
8.26916089	0.00000000	-1.91656200
8.27416089	0.00000000	-2.84432500
8.27916089	0.00000000	-3.26548100
8.28416089	0.00000000	-3.08237000
8.28916089	0.00000000	-3.50352500
8.29416089	0.00000000	-4.43128700
8.29916089	0.00000000	-4.87685800
8.30416089	0.00000000	-4.78530200
8.30916089	0.00000000	-4.76088700
8.31416089	0.00000000	-4.76088700
8.31916089	0.00000000	-4.76088700
8.32416089	0.00000000	-4.76088700
8.32916089	0.00000000	-4.76088700
8.33416089	0.00000000	-4.76088700
8.33916089	0.00000000	-4.76088700
8.34416089	0.00000000	-4.76088700
8.34916089	0.00000000	-4.76088700
8.35416089	0.00000000	-4.76088700
8.35916089	0.00000000	-4.76088700
8.36416089	0.00000000	-4.76088700
8.36916089	0.00000000	-4.78530200
8.37416089	0.00000000	-4.87685800
8.37916089	0.00000000	-4.43128700
8.38416089	0.00000000	-3.50352500
8.38916089	0.00000000	-3.08237000
8.39416089	0.00000000	-3.26548100
8.39916089	0.00000000	-2.84432500
8.40416089	0.00000000	-1.91656200
8.40916089	0.00000000	-1.44657700
8.41416089	0.00000000	-1.44657700
8.41916089	0.00000000	-1.91656200
8.42416089	0.00000000	-2.84432500
8.42916089	0.00000000	-3.31431000
8.43416089	0.00000000	-3.31431000
8.43916089	0.00000000	-2.81991000
8.44416089	0.00000000	-1.80059200
8.44916089	0.00000000	-1.82500700
8.45416089	0.00000000	-2.93588100
8.45916089	0.00000000	-2.96029500
8.46416089	0.00000000	-1.94097700
8.46916089	0.00000000	-1.47099200
8.47416089	0.00000000	-1.56254800
8.47916089	0.00000000	-1.56254800
8.48416089	0.00000000	-1.47099200
8.48916089	0.00000000	-1.94097700
8.49416089	0.00000000	-2.96029500
8.49916089	0.00000000	-2.96029500
8.50416089	0.00000000	-1.94097700
8.50916089	0.00000000	-1.44657700
8.51416089	0.00000000	-1.44657700
8.51916089	0.00000000	-1.94097700
8.52416089	0.00000000	-2.96029500
8.52916089	0.00000000	-2.96029500
8.53416089	0.00000000	-1.94097700
8.53916089	0.00000000	-1.47099200
8.54416089	0.00000000	-1.56254800
8.54916089	0.00000000	-1.58696200
8.55416089	0.00000000	-1.58696200
8.55916089	0.00000000	-1.56254800
8.56416089	0.00000000	-1.47099200
8.56916089	0.00000000	-1.91656200
8.57416089	0.00000000	-2.84432500
8.57916089	0.00000000	-3.26548100
8.58416089	0.00000000	-3.08237000
8.58916089	0.00000000	-3.52794000
8.59416089	0.00000000	-4.54725700
8.59916089	0.00000000	-4.54725700
8.60416089	0.00000000	-3.52794000
8.60916089	0.00000000	-3.05795500
8.61416089	0.00000000	-3.14951000
8.61916089	0.00000000	-3.17392500
8.62416089	0.00000000	-3.17392500
8.62916089	0.00000000	-3.19834000
8.63416089	0.00000000	-3.28989500
8.63916089	0.00000000	-2.84432500
8.64416089	0.00000000	-1.91656200
8.64916089	0.00000000	-1.47099200
8.65416089	0.00000000	-1.56254800
8.65916089	0.00000000	-1.56254800
8.66416089	0.00000000	-1.47099200
8.66916089	0.00000000	-1.94097700
8.67416089	0.00000000	-2.96029500
8.67916089	0.00000000	-2.93588100
8.68416089	0.00000000	-1.82500700
8.68916089	0.00000000	-1.77617700
8.69416089	0.00000000	-2.70394000
8.69916089	0.00000000	-3.61949500
8.70416089	0.00000000	-4.45570200
8.70916089	0.00000000	-4.87685800
8.71416089	0.00000000	-4.78530200
8.71916089	0.00000000	-4.76088700
8.72416089	0.00000000	-4.76088700
8.72916089	0.00000000	-4.76088700
8.73416089	0.00000000	-4.76088700
8.73916089	0.00000000	-4.73647300
8.74416089	0.00000000	-4.64491700
8.74916089	0.00000000	-5.11490200
8.75416089	0.00000000	-6.13422100
8.75916089	0.00000000	-6.13422100
8.76416089	0.00000000	-5.11490200
8.76916089	0.00000000	-4.64491700
8.77416089	0.00000000	-4.73647300
8.77916089	0.00000000	-4.76088700
8.78416089	0.00000000	-4.76088700
8.78916089	0.00000000	-4.78530200
8.79416089	0.00000000	-4.87685800
8.79916089	0.00000000	-4.43128700
8.80416089	0.00000000	-3.50352500
8.80916089	0.00000000	-3.05795500
8.81416089	0.00000000	-3.14951000
8.81916089	0.00000000	-3.17392500
8.82416089	0.00000000	-3.17392500
8.82916089	0.00000000	-3.17392500
8.83416089	0.00000000	-3.17392500
8.83916089	0.00000000	-3.17392500
8.84416089	0.00000000	-3.17392500
8.84916089	0.00000000	-3.17392500
8.85416089	0.00000000	-3.17392500
8.85916089	0.00000000	-3.17392500
8.86416089	0.00000000	-3.17392500
8.86916089	0.00000000	-3.17392500
8.87416089	0.00000000	-3.17392500
8.87916089	0.00000000	-3.17392500
8.88416089	0.00000000	-3.17392500
8.88916089	0.00000000	-3.17392500
8.89416089	0.00000000	-3.17392500
8.89916089	0.00000000	-3.17392500
8.90416089	0.00000000	-3.17392500
8.90916089	0.00000000	-3.19834000
8.91416089	0.00000000	-3.28989500
8.91916089	0.00000000	-2.84432500
8.92416089	0.00000000	-1.91656200
8.92916089	0.00000000	-1.44657700
8.93416089	0.00000000	-1.44657700
8.93916089	0.00000000	-1.89214800
8.94416089	0.00000000	-2.72835500
8.94916089	0.00000000	-3.64391000
8.95416089	0.00000000	-4.57167300
8.95916089	0.00000000	-4.54725700
8.96416089	0.00000000	-3.52794000
8.96916089	0.00000000	-3.05795500
8.97416089	0.00000000	-3.14951000
8.97916089	0.00000000	-3.17392500
8.98416089	0.00000000	-3.17392500
8.98916088	0.00000000	-3.17392500
8.99416088	0.00000000	-3.17392500
8.99916088	0.00000000	-3.17392500
9.00416088	0.00000000	-3.17392500
9.00916088	0.00000000	-3.19834000
9.01416088	0.00000000	-3.28989500
9.01916088	0.00000000	-2.84432500
9.02416088	0.00000000	-1.91656200
