Time	Channel A	Channel B
(us)	(V)	(mV)

-4.98482996	0.00000000	0.00000000
-4.94482996	0.00000000	0.00000000
-4.90482996	0.00000000	0.00000000
-4.86482996	0.00000000	0.00000000
-4.82482996	0.00000000	-1.58696200
-4.78482996	0.00000000	0.00000000
-4.74482996	0.00000000	0.00000000
-4.70482996	0.00000000	0.00000000
-4.66482996	0.00000000	-1.58696200
-4.62482996	0.00000000	0.00000000
-4.58482996	0.00000000	0.00000000
-4.54482996	0.00000000	0.00000000
-4.50482996	0.00000000	-1.58696200
-4.46482996	0.00000000	0.00000000
-4.42482996	0.00000000	0.00000000
-4.38482996	0.00000000	0.00000000
-4.34482996	0.00000000	0.00000000
-4.30482996	0.00000000	1.58696200
-4.26482996	0.00000000	1.58696200
-4.22482996	0.00000000	1.58696200
-4.18482996	0.00000000	1.58696200
-4.14482996	0.00000000	1.58696200
-4.10482996	0.00000000	1.58696200
-4.06482996	0.00000000	1.58696200
-4.02482996	0.00000000	0.00000000
-3.98482996	0.00000000	0.00000000
-3.94482996	0.00000000	0.00000000
-3.90482996	0.00000000	1.58696200
-3.86482996	0.00000000	0.00000000
-3.82482996	0.00000000	1.58696200
-3.78482996	0.00000000	1.58696200
-3.74482996	0.00000000	0.00000000
-3.70482996	0.00000000	-1.58696200
-3.66482996	0.00000000	-1.58696200
-3.62482997	0.00000000	0.00000000
-3.58482997	0.00000000	0.00000000
-3.54482997	0.00000000	0.00000000
-3.50482997	0.00000000	0.00000000
-3.46482997	0.00000000	-1.58696200
-3.42482997	0.00000000	-1.58696200
-3.38482997	0.00000000	-1.58696200
-3.34482997	0.00000000	0.00000000
-3.30482997	0.00000000	-1.58696200
-3.26482997	0.00000000	0.00000000
-3.22482997	0.00000000	1.58696200
-3.18482997	0.00000000	1.58696200
-3.14482997	0.00000000	0.00000000
-3.10482997	0.00000000	0.00000000
-3.06482997	0.00000000	0.00000000
-3.02482997	0.00000000	0.00000000
-2.98482997	0.00000000	0.00000000
-2.94482997	0.00000000	1.58696200
-2.90482997	0.00000000	1.58696200
-2.86482997	0.00000000	1.58696200
-2.82482997	0.00000000	0.00000000
-2.78482997	0.00000000	1.58696200
-2.74482997	0.00000000	0.00000000
-2.70482997	0.00000000	-1.58696200
-2.66482997	0.00000000	0.00000000
-2.62482997	0.00000000	0.00000000
-2.58482997	0.00000000	0.00000000
-2.54482997	0.00000000	-1.58696200
-2.50482997	0.00000000	0.00000000
-2.46482997	0.00000000	-1.58696200
-2.42482997	0.00000000	-1.58696200
-2.38482997	-0.00793481	0.00000000
-2.34482997	0.00000000	0.00000000
-2.30482997	0.00000000	-1.58696200
-2.26482997	0.00000000	-1.58696200
-2.22482997	-0.00793481	-3.17392500
-2.18482997	0.00000000	-1.58696200
-2.14482997	0.00000000	0.00000000
-2.10482997	0.00000000	0.00000000
-2.06482997	0.00000000	-1.58696200
-2.02482997	0.00000000	-1.58696200
-1.98482998	-0.00793481	0.00000000
-1.94482998	0.00000000	1.58696200
-1.90482998	0.00000000	0.00000000
-1.86482998	-0.00793481	1.58696200
-1.82482998	0.00000000	-1.58696200
-1.78482998	0.00000000	-1.58696200
-1.74482998	0.00000000	-1.58696200
-1.70482998	0.00000000	-1.58696200
-1.66482998	0.00000000	-1.58696200
-1.62482998	0.00000000	-3.17392500
-1.58482998	-0.00793481	-1.58696200
-1.54482998	-0.00793481	-1.58696200
-1.50482998	0.00000000	-1.58696200
-1.46482998	-0.00793481	-1.58696200
-1.42482998	-0.00793481	-3.17392500
-1.38482998	0.00000000	-3.17392500
-1.34482998	-0.00793481	-1.58696200
-1.30482998	0.00000000	-1.58696200
-1.26482998	0.00000000	1.58696200
-1.22482998	0.00000000	1.58696200
-1.18482998	0.00000000	0.00000000
-1.14482998	0.00000000	-1.58696200
-1.10482998	0.00000000	1.58696200
-1.06482998	0.00000000	-1.58696200
-1.02482998	0.00000000	-1.58696200
-0.98482998	0.00000000	0.00000000
-0.94482998	0.00000000	0.00000000
-0.90482998	-0.00793481	0.00000000
-0.86482998	0.00000000	0.00000000
-0.82482998	0.00000000	1.58696200
-0.78482998	-0.00793481	-1.58696200
-0.74482998	-0.00793481	-1.58696200
-0.70482998	0.00000000	0.00000000
-0.66482998	-0.00793481	0.00000000
-0.62482998	0.00000000	-1.58696200
-0.58482998	-0.00793481	0.00000000
-0.54482998	0.00000000	-1.58696200
-0.50482998	0.00000000	0.00000000
-0.46482998	-0.00793481	1.58696200
-0.42482998	0.00000000	0.00000000
-0.38482998	-0.00793481	-1.58696200
-0.34482999	-0.00793481	0.00000000
-0.30482999	0.00000000	0.00000000
-0.26482999	0.00000000	1.58696200
-0.22482999	0.00000000	-1.58696200
-0.18482999	-0.00793481	0.00000000
-0.14482999	0.00000000	0.00000000
-0.10482999	0.00000000	-1.58696200
-0.06482999	0.02380444	-7.93481200
-0.02482999	0.06347850	-12.69570000
0.01517001	0.10315260	-12.69570000
0.05517001	0.13489180	-9.52177400
0.09517001	0.16666160	-9.52177400
0.13517001	0.19046600	-9.52177400
0.17517001	0.20633560	-12.69570000
0.21517001	0.19840080	-7.93481200
0.25517001	0.19046600	-6.34785000
0.29517001	0.17459640	-7.93481200
0.33517001	0.16666160	-9.52177400
0.37517001	0.15872680	-7.93481200
0.41517001	0.15872680	-7.93481200
0.45517001	0.15079200	-4.76088700
0.49517001	0.15079200	-3.17392500
0.53517001	0.14285710	-4.76088700
0.57517001	0.14285710	-4.76088700
0.61517001	0.14285710	-3.17392500
0.65517001	0.13489180	-1.58696200
0.69517001	0.13489180	0.00000000
0.73517001	0.13489180	-1.58696200
0.77517001	0.12695700	-1.58696200
0.81517001	0.12695700	0.00000000
0.85517001	0.12695700	-1.58696200
0.89517001	0.11902220	0.00000000
0.93517001	0.11902220	1.58696200
0.97517001	0.11902220	-1.58696200
1.01517001	0.11108740	-1.58696200
1.05517001	0.11108740	-3.17392500
1.09517001	0.11108740	-1.58696200
1.13517001	0.10315260	-3.17392500
1.17517001	0.10315260	0.00000000
1.21517001	0.10315260	-1.58696200
1.25517001	0.10315260	0.00000000
1.29517001	0.09521775	0.00000000
1.33517000	0.09521775	0.00000000
1.37517000	0.09521775	-1.58696200
1.41517000	0.08728294	-1.58696200
1.45517000	0.08728294	-3.17392500
1.49517000	0.08728294	-1.58696200
1.53517000	0.08728294	-1.58696200
1.57517000	0.08728294	-1.58696200
1.61517000	0.07934812	-1.58696200
1.65517000	0.07934812	-1.58696200
1.69517000	0.07934812	0.00000000
1.73517000	0.07934812	-1.58696200
1.77517000	0.07141331	-1.58696200
1.81517000	0.07141331	-3.17392500
1.85517000	0.07141331	-1.58696200
1.89517000	0.07141331	-1.58696200
1.93517000	0.07141331	-1.58696200
1.97517000	0.06347850	0.00000000
2.01517000	0.06347850	0.00000000
2.05517000	0.06347850	-1.58696200
2.09517000	0.06347850	-1.58696200
2.13517000	0.06347850	-1.58696200
2.17517000	0.05554369	-1.58696200
2.21517000	0.05554369	-3.17392500
2.25517000	0.05554369	-1.58696200
2.29517000	0.05554369	-3.17392500
2.33517000	0.05554369	-1.58696200
2.37517000	0.05554369	-1.58696200
2.41517000	0.05554369	-4.76088700
2.45517000	0.04760887	-3.17392500
2.49517000	0.04760887	-3.17392500
2.53517000	0.04760887	-1.58696200
2.57517000	0.04760887	-1.58696200
2.61517000	0.04760887	-3.17392500
2.65517000	0.04760887	-4.76088700
2.69517000	0.03967406	-4.76088700
2.73517000	0.03967406	-1.58696200
2.77517000	0.03967406	-1.58696200
2.81517000	0.03967406	-1.58696200
2.85517000	0.03967406	-3.17392500
2.89517000	0.03967406	-3.17392500
2.93517000	0.03967406	-3.17392500
2.97516999	0.03967406	-3.17392500
3.01516999	0.03967406	-4.76088700
3.05516999	0.03173925	-3.17392500
3.09516999	0.03173925	-4.76088700
3.13516999	0.03173925	-3.17392500
3.17516999	0.03173925	-3.17392500
3.21516999	0.03173925	-3.17392500
3.25516999	0.03173925	-3.17392500
3.29516999	0.03173925	-3.17392500
3.33516999	0.03173925	-3.17392500
3.37516999	0.03173925	-3.17392500
3.41516999	0.03173925	-3.17392500
3.45516999	0.03173925	-4.76088700
3.49516999	0.02380444	-4.76088700
3.53516999	0.02380444	-3.17392500
3.57516999	0.02380444	-3.17392500
3.61516999	0.02380444	-3.17392500
3.65516999	0.02380444	-4.76088700
3.69516999	0.02380444	-4.76088700
3.73516999	0.02380444	-6.34785000
3.77516999	0.02380444	-4.76088700
3.81516999	0.02380444	-3.17392500
3.85516999	0.02380444	-4.76088700
3.89516999	0.02380444	-4.76088700
3.93516999	0.02380444	-4.76088700
3.97516999	0.02380444	-3.17392500
4.01516999	0.01586962	-3.17392500
4.05516999	0.01586962	-3.17392500
4.09516999	0.01586962	-3.17392500
4.13516999	0.01586962	-3.17392500
4.17516999	0.01586962	-3.17392500
4.21516999	0.01586962	-3.17392500
4.25516999	0.01586962	-3.17392500
4.29516999	0.01586962	-4.76088700
4.33516999	0.01586962	-4.76088700
4.37516999	0.01586962	-4.76088700
4.41516999	0.01586962	-4.76088700
4.45516999	0.01586962	-4.76088700
4.49516999	0.01586962	-3.17392500
4.53516999	0.01586962	-3.17392500
4.57516999	0.01586962	-6.34785000
4.61516998	0.01586962	-4.76088700
4.65516998	0.01586962	-4.76088700
4.69516998	0.01586962	-4.76088700
4.73516998	0.01586962	-3.17392500
4.77516998	0.01586962	-3.17392500
4.81516998	0.00793481	-4.76088700
4.85516998	0.00793481	-4.76088700
4.89516998	0.00793481	-6.34785000
4.93516998	0.00793481	-6.34785000
4.97516998	0.00793481	-4.76088700
5.01516998	0.00793481	-4.76088700
5.05516998	0.00793481	-4.76088700
5.09516998	0.00793481	-4.76088700
5.13516998	0.00793481	-4.76088700
5.17516998	0.00793481	-6.34785000
5.21516998	0.00793481	-4.76088700
5.25516998	0.00793481	-4.76088700
5.29516998	0.00793481	-4.76088700
5.33516998	0.00793481	-4.76088700
5.37516998	0.00793481	-4.76088700
5.41516998	0.00793481	-4.76088700
5.45516998	0.00793481	-4.76088700
5.49516998	0.00793481	-4.76088700
5.53516998	0.00793481	-4.76088700
5.57516998	0.00793481	-4.76088700
5.61516998	0.00793481	-4.76088700
5.65516998	0.00793481	-3.17392500
5.69516998	0.00793481	-4.76088700
5.73516998	0.00793481	-4.76088700
5.77516998	0.00793481	-6.34785000
5.81516998	0.00000000	-4.76088700
5.85516998	0.00793481	-4.76088700
5.89516998	0.00000000	-3.17392500
5.93516998	0.00000000	-4.76088700
5.97516998	0.00000000	-6.34785000
6.01516998	0.00000000	-7.93481200
6.05516998	0.00000000	-6.34785000
6.09516998	0.00000000	-6.34785000
6.13516998	0.00000000	-4.76088700
6.17516998	0.00000000	-4.76088700
6.21516998	0.00000000	-3.17392500
6.25516997	0.00000000	-6.34785000
6.29516997	0.00000000	-6.34785000
6.33516997	0.00000000	-7.93481200
6.37516997	0.00000000	-7.93481200
6.41516997	0.00000000	-4.76088700
6.45516997	0.00000000	-4.76088700
6.49516997	0.00000000	-6.34785000
6.53516997	0.00000000	-6.34785000
6.57516997	0.00000000	-7.93481200
6.61516997	0.00000000	-7.93481200
6.65516997	0.00000000	-6.34785000
6.69516997	0.00000000	-6.34785000
6.73516997	0.00000000	-6.34785000
6.77516997	0.00000000	-6.34785000
6.81516997	0.00000000	-6.34785000
6.85516997	0.00000000	-6.34785000
6.89516997	0.00000000	-6.34785000
6.93516997	0.00000000	-6.34785000
6.97516997	0.00000000	-6.34785000
7.01516997	0.00000000	-7.93481200
7.05516997	0.00000000	-6.34785000
7.09516997	0.00000000	-4.76088700
7.13516997	0.00000000	-4.76088700
7.17516997	0.00000000	-6.34785000
7.21516997	0.00000000	-4.76088700
7.25516997	0.00000000	-4.76088700
7.29516997	0.00000000	-6.34785000
7.33516997	0.00000000	-6.34785000
7.37516997	0.00000000	-6.34785000
7.41516997	0.00000000	-6.34785000
7.45516997	0.00000000	-6.34785000
7.49516997	0.00000000	-6.34785000
7.53516997	0.00000000	-4.76088700
7.57516997	0.00000000	-6.34785000
7.61516997	0.00000000	-4.76088700
7.65516997	0.00000000	-6.34785000
7.69516997	0.00000000	-7.93481200
7.73516997	0.00000000	-6.34785000
7.77516997	0.00000000	-7.93481200
7.81516997	0.00000000	-4.76088700
7.85516997	0.00000000	-4.76088700
7.89516996	0.00000000	-4.76088700
7.93516996	0.00000000	-6.34785000
7.97516996	0.00000000	-7.93481200
8.01516996	0.00000000	-7.93481200
8.05516996	0.00000000	-4.76088700
8.09516996	0.00000000	-6.34785000
8.13516996	0.00000000	-4.76088700
8.17516996	0.00000000	-4.76088700
8.21516996	0.00000000	-6.34785000
8.25516996	0.00000000	-6.34785000
8.29516996	0.00000000	-6.34785000
8.33516996	0.00000000	-7.93481200
8.37516996	0.00000000	-9.52177400
8.41516996	0.00000000	-7.93481200
8.45516996	0.00000000	-7.93481200
8.49516996	0.00000000	-6.34785000
8.53516996	-0.00793481	-6.34785000
8.57516996	0.00000000	-6.34785000
8.61516996	-0.00793481	-7.93481200
8.65516996	-0.00793481	-7.93481200
8.69516996	0.00000000	-7.93481200
8.73516996	-0.00793481	-4.76088700
8.77516996	-0.00793481	-6.34785000
8.81516996	-0.00793481	-4.76088700
8.85516996	-0.00793481	-6.34785000
8.89516996	0.00000000	-6.34785000
8.93516996	0.00000000	-7.93481200
8.97516996	-0.00793481	-6.34785000
9.01516996	0.00000000	-4.76088700
9.05516996	0.00000000	-6.34785000
9.09516996	-0.00793481	-6.34785000
9.13516996	-0.00793481	-7.93481200
9.17516996	0.00000000	-6.34785000
9.21516996	-0.00793481	-7.93481200
9.25516996	-0.00793481	-7.93481200
9.29516996	-0.00793481	-6.34785000
9.33516996	-0.00793481	-7.93481200
9.37516996	-0.00793481	-7.93481200
9.41516996	-0.00793481	-7.93481200
9.45516996	-0.00793481	-6.34785000
9.49516996	-0.00793481	-4.76088700
9.53516995	-0.00793481	-6.34785000
9.57516995	0.00000000	-6.34785000
9.61516995	-0.00793481	-6.34785000
9.65516995	-0.00793481	-4.76088700
9.69516995	-0.00793481	-6.34785000
9.73516995	-0.00793481	-7.93481200
9.77516995	-0.00793481	-6.34785000
9.81516995	-0.00793481	-6.34785000
9.85516995	-0.00793481	-6.34785000
9.89516995	-0.00793481	-6.34785000
9.93516995	-0.00793481	-4.76088700
9.97516995	-0.00793481	-6.34785000
10.01516995	-0.00793481	-7.93481200
10.05516995	-0.00793481	-9.52177400
10.09516995	-0.00793481	-7.93481200
10.13516995	-0.00793481	-7.93481200
10.17516995	-0.00793481	-6.34785000
10.21516995	-0.00793481	-6.34785000
10.25516995	-0.00793481	-6.34785000
10.29516995	-0.00793481	-7.93481200
10.33516995	-0.00793481	-7.93481200
10.37516995	-0.00793481	-6.34785000
10.41516995	-0.00793481	-9.52177400
10.45516995	-0.00793481	-7.93481200
10.49516995	-0.00793481	-7.93481200
10.53516995	-0.00793481	-6.34785000
10.57516995	-0.00793481	-6.34785000
10.61516995	-0.00793481	-7.93481200
10.65516995	-0.00793481	-7.93481200
10.69516995	-0.00793481	-7.93481200
10.73516995	-0.00793481	-6.34785000
10.77516995	-0.00793481	-7.93481200
10.81516995	-0.00793481	-7.93481200
10.85516995	-0.00793481	-9.52177400
10.89516995	-0.00793481	-7.93481200
10.93516995	-0.00793481	-6.34785000
10.97516995	-0.00793481	-4.76088700
11.01516995	-0.00793481	-6.34785000
11.05516995	-0.00793481	-6.34785000
11.09516995	-0.00793481	-4.76088700
11.13516995	-0.00793481	-6.34785000
11.17516994	-0.00793481	-7.93481200
11.21516994	-0.00793481	-7.93481200
11.25516994	-0.00793481	-6.34785000
11.29516994	-0.00793481	-6.34785000
11.33516994	-0.00793481	-7.93481200
11.37516994	-0.00793481	-6.34785000
11.41516994	-0.00793481	-6.34785000
11.45516994	-0.00793481	-6.34785000
11.49516994	-0.00793481	-7.93481200
11.53516994	-0.00793481	-6.34785000
11.57516994	-0.00793481	-6.34785000
11.61516994	-0.00793481	-4.76088700
11.65516994	-0.00793481	-6.34785000
11.69516994	-0.00793481	-6.34785000
11.73516994	-0.00793481	-7.93481200
11.77516994	-0.00793481	-7.93481200
11.81516994	-0.00793481	-7.93481200
11.85516994	-0.00793481	-9.52177400
11.89516994	-0.00793481	-7.93481200
11.93516994	-0.00793481	-7.93481200
11.97516994	-0.00793481	-7.93481200
12.01516994	-0.00793481	-7.93481200
12.05516994	-0.00793481	-7.93481200
12.09516994	-0.00793481	-7.93481200
12.13516994	-0.00793481	-6.34785000
12.17516994	-0.00793481	-6.34785000
12.21516994	-0.00793481	-6.34785000
12.25516994	-0.00793481	-6.34785000
12.29516994	-0.00793481	-7.93481200
12.33516994	-0.00793481	-6.34785000
12.37516994	-0.00793481	-6.34785000
12.41516994	-0.00793481	-6.34785000
12.45516994	-0.00793481	-4.76088700
12.49516994	-0.00793481	-6.34785000
12.53516994	-0.00793481	-6.34785000
12.57516994	-0.00793481	-6.34785000
12.61516994	-0.00793481	-7.93481200
12.65516994	-0.00793481	-6.34785000
12.69516994	-0.00793481	-6.34785000
12.73516994	-0.00793481	-6.34785000
12.77516994	-0.00793481	-6.34785000
12.81516994	-0.00793481	-9.52177400
12.85516993	-0.00793481	-7.93481200
12.89516993	-0.00793481	-7.93481200
12.93516993	-0.00793481	-7.93481200
12.97516993	-0.00793481	-6.34785000
13.01516993	-0.00793481	-4.76088700
13.05516993	-0.00793481	-6.34785000
13.09516993	-0.00793481	-6.34785000
13.13516993	-0.00793481	-7.93481200
13.17516993	-0.00793481	-6.34785000
13.21516993	-0.00793481	-7.93481200
13.25516993	-0.00793481	-6.34785000
13.29516993	-0.00793481	-6.34785000
13.33516993	-0.00793481	-4.76088700
13.37516993	-0.00793481	-4.76088700
13.41516993	-0.00793481	-6.34785000
13.45516993	-0.00793481	-9.52177400
13.49516993	-0.00793481	-9.52177400
13.53516993	-0.00793481	-7.93481200
13.57516993	-0.00793481	-6.34785000
13.61516993	-0.00793481	-6.34785000
13.65516993	-0.00793481	-4.76088700
13.69516993	-0.00793481	-7.93481200
13.73516993	-0.00793481	-9.52177400
13.77516993	-0.00793481	-7.93481200
13.81516993	-0.00793481	-4.76088700
13.85516993	-0.00793481	-6.34785000
13.89516993	-0.00793481	-4.76088700
13.93516993	-0.00793481	-7.93481200
13.97516993	-0.00793481	-7.93481200
14.01516993	-0.00793481	-7.93481200
14.05516993	-0.00793481	-7.93481200
14.09516993	-0.00793481	-7.93481200
14.13516993	-0.00793481	-6.34785000
14.17516993	-0.00793481	-6.34785000
14.21516993	-0.00793481	-4.76088700
14.25516993	-0.00793481	-4.76088700
14.29516993	-0.00793481	-6.34785000
14.33516993	-0.00793481	-6.34785000
14.37516993	-0.00793481	-6.34785000
14.41516993	-0.00793481	-4.76088700
14.45516993	-0.00793481	-6.34785000
14.49516992	-0.00793481	-6.34785000
14.53516992	-0.00793481	-4.76088700
14.57516992	-0.00793481	-6.34785000
14.61516992	-0.00793481	-7.93481200
14.65516992	-0.00793481	-6.34785000
14.69516992	-0.00793481	-7.93481200
14.73516992	-0.00793481	-6.34785000
14.77516992	-0.00793481	-6.34785000
14.81516992	-0.00793481	-6.34785000
14.85516992	-0.00793481	-6.34785000
14.89516992	-0.00793481	-7.93481200
14.93516992	-0.00793481	-7.93481200
14.97516992	-0.00793481	-7.93481200
15.01516992	-0.00793481	-4.76088700
15.05516992	-0.00793481	-4.76088700
15.09516992	-0.00793481	-6.34785000
15.13516992	-0.00793481	-6.34785000
15.17516992	-0.00793481	-7.93481200
15.21516992	-0.00793481	-7.93481200
15.25516992	-0.00793481	-6.34785000
15.29516992	-0.00793481	-6.34785000
15.33516992	-0.00793481	-7.93481200
15.37516992	-0.00793481	-4.76088700
15.41516992	-0.00793481	-4.76088700
15.45516992	-0.00793481	-6.34785000
15.49516992	-0.00793481	-6.34785000
15.53516992	-0.00793481	-6.34785000
15.57516992	-0.00793481	-6.34785000
15.61516992	-0.00793481	-4.76088700
15.65516992	-0.00793481	-6.34785000
15.69516992	-0.00793481	-7.93481200
15.73516992	-0.00793481	-7.93481200
15.77516992	-0.00793481	-6.34785000
15.81516992	-0.00793481	-6.34785000
15.85516992	-0.00793481	-4.76088700
15.89516992	-0.00793481	-4.76088700
15.93516992	-0.00793481	-6.34785000
15.97516992	-0.00793481	-6.34785000
16.01516992	-0.00793481	-7.93481200
16.05516992	-0.00793481	-6.34785000
16.09516992	-0.00793481	-6.34785000
16.13516991	-0.00793481	-4.76088700
16.17516991	-0.00793481	-4.76088700
16.21516991	-0.00793481	-4.76088700
16.25516991	-0.00793481	-6.34785000
16.29516991	-0.00793481	-4.76088700
16.33516991	-0.00793481	-6.34785000
16.37516991	-0.00793481	-4.76088700
16.41516991	-0.00793481	-4.76088700
16.45516991	-0.00793481	-4.76088700
16.49516991	-0.00793481	-3.17392500
16.53516991	-0.00793481	-6.34785000
16.57516991	-0.00793481	-7.93481200
16.61516991	-0.00793481	-6.34785000
16.65516991	-0.00793481	-4.76088700
16.69516991	-0.00793481	-4.76088700
16.73516991	-0.00793481	-4.76088700
16.77516991	-0.00793481	-4.76088700
16.81516991	-0.00793481	-3.17392500
16.85516991	-0.00793481	-4.76088700
16.89516991	-0.00793481	-6.34785000
16.93516991	-0.00793481	-6.34785000
16.97516991	-0.00793481	-6.34785000
17.01516991	-0.00793481	-4.76088700
17.05516991	-0.00793481	-4.76088700
17.09516991	-0.00793481	-3.17392500
17.13516991	-0.00793481	-3.17392500
17.17516991	-0.00793481	-4.76088700
17.21516991	-0.00793481	-3.17392500
17.25516991	-0.00793481	-4.76088700
17.29516991	-0.00793481	-4.76088700
17.33516991	-0.00793481	-4.76088700
17.37516991	-0.00793481	-4.76088700
17.41516991	-0.00793481	-6.34785000
17.45516991	-0.00793481	-4.76088700
17.49516991	-0.00793481	-4.76088700
17.53516991	-0.00793481	-4.76088700
17.57516991	-0.00793481	-4.76088700
17.61516991	-0.00793481	-4.76088700
17.65516991	-0.00793481	-4.76088700
17.69516991	-0.00793481	-4.76088700
17.73516991	-0.00793481	-6.34785000
17.77516990	-0.00793481	-6.34785000
17.81516990	-0.00793481	-4.76088700
17.85516990	-0.00793481	-4.76088700
17.89516990	-0.00793481	-4.76088700
17.93516990	-0.00793481	-4.76088700
17.97516990	-0.00793481	-4.76088700
18.01516990	-0.00793481	-6.34785000
18.05516990	-0.00793481	-4.76088700
18.09516990	-0.00793481	-4.76088700
18.13516990	-0.00793481	-3.17392500
18.17516990	-0.00793481	-3.17392500
18.21516990	-0.00793481	-6.34785000
18.25516990	-0.00793481	-4.76088700
18.29516990	-0.00793481	-4.76088700
18.33516990	-0.00793481	-4.76088700
18.37516990	-0.00793481	-4.76088700
18.41516990	-0.00793481	-4.76088700
18.45516990	-0.00793481	-3.17392500
18.49516990	-0.00793481	-4.76088700
18.53516990	-0.00793481	-3.17392500
18.57516990	-0.00793481	-6.34785000
18.61516990	-0.00793481	-7.93481200
18.65516990	-0.00793481	-4.76088700
18.69516990	-0.00793481	-3.17392500
18.73516990	-0.00793481	-4.76088700
18.77516990	-0.00793481	-4.76088700
18.81516990	-0.00793481	-4.76088700
18.85516990	-0.00793481	-4.76088700
18.89516990	-0.00793481	-6.34785000
18.93516990	-0.00793481	-4.76088700
18.97516990	-0.00793481	-4.76088700
19.01516990	-0.00793481	-6.34785000
19.05516990	-0.00793481	-6.34785000
19.09516990	-0.00793481	-4.76088700
19.13516990	-0.00793481	-6.34785000
19.17516990	-0.00793481	-4.76088700
19.21516990	-0.00793481	-4.76088700
19.25516990	-0.00793481	-4.76088700
19.29516990	-0.00793481	-4.76088700
19.33516990	-0.00793481	-4.76088700
19.37516990	-0.00793481	-4.76088700
19.41516989	-0.00793481	-6.34785000
19.45516989	-0.00793481	-4.76088700
19.49516989	-0.00793481	-3.17392500
19.53516989	-0.00793481	-3.17392500
19.57516989	-0.00793481	-4.76088700
19.61516989	-0.00793481	-3.17392500
19.65516989	-0.00793481	-6.34785000
19.69516989	-0.00793481	-4.76088700
19.73516989	-0.00793481	-3.17392500
19.77516989	-0.00793481	-3.17392500
19.81516989	-0.00793481	-3.17392500
19.85516989	-0.00793481	-3.17392500
19.89516989	-0.00793481	-1.58696200
19.93516989	-0.00793481	-3.17392500
19.97516989	-0.00793481	-3.17392500
20.01516989	-0.00793481	-3.17392500
20.05516989	-0.00793481	-4.76088700
20.09516989	-0.00793481	-3.17392500
20.13516989	-0.00793481	-3.17392500
20.17516989	-0.00793481	-1.58696200
20.21516989	-0.00793481	-3.17392500
20.25516989	-0.00793481	-3.17392500
20.29516989	-0.00793481	-4.76088700
20.33516989	-0.00793481	-6.34785000
20.37516989	-0.00793481	-4.76088700
20.41516989	-0.00793481	-4.76088700
20.45516989	-0.00793481	-4.76088700
20.49516989	-0.00793481	-3.17392500
20.53516989	-0.00793481	-3.17392500
20.57516989	-0.00793481	-4.76088700
20.61516989	-0.00793481	-4.76088700
20.65516989	-0.00793481	-3.17392500
20.69516989	-0.00793481	-4.76088700
20.73516989	-0.00793481	-4.76088700
20.77516989	-0.00793481	-3.17392500
20.81516989	-0.00793481	-3.17392500
20.85516989	-0.00793481	-4.76088700
20.89516989	-0.00793481	-4.76088700
20.93516989	-0.00793481	-4.76088700
20.97516989	-0.00793481	-3.17392500
21.01516989	-0.00793481	-1.58696200
21.05516988	-0.00793481	-3.17392500
21.09516988	-0.00793481	-1.58696200
21.13516988	-0.00793481	-3.17392500
21.17516988	-0.00793481	-3.17392500
21.21516988	-0.00793481	-3.17392500
21.25516988	-0.00793481	0.00000000
21.29516988	-0.00793481	0.00000000
21.33516988	-0.00793481	1.58696200
21.37516988	-0.00793481	4.76088700
21.41516988	-0.00793481	7.93481200
21.45516988	-0.00793481	12.69570000
21.49516988	-0.00793481	14.28266000
21.53516988	-0.00793481	19.04355000
21.57516988	-0.00793481	26.97836000
21.61516988	-0.00793481	28.57143000
21.65516988	-0.00793481	33.33232000
21.69516988	-0.00793481	34.91928000
21.73516988	-0.00793481	34.91928000
21.77516988	-0.00793481	31.74535000
21.81516988	-0.00793481	30.15839000
21.85516988	-0.00793481	30.15839000
21.89516988	-0.00793481	28.57143000
21.93516988	-0.00793481	25.39140000
21.97516988	-0.00793481	23.80444000
22.01516988	-0.00793481	22.21748000
22.05516988	-0.00793481	20.63051000
22.09516988	-0.00793481	17.45659000
22.13516988	-0.00793481	17.45659000
22.17516988	-0.00793481	14.28266000
22.21516988	-0.00793481	12.69570000
22.25516988	-0.00793481	12.69570000
22.29516988	-0.00793481	11.10874000
22.33516988	-0.00793481	9.52177400
22.37516988	-0.00793481	7.93481200
22.41516988	-0.00793481	7.93481200
22.45516988	-0.00793481	6.34785000
22.49516988	-0.00793481	6.34785000
22.53516988	-0.00793481	6.34785000
22.57516988	-0.00793481	3.17392500
22.61516988	-0.00793481	3.17392500
22.65516988	-0.00793481	3.17392500
22.69516987	-0.00793481	3.17392500
22.73516987	-0.00793481	1.58696200
22.77516987	-0.00793481	3.17392500
22.81516987	-0.00793481	1.58696200
22.85516987	-0.00793481	1.58696200
22.89516987	-0.00793481	1.58696200
22.93516987	-0.00793481	1.58696200
22.97516987	-0.00793481	1.58696200
23.01516987	-0.00793481	1.58696200
23.05516987	-0.00793481	0.00000000
23.09516987	-0.00793481	-1.58696200
23.13516987	-0.00793481	-1.58696200
23.17516987	-0.00793481	-3.17392500
23.21516987	-0.00793481	0.00000000
23.25516987	0.00000000	1.58696200
23.29516987	-0.00793481	1.58696200
23.33516987	0.00000000	1.58696200
23.37516987	-0.00793481	1.58696200
23.41516987	-0.00793481	0.00000000
23.45516987	-0.00793481	0.00000000
23.49516987	-0.00793481	-1.58696200
23.53516987	0.00000000	0.00000000
23.57516987	-0.00793481	1.58696200
23.61516987	0.00000000	0.00000000
23.65516987	0.00000000	-1.58696200
23.69516987	-0.00793481	-1.58696200
23.73516987	0.00000000	-1.58696200
23.77516987	0.00000000	-1.58696200
23.81516987	0.00000000	-1.58696200
23.85516987	0.00000000	0.00000000
23.89516987	0.00000000	-1.58696200
23.93516987	-0.00793481	-1.58696200
23.97516987	-0.00793481	-1.58696200
24.01516987	0.00000000	0.00000000
24.05516987	-0.00793481	0.00000000
24.09516987	0.00000000	-1.58696200
24.13516987	0.00000000	0.00000000
24.17516987	-0.00793481	0.00000000
24.21516987	0.00000000	-1.58696200
24.25516987	-0.00793481	0.00000000
24.29516987	-0.00793481	-1.58696200
24.33516986	-0.00793481	-1.58696200
24.37516986	0.00000000	0.00000000
24.41516986	-0.00793481	0.00000000
24.45516986	-0.00793481	0.00000000
24.49516986	0.00000000	0.00000000
24.53516986	0.00000000	-1.58696200
24.57516986	-0.00793481	-1.58696200
24.61516986	-0.00793481	-3.17392500
24.65516986	-0.00793481	-1.58696200
24.69516986	-0.00793481	0.00000000
24.73516986	0.00000000	-1.58696200
24.77516986	0.00000000	-1.58696200
24.81516986	-0.00793481	-1.58696200
24.85516986	-0.00793481	-3.17392500
24.89516986	0.00000000	-3.17392500
24.93516986	-0.00793481	-1.58696200
24.97516986	-0.00793481	0.00000000
25.01516986	-0.00793481	1.58696200
25.05516986	-0.00793481	1.58696200
25.09516986	-0.00793481	0.00000000
25.13516986	-0.00793481	0.00000000
25.17516986	-0.00793481	-1.58696200
25.21516986	-0.00793481	0.00000000
25.25516986	0.00000000	0.00000000
25.29516986	0.00000000	-1.58696200
25.33516986	-0.00793481	0.00000000
25.37516986	0.00000000	-3.17392500
25.41516986	-0.00793481	-1.58696200
25.45516986	-0.00793481	-1.58696200
25.49516986	-0.00793481	-1.58696200
25.53516986	0.00000000	-1.58696200
25.57516986	-0.00793481	-1.58696200
25.61516986	-0.00793481	-1.58696200
25.65516986	0.00000000	-1.58696200
25.69516986	-0.00793481	-1.58696200
25.73516986	0.00000000	-1.58696200
25.77516986	-0.00793481	-1.58696200
25.81516986	-0.00793481	-1.58696200
25.85516986	0.00000000	-3.17392500
25.89516986	-0.00793481	-1.58696200
25.93516986	-0.00793481	-1.58696200
25.97516986	-0.00793481	-3.17392500
26.01516985	-0.00793481	-1.58696200
26.05516985	-0.00793481	-1.58696200
26.09516985	-0.00793481	-1.58696200
26.13516985	-0.00793481	-1.58696200
26.17516985	-0.00793481	0.00000000
26.21516985	-0.00793481	-3.17392500
26.25516985	0.00000000	-1.58696200
26.29516985	0.00000000	-3.17392500
26.33516985	-0.00793481	-4.76088700
26.37516985	0.00000000	-4.76088700
26.41516985	-0.00793481	-1.58696200
26.45516985	-0.00793481	-3.17392500
26.49516985	-0.00793481	-1.58696200
26.53516985	0.00000000	-3.17392500
26.57516985	-0.00793481	-4.76088700
26.61516985	0.00000000	-3.17392500
26.65516985	-0.00793481	-3.17392500
26.69516985	-0.00793481	-3.17392500
26.73516985	-0.00793481	-3.17392500
26.77516985	0.00000000	-3.17392500
26.81516985	-0.00793481	-3.17392500
26.85516985	0.00000000	-3.17392500
26.89516985	-0.00793481	-1.58696200
26.93516985	-0.00793481	-1.58696200
26.97516985	-0.00793481	-4.76088700
27.01516985	-0.00793481	-3.17392500
27.05516985	0.00000000	-1.58696200
27.09516985	-0.00793481	-1.58696200
27.13516985	-0.00793481	-3.17392500
27.17516985	0.00000000	-3.17392500
27.21516985	0.00000000	-3.17392500
27.25516985	-0.00793481	-3.17392500
27.29516985	0.00000000	-1.58696200
27.33516985	0.00000000	-1.58696200
27.37516985	-0.00793481	-1.58696200
27.41516985	-0.00793481	-1.58696200
27.45516985	-0.00793481	-1.58696200
27.49516985	-0.00793481	-1.58696200
27.53516985	-0.00793481	-1.58696200
27.57516985	-0.00793481	-1.58696200
27.61516985	-0.00793481	-3.17392500
27.65516984	-0.00793481	-1.58696200
27.69516984	-0.00793481	-4.76088700
27.73516984	-0.00793481	-4.76088700
27.77516984	-0.00793481	-6.34785000
27.81516984	-0.00793481	-4.76088700
27.85516984	-0.00793481	-3.17392500
27.89516984	0.00000000	-3.17392500
27.93516984	-0.00793481	-1.58696200
27.97516984	-0.00793481	-3.17392500
28.01516984	0.00000000	-3.17392500
28.05516984	0.00000000	-3.17392500
28.09516984	-0.00793481	-3.17392500
28.13516984	-0.00793481	0.00000000
28.17516984	-0.00793481	-1.58696200
28.21516984	-0.00793481	-3.17392500
28.25516984	-0.00793481	-3.17392500
28.29516984	-0.00793481	-1.58696200
28.33516984	-0.00793481	-3.17392500
28.37516984	-0.00793481	-3.17392500
28.41516984	0.00000000	-3.17392500
28.45516984	-0.00793481	-1.58696200
28.49516984	-0.00793481	-1.58696200
28.53516984	-0.00793481	-1.58696200
28.57516984	-0.00793481	-3.17392500
28.61516984	-0.00793481	-3.17392500
28.65516984	-0.00793481	-3.17392500
28.69516984	-0.00793481	-3.17392500
28.73516984	0.00000000	-3.17392500
28.77516984	0.00000000	-3.17392500
28.81516984	-0.00793481	-3.17392500
28.85516984	-0.00793481	-3.17392500
28.89516984	-0.00793481	-3.17392500
28.93516984	0.00000000	-3.17392500
28.97516984	-0.00793481	-3.17392500
29.01516984	-0.00793481	-3.17392500
29.05516984	-0.00793481	-3.17392500
29.09516984	-0.00793481	-3.17392500
29.13516984	-0.00793481	-3.17392500
29.17516984	-0.00793481	-3.17392500
29.21516984	-0.00793481	-3.17392500
29.25516984	-0.00793481	-4.76088700
29.29516983	-0.00793481	-3.17392500
29.33516983	-0.00793481	-3.17392500
29.37516983	-0.00793481	-4.76088700
29.41516983	-0.00793481	-4.76088700
29.45516983	-0.00793481	-4.76088700
29.49516983	-0.00793481	-4.76088700
29.53516983	0.00000000	-4.76088700
29.57516983	-0.00793481	-4.76088700
29.61516983	-0.00793481	-3.17392500
29.65516983	-0.00793481	-3.17392500
29.69516983	-0.00793481	-3.17392500
29.73516983	-0.00793481	-4.76088700
29.77516983	-0.00793481	-4.76088700
29.81516983	-0.00793481	-3.17392500
29.85516983	-0.00793481	-3.17392500
29.89516983	-0.00793481	-1.58696200
29.93516983	-0.00793481	-3.17392500
29.97516983	-0.00793481	-3.17392500
30.01516983	-0.00793481	-3.17392500
30.05516983	-0.00793481	-4.76088700
30.09516983	-0.00793481	-1.58696200
30.13516983	-0.00793481	-3.17392500
30.17516983	-0.00793481	-3.17392500
30.21516983	-0.00793481	-3.17392500
30.25516983	-0.00793481	-3.17392500
30.29516983	-0.00793481	-4.76088700
30.33516983	-0.00793481	-4.76088700
30.37516983	-0.00793481	-3.17392500
30.41516983	-0.00793481	-3.17392500
30.45516983	-0.00793481	-1.58696200
30.49516983	-0.00793481	-1.58696200
30.53516983	-0.00793481	-3.17392500
30.57516983	-0.00793481	-3.17392500
30.61516983	-0.00793481	-3.17392500
30.65516983	-0.00793481	-3.17392500
30.69516983	-0.00793481	-3.17392500
30.73516983	-0.00793481	-1.58696200
30.77516983	-0.00793481	-3.17392500
30.81516983	-0.00793481	-1.58696200
30.85516983	-0.00793481	-3.17392500
30.89516983	-0.00793481	-4.76088700
30.93516982	-0.00793481	-3.17392500
30.97516982	-0.00793481	-3.17392500
31.01516982	-0.00793481	-3.17392500
31.05516982	-0.00793481	-4.76088700
31.09516982	-0.00793481	-4.76088700
31.13516982	-0.00793481	-3.17392500
31.17516982	-0.00793481	-3.17392500
31.21516982	-0.00793481	-4.76088700
31.25516982	-0.00793481	-4.76088700
31.29516982	-0.00793481	-3.17392500
31.33516982	-0.00793481	-3.17392500
31.37516982	-0.00793481	-4.76088700
31.41516982	-0.00793481	-4.76088700
31.45516982	-0.00793481	-4.76088700
31.49516982	-0.00793481	-4.76088700
31.53516982	-0.00793481	-3.17392500
31.57516982	-0.00793481	-1.58696200
31.61516982	-0.00793481	-1.58696200
31.65516982	-0.00793481	-3.17392500
31.69516982	-0.00793481	-3.17392500
31.73516982	-0.00793481	-4.76088700
31.77516982	-0.00793481	-3.17392500
31.81516982	-0.00793481	-3.17392500
31.85516982	-0.00793481	-3.17392500
31.89516982	-0.00793481	-3.17392500
31.93516982	-0.00793481	-4.76088700
31.97516982	-0.00793481	-3.17392500
32.01516982	-0.00793481	-3.17392500
32.05516982	-0.00793481	-4.76088700
32.09516982	-0.00793481	-4.76088700
32.13516982	-0.00793481	-4.76088700
32.17516982	-0.00793481	-3.17392500
32.21516982	-0.00793481	-4.76088700
32.25516982	-0.00793481	-4.76088700
32.29516982	-0.00793481	-3.17392500
32.33516982	-0.00793481	-3.17392500
32.37516982	-0.00793481	-3.17392500
32.41516982	-0.00793481	-3.17392500
32.45516982	-0.00793481	-3.17392500
32.49516982	-0.00793481	-4.76088700
32.53516982	-0.00793481	-3.17392500
32.57516981	-0.00793481	-3.17392500
32.61516981	-0.00793481	-3.17392500
32.65516981	-0.00793481	-3.17392500
32.69516981	-0.00793481	-4.76088700
32.73516981	-0.00793481	-4.76088700
32.77516981	-0.00793481	-4.76088700
32.81516981	-0.00793481	-4.76088700
32.85516981	-0.00793481	-4.76088700
32.89516981	-0.00793481	-3.17392500
32.93516981	-0.00793481	-3.17392500
32.97516981	-0.00793481	-1.58696200
33.01516981	-0.00793481	-1.58696200
33.05516981	-0.00793481	-3.17392500
33.09516981	-0.00793481	-4.76088700
33.13516981	-0.00793481	-4.76088700
33.17516981	-0.00793481	-3.17392500
33.21516981	-0.00793481	-3.17392500
33.25516981	-0.00793481	-3.17392500
33.29516981	-0.00793481	-1.58696200
33.33516981	-0.00793481	-1.58696200
33.37516981	-0.00793481	-3.17392500
33.41516981	-0.00793481	-3.17392500
33.45516981	-0.00793481	-4.76088700
33.49516981	-0.00793481	-4.76088700
33.53516981	-0.00793481	-3.17392500
33.57516981	-0.00793481	-3.17392500
33.61516981	-0.00793481	-1.58696200
33.65516981	-0.00793481	-3.17392500
33.69516981	-0.00793481	-6.34785000
33.73516981	-0.00793481	-4.76088700
33.77516981	-0.00793481	-4.76088700
33.81516981	-0.00793481	-3.17392500
33.85516981	-0.00793481	-3.17392500
33.89516981	-0.00793481	-3.17392500
33.93516981	-0.00793481	-4.76088700
33.97516981	-0.00793481	-3.17392500
34.01516981	-0.00793481	-3.17392500
34.05516981	-0.00793481	-3.17392500
34.09516981	-0.00793481	-4.76088700
34.13516981	-0.00793481	-4.76088700
34.17516981	-0.00793481	-3.17392500
34.21516980	-0.00793481	-3.17392500
34.25516980	-0.00793481	-3.17392500
34.29516980	-0.00793481	-3.17392500
34.33516980	-0.00793481	-4.76088700
34.37516980	-0.00793481	-4.76088700
34.41516980	-0.00793481	-3.17392500
34.45516980	-0.00793481	-4.76088700
34.49516980	-0.00793481	-4.76088700
34.53516980	-0.00793481	-3.17392500
34.57516980	-0.00793481	-6.34785000
34.61516980	-0.00793481	-6.34785000
34.65516980	-0.00793481	-3.17392500
34.69516980	-0.00793481	-4.76088700
34.73516980	-0.00793481	-3.17392500
34.77516980	-0.00793481	-4.76088700
34.81516980	-0.00793481	-3.17392500
34.85516980	-0.00793481	-4.76088700
34.89516980	-0.00793481	-4.76088700
34.93516980	-0.00793481	-4.76088700
34.97516980	-0.00793481	-3.17392500
35.01516980	-0.00793481	-3.17392500
35.05516980	-0.00793481	-3.17392500
35.09516980	-0.00793481	-4.76088700
35.13516980	-0.00793481	-6.34785000
35.17516980	-0.00793481	-4.76088700
35.21516980	-0.00793481	-4.76088700
35.25516980	-0.00793481	-4.76088700
35.29516980	-0.00793481	-4.76088700
35.33516980	-0.00793481	-4.76088700
35.37516980	-0.00793481	-4.76088700
35.41516980	-0.00793481	-3.17392500
35.45516980	-0.00793481	-4.76088700
35.49516980	-0.00793481	-6.34785000
35.53516980	-0.00793481	-4.76088700
35.57516980	-0.00793481	-3.17392500
35.61516980	-0.00793481	-3.17392500
35.65516980	-0.00793481	-3.17392500
35.69516980	-0.00793481	-4.76088700
35.73516980	-0.00793481	-6.34785000
35.77516980	-0.00793481	-6.34785000
35.81516980	-0.00793481	-6.34785000
35.85516979	-0.00793481	-4.76088700
35.89516979	-0.00793481	-4.76088700
35.93516979	-0.00793481	-6.34785000
35.97516979	-0.00793481	-7.93481200
36.01516979	-0.00793481	-6.34785000
36.05516979	-0.00793481	-6.34785000
36.09516979	-0.00793481	-3.17392500
36.13516979	-0.00793481	-3.17392500
36.17516979	-0.00793481	-3.17392500
36.21516979	-0.00793481	-3.17392500
36.25516979	-0.00793481	-3.17392500
36.29516979	-0.00793481	-4.76088700
36.33516979	-0.00793481	-4.76088700
36.37516979	-0.00793481	-4.76088700
36.41516979	-0.00793481	-4.76088700
36.45516979	-0.00793481	-1.58696200
36.49516979	-0.00793481	-1.58696200
36.53516979	-0.00793481	-3.17392500
36.57516979	-0.00793481	-4.76088700
36.61516979	-0.00793481	-4.76088700
36.65516979	-0.00793481	-4.76088700
36.69516979	-0.00793481	-4.76088700
36.73516979	-0.00793481	-3.17392500
36.77516979	-0.00793481	-3.17392500
36.81516979	-0.00793481	-4.76088700
36.85516979	-0.00793481	-3.17392500
36.89516979	-0.00793481	-1.58696200
36.93516979	-0.00793481	-4.76088700
36.97516979	-0.00793481	-3.17392500
37.01516979	-0.00793481	-3.17392500
37.05516979	-0.00793481	-3.17392500
37.09516979	-0.00793481	-3.17392500
37.13516979	-0.00793481	-4.76088700
37.17516979	-0.00793481	-4.76088700
37.21516979	-0.00793481	-4.76088700
37.25516979	-0.00793481	-3.17392500
37.29516979	-0.00793481	-3.17392500
37.33516979	-0.00793481	-3.17392500
37.37516979	-0.00793481	-4.76088700
37.41516979	-0.00793481	-4.76088700
37.45516979	-0.00793481	-4.76088700
37.49516979	-0.00793481	-3.17392500
37.53516978	-0.00793481	-3.17392500
37.57516978	-0.00793481	-3.17392500
37.61516978	-0.00793481	-3.17392500
37.65516978	-0.00793481	-4.76088700
37.69516978	-0.00793481	-4.76088700
37.73516978	-0.00793481	-4.76088700
37.77516978	-0.00793481	-4.76088700
37.81516978	-0.00793481	-4.76088700
37.85516978	-0.00793481	-3.17392500
37.89516978	-0.00793481	-3.17392500
37.93516978	-0.00793481	-3.17392500
37.97516978	-0.00793481	-4.76088700
38.01516978	-0.00793481	-4.76088700
38.05516978	-0.00793481	-3.17392500
38.09516978	-0.00793481	-1.58696200
38.13516978	-0.00793481	-1.58696200
38.17516978	-0.00793481	-3.17392500
38.21516978	-0.00793481	-4.76088700
38.25516978	-0.00793481	-4.76088700
38.29516978	-0.00793481	-4.76088700
38.33516978	-0.00793481	-4.76088700
38.37516978	-0.00793481	-4.76088700
38.41516978	-0.00793481	-4.76088700
38.45516978	-0.00793481	-4.76088700
38.49516978	-0.00793481	-4.76088700
38.53516978	-0.00793481	-4.76088700
38.57516978	-0.00793481	-6.34785000
38.61516978	-0.00793481	-4.76088700
38.65516978	-0.00793481	-4.76088700
38.69516978	-0.00793481	-3.17392500
38.73516978	-0.00793481	-3.17392500
38.77516978	-0.00793481	-4.76088700
38.81516978	-0.00793481	-6.34785000
38.85516978	-0.00793481	-6.34785000
38.89516978	-0.00793481	-6.34785000
38.93516978	-0.00793481	-4.76088700
38.97516978	-0.00793481	-6.34785000
39.01516978	-0.00793481	-4.76088700
39.05516978	-0.00793481	-4.76088700
39.09516978	-0.00793481	-4.76088700
39.13516978	-0.00793481	-4.76088700
39.17516977	-0.00793481	-3.17392500
39.21516977	-0.00793481	-4.76088700
39.25516977	-0.00793481	-4.76088700
39.29516977	-0.00793481	-3.17392500
39.33516977	-0.00793481	-3.17392500
39.37516977	-0.00793481	-4.76088700
39.41516977	-0.00793481	-6.34785000
39.45516977	-0.00793481	-4.76088700
39.49516977	-0.00793481	-4.76088700
39.53516977	-0.00793481	-3.17392500
39.57516977	-0.00793481	-3.17392500
39.61516977	-0.00793481	-4.76088700
39.65516977	-0.00793481	-4.76088700
39.69516977	-0.00793481	-3.17392500
39.73516977	-0.00793481	-3.17392500
39.77516977	-0.00793481	-4.76088700
39.81516977	-0.00793481	-4.76088700
39.85516977	-0.00793481	-4.76088700
39.89516977	-0.00793481	-4.76088700
39.93516977	-0.00793481	-4.76088700
39.97516977	-0.00793481	-4.76088700
40.01516977	-0.00793481	-4.76088700
40.05516977	0.00000000	-4.76088700
40.09516977	-0.00793481	-3.17392500
40.13516977	-0.00793481	-3.17392500
40.17516977	-0.00793481	-1.58696200
40.21516977	-0.00793481	-3.17392500
40.25516977	-0.00793481	-3.17392500
40.29516977	-0.00793481	-6.34785000
40.33516977	-0.00793481	-3.17392500
40.37516977	-0.00793481	-4.76088700
40.41516977	-0.00793481	-4.76088700
40.45516977	-0.00793481	-6.34785000
40.49516977	-0.00793481	-3.17392500
40.53516977	-0.00793481	-3.17392500
40.57516977	-0.00793481	-3.17392500
40.61516977	-0.00793481	-3.17392500
40.65516977	-0.00793481	-3.17392500
40.69516977	-0.00793481	-4.76088700
40.73516977	0.00000000	-3.17392500
40.77516977	-0.00793481	-3.17392500
40.81516976	-0.00793481	-1.58696200
40.85516976	-0.00793481	-3.17392500
40.89516976	-0.00793481	-1.58696200
40.93516976	-0.00793481	-3.17392500
40.97516976	-0.00793481	-1.58696200
41.01516976	-0.00793481	-1.58696200
41.05516976	-0.00793481	-1.58696200
41.09516976	-0.00793481	-3.17392500
41.13516976	-0.00793481	-3.17392500
41.17516976	-0.00793481	-4.76088700
41.21516976	-0.00793481	-4.76088700
41.25516976	-0.00793481	-3.17392500
41.29516976	-0.00793481	-3.17392500
41.33516976	-0.00793481	-1.58696200
41.37516976	-0.00793481	-4.76088700
41.41516976	-0.00793481	-4.76088700
41.45516976	-0.00793481	-4.76088700
41.49516976	-0.00793481	-4.76088700
41.53516976	-0.00793481	-3.17392500
41.57516976	-0.00793481	-3.17392500
41.61516976	-0.00793481	-4.76088700
41.65516976	-0.00793481	-6.34785000
41.69516976	-0.00793481	-6.34785000
41.73516976	-0.00793481	-6.34785000
41.77516976	-0.00793481	-4.76088700
41.81516976	-0.00793481	-4.76088700
41.85516976	-0.00793481	-4.76088700
41.89516976	-0.00793481	-4.76088700
41.93516976	-0.00793481	-4.76088700
41.97516976	-0.00793481	-4.76088700
42.01516976	-0.00793481	-6.34785000
42.05516976	-0.00793481	-6.34785000
42.09516976	-0.00793481	-4.76088700
42.13516976	-0.00793481	-4.76088700
42.17516976	-0.00793481	-3.17392500
42.21516976	-0.00793481	-4.76088700
42.25516976	-0.00793481	-6.34785000
42.29516976	-0.00793481	-4.76088700
42.33516976	-0.00793481	-4.76088700
42.37516976	-0.00793481	-4.76088700
42.41516976	-0.00793481	-4.76088700
42.45516975	-0.00793481	-3.17392500
42.49516975	-0.00793481	-6.34785000
42.53516975	-0.00793481	-6.34785000
42.57516975	-0.00793481	-4.76088700
42.61516975	-0.00793481	-3.17392500
42.65516975	-0.00793481	-4.76088700
42.69516975	-0.00793481	-4.76088700
42.73516975	-0.00793481	-3.17392500
42.77516975	-0.00793481	-3.17392500
42.81516975	-0.00793481	-3.17392500
42.85516975	-0.00793481	-1.58696200
42.89516975	-0.00793481	-4.76088700
42.93516975	-0.00793481	-3.17392500
42.97516975	-0.00793481	-1.58696200
43.01516975	-0.00793481	-1.58696200
43.05516975	-0.00793481	-1.58696200
43.09516975	-0.00793481	-4.76088700
43.13516975	-0.00793481	-4.76088700
43.17516975	-0.00793481	-4.76088700
43.21516975	-0.00793481	-3.17392500
43.25516975	-0.00793481	-3.17392500
43.29516975	-0.00793481	-1.58696200
43.33516975	-0.00793481	-4.76088700
43.37516975	-0.00793481	-4.76088700
43.41516975	-0.00793481	-6.34785000
43.45516975	-0.00793481	-4.76088700
43.49516975	-0.00793481	-4.76088700
43.53516975	-0.00793481	-4.76088700
43.57516975	-0.00793481	-1.58696200
43.61516975	-0.00793481	-1.58696200
43.65516975	-0.00793481	-1.58696200
43.69516975	-0.00793481	-3.17392500
43.73516975	-0.00793481	-4.76088700
43.77516975	-0.00793481	-3.17392500
43.81516975	-0.00793481	-1.58696200
43.85516975	-0.00793481	-3.17392500
43.89516975	-0.00793481	-3.17392500
43.93516975	-0.00793481	-3.17392500
43.97516975	-0.00793481	-4.76088700
44.01516975	-0.00793481	-6.34785000
44.05516975	-0.00793481	-4.76088700
44.09516974	-0.00793481	-3.17392500
44.13516974	-0.00793481	-3.17392500
44.17516974	-0.00793481	-3.17392500
44.21516974	-0.00793481	-3.17392500
44.25516974	-0.00793481	-4.76088700
44.29516974	0.00000000	-6.34785000
44.33516974	-0.00793481	-4.76088700
44.37516974	-0.00793481	-4.76088700
44.41516974	-0.00793481	-3.17392500
44.45516974	-0.00793481	-3.17392500
44.49516974	-0.00793481	-3.17392500
44.53516974	-0.00793481	-4.76088700
44.57516974	-0.00793481	-4.76088700
44.61516974	-0.00793481	-3.17392500
44.65516974	-0.00793481	-3.17392500
44.69516974	-0.00793481	-3.17392500
44.73516974	-0.00793481	-3.17392500
44.77516974	-0.00793481	-4.76088700
44.81516974	-0.00793481	-3.17392500
44.85516974	-0.00793481	-3.17392500
44.89516974	-0.00793481	-3.17392500
44.93516974	-0.00793481	-1.58696200
44.97516974	-0.00793481	-3.17392500
45.01516974	-0.00793481	-3.17392500
45.05516974	-0.00793481	-3.17392500
45.09516974	-0.00793481	-4.76088700
45.13516974	-0.00793481	-4.76088700
