Time	Channel A	Channel B
(us)	(V)	(mV)

-2.01403805	-0.00793481	-3.17392500
-1.99403805	-0.00793481	-6.34785000
-1.97403805	-0.00793481	-4.76088700
-1.95403805	-0.00793481	-6.34785000
-1.93403805	-0.00793481	-4.76088700
-1.91403805	-0.00793481	-4.76088700
-1.89403805	-0.00793481	-6.34785000
-1.87403805	-0.00793481	-4.76088700
-1.85403805	-0.00793481	-6.34785000
-1.83403805	-0.00793481	-4.76088700
-1.81403805	-0.00793481	-4.76088700
-1.79403805	-0.00793481	-4.76088700
-1.77403805	-0.00793481	-4.76088700
-1.75403805	-0.00793481	-4.76088700
-1.73403805	-0.00793481	-6.34785000
-1.71403805	-0.00793481	-6.34785000
-1.69403805	-0.00793481	-6.34785000
-1.67403805	-0.00793481	-4.76088700
-1.65403805	-0.00793481	-7.93481200
-1.63403805	-0.00793481	-3.17392500
-1.61403805	-0.00793481	-6.34785000
-1.59403805	-0.00793481	-6.34785000
-1.57403805	-0.00793481	-6.34785000
-1.55403805	-0.00793481	-6.34785000
-1.53403805	-0.00793481	-4.76088700
-1.51403805	-0.00793481	-6.34785000
-1.49403805	-0.00793481	-4.76088700
-1.47403805	-0.00793481	-4.76088700
-1.45403805	-0.00793481	-4.76088700
-1.43403805	-0.00793481	-4.76088700
-1.41403805	-0.00793481	-4.76088700
-1.39403805	-0.00793481	-6.34785000
-1.37403805	-0.00793481	-6.34785000
-1.35403805	-0.00793481	-6.34785000
-1.33403805	-0.00793481	-6.34785000
-1.31403805	-0.00793481	-6.34785000
-1.29403805	-0.00793481	-6.34785000
-1.27403805	-0.00793481	-6.34785000
-1.25403805	-0.00793481	-4.76088700
-1.23403805	-0.00793481	-3.17392500
-1.21403805	-0.00793481	-4.76088700
-1.19403805	-0.00793481	-3.17392500
-1.17403805	-0.00793481	-3.17392500
-1.15403805	-0.00793481	-3.17392500
-1.13403805	-0.00793481	-4.76088700
-1.11403805	-0.00793481	-3.17392500
-1.09403805	-0.00793481	-3.17392500
-1.07403805	-0.00793481	-3.17392500
-1.05403805	-0.00793481	-4.76088700
-1.03403805	-0.00793481	-4.76088700
-1.01403805	-0.00793481	-3.17392500
-0.99403805	-0.00793481	-3.17392500
-0.97403805	-0.00793481	-4.76088700
-0.95403805	-0.00793481	-4.76088700
-0.93403805	-0.00793481	-3.17392500
-0.91403805	-0.00793481	-3.17392500
-0.89403805	-0.00793481	-3.17392500
-0.87403805	-0.00793481	-3.17392500
-0.85403805	-0.00793481	-3.17392500
-0.83403805	-0.00793481	-4.76088700
-0.81403805	-0.00793481	-3.17392500
-0.79403805	-0.00793481	-3.17392500
-0.77403805	-0.00793481	-4.76088700
-0.75403805	-0.00793481	-4.76088700
-0.73403805	-0.00793481	-4.76088700
-0.71403805	-0.00793481	-4.76088700
-0.69403805	-0.00793481	-3.17392500
-0.67403805	-0.00793481	-4.76088700
-0.65403805	-0.00793481	-4.76088700
-0.63403805	-0.00793481	-6.34785000
-0.61403805	-0.00793481	-4.76088700
-0.59403805	-0.00793481	-3.17392500
-0.57403805	-0.00793481	-3.17392500
-0.55403805	-0.00793481	-3.17392500
-0.53403805	-0.00793481	-3.17392500
-0.51403805	-0.00793481	-4.76088700
-0.49403805	-0.00793481	-6.34785000
-0.47403806	-0.00793481	-6.34785000
-0.45403806	-0.00793481	-6.34785000
-0.43403806	-0.00793481	-4.76088700
-0.41403806	-0.00793481	-4.76088700
-0.39403806	-0.00793481	-4.76088700
-0.37403806	-0.00793481	-6.34785000
-0.35403806	-0.00793481	-4.76088700
-0.33403806	-0.00793481	-6.34785000
-0.31403806	-0.00793481	-4.76088700
-0.29403806	-0.00793481	-4.76088700
-0.27403806	-0.00793481	-4.76088700
-0.25403806	-0.00793481	-4.76088700
-0.23403806	-0.00793481	-4.76088700
-0.21403806	-0.00793481	-4.76088700
-0.19403806	-0.00793481	-4.76088700
-0.17403806	-0.00793481	-4.76088700
-0.15403806	-0.00793481	-6.34785000
-0.13403806	-0.00793481	-6.34785000
-0.11403806	0.00000000	-7.93481200
-0.09403806	0.00793481	-9.52177400
-0.07403806	0.03173925	-14.28266000
-0.05403806	0.04760887	-15.86962000
-0.03403806	0.07141331	-15.86962000
-0.01403806	0.08728294	-14.28266000
0.00596194	0.10315260	-12.69570000
0.02596194	0.11902220	-12.69570000
0.04596194	0.14285710	-12.69570000
0.06596194	0.15872680	-12.69570000
0.08596194	0.16666160	-14.28266000
0.10596194	0.17459640	-15.86962000
0.12596194	0.18253120	-17.45659000
0.14596194	0.19046600	-17.45659000
0.16596194	0.19046600	-17.45659000
0.18596194	0.19046600	-14.28266000
0.20596194	0.18253120	-11.10874000
0.22596194	0.17459640	-9.52177400
0.24596194	0.17459640	-9.52177400
0.26596194	0.16666160	-12.69570000
0.28596194	0.15872680	-12.69570000
0.30596194	0.15872680	-12.69570000
0.32596194	0.15079200	-12.69570000
0.34596194	0.15079200	-11.10874000
0.36596194	0.15079200	-11.10874000
0.38596194	0.14285710	-9.52177400
0.40596194	0.14285710	-7.93481200
0.42596194	0.14285710	-7.93481200
0.44596194	0.14285710	-6.34785000
0.46596194	0.14285710	-6.34785000
0.48596194	0.13489180	-6.34785000
0.50596194	0.13489180	-6.34785000
0.52596194	0.13489180	-6.34785000
0.54596194	0.13489180	-7.93481200
0.56596194	0.13489180	-6.34785000
0.58596194	0.13489180	-4.76088700
0.60596194	0.12695700	-3.17392500
0.62596194	0.12695700	-3.17392500
0.64596194	0.12695700	-4.76088700
0.66596194	0.12695700	-4.76088700
0.68596194	0.12695700	-3.17392500
0.70596194	0.11902220	-4.76088700
0.72596194	0.11902220	-3.17392500
0.74596194	0.11902220	-4.76088700
0.76596194	0.11902220	-3.17392500
0.78596194	0.11902220	-4.76088700
0.80596194	0.11108740	-3.17392500
0.82596194	0.11108740	-3.17392500
0.84596194	0.11108740	-3.17392500
0.86596194	0.11108740	-3.17392500
0.88596194	0.11108740	-3.17392500
0.90596194	0.11108740	-4.76088700
0.92596194	0.11108740	-3.17392500
0.94596194	0.11108740	-4.76088700
0.96596194	0.10315260	-4.76088700
0.98596194	0.10315260	-4.76088700
1.00596194	0.10315260	-4.76088700
1.02596194	0.10315260	-3.17392500
1.04596194	0.10315260	-3.17392500
1.06596194	0.10315260	-4.76088700
1.08596194	0.10315260	-4.76088700
1.10596194	0.09521775	-3.17392500
1.12596194	0.09521775	-3.17392500
1.14596194	0.09521775	-3.17392500
1.16596194	0.09521775	-4.76088700
1.18596193	0.09521775	-4.76088700
1.20596193	0.09521775	-3.17392500
1.22596193	0.09521775	-4.76088700
1.24596193	0.08728294	-4.76088700
1.26596193	0.08728294	-4.76088700
1.28596193	0.08728294	-4.76088700
1.30596193	0.08728294	-3.17392500
1.32596193	0.08728294	-4.76088700
1.34596193	0.08728294	-3.17392500
1.36596193	0.08728294	-3.17392500
1.38596193	0.08728294	-3.17392500
1.40596193	0.07934812	-4.76088700
1.42596193	0.07934812	-1.58696200
1.44596193	0.07934812	-3.17392500
1.46596193	0.07934812	-4.76088700
1.48596193	0.07934812	-4.76088700
1.50596193	0.07934812	-4.76088700
1.52596193	0.07934812	-3.17392500
1.54596193	0.07934812	-3.17392500
1.56596193	0.07934812	-3.17392500
1.58596193	0.07934812	-4.76088700
1.60596193	0.07141331	-4.76088700
1.62596193	0.07141331	-4.76088700
1.64596193	0.07141331	-3.17392500
1.66596193	0.07141331	-4.76088700
1.68596193	0.07141331	-3.17392500
1.70596193	0.07141331	-4.76088700
1.72596193	0.07141331	-4.76088700
1.74596193	0.07141331	-4.76088700
1.76596193	0.07141331	-4.76088700
1.78596193	0.06347850	-4.76088700
1.80596193	0.06347850	-3.17392500
1.82596193	0.06347850	-4.76088700
1.84596193	0.06347850	-6.34785000
1.86596193	0.06347850	-6.34785000
1.88596193	0.06347850	-6.34785000
1.90596193	0.06347850	-6.34785000
1.92596193	0.06347850	-4.76088700
1.94596193	0.06347850	-3.17392500
1.96596193	0.06347850	-3.17392500
1.98596193	0.05554369	-1.58696200
2.00596193	0.05554369	-3.17392500
2.02596193	0.05554369	-3.17392500
2.04596193	0.05554369	-3.17392500
2.06596193	0.05554369	-1.58696200
2.08596193	0.05554369	-3.17392500
2.10596193	0.05554369	-1.58696200
2.12596193	0.05554369	-4.76088700
2.14596193	0.05554369	-3.17392500
2.16596193	0.05554369	-4.76088700
2.18596193	0.05554369	-3.17392500
2.20596193	0.05554369	-3.17392500
2.22596193	0.05554369	-3.17392500
2.24596193	0.05554369	-3.17392500
2.26596193	0.04760887	-1.58696200
2.28596193	0.04760887	-3.17392500
2.30596193	0.04760887	-3.17392500
2.32596193	0.04760887	-3.17392500
2.34596193	0.04760887	-3.17392500
2.36596193	0.04760887	-4.76088700
2.38596193	0.04760887	-4.76088700
2.40596193	0.04760887	-6.34785000
2.42596193	0.04760887	-3.17392500
2.44596193	0.04760887	-4.76088700
2.46596193	0.04760887	-3.17392500
2.48596193	0.04760887	-4.76088700
2.50596193	0.04760887	-4.76088700
2.52596193	0.04760887	-4.76088700
2.54596193	0.04760887	-3.17392500
2.56596193	0.03967406	-4.76088700
2.58596193	0.03967406	-4.76088700
2.60596193	0.03967406	-4.76088700
2.62596193	0.03967406	-3.17392500
2.64596193	0.03967406	-3.17392500
2.66596193	0.03967406	-3.17392500
2.68596193	0.03967406	-4.76088700
2.70596193	0.03967406	-4.76088700
2.72596193	0.03967406	-4.76088700
2.74596193	0.03967406	-4.76088700
2.76596193	0.03967406	-4.76088700
2.78596193	0.03967406	-4.76088700
2.80596193	0.03967406	-4.76088700
2.82596192	0.03967406	-4.76088700
2.84596192	0.03967406	-3.17392500
2.86596192	0.03967406	-3.17392500
2.88596192	0.03967406	-4.76088700
2.90596192	0.03173925	-4.76088700
2.92596192	0.03173925	-4.76088700
2.94596192	0.03173925	-6.34785000
2.96596192	0.03173925	-4.76088700
2.98596192	0.03173925	-4.76088700
3.00596192	0.03173925	-4.76088700
3.02596192	0.03173925	-4.76088700
3.04596192	0.03173925	-4.76088700
3.06596192	0.03173925	-4.76088700
3.08596192	0.03173925	-4.76088700
3.10596192	0.03173925	-4.76088700
3.12596192	0.03173925	-4.76088700
3.14596192	0.03173925	-4.76088700
3.16596192	0.03173925	-4.76088700
3.18596192	0.03173925	-6.34785000
3.20596192	0.03173925	-6.34785000
3.22596192	0.03173925	-4.76088700
3.24596192	0.03173925	-6.34785000
3.26596192	0.03173925	-4.76088700
3.28596192	0.03173925	-4.76088700
3.30596192	0.03173925	-4.76088700
3.32596192	0.02380444	-6.34785000
3.34596192	0.02380444	-4.76088700
3.36596192	0.03173925	-3.17392500
3.38596192	0.02380444	-4.76088700
3.40596192	0.02380444	-3.17392500
3.42596192	0.02380444	-1.58696200
3.44596192	0.02380444	-1.58696200
3.46596192	0.02380444	-1.58696200
3.48596192	0.02380444	-1.58696200
3.50596192	0.02380444	-3.17392500
3.52596192	0.02380444	-4.76088700
3.54596192	0.02380444	-3.17392500
3.56596192	0.02380444	-4.76088700
3.58596192	0.02380444	-4.76088700
3.60596192	0.02380444	-4.76088700
3.62596192	0.02380444	-3.17392500
3.64596192	0.02380444	-1.58696200
3.66596192	0.02380444	-1.58696200
3.68596192	0.02380444	-3.17392500
3.70596192	0.02380444	-1.58696200
3.72596192	0.02380444	-1.58696200
3.74596192	0.02380444	-1.58696200
3.76596192	0.02380444	-3.17392500
3.78596192	0.02380444	-3.17392500
3.80596192	0.02380444	-3.17392500
3.82596192	0.02380444	-3.17392500
3.84596192	0.02380444	-3.17392500
3.86596192	0.02380444	-3.17392500
3.88596192	0.01586962	-3.17392500
3.90596192	0.01586962	-3.17392500
3.92596192	0.01586962	-4.76088700
3.94596192	0.01586962	-4.76088700
3.96596192	0.01586962	-4.76088700
3.98596192	0.01586962	-4.76088700
4.00596192	0.01586962	-4.76088700
4.02596192	0.01586962	-3.17392500
4.04596192	0.01586962	-3.17392500
4.06596192	0.01586962	-1.58696200
4.08596192	0.01586962	-3.17392500
4.10596192	0.01586962	-3.17392500
4.12596192	0.01586962	-4.76088700
4.14596192	0.01586962	-4.76088700
4.16596192	0.01586962	-4.76088700
4.18596192	0.01586962	-3.17392500
4.20596192	0.01586962	-3.17392500
4.22596192	0.01586962	-3.17392500
4.24596192	0.01586962	-3.17392500
4.26596192	0.01586962	-3.17392500
4.28596192	0.01586962	-3.17392500
4.30596192	0.01586962	-3.17392500
4.32596192	0.01586962	-3.17392500
4.34596192	0.01586962	-3.17392500
4.36596192	0.01586962	-3.17392500
4.38596192	0.01586962	-4.76088700
4.40596192	0.01586962	-3.17392500
4.42596192	0.01586962	-3.17392500
4.44596192	0.01586962	-3.17392500
4.46596191	0.01586962	-4.76088700
4.48596191	0.01586962	-4.76088700
4.50596191	0.01586962	-4.76088700
4.52596191	0.01586962	-4.76088700
4.54596191	0.01586962	-4.76088700
4.56596191	0.01586962	-4.76088700
4.58596191	0.01586962	-4.76088700
4.60596191	0.00793481	-3.17392500
4.62596191	0.01586962	-1.58696200
4.64596191	0.01586962	-3.17392500
4.66596191	0.00793481	-3.17392500
4.68596191	0.00793481	-4.76088700
4.70596191	0.01586962	-4.76088700
4.72596191	0.00793481	-4.76088700
4.74596191	0.00793481	-4.76088700
4.76596191	0.00793481	-4.76088700
4.78596191	0.00793481	-6.34785000
4.80596191	0.00793481	-4.76088700
4.82596191	0.00793481	-3.17392500
4.84596191	0.00793481	-3.17392500
4.86596191	0.00793481	-4.76088700
4.88596191	0.00793481	-3.17392500
4.90596191	0.00793481	-1.58696200
4.92596191	0.00793481	-3.17392500
4.94596191	0.00793481	-3.17392500
4.96596191	0.00793481	-4.76088700
4.98596191	0.00793481	-4.76088700
5.00596191	0.00793481	-4.76088700
5.02596191	0.00793481	-4.76088700
5.04596191	0.00793481	-4.76088700
5.06596191	0.00793481	-4.76088700
5.08596191	0.00793481	-3.17392500
5.10596191	0.00793481	-3.17392500
5.12596191	0.00793481	-3.17392500
5.14596191	0.00793481	-4.76088700
5.16596191	0.00793481	-3.17392500
5.18596191	0.00793481	-4.76088700
5.20596191	0.00793481	-4.76088700
5.22596191	0.00793481	-4.76088700
5.24596191	0.00793481	-3.17392500
5.26596191	0.00793481	-4.76088700
5.28596191	0.00793481	-3.17392500
5.30596191	0.00793481	-4.76088700
5.32596191	0.00793481	-4.76088700
5.34596191	0.00793481	-4.76088700
5.36596191	0.00793481	-4.76088700
5.38596191	0.00793481	-4.76088700
5.40596191	0.00793481	-4.76088700
5.42596191	0.00793481	-1.58696200
5.44596191	0.00793481	-3.17392500
5.46596191	0.00793481	-1.58696200
5.48596191	0.00793481	-3.17392500
5.50596191	0.00793481	-3.17392500
5.52596191	0.00793481	-3.17392500
5.54596191	0.00793481	-3.17392500
5.56596191	0.00793481	-4.76088700
5.58596191	0.00793481	-3.17392500
5.60596191	0.00793481	-4.76088700
5.62596191	0.00793481	-3.17392500
5.64596191	0.00793481	-3.17392500
5.66596191	0.00793481	-1.58696200
5.68596191	0.00793481	-1.58696200
5.70596191	0.00793481	-1.58696200
5.72596191	0.00793481	-1.58696200
5.74596191	0.00793481	-3.17392500
5.76596191	0.00793481	-1.58696200
5.78596191	0.00793481	-3.17392500
5.80596191	0.00793481	-3.17392500
5.82596191	0.00793481	-3.17392500
5.84596191	0.00793481	-1.58696200
5.86596191	0.00793481	-1.58696200
5.88596191	0.00793481	-3.17392500
5.90596191	0.00793481	-3.17392500
5.92596191	0.00793481	-4.76088700
5.94596191	0.00793481	-4.76088700
5.96596191	0.00793481	-4.76088700
5.98596191	0.00793481	-4.76088700
6.00596191	0.00793481	-4.76088700
6.02596191	0.00793481	-4.76088700
6.04596191	0.00793481	-3.17392500
6.06596191	0.00793481	-3.17392500
6.08596191	0.00793481	-1.58696200
6.10596190	0.00793481	-1.58696200
6.12596190	0.00000000	-1.58696200
6.14596190	0.00000000	-1.58696200
6.16596190	0.00793481	-3.17392500
6.18596190	0.00000000	-3.17392500
6.20596190	0.00793481	-3.17392500
6.22596190	0.00793481	-4.76088700
6.24596190	0.00000000	-3.17392500
6.26596190	0.00000000	-3.17392500
6.28596190	0.00000000	-3.17392500
6.30596190	0.00793481	-3.17392500
6.32596190	0.00000000	-1.58696200
6.34596190	0.00000000	-1.58696200
6.36596190	0.00000000	-3.17392500
6.38596190	0.00000000	-4.76088700
6.40596190	0.00000000	-3.17392500
6.42596190	0.00000000	-3.17392500
6.44596190	0.00000000	-3.17392500
6.46596190	0.00000000	-1.58696200
6.48596190	0.00000000	-3.17392500
6.50596190	0.00000000	-3.17392500
6.52596190	0.00000000	-4.76088700
6.54596190	0.00000000	-3.17392500
6.56596190	0.00000000	-3.17392500
6.58596190	0.00000000	-1.58696200
6.60596190	0.00000000	-3.17392500
6.62596190	0.00000000	-3.17392500
6.64596190	0.00000000	-3.17392500
6.66596190	0.00000000	-1.58696200
6.68596190	0.00000000	-3.17392500
6.70596190	0.00000000	-1.58696200
6.72596190	0.00000000	-1.58696200
6.74596190	0.00000000	-3.17392500
6.76596190	0.00000000	-1.58696200
6.78596190	0.00000000	-3.17392500
6.80596190	0.00000000	-3.17392500
6.82596190	0.00000000	-1.58696200
6.84596190	0.00000000	-1.58696200
6.86596190	0.00000000	-1.58696200
6.88596190	0.00000000	0.00000000
6.90596190	0.00000000	0.00000000
6.92596190	0.00000000	-1.58696200
6.94596190	0.00000000	-3.17392500
6.96596190	0.00000000	-3.17392500
6.98596190	0.00000000	-3.17392500
7.00596190	0.00000000	-4.76088700
7.02596190	0.00000000	-3.17392500
7.04596190	0.00000000	-3.17392500
7.06596190	0.00000000	-4.76088700
7.08596190	0.00000000	-4.76088700
7.10596190	0.00000000	-3.17392500
7.12596190	0.00000000	-1.58696200
7.14596190	0.00000000	-3.17392500
7.16596190	0.00000000	-1.58696200
7.18596190	0.00000000	-1.58696200
7.20596190	0.00000000	-3.17392500
7.22596190	0.00000000	-3.17392500
7.24596190	0.00000000	-3.17392500
7.26596190	0.00000000	-4.76088700
7.28596190	0.00000000	-4.76088700
7.30596190	0.00000000	-4.76088700
7.32596190	0.00000000	-4.76088700
7.34596190	0.00000000	-4.76088700
7.36596190	0.00000000	-6.34785000
7.38596190	0.00000000	-6.34785000
7.40596190	0.00000000	-4.76088700
7.42596190	0.00000000	-4.76088700
7.44596190	0.00000000	-4.76088700
7.46596190	0.00000000	-3.17392500
7.48596190	0.00000000	-3.17392500
7.50596190	0.00000000	-1.58696200
7.52596190	0.00000000	-3.17392500
7.54596190	0.00000000	-4.76088700
7.56596190	0.00000000	-4.76088700
7.58596190	0.00000000	-4.76088700
7.60596190	0.00000000	-4.76088700
7.62596190	0.00000000	-3.17392500
7.64596190	0.00000000	-4.76088700
7.66596190	0.00000000	-3.17392500
7.68596190	0.00000000	-3.17392500
7.70596190	0.00000000	-3.17392500
7.72596190	0.00000000	-3.17392500
7.74596190	0.00000000	-3.17392500
7.76596189	0.00000000	-3.17392500
7.78596189	0.00000000	-1.58696200
7.80596189	0.00000000	-1.58696200
7.82596189	0.00000000	-1.58696200
7.84596189	0.00000000	-1.58696200
7.86596189	0.00000000	-3.17392500
7.88596189	0.00000000	-3.17392500
7.90596189	0.00000000	-3.17392500
7.92596189	0.00000000	-3.17392500
7.94596189	0.00000000	-1.58696200
7.96596189	0.00000000	-3.17392500
7.98596189	0.00000000	-4.76088700
8.00596189	0.00000000	-3.17392500
8.02596189	0.00000000	-3.17392500
8.04596189	0.00000000	-3.17392500
8.06596189	0.00000000	-3.17392500
8.08596189	0.00000000	-1.58696200
8.10596189	0.00000000	-3.17392500
8.12596189	0.00000000	-3.17392500
8.14596189	0.00000000	-3.17392500
8.16596189	0.00000000	-3.17392500
8.18596189	0.00000000	-3.17392500
8.20596189	0.00000000	-3.17392500
8.22596189	0.00000000	-3.17392500
8.24596189	0.00000000	-3.17392500
8.26596189	0.00000000	-3.17392500
8.28596189	0.00000000	-1.58696200
8.30596189	0.00000000	-3.17392500
8.32596189	0.00000000	-3.17392500
8.34596189	0.00000000	-1.58696200
8.36596189	0.00000000	-3.17392500
8.38596189	0.00000000	-3.17392500
8.40596189	0.00000000	-3.17392500
8.42596189	0.00000000	-3.17392500
8.44596189	0.00000000	-3.17392500
8.46596189	0.00000000	-3.17392500
8.48596189	0.00000000	-4.76088700
8.50596189	0.00000000	-3.17392500
8.52596189	0.00000000	-3.17392500
8.54596189	0.00000000	-1.58696200
8.56596189	0.00000000	-1.58696200
8.58596189	0.00000000	-3.17392500
8.60596189	0.00000000	-1.58696200
8.62596189	0.00000000	-3.17392500
8.64596189	0.00000000	-3.17392500
8.66596189	0.00000000	-4.76088700
8.68596189	0.00000000	-4.76088700
8.70596189	0.00000000	-4.76088700
8.72596189	0.00000000	-3.17392500
8.74596189	0.00000000	-3.17392500
8.76596189	0.00000000	-4.76088700
8.78596189	0.00000000	-3.17392500
8.80596189	0.00000000	-3.17392500
8.82596189	0.00000000	-3.17392500
8.84596189	0.00000000	-1.58696200
8.86596189	0.00000000	-1.58696200
8.88596189	0.00000000	-1.58696200
8.90596189	0.00000000	-1.58696200
8.92596189	0.00000000	0.00000000
8.94596189	0.00000000	-1.58696200
8.96596189	0.00000000	-1.58696200
8.98596189	0.00000000	-4.76088700
9.00596189	0.00000000	-4.76088700
9.02596189	0.00000000	-4.76088700
9.04596189	0.00000000	-4.76088700
9.06596189	0.00000000	-4.76088700
9.08596189	0.00000000	-3.17392500
9.10596189	0.00000000	-3.17392500
9.12596189	0.00000000	-1.58696200
9.14596189	0.00000000	-3.17392500
9.16596189	0.00000000	-1.58696200
9.18596189	0.00000000	-3.17392500
9.20596189	0.00000000	-3.17392500
9.22596189	0.00000000	-1.58696200
9.24596189	0.00000000	-3.17392500
9.26596189	0.00000000	-1.58696200
9.28596189	0.00000000	-1.58696200
9.30596189	0.00000000	-3.17392500
9.32596189	0.00000000	-3.17392500
9.34596189	0.00000000	-4.76088700
9.36596189	0.00000000	-3.17392500
9.38596189	0.00000000	-3.17392500
9.40596188	0.00000000	-3.17392500
9.42596188	0.00000000	-1.58696200
9.44596188	0.00000000	-1.58696200
9.46596188	0.00000000	-1.58696200
9.48596188	0.00000000	-1.58696200
9.50596188	0.00000000	-1.58696200
9.52596188	0.00000000	-3.17392500
9.54596188	0.00000000	-1.58696200
9.56596188	0.00000000	-1.58696200
9.58596188	0.00000000	-3.17392500
9.60596188	0.00000000	-3.17392500
9.62596188	0.00000000	-3.17392500
9.64596188	0.00000000	-3.17392500
9.66596188	0.00000000	-4.76088700
9.68596188	0.00000000	-3.17392500
9.70596188	0.00000000	-3.17392500
9.72596188	0.00000000	-3.17392500
9.74596188	0.00000000	-3.17392500
9.76596188	0.00000000	-4.76088700
9.78596188	0.00000000	-3.17392500
9.80596188	0.00000000	-4.76088700
9.82596188	0.00000000	-3.17392500
9.84596188	0.00000000	-4.76088700
9.86596188	0.00000000	-3.17392500
9.88596188	0.00000000	-3.17392500
9.90596188	0.00000000	-3.17392500
9.92596188	0.00000000	-1.58696200
9.94596188	0.00000000	-1.58696200
9.96596188	0.00000000	-1.58696200
9.98596188	0.00000000	-1.58696200
10.00596188	0.00000000	-3.17392500
10.02596188	0.00000000	-1.58696200
10.04596188	0.00000000	-1.58696200
10.06596188	0.00000000	-1.58696200
10.08596188	0.00000000	-1.58696200
10.10596188	0.00000000	-3.17392500
10.12596188	0.00000000	-3.17392500
10.14596188	0.00000000	-4.76088700
10.16596188	0.00000000	-4.76088700
10.18596188	0.00000000	-3.17392500
10.20596188	0.00000000	-4.76088700
10.22596188	0.00000000	-4.76088700
10.24596188	0.00000000	-3.17392500
10.26596188	0.00000000	-3.17392500
10.28596188	0.00000000	-1.58696200
10.30596188	0.00000000	-3.17392500
10.32596188	0.00000000	-1.58696200
10.34596188	0.00000000	-1.58696200
10.36596188	0.00000000	0.00000000
10.38596188	0.00000000	1.58696200
10.40596188	0.00000000	3.17392500
10.42596188	0.00000000	7.93481200
10.44596188	0.00000000	17.45659000
10.46596188	0.00000000	28.57143000
10.48596188	0.00000000	39.68016000
10.50596188	0.00000000	50.78890000
10.52596188	0.00000000	60.31678000
10.54596188	0.00000000	66.66463000
10.56596188	0.00000000	71.42551000
10.58596188	0.00000000	74.59944000
10.60596188	0.00000000	74.59944000
10.62596188	0.00000000	73.01248000
10.64596188	0.00000000	71.42551000
10.66596188	0.00000000	66.66463000
10.68596188	0.00000000	63.49071000
10.70596188	0.00000000	58.72982000
10.72596188	0.00000000	52.37587000
10.74596188	0.00000000	49.20194000
10.76596188	0.00000000	44.44105000
10.78596188	0.00000000	39.68016000
10.80596188	0.00000000	36.50624000
10.82596188	0.00000000	31.74535000
10.84596188	0.00000000	30.15839000
10.86596188	0.00000000	28.57143000
10.88596188	0.00000000	25.39140000
10.90596188	0.00000000	25.39140000
10.92596188	0.00000000	22.21748000
10.94596188	0.00000000	19.04355000
10.96596188	0.00000000	17.45659000
10.98596188	0.00000000	15.86962000
11.00596188	0.00000000	14.28266000
11.02596188	0.00000000	12.69570000
11.04596187	0.00000000	12.69570000
11.06596187	0.00000000	11.10874000
11.08596187	0.00000000	9.52177400
11.10596187	0.00000000	9.52177400
11.12596187	0.00000000	9.52177400
11.14596187	0.00000000	9.52177400
11.16596187	0.00000000	9.52177400
11.18596187	0.00000000	9.52177400
11.20596187	0.00000000	9.52177400
11.22596187	0.00000000	7.93481200
11.24596187	0.00000000	7.93481200
11.26596187	0.00000000	6.34785000
11.28596187	0.00000000	4.76088700
11.30596187	0.00000000	4.76088700
11.32596187	0.00000000	4.76088700
11.34596187	0.00000000	4.76088700
11.36596187	0.00000000	4.76088700
11.38596187	0.00000000	6.34785000
11.40596187	0.00000000	4.76088700
11.42596187	0.00000000	4.76088700
11.44596187	0.00000000	4.76088700
11.46596187	0.00000000	3.17392500
11.48596187	0.00000000	4.76088700
11.50596187	0.00000000	4.76088700
11.52596187	0.00000000	3.17392500
11.54596187	0.00000000	3.17392500
11.56596187	0.00000000	3.17392500
11.58596187	0.00000000	3.17392500
11.60596187	0.00000000	3.17392500
11.62596187	0.00000000	1.58696200
11.64596187	0.00000000	1.58696200
11.66596187	0.00000000	1.58696200
11.68596187	0.00000000	3.17392500
11.70596187	0.00000000	3.17392500
11.72596187	0.00000000	3.17392500
11.74596187	0.00000000	3.17392500
11.76596187	0.00000000	3.17392500
11.78596187	0.00000000	3.17392500
11.80596187	0.00000000	3.17392500
11.82596187	0.00000000	4.76088700
11.84596187	0.00000000	3.17392500
11.86596187	0.00000000	1.58696200
11.88596187	0.00000000	1.58696200
11.90596187	0.00000000	0.00000000
11.92596187	0.00000000	1.58696200
11.94596187	0.00000000	3.17392500
11.96596187	0.00000000	1.58696200
11.98596187	0.00000000	3.17392500
12.00596187	0.00000000	1.58696200
12.02596187	0.00000000	1.58696200
12.04596187	0.00000000	1.58696200
12.06596187	0.00000000	1.58696200
12.08596187	0.00000000	1.58696200
12.10596187	0.00000000	1.58696200
12.12596187	0.00000000	0.00000000
12.14596187	0.00000000	1.58696200
12.16596187	0.00000000	0.00000000
12.18596187	0.00000000	1.58696200
12.20596187	0.00000000	1.58696200
12.22596187	0.00000000	0.00000000
12.24596187	0.00000000	0.00000000
12.26596187	0.00000000	1.58696200
12.28596187	0.00000000	0.00000000
12.30596187	0.00000000	1.58696200
12.32596187	0.00000000	1.58696200
12.34596187	0.00000000	1.58696200
12.36596187	0.00000000	3.17392500
12.38596187	0.00000000	1.58696200
12.40596187	0.00000000	0.00000000
12.42596187	0.00000000	-1.58696200
12.44596187	0.00000000	-1.58696200
12.46596187	0.00000000	-1.58696200
12.48596187	0.00000000	-1.58696200
12.50596187	0.00000000	-1.58696200
12.52596187	-0.00793481	-1.58696200
12.54596187	0.00000000	-1.58696200
12.56596187	-0.00793481	-1.58696200
12.58596187	0.00000000	0.00000000
12.60596187	0.00000000	0.00000000
12.62596187	-0.00793481	0.00000000
12.64596187	-0.00793481	-1.58696200
12.66596187	0.00000000	-3.17392500
12.68596186	0.00000000	0.00000000
12.70596186	-0.00793481	-1.58696200
12.72596186	-0.00793481	1.58696200
12.74596186	0.00000000	0.00000000
12.76596186	0.00000000	-1.58696200
12.78596186	0.00000000	0.00000000
12.80596186	0.00000000	-1.58696200
12.82596186	-0.00793481	0.00000000
12.84596186	-0.00793481	0.00000000
12.86596186	-0.00793481	0.00000000
12.88596186	0.00000000	0.00000000
12.90596186	-0.00793481	0.00000000
12.92596186	0.00000000	1.58696200
12.94596186	-0.00793481	0.00000000
12.96596186	-0.00793481	0.00000000
12.98596186	0.00000000	1.58696200
13.00596186	-0.00793481	1.58696200
13.02596186	-0.00793481	1.58696200
13.04596186	-0.00793481	1.58696200
13.06596186	-0.00793481	0.00000000
13.08596186	-0.00793481	0.00000000
13.10596186	-0.00793481	0.00000000
13.12596186	0.00000000	0.00000000
13.14596186	-0.00793481	0.00000000
13.16596186	0.00000000	1.58696200
13.18596186	-0.00793481	0.00000000
13.20596186	0.00000000	-1.58696200
13.22596186	-0.00793481	1.58696200
13.24596186	0.00000000	0.00000000
13.26596186	-0.00793481	0.00000000
13.28596186	-0.00793481	-1.58696200
13.30596186	-0.00793481	-1.58696200
13.32596186	0.00000000	-1.58696200
13.34596186	0.00000000	-1.58696200
13.36596186	0.00000000	0.00000000
13.38596186	-0.00793481	0.00000000
13.40596186	-0.00793481	1.58696200
13.42596186	-0.00793481	1.58696200
13.44596186	0.00000000	0.00000000
13.46596186	0.00000000	0.00000000
13.48596186	0.00000000	0.00000000
13.50596186	-0.00793481	0.00000000
13.52596186	-0.00793481	1.58696200
13.54596186	-0.00793481	-1.58696200
13.56596186	0.00000000	-1.58696200
13.58596186	0.00000000	0.00000000
13.60596186	0.00000000	-1.58696200
13.62596186	0.00000000	-1.58696200
13.64596186	-0.00793481	-1.58696200
13.66596186	0.00000000	-1.58696200
13.68596186	-0.00793481	-1.58696200
13.70596186	-0.00793481	1.58696200
13.72596186	-0.00793481	-1.58696200
13.74596186	0.00000000	0.00000000
13.76596186	0.00000000	0.00000000
13.78596186	-0.00793481	-1.58696200
13.80596186	-0.00793481	-1.58696200
13.82596186	-0.00793481	-1.58696200
13.84596186	-0.00793481	-3.17392500
13.86596186	0.00000000	-3.17392500
13.88596186	0.00000000	-1.58696200
13.90596186	-0.00793481	-1.58696200
13.92596186	-0.00793481	0.00000000
13.94596186	0.00000000	0.00000000
13.96596186	0.00000000	0.00000000
13.98596186	0.00000000	0.00000000
14.00596186	0.00000000	1.58696200
14.02596186	0.00000000	0.00000000
14.04596186	0.00000000	0.00000000
14.06596186	0.00000000	0.00000000
14.08596186	-0.00793481	0.00000000
14.10596186	0.00000000	-1.58696200
14.12596186	0.00000000	0.00000000
14.14596186	0.00000000	-1.58696200
14.16596186	-0.00793481	-1.58696200
14.18596186	0.00000000	0.00000000
14.20596186	0.00000000	0.00000000
14.22596186	0.00000000	-1.58696200
14.24596186	0.00000000	-1.58696200
14.26596186	-0.00793481	0.00000000
14.28596186	0.00000000	-1.58696200
14.30596186	0.00000000	0.00000000
14.32596186	-0.00793481	1.58696200
14.34596185	-0.00793481	3.17392500
14.36596185	-0.00793481	0.00000000
14.38596185	0.00000000	0.00000000
14.40596185	0.00000000	0.00000000
14.42596185	0.00000000	-1.58696200
14.44596185	-0.00793481	-1.58696200
14.46596185	-0.00793481	0.00000000
14.48596185	-0.00793481	-1.58696200
14.50596185	-0.00793481	-1.58696200
14.52596185	0.00000000	-1.58696200
14.54596185	-0.00793481	-1.58696200
14.56596185	0.00000000	-1.58696200
14.58596185	-0.00793481	0.00000000
14.60596185	0.00000000	-1.58696200
14.62596185	0.00000000	0.00000000
14.64596185	-0.00793481	-1.58696200
14.66596185	-0.00793481	-1.58696200
14.68596185	-0.00793481	-1.58696200
14.70596185	0.00000000	-3.17392500
14.72596185	-0.00793481	-1.58696200
14.74596185	0.00000000	-1.58696200
14.76596185	-0.00793481	0.00000000
14.78596185	-0.00793481	-1.58696200
14.80596185	-0.00793481	0.00000000
14.82596185	-0.00793481	-1.58696200
14.84596185	-0.00793481	-1.58696200
14.86596185	-0.00793481	-1.58696200
14.88596185	0.00000000	-1.58696200
14.90596185	-0.00793481	-1.58696200
14.92596185	0.00000000	0.00000000
14.94596185	-0.00793481	0.00000000
14.96596185	-0.00793481	-1.58696200
14.98596185	0.00000000	-1.58696200
15.00596185	0.00000000	-1.58696200
15.02596185	-0.00793481	-3.17392500
15.04596185	-0.00793481	-1.58696200
15.06596185	-0.00793481	-1.58696200
15.08596185	-0.00793481	-1.58696200
15.10596185	-0.00793481	0.00000000
15.12596185	-0.00793481	-1.58696200
15.14596185	0.00000000	-1.58696200
15.16596185	0.00000000	-1.58696200
15.18596185	-0.00793481	-1.58696200
15.20596185	0.00000000	-1.58696200
15.22596185	-0.00793481	-1.58696200
15.24596185	-0.00793481	-1.58696200
15.26596185	-0.00793481	-1.58696200
15.28596185	-0.00793481	-3.17392500
15.30596185	-0.00793481	-3.17392500
15.32596185	0.00000000	-1.58696200
15.34596185	0.00000000	-1.58696200
15.36596185	-0.00793481	-1.58696200
15.38596185	-0.00793481	-1.58696200
15.40596185	-0.00793481	-1.58696200
15.42596185	-0.00793481	-1.58696200
15.44596185	0.00000000	-1.58696200
15.46596185	-0.00793481	-1.58696200
15.48596185	-0.00793481	-1.58696200
15.50596185	-0.00793481	-3.17392500
15.52596185	-0.00793481	-1.58696200
15.54596185	-0.00793481	-3.17392500
15.56596185	0.00000000	-3.17392500
15.58596185	-0.00793481	-3.17392500
15.60596185	-0.00793481	-3.17392500
15.62596185	-0.00793481	-3.17392500
15.64596185	-0.00793481	-1.58696200
15.66596185	-0.00793481	-1.58696200
15.68596185	0.00000000	0.00000000
15.70596185	0.00000000	-1.58696200
15.72596185	-0.00793481	-1.58696200
15.74596185	-0.00793481	-1.58696200
15.76596185	-0.00793481	-1.58696200
15.78596185	-0.00793481	-1.58696200
15.80596185	0.00000000	-1.58696200
15.82596185	-0.00793481	0.00000000
15.84596185	-0.00793481	-1.58696200
15.86596185	-0.00793481	-3.17392500
15.88596185	-0.00793481	-4.76088700
15.90596185	-0.00793481	-3.17392500
15.92596185	-0.00793481	-3.17392500
15.94596185	-0.00793481	-1.58696200
15.96596185	-0.00793481	-1.58696200
15.98596184	-0.00793481	0.00000000
16.00596184	-0.00793481	-1.58696200
16.02596184	-0.00793481	-1.58696200
16.04596184	-0.00793481	-3.17392500
16.06596184	-0.00793481	-1.58696200
16.08596184	-0.00793481	-1.58696200
16.10596184	-0.00793481	-1.58696200
16.12596184	-0.00793481	-3.17392500
16.14596184	-0.00793481	-3.17392500
16.16596184	-0.00793481	-3.17392500
16.18596184	-0.00793481	-3.17392500
16.20596184	-0.00793481	-3.17392500
16.22596184	-0.00793481	-3.17392500
16.24596184	-0.00793481	-3.17392500
16.26596184	-0.00793481	-3.17392500
16.28596184	-0.00793481	-3.17392500
16.30596184	-0.00793481	-3.17392500
16.32596184	-0.00793481	-1.58696200
16.34596184	-0.00793481	-3.17392500
16.36596184	-0.00793481	-3.17392500
16.38596184	-0.00793481	-3.17392500
16.40596184	-0.00793481	-4.76088700
16.42596184	-0.00793481	-4.76088700
16.44596184	-0.00793481	-4.76088700
16.46596184	-0.00793481	-3.17392500
16.48596184	-0.00793481	-3.17392500
16.50596184	-0.00793481	-4.76088700
16.52596184	-0.00793481	-4.76088700
16.54596184	-0.00793481	-4.76088700
16.56596184	-0.00793481	-3.17392500
16.58596184	-0.00793481	-3.17392500
16.60596184	-0.00793481	-3.17392500
16.62596184	-0.00793481	-3.17392500
16.64596184	-0.00793481	-3.17392500
16.66596184	-0.00793481	-3.17392500
16.68596184	-0.00793481	-4.76088700
16.70596184	-0.00793481	-3.17392500
16.72596184	-0.00793481	-3.17392500
16.74596184	-0.00793481	-4.76088700
16.76596184	-0.00793481	-3.17392500
16.78596184	-0.00793481	-4.76088700
16.80596184	-0.00793481	-3.17392500
16.82596184	-0.00793481	-1.58696200
16.84596184	-0.00793481	-3.17392500
16.86596184	-0.00793481	-3.17392500
16.88596184	-0.00793481	-3.17392500
16.90596184	-0.00793481	-3.17392500
16.92596184	-0.00793481	-3.17392500
16.94596184	-0.00793481	-4.76088700
16.96596184	-0.00793481	-4.76088700
16.98596184	-0.00793481	-4.76088700
17.00596184	-0.00793481	-4.76088700
17.02596184	-0.00793481	-4.76088700
17.04596184	-0.00793481	-4.76088700
17.06596184	-0.00793481	-3.17392500
17.08596184	-0.00793481	-3.17392500
17.10596184	-0.00793481	-4.76088700
17.12596184	-0.00793481	-4.76088700
17.14596184	-0.00793481	-3.17392500
17.16596184	-0.00793481	-4.76088700
17.18596184	-0.00793481	-1.58696200
17.20596184	-0.00793481	-3.17392500
17.22596184	-0.00793481	-1.58696200
17.24596184	-0.00793481	-3.17392500
17.26596184	-0.00793481	-3.17392500
17.28596184	0.00000000	-4.76088700
17.30596184	-0.00793481	-3.17392500
17.32596184	-0.00793481	-3.17392500
17.34596184	-0.00793481	-3.17392500
17.36596184	-0.00793481	-3.17392500
17.38596184	-0.00793481	-4.76088700
17.40596184	-0.00793481	-3.17392500
17.42596184	-0.00793481	-3.17392500
17.44596184	-0.00793481	-3.17392500
17.46596184	-0.00793481	-1.58696200
17.48596184	-0.00793481	-1.58696200
17.50596184	-0.00793481	-3.17392500
17.52596184	-0.00793481	-4.76088700
17.54596184	-0.00793481	-3.17392500
17.56596184	-0.00793481	-4.76088700
17.58596184	-0.00793481	-3.17392500
17.60596184	-0.00793481	-3.17392500
17.62596183	-0.00793481	-3.17392500
17.64596183	-0.00793481	-3.17392500
17.66596183	-0.00793481	-3.17392500
17.68596183	-0.00793481	-3.17392500
17.70596183	-0.00793481	-4.76088700
17.72596183	-0.00793481	-3.17392500
17.74596183	-0.00793481	-3.17392500
17.76596183	-0.00793481	-3.17392500
17.78596183	-0.00793481	-3.17392500
17.80596183	-0.00793481	-3.17392500
17.82596183	-0.00793481	-1.58696200
17.84596183	-0.00793481	-3.17392500
17.86596183	-0.00793481	-3.17392500
17.88596183	-0.00793481	-4.76088700
17.90596183	-0.00793481	-4.76088700
17.92596183	-0.00793481	-3.17392500
17.94596183	-0.00793481	-3.17392500
17.96596183	-0.00793481	-3.17392500
17.98596183	-0.00793481	-3.17392500
18.00596183	-0.00793481	-3.17392500
18.02596183	-0.00793481	-4.76088700
18.04596183	-0.00793481	-3.17392500
