Time	Channel A	Channel B
(us)	(V)	(mV)

-2.02202409	-0.00793481	0.00000000
-2.00202409	-0.00793481	-1.58696200
-1.98202409	-0.00793481	0.00000000
-1.96202409	-0.00793481	-1.58696200
-1.94202409	-0.00793481	-1.58696200
-1.92202409	-0.00793481	-1.58696200
-1.90202409	-0.00793481	0.00000000
-1.88202409	-0.00793481	-1.58696200
-1.86202409	-0.00793481	-1.58696200
-1.84202409	-0.00793481	-3.17392500
-1.82202409	-0.00793481	-3.17392500
-1.80202409	-0.00793481	-3.17392500
-1.78202409	-0.00793481	-3.17392500
-1.76202409	-0.00793481	-3.17392500
-1.74202409	-0.00793481	-4.76088700
-1.72202409	-0.00793481	-3.17392500
-1.70202409	-0.00793481	-3.17392500
-1.68202409	-0.00793481	-3.17392500
-1.66202409	-0.00793481	-3.17392500
-1.64202409	-0.00793481	-3.17392500
-1.62202409	-0.00793481	-3.17392500
-1.60202409	-0.00793481	-3.17392500
-1.58202409	-0.00793481	-3.17392500
-1.56202409	-0.00793481	-3.17392500
-1.54202409	-0.00793481	-3.17392500
-1.52202409	-0.00793481	-4.76088700
-1.50202409	-0.00793481	-3.17392500
-1.48202409	-0.00793481	-3.17392500
-1.46202409	-0.00793481	-1.58696200
-1.44202409	-0.00793481	-3.17392500
-1.42202409	-0.00793481	-3.17392500
-1.40202410	-0.00793481	-3.17392500
-1.38202410	-0.00793481	-3.17392500
-1.36202410	-0.00793481	-3.17392500
-1.34202410	-0.00793481	-3.17392500
-1.32202410	-0.00793481	-1.58696200
-1.30202410	-0.00793481	-1.58696200
-1.28202410	-0.00793481	-3.17392500
-1.26202410	-0.00793481	-4.76088700
-1.24202410	-0.00793481	-4.76088700
-1.22202410	-0.00793481	-4.76088700
-1.20202410	-0.00793481	-6.34785000
-1.18202410	-0.00793481	-3.17392500
-1.16202410	-0.00793481	-3.17392500
-1.14202410	-0.00793481	-4.76088700
-1.12202410	-0.00793481	-3.17392500
-1.10202410	-0.00793481	-3.17392500
-1.08202410	-0.00793481	-3.17392500
-1.06202410	-0.00793481	-3.17392500
-1.04202410	-0.00793481	-3.17392500
-1.02202410	-0.00793481	-3.17392500
-1.00202410	-0.00793481	-3.17392500
-0.98202410	-0.00793481	-3.17392500
-0.96202410	-0.00793481	-3.17392500
-0.94202410	-0.00793481	-1.58696200
-0.92202410	-0.00793481	-1.58696200
-0.90202410	-0.00793481	-1.58696200
-0.88202410	-0.00793481	-1.58696200
-0.86202410	-0.00793481	-3.17392500
-0.84202410	-0.00793481	-1.58696200
-0.82202410	-0.00793481	-1.58696200
-0.80202410	0.00000000	-3.17392500
-0.78202410	-0.00793481	-1.58696200
-0.76202410	-0.00793481	-3.17392500
-0.74202410	-0.00793481	-3.17392500
-0.72202410	-0.00793481	-1.58696200
-0.70202410	-0.00793481	-1.58696200
-0.68202410	-0.00793481	-1.58696200
-0.66202410	-0.00793481	-3.17392500
-0.64202410	-0.00793481	-1.58696200
-0.62202410	-0.00793481	-3.17392500
-0.60202410	-0.00793481	-3.17392500
-0.58202410	-0.00793481	-3.17392500
-0.56202410	-0.00793481	-3.17392500
-0.54202410	-0.00793481	-3.17392500
-0.52202410	-0.00793481	-3.17392500
-0.50202410	-0.00793481	-3.17392500
-0.48202410	-0.00793481	-3.17392500
-0.46202410	-0.00793481	-3.17392500
-0.44202410	-0.00793481	-3.17392500
-0.42202410	-0.00793481	-1.58696200
-0.40202410	-0.00793481	-3.17392500
-0.38202410	-0.00793481	-1.58696200
-0.36202410	-0.00793481	-3.17392500
-0.34202410	-0.00793481	-3.17392500
-0.32202410	-0.00793481	-3.17392500
-0.30202410	-0.00793481	-3.17392500
-0.28202410	-0.00793481	-3.17392500
-0.26202410	-0.00793481	-1.58696200
-0.24202410	-0.00793481	-1.58696200
-0.22202410	-0.00793481	-3.17392500
-0.20202410	-0.00793481	-4.76088700
-0.18202410	-0.00793481	-3.17392500
-0.16202410	-0.00793481	-4.76088700
-0.14202410	-0.00793481	-3.17392500
-0.12202410	-0.00793481	-3.17392500
-0.10202410	-0.00793481	-3.17392500
-0.08202410	0.00000000	-4.76088700
-0.06202410	0.01586962	-9.52177400
-0.04202410	0.03967406	-15.86962000
-0.02202410	0.06347850	-19.04355000
-0.00202410	0.09521775	-19.04355000
0.01797590	0.11902220	-14.28266000
0.03797590	0.14285710	-14.28266000
0.05797590	0.15872680	-11.10874000
0.07797590	0.18253120	-12.69570000
0.09797590	0.19840080	-12.69570000
0.11797590	0.20633560	-12.69570000
0.13797590	0.22220530	-15.86962000
0.15797590	0.23014010	-15.86962000
0.17797590	0.23807490	-19.04355000
0.19797590	0.23807490	-19.04355000
0.21797590	0.23807490	-15.86962000
0.23797589	0.23014010	-12.69570000
0.25797589	0.22220530	-9.52177400
0.27797589	0.21427050	-9.52177400
0.29797589	0.20633560	-7.93481200
0.31797589	0.20633560	-11.10874000
0.33797589	0.19840080	-11.10874000
0.35797589	0.19046600	-11.10874000
0.37797589	0.19046600	-11.10874000
0.39797589	0.18253120	-11.10874000
0.41797589	0.18253120	-12.69570000
0.43797589	0.18253120	-11.10874000
0.45797589	0.18253120	-9.52177400
0.47797589	0.17459640	-6.34785000
0.49797589	0.17459640	-4.76088700
0.51797589	0.17459640	-6.34785000
0.53797589	0.17459640	-7.93481200
0.55797589	0.16666160	-7.93481200
0.57797589	0.16666160	-6.34785000
0.59797589	0.16666160	-7.93481200
0.61797589	0.16666160	-4.76088700
0.63797589	0.16666160	-3.17392500
0.65797589	0.15872680	-3.17392500
0.67797589	0.15872680	-3.17392500
0.69797589	0.15872680	-4.76088700
0.71797589	0.15872680	-3.17392500
0.73797589	0.15872680	-4.76088700
0.75797589	0.15079200	-3.17392500
0.77797589	0.15079200	-4.76088700
0.79797589	0.15079200	-4.76088700
0.81797589	0.15079200	-4.76088700
0.83797589	0.14285710	-3.17392500
0.85797589	0.14285710	-3.17392500
0.87797589	0.14285710	-3.17392500
0.89797589	0.14285710	-1.58696200
0.91797589	0.14285710	-1.58696200
0.93797589	0.13489180	-1.58696200
0.95797589	0.13489180	-3.17392500
0.97797589	0.13489180	-4.76088700
0.99797589	0.13489180	-4.76088700
1.01797589	0.13489180	-3.17392500
1.03797589	0.13489180	-4.76088700
1.05797589	0.12695700	-3.17392500
1.07797589	0.12695700	-3.17392500
1.09797589	0.12695700	-3.17392500
1.11797589	0.12695700	-3.17392500
1.13797589	0.12695700	-3.17392500
1.15797589	0.11902220	-3.17392500
1.17797589	0.11902220	-1.58696200
1.19797589	0.11902220	-3.17392500
1.21797589	0.11902220	-3.17392500
1.23797589	0.11902220	-4.76088700
1.25797589	0.11902220	-3.17392500
1.27797589	0.11108740	-3.17392500
1.29797589	0.11108740	-4.76088700
1.31797589	0.11108740	-3.17392500
1.33797589	0.11108740	-4.76088700
1.35797589	0.11108740	-3.17392500
1.37797589	0.11108740	-3.17392500
1.39797589	0.11108740	-1.58696200
1.41797589	0.10315260	-3.17392500
1.43797589	0.10315260	-1.58696200
1.45797589	0.10315260	-1.58696200
1.47797589	0.10315260	-3.17392500
1.49797589	0.10315260	-3.17392500
1.51797589	0.10315260	-1.58696200
1.53797589	0.10315260	-1.58696200
1.55797589	0.09521775	-1.58696200
1.57797589	0.09521775	-1.58696200
1.59797589	0.09521775	-3.17392500
1.61797589	0.09521775	-3.17392500
1.63797589	0.09521775	-4.76088700
1.65797589	0.09521775	-4.76088700
1.67797589	0.09521775	-4.76088700
1.69797589	0.09521775	-3.17392500
1.71797589	0.08728294	-4.76088700
1.73797589	0.08728294	-1.58696200
1.75797589	0.08728294	-3.17392500
1.77797589	0.08728294	-4.76088700
1.79797589	0.08728294	-3.17392500
1.81797589	0.08728294	-3.17392500
1.83797589	0.08728294	-3.17392500
1.85797589	0.08728294	-3.17392500
1.87797589	0.07934812	-6.34785000
1.89797588	0.07934812	-3.17392500
1.91797588	0.07934812	-4.76088700
1.93797588	0.07934812	-3.17392500
1.95797588	0.07934812	-4.76088700
1.97797588	0.07934812	-1.58696200
1.99797588	0.07934812	-3.17392500
2.01797588	0.07934812	-3.17392500
2.03797588	0.07934812	-3.17392500
2.05797588	0.07934812	-4.76088700
2.07797588	0.07141331	-4.76088700
2.09797588	0.07141331	-3.17392500
2.11797588	0.07141331	-3.17392500
2.13797588	0.07141331	-3.17392500
2.15797588	0.07141331	-3.17392500
2.17797588	0.07141331	-3.17392500
2.19797588	0.07141331	-4.76088700
2.21797588	0.07141331	-6.34785000
2.23797588	0.07141331	-4.76088700
2.25797588	0.07141331	-4.76088700
2.27797588	0.06347850	-3.17392500
2.29797588	0.06347850	-3.17392500
2.31797588	0.06347850	-3.17392500
2.33797588	0.06347850	-3.17392500
2.35797588	0.06347850	-1.58696200
2.37797588	0.06347850	-3.17392500
2.39797588	0.06347850	-4.76088700
2.41797588	0.06347850	-4.76088700
2.43797588	0.06347850	-6.34785000
2.45797588	0.06347850	-4.76088700
2.47797588	0.05554369	-4.76088700
2.49797588	0.05554369	-4.76088700
2.51797588	0.05554369	-3.17392500
2.53797588	0.05554369	-3.17392500
2.55797588	0.05554369	-4.76088700
2.57797588	0.05554369	-4.76088700
2.59797588	0.05554369	-3.17392500
2.61797588	0.05554369	-3.17392500
2.63797588	0.05554369	-3.17392500
2.65797588	0.05554369	-3.17392500
2.67797588	0.05554369	-4.76088700
2.69797588	0.05554369	-4.76088700
2.71797588	0.05554369	-4.76088700
2.73797588	0.04760887	-4.76088700
2.75797588	0.04760887	-4.76088700
2.77797588	0.04760887	-4.76088700
2.79797588	0.04760887	-3.17392500
2.81797588	0.04760887	-3.17392500
2.83797588	0.04760887	-1.58696200
2.85797588	0.04760887	-3.17392500
2.87797588	0.04760887	-3.17392500
2.89797588	0.04760887	-1.58696200
2.91797588	0.04760887	-1.58696200
2.93797588	0.04760887	-1.58696200
2.95797588	0.04760887	-3.17392500
2.97797588	0.04760887	-1.58696200
2.99797588	0.04760887	-1.58696200
3.01797588	0.04760887	-1.58696200
3.03797588	0.04760887	-3.17392500
3.05797588	0.04760887	-3.17392500
3.07797588	0.03967406	-3.17392500
3.09797588	0.03967406	-4.76088700
3.11797588	0.03967406	-3.17392500
3.13797588	0.03967406	-3.17392500
3.15797588	0.03967406	-1.58696200
3.17797588	0.03967406	-3.17392500
3.19797588	0.03967406	-1.58696200
3.21797588	0.03967406	-3.17392500
3.23797588	0.03967406	-3.17392500
3.25797588	0.03967406	-3.17392500
3.27797588	0.03967406	-4.76088700
3.29797588	0.03967406	-3.17392500
3.31797588	0.03967406	-3.17392500
3.33797588	0.03967406	-3.17392500
3.35797588	0.03173925	-3.17392500
3.37797588	0.03967406	-4.76088700
3.39797588	0.03173925	-4.76088700
3.41797588	0.03173925	-4.76088700
3.43797588	0.03173925	-3.17392500
3.45797588	0.03173925	-3.17392500
3.47797588	0.03173925	-1.58696200
3.49797588	0.03173925	-3.17392500
3.51797588	0.03173925	-3.17392500
3.53797587	0.03173925	-3.17392500
3.55797587	0.03173925	-3.17392500
3.57797587	0.03173925	-1.58696200
3.59797587	0.03173925	-3.17392500
3.61797587	0.03173925	-1.58696200
3.63797587	0.03173925	-4.76088700
3.65797587	0.03173925	-4.76088700
3.67797587	0.03173925	-4.76088700
3.69797587	0.03173925	-3.17392500
3.71797587	0.03173925	-3.17392500
3.73797587	0.03173925	-3.17392500
3.75797587	0.03173925	-3.17392500
3.77797587	0.03173925	-3.17392500
3.79797587	0.03173925	-3.17392500
3.81797587	0.03173925	-3.17392500
3.83797587	0.03173925	-3.17392500
3.85797587	0.03173925	-3.17392500
3.87797587	0.02380444	-3.17392500
3.89797587	0.02380444	-4.76088700
3.91797587	0.02380444	-3.17392500
3.93797587	0.02380444	-4.76088700
3.95797587	0.02380444	-3.17392500
3.97797587	0.02380444	-3.17392500
3.99797587	0.02380444	-3.17392500
4.01797587	0.02380444	-3.17392500
4.03797587	0.02380444	-3.17392500
4.05797587	0.02380444	-3.17392500
4.07797587	0.02380444	-4.76088700
4.09797587	0.02380444	-3.17392500
4.11797587	0.02380444	-3.17392500
4.13797587	0.02380444	-3.17392500
4.15797587	0.02380444	-4.76088700
4.17797587	0.02380444	-4.76088700
4.19797587	0.02380444	-3.17392500
4.21797587	0.02380444	-3.17392500
4.23797587	0.02380444	-3.17392500
4.25797587	0.02380444	-3.17392500
4.27797587	0.02380444	-3.17392500
4.29797587	0.02380444	-4.76088700
4.31797587	0.02380444	-4.76088700
4.33797587	0.02380444	-3.17392500
4.35797587	0.02380444	-3.17392500
4.37797587	0.02380444	-3.17392500
4.39797587	0.01586962	-3.17392500
4.41797587	0.01586962	-3.17392500
4.43797587	0.01586962	-3.17392500
4.45797587	0.01586962	-3.17392500
4.47797587	0.01586962	-4.76088700
4.49797587	0.01586962	-4.76088700
4.51797587	0.01586962	-3.17392500
4.53797587	0.01586962	-3.17392500
4.55797587	0.01586962	-3.17392500
4.57797587	0.01586962	-3.17392500
4.59797587	0.01586962	-3.17392500
4.61797587	0.01586962	-3.17392500
4.63797587	0.01586962	-1.58696200
4.65797587	0.01586962	-3.17392500
4.67797587	0.01586962	-3.17392500
4.69797587	0.01586962	-3.17392500
4.71797587	0.01586962	-4.76088700
4.73797587	0.01586962	-4.76088700
4.75797587	0.01586962	-4.76088700
4.77797587	0.01586962	-4.76088700
4.79797587	0.01586962	-3.17392500
4.81797587	0.01586962	-1.58696200
4.83797587	0.01586962	-3.17392500
4.85797587	0.01586962	-3.17392500
4.87797587	0.01586962	-3.17392500
4.89797587	0.01586962	-3.17392500
4.91797587	0.01586962	-1.58696200
4.93797587	0.01586962	-1.58696200
4.95797587	0.01586962	-1.58696200
4.97797587	0.01586962	-1.58696200
4.99797587	0.01586962	-3.17392500
5.01797587	0.01586962	-3.17392500
5.03797587	0.01586962	-3.17392500
5.05797587	0.01586962	-4.76088700
5.07797587	0.01586962	-4.76088700
5.09797587	0.01586962	-4.76088700
5.11797587	0.01586962	-6.34785000
5.13797587	0.01586962	-4.76088700
5.15797587	0.01586962	-6.34785000
5.17797586	0.00793481	-4.76088700
5.19797586	0.01586962	-4.76088700
5.21797586	0.01586962	-4.76088700
5.23797586	0.01586962	-4.76088700
5.25797586	0.00793481	-4.76088700
5.27797586	0.00793481	-4.76088700
5.29797586	0.00793481	-3.17392500
5.31797586	0.00793481	-6.34785000
5.33797586	0.00793481	-4.76088700
5.35797586	0.00793481	-4.76088700
5.37797586	0.00793481	-4.76088700
5.39797586	0.00793481	-4.76088700
5.41797586	0.00793481	-3.17392500
5.43797586	0.00793481	-3.17392500
5.45797586	0.00793481	-3.17392500
5.47797586	0.00793481	-3.17392500
5.49797586	0.00793481	-1.58696200
5.51797586	0.00793481	-1.58696200
5.53797586	0.00793481	-3.17392500
5.55797586	0.00793481	-3.17392500
5.57797586	0.00793481	-3.17392500
5.59797586	0.00793481	-3.17392500
5.61797586	0.00793481	-1.58696200
5.63797586	0.00793481	-3.17392500
5.65797586	0.00793481	-3.17392500
5.67797586	0.00793481	-1.58696200
5.69797586	0.00793481	-1.58696200
5.71797586	0.00793481	-1.58696200
5.73797586	0.00793481	-1.58696200
5.75797586	0.00793481	-3.17392500
5.77797586	0.00793481	-3.17392500
5.79797586	0.00793481	-1.58696200
5.81797586	0.00793481	-1.58696200
5.83797586	0.00793481	-1.58696200
5.85797586	0.00793481	-1.58696200
5.87797586	0.00793481	-4.76088700
5.89797586	0.00793481	-3.17392500
5.91797586	0.00793481	-3.17392500
5.93797586	0.00793481	-4.76088700
5.95797586	0.00793481	-3.17392500
5.97797586	0.00793481	-3.17392500
5.99797586	0.00793481	-3.17392500
6.01797586	0.00793481	0.00000000
6.03797586	0.00793481	-1.58696200
6.05797586	0.00793481	-1.58696200
6.07797586	0.00793481	-1.58696200
6.09797586	0.00793481	-3.17392500
6.11797586	0.00793481	-3.17392500
6.13797586	0.00793481	-3.17392500
6.15797586	0.00793481	-3.17392500
6.17797586	0.00793481	-3.17392500
6.19797586	0.00793481	-3.17392500
6.21797586	0.00793481	-3.17392500
6.23797586	0.00793481	-4.76088700
6.25797586	0.00793481	-3.17392500
6.27797586	0.00793481	-3.17392500
6.29797586	0.00793481	-3.17392500
6.31797586	0.00793481	-3.17392500
6.33797586	0.00793481	-3.17392500
6.35797586	0.00793481	-3.17392500
6.37797586	0.00793481	-3.17392500
6.39797586	0.00793481	-3.17392500
6.41797586	0.00793481	-3.17392500
6.43797586	0.00793481	-3.17392500
6.45797586	0.00793481	-1.58696200
6.47797586	0.00000000	-3.17392500
6.49797586	0.00000000	-3.17392500
6.51797586	0.00793481	-4.76088700
6.53797586	0.00793481	-4.76088700
6.55797586	0.00793481	-3.17392500
6.57797586	0.00793481	-3.17392500
6.59797586	0.00793481	-3.17392500
6.61797586	0.00793481	-1.58696200
6.63797586	0.00793481	-1.58696200
6.65797586	0.00793481	-1.58696200
6.67797586	0.00000000	-1.58696200
6.69797586	0.00793481	-1.58696200
6.71797586	0.00793481	-1.58696200
6.73797586	0.00793481	-3.17392500
6.75797586	0.00793481	-3.17392500
6.77797586	0.00000000	-4.76088700
6.79797586	0.00793481	-4.76088700
6.81797586	0.00793481	-3.17392500
6.83797585	0.00000000	-3.17392500
6.85797585	0.00000000	-1.58696200
6.87797585	0.00793481	-1.58696200
6.89797585	0.00000000	-1.58696200
6.91797585	0.00000000	-1.58696200
6.93797585	0.00000000	-1.58696200
6.95797585	0.00000000	-1.58696200
6.97797585	0.00000000	-3.17392500
6.99797585	0.00000000	-3.17392500
7.01797585	0.00000000	-3.17392500
7.03797585	0.00000000	-3.17392500
7.05797585	0.00000000	-3.17392500
7.07797585	0.00000000	-4.76088700
7.09797585	0.00000000	-4.76088700
7.11797585	0.00000000	-4.76088700
7.13797585	0.00000000	-4.76088700
7.15797585	0.00000000	-1.58696200
7.17797585	0.00000000	-1.58696200
7.19797585	0.00000000	-1.58696200
7.21797585	0.00000000	-1.58696200
7.23797585	0.00000000	-1.58696200
7.25797585	0.00000000	-3.17392500
7.27797585	0.00000000	-3.17392500
7.29797585	0.00000000	-3.17392500
7.31797585	0.00000000	-4.76088700
7.33797585	0.00000000	-3.17392500
7.35797585	0.00000000	-4.76088700
7.37797585	0.00000000	-6.34785000
7.39797585	0.00000000	-4.76088700
7.41797585	0.00000000	-3.17392500
7.43797585	0.00000000	-3.17392500
7.45797585	0.00000000	-3.17392500
7.47797585	0.00000000	-1.58696200
7.49797585	0.00000000	-3.17392500
7.51797585	0.00000000	-3.17392500
7.53797585	0.00000000	-1.58696200
7.55797585	0.00000000	-3.17392500
7.57797585	0.00000000	-1.58696200
7.59797585	0.00000000	-3.17392500
7.61797585	0.00000000	-1.58696200
7.63797585	0.00000000	-3.17392500
7.65797585	0.00000000	-3.17392500
7.67797585	0.00000000	-3.17392500
7.69797585	0.00000000	-3.17392500
7.71797585	0.00000000	-1.58696200
7.73797585	0.00000000	-1.58696200
7.75797585	0.00000000	-3.17392500
7.77797585	0.00000000	-1.58696200
7.79797585	0.00000000	-1.58696200
7.81797585	0.00000000	-1.58696200
7.83797585	0.00000000	-1.58696200
7.85797585	0.00000000	-1.58696200
7.87797585	0.00000000	-3.17392500
7.89797585	0.00000000	-1.58696200
7.91797585	0.00000000	-1.58696200
7.93797585	0.00000000	-3.17392500
7.95797585	0.00000000	-1.58696200
7.97797585	0.00000000	-3.17392500
7.99797585	0.00000000	-3.17392500
8.01797585	0.00000000	-1.58696200
8.03797585	0.00000000	-1.58696200
8.05797585	0.00000000	-1.58696200
8.07797585	0.00000000	0.00000000
8.09797585	0.00000000	0.00000000
8.11797585	0.00000000	0.00000000
8.13797585	0.00000000	-1.58696200
8.15797585	0.00000000	-1.58696200
8.17797585	0.00000000	-3.17392500
8.19797585	0.00000000	-3.17392500
8.21797585	0.00000000	-3.17392500
8.23797585	0.00000000	-4.76088700
8.25797585	0.00000000	-3.17392500
8.27797585	0.00000000	-1.58696200
8.29797585	0.00000000	-1.58696200
8.31797585	0.00000000	-3.17392500
8.33797585	0.00000000	0.00000000
8.35797585	0.00000000	-1.58696200
8.37797585	0.00000000	-1.58696200
8.39797585	0.00000000	-1.58696200
8.41797585	0.00000000	-1.58696200
8.43797585	0.00000000	-1.58696200
8.45797585	0.00000000	-1.58696200
8.47797584	0.00000000	-1.58696200
8.49797584	0.00000000	-3.17392500
8.51797584	0.00000000	-3.17392500
8.53797584	0.00000000	-3.17392500
8.55797584	0.00000000	-4.76088700
8.57797584	0.00000000	-3.17392500
8.59797584	0.00000000	-3.17392500
8.61797584	0.00000000	-1.58696200
8.63797584	0.00000000	-1.58696200
8.65797584	0.00000000	-1.58696200
8.67797584	0.00000000	-1.58696200
8.69797584	0.00000000	-1.58696200
8.71797584	0.00000000	-3.17392500
8.73797584	0.00000000	-1.58696200
8.75797584	0.00000000	-4.76088700
8.77797584	0.00000000	-3.17392500
8.79797584	0.00000000	-3.17392500
8.81797584	0.00000000	-3.17392500
8.83797584	0.00000000	0.00000000
8.85797584	0.00000000	-1.58696200
8.87797584	0.00000000	-1.58696200
8.89797584	0.00000000	-1.58696200
8.91797584	0.00000000	-1.58696200
8.93797584	0.00000000	0.00000000
8.95797584	0.00000000	-1.58696200
8.97797584	0.00000000	-1.58696200
8.99797584	0.00000000	-3.17392500
9.01797584	0.00000000	-1.58696200
9.03797584	0.00000000	-3.17392500
9.05797584	0.00000000	0.00000000
9.07797584	0.00000000	0.00000000
9.09797584	0.00000000	-1.58696200
9.11797584	0.00000000	-1.58696200
9.13797584	0.00000000	-3.17392500
9.15797584	0.00000000	-1.58696200
9.17797584	0.00000000	-1.58696200
9.19797584	0.00000000	0.00000000
9.21797584	0.00000000	-1.58696200
9.23797584	0.00000000	-3.17392500
9.25797584	0.00000000	-3.17392500
9.27797584	0.00000000	-1.58696200
9.29797584	0.00000000	-1.58696200
9.31797584	0.00000000	-1.58696200
9.33797584	0.00000000	-3.17392500
9.35797584	0.00000000	-3.17392500
9.37797584	0.00000000	-3.17392500
9.39797584	0.00000000	-4.76088700
9.41797584	0.00000000	-3.17392500
9.43797584	0.00000000	-1.58696200
9.45797584	0.00000000	0.00000000
9.47797584	0.00000000	0.00000000
9.49797584	0.00000000	-1.58696200
9.51797584	0.00000000	-1.58696200
9.53797584	0.00000000	-1.58696200
9.55797584	0.00000000	-1.58696200
9.57797584	0.00000000	-1.58696200
9.59797584	0.00000000	-3.17392500
9.61797584	0.00000000	-1.58696200
9.63797584	0.00000000	-3.17392500
9.65797584	0.00000000	-1.58696200
9.67797584	0.00000000	-3.17392500
9.69797584	0.00000000	-3.17392500
9.71797584	0.00000000	-1.58696200
9.73797584	0.00000000	-1.58696200
9.75797584	0.00000000	-1.58696200
9.77797584	0.00000000	-3.17392500
9.79797584	0.00000000	-1.58696200
9.81797584	0.00000000	-1.58696200
9.83797584	0.00000000	-1.58696200
9.85797584	0.00000000	-1.58696200
9.87797584	0.00000000	-1.58696200
9.89797584	0.00000000	-1.58696200
9.91797584	0.00000000	-1.58696200
9.93797584	0.00000000	-3.17392500
9.95797584	0.00000000	-1.58696200
9.97797584	0.00000000	-1.58696200
9.99797584	0.00000000	-1.58696200
10.01797584	0.00000000	-1.58696200
10.03797584	0.00000000	-1.58696200
10.05797584	0.00000000	-1.58696200
10.07797584	0.00000000	0.00000000
10.09797584	0.00000000	-1.58696200
10.11797583	0.00000000	0.00000000
10.13797583	0.00000000	0.00000000
10.15797583	0.00000000	-1.58696200
10.17797583	0.00000000	-1.58696200
10.19797583	0.00000000	-3.17392500
10.21797583	0.00000000	-1.58696200
10.23797583	0.00000000	-1.58696200
10.25797583	0.00000000	-1.58696200
10.27797583	0.00000000	-1.58696200
10.29797583	0.00000000	-1.58696200
10.31797583	0.00000000	-1.58696200
10.33797583	0.00000000	0.00000000
10.35797583	0.00000000	0.00000000
10.37797583	0.00000000	-1.58696200
10.39797583	0.00000000	-3.17392500
10.41797583	0.00000000	-1.58696200
10.43797583	0.00000000	-1.58696200
10.45797583	0.00000000	1.58696200
10.47797583	0.00000000	4.76088700
10.49797583	0.00000000	9.52177400
10.51797583	0.00000000	14.28266000
10.53797583	0.00000000	20.63051000
10.55797583	0.00000000	31.74535000
10.57797583	0.00000000	41.26713000
10.59797583	0.00000000	52.37587000
10.61797583	0.00000000	61.90374000
10.63797583	0.00000000	71.42551000
10.65797583	0.00000000	77.77337000
10.67797583	0.00000000	80.94729000
10.69797583	0.00000000	82.53426000
10.71797583	0.00000000	80.94729000
10.73797583	0.00000000	79.36033000
10.75797583	0.00000000	77.77337000
10.77797583	0.00000000	73.01248000
10.79797583	0.00000000	68.25159000
10.81797583	0.00000000	63.49071000
10.83797583	0.00000000	58.72982000
10.85797583	0.00000000	53.96283000
10.87797583	0.00000000	49.20194000
10.89797583	0.00000000	46.02802000
10.91797583	0.00000000	41.26713000
10.93797583	0.00000000	38.09320000
10.95797583	0.00000000	34.91928000
10.97797583	0.00000000	31.74535000
10.99797583	0.00000000	26.97836000
11.01797583	0.00000000	25.39140000
11.03797583	0.00000000	22.21748000
11.05797583	0.00000000	23.80444000
11.07797583	0.00000000	20.63051000
11.09797583	0.00000000	19.04355000
11.11797583	0.00000000	17.45659000
11.13797583	0.00000000	15.86962000
11.15797583	0.00000000	15.86962000
11.17797583	0.00000000	15.86962000
11.19797583	0.00000000	15.86962000
11.21797583	0.00000000	14.28266000
11.23797583	0.00000000	12.69570000
11.25797583	0.00000000	11.10874000
11.27797583	0.00000000	11.10874000
11.29797583	0.00000000	12.69570000
11.31797583	0.00000000	11.10874000
11.33797583	0.00000000	9.52177400
11.35797583	0.00000000	7.93481200
11.37797583	0.00000000	9.52177400
11.39797583	0.00000000	7.93481200
11.41797583	0.00000000	7.93481200
11.43797583	0.00000000	7.93481200
11.45797583	0.00000000	7.93481200
11.47797583	0.00000000	9.52177400
11.49797583	0.00000000	9.52177400
11.51797583	0.00000000	7.93481200
11.53797583	0.00000000	7.93481200
11.55797583	0.00000000	7.93481200
11.57797583	0.00000000	7.93481200
11.59797583	0.00000000	6.34785000
11.61797583	0.00000000	6.34785000
11.63797583	0.00000000	6.34785000
11.65797583	0.00000000	4.76088700
11.67797583	0.00000000	6.34785000
11.69797583	0.00000000	6.34785000
11.71797583	0.00000000	6.34785000
11.73797583	0.00000000	6.34785000
11.75797582	0.00000000	6.34785000
11.77797582	0.00000000	6.34785000
11.79797582	0.00000000	6.34785000
11.81797582	0.00000000	6.34785000
11.83797582	0.00000000	6.34785000
11.85797582	0.00000000	6.34785000
11.87797582	0.00000000	6.34785000
11.89797582	0.00000000	6.34785000
11.91797582	0.00000000	4.76088700
11.93797582	0.00000000	4.76088700
11.95797582	0.00000000	6.34785000
11.97797582	0.00000000	6.34785000
11.99797582	0.00000000	6.34785000
12.01797582	0.00000000	3.17392500
12.03797582	0.00000000	4.76088700
12.05797582	0.00000000	4.76088700
12.07797582	0.00000000	6.34785000
12.09797582	0.00000000	6.34785000
12.11797582	0.00000000	6.34785000
12.13797582	0.00000000	1.58696200
12.15797582	0.00000000	3.17392500
12.17797582	0.00000000	1.58696200
12.19797582	0.00000000	1.58696200
12.21797582	0.00000000	3.17392500
12.23797582	0.00000000	3.17392500
12.25797582	0.00000000	3.17392500
12.27797582	0.00000000	4.76088700
12.29797582	0.00000000	3.17392500
12.31797582	0.00000000	3.17392500
12.33797582	0.00000000	3.17392500
12.35797582	0.00000000	4.76088700
12.37797582	0.00000000	4.76088700
12.39797582	0.00000000	4.76088700
12.41797582	0.00000000	3.17392500
12.43797582	0.00000000	3.17392500
12.45797582	0.00000000	3.17392500
12.47797582	0.00000000	3.17392500
12.49797582	0.00000000	1.58696200
12.51797582	0.00000000	3.17392500
12.53797582	0.00000000	3.17392500
12.55797582	0.00000000	1.58696200
12.57797582	0.00000000	3.17392500
12.59797582	0.00000000	1.58696200
12.61797582	0.00000000	3.17392500
12.63797582	0.00000000	3.17392500
12.65797582	0.00000000	3.17392500
12.67797582	0.00000000	3.17392500
12.69797582	0.00000000	3.17392500
12.71797582	0.00000000	1.58696200
12.73797582	0.00000000	4.76088700
12.75797582	0.00000000	3.17392500
12.77797582	0.00000000	1.58696200
12.79797582	0.00000000	3.17392500
12.81797582	0.00000000	1.58696200
12.83797582	0.00000000	1.58696200
12.85797582	0.00000000	1.58696200
12.87797582	0.00000000	3.17392500
12.89797582	0.00000000	1.58696200
12.91797582	0.00000000	3.17392500
12.93797582	0.00000000	4.76088700
12.95797582	0.00000000	3.17392500
12.97797582	0.00000000	3.17392500
12.99797582	0.00000000	4.76088700
13.01797582	0.00000000	1.58696200
13.03797582	0.00000000	3.17392500
13.05797582	0.00000000	3.17392500
13.07797582	0.00000000	1.58696200
13.09797582	0.00000000	3.17392500
13.11797582	0.00000000	3.17392500
13.13797582	0.00000000	3.17392500
13.15797582	0.00000000	3.17392500
13.17797582	0.00000000	4.76088700
13.19797582	0.00000000	3.17392500
13.21797582	0.00000000	1.58696200
13.23797582	0.00000000	1.58696200
13.25797582	0.00000000	1.58696200
13.27797582	0.00000000	1.58696200
13.29797582	0.00000000	1.58696200
13.31797582	0.00000000	1.58696200
13.33797582	0.00000000	1.58696200
13.35797582	0.00000000	1.58696200
13.37797582	0.00000000	1.58696200
13.39797582	0.00000000	1.58696200
13.41797581	0.00000000	1.58696200
13.43797581	0.00000000	1.58696200
13.45797581	0.00000000	3.17392500
13.47797581	0.00000000	0.00000000
13.49797581	0.00000000	3.17392500
13.51797581	0.00000000	3.17392500
13.53797581	0.00000000	3.17392500
13.55797581	0.00000000	3.17392500
13.57797581	0.00000000	4.76088700
13.59797581	0.00000000	3.17392500
13.61797581	0.00000000	3.17392500
13.63797581	0.00000000	1.58696200
13.65797581	0.00000000	1.58696200
13.67797581	0.00000000	1.58696200
13.69797581	0.00000000	3.17392500
13.71797581	0.00000000	3.17392500
13.73797581	0.00000000	3.17392500
13.75797581	0.00000000	1.58696200
13.77797581	0.00000000	3.17392500
13.79797581	0.00000000	3.17392500
13.81797581	0.00000000	4.76088700
13.83797581	0.00000000	3.17392500
13.85797581	0.00000000	3.17392500
13.87797581	0.00000000	1.58696200
13.89797581	0.00000000	1.58696200
13.91797581	0.00000000	0.00000000
13.93797581	0.00000000	1.58696200
13.95797581	0.00000000	3.17392500
13.97797581	0.00000000	1.58696200
13.99797581	0.00000000	4.76088700
14.01797581	0.00000000	3.17392500
14.03797581	0.00000000	1.58696200
14.05797581	0.00000000	1.58696200
14.07797581	0.00000000	1.58696200
14.09797581	0.00000000	0.00000000
14.11797581	0.00000000	1.58696200
14.13797581	0.00000000	1.58696200
14.15797581	0.00000000	1.58696200
14.17797581	0.00000000	1.58696200
14.19797581	0.00000000	1.58696200
14.21797581	0.00000000	1.58696200
14.23797581	0.00000000	1.58696200
14.25797581	0.00000000	0.00000000
14.27797581	0.00000000	1.58696200
14.29797581	0.00000000	1.58696200
14.31797581	0.00000000	1.58696200
14.33797581	0.00000000	3.17392500
14.35797581	0.00000000	4.76088700
14.37797581	0.00000000	4.76088700
14.39797581	0.00000000	3.17392500
14.41797581	0.00000000	3.17392500
14.43797581	0.00000000	3.17392500
14.45797581	0.00000000	1.58696200
14.47797581	0.00000000	3.17392500
14.49797581	0.00000000	3.17392500
14.51797581	0.00000000	4.76088700
14.53797581	0.00000000	3.17392500
14.55797581	0.00000000	1.58696200
14.57797581	0.00000000	0.00000000
14.59797581	0.00000000	0.00000000
14.61797581	0.00000000	3.17392500
14.63797581	0.00000000	3.17392500
14.65797581	0.00000000	1.58696200
14.67797581	0.00000000	1.58696200
14.69797581	0.00000000	1.58696200
14.71797581	0.00000000	1.58696200
14.73797581	0.00000000	1.58696200
14.75797581	0.00000000	1.58696200
14.77797581	0.00000000	1.58696200
14.79797581	0.00000000	0.00000000
14.81797581	0.00000000	0.00000000
14.83797581	0.00000000	1.58696200
14.85797581	0.00000000	1.58696200
14.87797581	0.00000000	1.58696200
14.89797581	0.00000000	3.17392500
14.91797581	0.00000000	1.58696200
14.93797581	0.00000000	1.58696200
14.95797581	0.00000000	3.17392500
14.97797581	0.00000000	3.17392500
14.99797581	0.00000000	3.17392500
15.01797581	0.00000000	1.58696200
15.03797581	0.00000000	3.17392500
15.05797580	0.00000000	3.17392500
15.07797580	0.00000000	3.17392500
15.09797580	0.00000000	1.58696200
15.11797580	0.00000000	1.58696200
15.13797580	0.00000000	1.58696200
15.15797580	0.00000000	1.58696200
15.17797580	0.00000000	3.17392500
15.19797580	0.00000000	3.17392500
15.21797580	0.00000000	3.17392500
15.23797580	0.00000000	3.17392500
15.25797580	0.00000000	3.17392500
15.27797580	0.00000000	3.17392500
15.29797580	0.00000000	3.17392500
15.31797580	0.00000000	1.58696200
15.33797580	0.00000000	0.00000000
15.35797580	0.00000000	0.00000000
15.37797580	0.00000000	1.58696200
15.39797580	0.00000000	1.58696200
15.41797580	0.00000000	1.58696200
15.43797580	0.00000000	1.58696200
15.45797580	0.00000000	0.00000000
15.47797580	0.00000000	1.58696200
15.49797580	0.00000000	1.58696200
15.51797580	0.00000000	1.58696200
15.53797580	0.00000000	4.76088700
15.55797580	0.00000000	3.17392500
15.57797580	0.00000000	4.76088700
15.59797580	0.00000000	1.58696200
15.61797580	0.00000000	1.58696200
15.63797580	0.00000000	0.00000000
15.65797580	0.00000000	0.00000000
15.67797580	0.00000000	0.00000000
15.69797580	0.00000000	1.58696200
15.71797580	0.00000000	1.58696200
15.73797580	0.00000000	1.58696200
15.75797580	0.00000000	1.58696200
15.77797580	0.00000000	1.58696200
15.79797580	0.00000000	3.17392500
15.81797580	0.00000000	1.58696200
15.83797580	0.00000000	3.17392500
15.85797580	0.00000000	3.17392500
15.87797580	0.00000000	1.58696200
15.89797580	0.00000000	1.58696200
15.91797580	0.00000000	0.00000000
15.93797580	0.00000000	0.00000000
15.95797580	0.00000000	0.00000000
15.97797580	0.00000000	1.58696200
15.99797580	0.00000000	1.58696200
16.01797580	0.00000000	1.58696200
16.03797580	0.00000000	1.58696200
16.05797580	0.00000000	1.58696200
16.07797580	0.00000000	3.17392500
16.09797580	0.00000000	4.76088700
16.11797580	0.00000000	3.17392500
16.13797580	0.00000000	3.17392500
16.15797580	0.00000000	3.17392500
16.17797580	0.00000000	3.17392500
16.19797580	0.00000000	3.17392500
16.21797580	0.00000000	3.17392500
16.23797580	0.00000000	3.17392500
16.25797580	0.00000000	3.17392500
16.27797580	0.00000000	3.17392500
16.29797580	0.00000000	3.17392500
16.31797580	0.00000000	3.17392500
16.33797580	0.00000000	3.17392500
16.35797580	0.00000000	3.17392500
16.37797580	0.00000000	1.58696200
16.39797580	0.00000000	1.58696200
16.41797580	0.00000000	1.58696200
16.43797580	0.00000000	1.58696200
16.45797580	0.00000000	1.58696200
16.47797580	0.00000000	1.58696200
16.49797580	0.00000000	0.00000000
16.51797580	0.00000000	0.00000000
16.53797580	0.00000000	1.58696200
16.55797580	0.00000000	0.00000000
16.57797580	0.00000000	1.58696200
16.59797580	0.00000000	1.58696200
16.61797580	0.00000000	1.58696200
16.63797580	0.00000000	3.17392500
16.65797580	0.00000000	1.58696200
16.67797580	0.00000000	1.58696200
16.69797579	0.00000000	1.58696200
16.71797579	0.00000000	1.58696200
16.73797579	0.00000000	1.58696200
16.75797579	0.00000000	1.58696200
16.77797579	0.00000000	1.58696200
16.79797579	0.00000000	1.58696200
16.81797579	0.00000000	1.58696200
16.83797579	0.00000000	1.58696200
16.85797579	0.00000000	1.58696200
16.87797579	0.00000000	1.58696200
16.89797579	0.00000000	1.58696200
16.91797579	0.00000000	1.58696200
16.93797579	0.00000000	1.58696200
16.95797579	0.00000000	0.00000000
16.97797579	0.00000000	0.00000000
16.99797579	0.00000000	0.00000000
17.01797579	0.00000000	1.58696200
17.03797579	0.00000000	1.58696200
17.05797579	0.00000000	3.17392500
17.07797579	0.00000000	1.58696200
17.09797579	0.00000000	1.58696200
17.11797579	0.00000000	1.58696200
17.13797579	0.00000000	3.17392500
17.15797579	0.00000000	3.17392500
17.17797579	0.00000000	3.17392500
17.19797579	0.00000000	3.17392500
17.21797579	0.00000000	4.76088700
17.23797579	0.00000000	4.76088700
17.25797579	0.00000000	3.17392500
17.27797579	0.00000000	1.58696200
17.29797579	0.00000000	1.58696200
17.31797579	0.00000000	0.00000000
17.33797579	0.00000000	0.00000000
17.35797579	0.00000000	0.00000000
17.37797579	0.00000000	-1.58696200
17.39797579	0.00000000	0.00000000
17.41797579	0.00000000	3.17392500
17.43797579	0.00000000	1.58696200
17.45797579	0.00000000	3.17392500
17.47797579	0.00000000	1.58696200
17.49797579	0.00000000	1.58696200
17.51797579	0.00000000	1.58696200
17.53797579	0.00000000	1.58696200
17.55797579	0.00000000	1.58696200
17.57797579	0.00000000	1.58696200
17.59797579	0.00000000	1.58696200
17.61797579	0.00000000	1.58696200
17.63797579	0.00000000	1.58696200
17.65797579	0.00000000	1.58696200
17.67797579	0.00000000	1.58696200
17.69797579	0.00000000	1.58696200
17.71797579	0.00000000	1.58696200
17.73797579	0.00000000	1.58696200
17.75797579	0.00000000	1.58696200
17.77797579	0.00000000	1.58696200
17.79797579	0.00000000	1.58696200
17.81797579	0.00000000	1.58696200
17.83797579	0.00000000	3.17392500
17.85797579	0.00000000	1.58696200
17.87797579	0.00000000	1.58696200
17.89797579	0.00000000	1.58696200
17.91797579	0.00000000	1.58696200
17.93797579	0.00000000	1.58696200
17.95797579	0.00000000	0.00000000
17.97797579	0.00000000	0.00000000
17.99797579	0.00000000	0.00000000
18.01797579	0.00000000	0.00000000
18.03797579	0.00000000	0.00000000
