Time	Channel A	Channel B
(us)	(V)	(mV)

-1.00836000	-0.00793481	-5.11490200
-1.00336000	-0.00793481	-6.13422100
-0.99836000	-0.00793481	-6.13422100
-0.99336000	-0.00793481	-5.11490200
-0.98836000	-0.00793481	-4.64491700
-0.98336000	-0.00793481	-4.73647300
-0.97836000	-0.00793481	-4.76088700
-0.97336000	-0.00793481	-4.76088700
-0.96836000	-0.00793481	-4.80971700
-0.96336000	-0.00793481	-4.99282800
-0.95836000	-0.00793481	-4.07727300
-0.95336000	-0.00793481	-2.13019200
-0.94836000	-0.00793481	-1.70903700
-0.94336000	-0.00793481	-2.91146600
-0.93836000	-0.00793481	-2.96029500
-0.93336000	-0.00793481	-1.94097700
-0.92836000	-0.00793481	-1.47099200
-0.92336000	-0.00793481	-1.56254800
-0.91836000	-0.00793481	-1.58696200
-0.91336000	-0.00793481	-1.58696200
-0.90836000	-0.00793481	-1.58696200
-0.90336000	-0.00793481	-1.58696200
-0.89836000	-0.00793481	-1.58696200
-0.89336000	-0.00793481	-1.58696200
-0.88836000	-0.00793481	-1.58696200
-0.88336000	-0.00793481	-1.58696200
-0.87836000	-0.00793481	-1.58696200
-0.87336000	-0.00793481	-1.58696200
-0.86836000	-0.00793481	-1.56254800
-0.86336000	-0.00793481	-1.47099200
-0.85836000	-0.00793481	-1.91656200
-0.85336000	-0.00793481	-2.84432500
-0.84836000	-0.00793481	-3.28989500
-0.84336000	-0.00793481	-3.19834000
-0.83836000	-0.00793481	-3.17392500
-0.83336000	-0.00793481	-3.17392500
-0.82836000	-0.00793481	-3.17392500
-0.82336000	-0.00793481	-3.17392500
-0.81836000	-0.00793481	-3.17392500
-0.81336000	-0.00793481	-3.17392500
-0.80836000	-0.00793481	-3.17392500
-0.80336000	-0.00793481	-3.17392500
-0.79836000	-0.00793481	-3.19834000
-0.79336000	-0.00793481	-3.28989500
-0.78836000	-0.00793481	-2.84432500
-0.78336000	-0.00793481	-1.91656200
-0.77836000	-0.00793481	-1.47099200
-0.77336000	-0.00793481	-1.56254800
-0.76836000	-0.00793481	-1.58696200
-0.76336000	-0.00793481	-1.58696200
-0.75836000	-0.00793481	-1.58696200
-0.75336000	-0.00793481	-1.58696200
-0.74836000	-0.00793481	-1.58696200
-0.74336000	-0.00793481	-1.58696200
-0.73836000	-0.00793481	-1.58696200
-0.73336000	-0.00793481	-1.58696200
-0.72836000	-0.00793481	-1.58696200
-0.72336000	-0.00793481	-1.58696200
-0.71836000	-0.00793481	-1.58696200
-0.71336000	-0.00793481	-1.58696200
-0.70836000	-0.00793481	-1.58696200
-0.70336000	-0.00793481	-1.58696200
-0.69836000	-0.00793481	-1.58696200
-0.69336000	-0.00793481	-1.58696200
-0.68836000	-0.00793481	-1.58696200
-0.68336000	-0.00793481	-1.58696200
-0.67836000	-0.00793481	-1.58696200
-0.67336000	-0.00793481	-1.58696200
-0.66836000	-0.00793481	-1.58696200
-0.66336000	-0.00793481	-1.58696200
-0.65836000	-0.00793481	-1.58696200
-0.65336000	-0.00793481	-1.58696200
-0.64836000	-0.00793481	-1.56254800
-0.64336000	-0.00793481	-1.47099200
-0.63836000	-0.00793481	-1.91656200
-0.63336000	-0.00793481	-2.84432500
-0.62836000	-0.00793481	-3.28989500
-0.62336000	-0.00793481	-3.19834000
-0.61836000	-0.00793481	-3.17392500
-0.61336000	-0.00793481	-3.17392500
-0.60836000	-0.00793481	-3.17392500
-0.60336000	-0.00793481	-3.17392500
-0.59836000	-0.00793481	-3.17392500
-0.59336000	-0.00793481	-3.17392500
-0.58836000	-0.00793481	-3.17392500
-0.58336000	-0.00793481	-3.17392500
-0.57836000	-0.00793481	-3.17392500
-0.57336000	-0.00793481	-3.17392500
-0.56836000	-0.00793481	-3.17392500
-0.56336000	-0.00793481	-3.17392500
-0.55836000	-0.00793481	-3.19834000
-0.55336000	-0.00793481	-3.28989500
-0.54836000	-0.00793481	-2.84432500
-0.54336000	-0.00793481	-1.91656200
-0.53836000	-0.00793481	-1.47099200
-0.53336000	-0.00793481	-1.56254800
-0.52836000	-0.00793481	-1.58696200
-0.52336000	-0.00793481	-1.58696200
-0.51836000	-0.00793481	-1.58696200
-0.51336000	-0.00793481	-1.58696200
-0.50836000	-0.00793481	-1.58696200
-0.50336000	-0.00793481	-1.58696200
-0.49836000	-0.00793481	-1.58696200
-0.49336000	-0.00793481	-1.58696200
-0.48836000	-0.00793481	-1.58696200
-0.48336000	-0.00793481	-1.58696200
-0.47836000	-0.00793481	-1.56254800
-0.47336000	-0.00793481	-1.47099200
-0.46836000	-0.00793481	-1.91656200
-0.46336000	-0.00793481	-2.84432500
-0.45836000	-0.00793481	-3.28989500
-0.45336000	-0.00793481	-3.19834000
-0.44836000	-0.00793481	-3.17392500
-0.44336000	-0.00793481	-3.17392500
-0.43836000	-0.00793481	-3.19834000
-0.43336000	-0.00793481	-3.28989500
-0.42836000	-0.00793481	-2.81991000
-0.42336000	-0.00793481	-1.80059200
-0.41836000	-0.00793481	-1.82500700
-0.41336000	-0.00793481	-2.93588100
-0.40836000	-0.00793481	-2.93588100
-0.40336000	-0.00793481	-1.82500700
-0.39836000	-0.00793481	-1.80059200
-0.39336000	-0.00793481	-2.81991000
-0.38836000	-0.00793481	-3.28989500
-0.38336000	-0.00793481	-3.19834000
-0.37836000	-0.00793481	-3.17392500
-0.37336000	-0.00793481	-3.17392500
-0.36836000	-0.00793481	-3.17392500
-0.36336000	-0.00793481	-3.17392500
-0.35836000	-0.00793481	-3.17392500
-0.35336000	-0.00793481	-3.17392500
-0.34836000	-0.00793481	-3.17392500
-0.34336000	-0.00793481	-3.17392500
-0.33836000	-0.00793481	-3.19834000
-0.33336000	-0.00793481	-3.28989500
-0.32836000	-0.00793481	-2.81991000
-0.32336000	-0.00793481	-1.80059200
-0.31836000	-0.00793481	-1.82500700
-0.31336000	-0.00793481	-2.93588100
-0.30836000	-0.00793481	-2.96029500
-0.30336000	-0.00793481	-1.94097700
-0.29836000	-0.00793481	-1.49540700
-0.29336000	-0.00793481	-1.67851800
-0.28836000	-0.00793481	-1.23294800
-0.28336000	-0.00793481	-0.21362960
-0.27836000	-0.00793481	-0.21362960
-0.27336000	-0.00793481	-1.23294800
-0.26836000	-0.00793481	-1.70293300
-0.26336000	-0.00793481	-1.61137700
-0.25836000	-0.00793481	-1.58696200
-0.25336000	-0.00793481	-1.58696200
-0.24836000	-0.00793481	-1.58696200
-0.24336000	-0.00793481	-1.58696200
-0.23836000	-0.00793481	-1.56254800
-0.23336000	-0.00793481	-1.47099200
-0.22836000	-0.00793481	-1.89214800
-0.22336000	-0.00793481	-2.72835500
-0.21836000	-0.00793481	-3.64391000
-0.21336000	-0.00793481	-4.57167300
-0.20836000	-0.00793481	-4.54725700
-0.20336000	-0.00793481	-3.52794000
-0.19836000	-0.00793481	-3.05795500
-0.19336000	-0.00793481	-3.14951000
-0.18836000	-0.00793481	-3.17392500
-0.18336000	-0.00793481	-3.17392500
-0.17836000	-0.00793481	-3.17392500
-0.17336000	-0.00793481	-3.17392500
-0.16836000	-0.00793481	-3.19834000
-0.16336000	-0.00793481	-3.28989500
-0.15836000	-0.00793481	-2.81991000
-0.15336000	-0.00793481	-1.80059200
-0.14836000	-0.00793481	-1.82500700
-0.14336000	-0.00793481	-2.93588100
-0.13836000	-0.00793481	-2.93588100
-0.13336000	-0.00793481	-1.82500700
-0.12836000	-0.00793481	-1.80059200
-0.12336000	-0.00793481	-2.81991000
-0.11836000	-0.00793481	-3.26548100
-0.11336000	-0.00793481	-3.08237000
-0.10836000	-0.00805689	-3.47911000
-0.10336000	-0.00851466	-4.31531700
-0.09836000	-0.00640889	-5.18204300
-0.09336000	-0.00222785	-5.92669400
-0.08836000	0.00201422	-6.75069400
-0.08336000	0.00521867	-7.39158200
-0.07836000	0.01171911	-8.69167100
-0.07336000	0.02002014	-10.35188000
-0.06836000	0.02639851	-11.65197000
-0.06336000	0.02914518	-12.29286000
-0.05836000	0.03552354	-13.11686000
-0.05336000	0.04382458	-13.86151000
-0.04836000	0.05032502	-14.72823000
-0.04336000	0.05352946	-15.56444000
-0.03836000	0.05755791	-15.98559000
-0.03336000	0.06076235	-15.89404000
-0.02836001	0.06726280	-15.86962000
-0.02336001	0.07556383	-15.86962000
-0.01836001	0.08206427	-15.86962000
-0.01336001	0.08526871	-15.86962000
-0.00836001	0.08929716	-15.86962000
-0.00336001	0.09250160	-15.86962000
0.00163999	0.09900205	-15.89404000
0.00663999	0.10730310	-15.98559000
0.01163999	0.11380350	-15.54002000
0.01663999	0.11700800	-14.61226000
0.02163999	0.12103640	-14.16669000
0.02663999	0.12424090	-14.25825000
0.03163999	0.13074130	-14.25825000
0.03663999	0.13907290	-14.16669000
0.04163999	0.14557330	-14.66109000
0.04663999	0.14877770	-15.77197000
0.05163999	0.15289770	-15.35081000
0.05663999	0.15662100	-13.49528000
0.06163999	0.16083250	-12.13416000
0.06663999	0.16455580	-11.38951000
0.07163999	0.16876740	-10.96835000
0.07663999	0.17249060	-10.96835000
0.08163999	0.17670220	-11.41392000
0.08663999	0.18042540	-12.25013000
0.09163999	0.18463700	-13.16568000
0.09663999	0.18836020	-14.09345000
0.10163999	0.19257180	-14.04462000
0.10663999	0.19629510	-12.93374000
0.11163999	0.20050660	-12.90933000
0.11663999	0.20422990	-13.92865000
0.12163999	0.20844140	-14.37422000
0.12663999	0.21216470	-14.19111000
0.13163999	0.21649830	-14.61226000
0.13663999	0.22067930	-15.54002000
0.14163999	0.22266300	-15.98559000
0.14663999	0.22174750	-15.89404000
0.15163999	0.22385330	-15.89404000
0.15663999	0.22849210	-15.98559000
0.16163999	0.23059790	-15.51561000
0.16663999	0.22968230	-14.49629000
0.17163999	0.23166600	-14.49629000
0.17663999	0.23584700	-15.51561000
0.18163999	0.24030270	-15.98559000
0.18663999	0.24448380	-15.89404000
0.19163999	0.24646750	-15.84521000
0.19663999	0.24555190	-15.75365000
0.20163999	0.24765770	-16.19922000
0.20663999	0.25229650	-17.12699000
0.21163999	0.25440230	-17.57256000
0.21663999	0.25348680	-17.48100000
0.22163999	0.25559250	-17.48100000
0.22663999	0.26023130	-17.57256000
0.23163999	0.26245920	-17.10257000
0.23663999	0.26200140	-16.08325000
0.24163999	0.26175730	-16.10767000
0.24663999	0.26129950	-17.21854000
0.25163999	0.26352730	-17.24296000
0.25663999	0.26816620	-16.22364000
0.26163999	0.27039400	-15.75365000
0.26663999	0.26993620	-15.84521000
0.27163999	0.26981410	-15.86962000
0.27663999	0.26981410	-15.86962000
0.28163999	0.26969210	-15.84521000
0.28663999	0.26923430	-15.75365000
0.29163999	0.27146210	-16.19922000
0.29663999	0.27610100	-17.12699000
0.30163999	0.27832880	-17.57256000
0.30663999	0.27787100	-17.48100000
0.31163999	0.27774890	-17.45659000
0.31663999	0.27774890	-17.45659000
0.32163999	0.27774890	-17.45659000
0.32663999	0.27774890	-17.45659000
0.33163999	0.27774890	-17.43217000
0.33663999	0.27774890	-17.34062000
0.34163999	0.27774890	-17.81060000
0.34663999	0.27774890	-18.82992000
0.35163999	0.27774890	-18.82992000
0.35663999	0.27774890	-17.81060000
0.36163999	0.27774890	-17.34062000
0.36663999	0.27774890	-17.43217000
0.37163999	0.27774890	-17.45659000
0.37663999	0.27774890	-17.45659000
0.38163999	0.27774890	-17.48100000
0.38663999	0.27774890	-17.57256000
0.39163999	0.27787100	-17.15140000
0.39663999	0.27832880	-16.31520000
0.40163999	0.27610100	-15.42405000
0.40663999	0.27146210	-14.58785000
0.41163999	0.26923430	-14.19111000
0.41663999	0.26969210	-14.37422000
0.42163999	0.26981410	-13.92865000
0.42663999	0.26981410	-12.90933000
0.43163999	0.26993620	-12.93374000
0.43663999	0.27039400	-14.04462000
0.44163999	0.26816620	-14.06903000
0.44663999	0.26352730	-13.04971000
0.45163999	0.26142160	-12.60414000
0.45663999	0.26233710	-12.78726000
0.46163999	0.26023130	-12.36610000
0.46663999	0.25559250	-11.43834000
0.47163999	0.25336470	-11.01718000
0.47663999	0.25382240	-11.20029000
0.48163999	0.25406660	-10.77914000
0.48663999	0.25452440	-9.85137500
0.49163999	0.25229650	-9.40580500
0.49663999	0.24765770	-9.49735900
0.50163999	0.24555190	-9.52177400
0.50663999	0.24646750	-9.52177400
0.51163999	0.24436170	-9.52177400
0.51663999	0.23972290	-9.52177400
0.52163999	0.23749500	-9.52177400
0.52663999	0.23795280	-9.52177400
0.53163999	0.23819700	-9.52177400
0.53663999	0.23865470	-9.52177400
0.54163999	0.23642690	-9.49735900
0.54663999	0.23178810	-9.40580500
0.55163999	0.22956020	-9.85137500
0.55663999	0.23001800	-10.77914000
0.56163999	0.23014010	-11.22471000
0.56663999	0.23014010	-11.13315000
0.57163999	0.23026220	-11.10874000
0.57663999	0.23071990	-11.10874000
0.58163999	0.22849210	-11.10874000
0.58663999	0.22385330	-11.10874000
0.59163999	0.22162540	-11.10874000
0.59663999	0.22208320	-11.10874000
0.60163999	0.22220530	-11.10874000
0.60663999	0.22220530	-11.10874000
0.61163999	0.22232730	-11.13315000
0.61663999	0.22278510	-11.22471000
0.62163999	0.22055730	-10.75472000
0.62663999	0.21591850	-9.73540400
0.63163999	0.21369060	-9.75981900
0.63663999	0.21414840	-10.87069000
0.64163999	0.21427050	-10.89511000
0.64663999	0.21427050	-9.87579000
0.65163999	0.21427050	-9.40580500
0.65663999	0.21427050	-9.49735900
0.66163999	0.21427050	-9.52177400
0.66663999	0.21427050	-9.52177400
0.67163999	0.21427050	-9.52177400
0.67663999	0.21427050	-9.52177400
0.68163999	0.21439250	-9.54619000
0.68663999	0.21485030	-9.63774600
0.69163999	0.21262240	-9.19217500
0.69663999	0.20798360	-8.26441300
0.70163999	0.20575580	-7.84325600
0.70663999	0.20621360	-8.02636700
0.71163999	0.20633560	-7.60521200
0.71663999	0.20633560	-6.67745000
0.72163999	0.20633560	-6.23187900
0.72663999	0.20633560	-6.32343500
0.73163999	0.20633560	-6.34785000
0.73663999	0.20633560	-6.34785000
0.74163999	0.20633560	-6.34785000
0.74663999	0.20633560	-6.34785000
0.75163999	0.20645770	-6.34785000
0.75663999	0.20691550	-6.34785000
0.76163999	0.20468760	-6.34785000
0.76663999	0.20004880	-6.34785000
0.77163999	0.19782100	-6.34785000
0.77663999	0.19827880	-6.34785000
0.78163999	0.19840080	-6.34785000
0.78663999	0.19840080	-6.34785000
0.79163999	0.19840080	-6.34785000
0.79663999	0.19840080	-6.34785000
0.80163999	0.19840080	-6.34785000
0.80663999	0.19840080	-6.34785000
0.81163999	0.19840080	-6.34785000
0.81663999	0.19840080	-6.34785000
0.82163999	0.19852290	-6.34785000
0.82663999	0.19898070	-6.34785000
0.83163999	0.19675280	-6.32343500
0.83663999	0.19211400	-6.23187900
0.84163999	0.18988620	-6.70186400
0.84663999	0.19034390	-7.72118300
0.85163999	0.19046600	-7.74559700
0.85663999	0.19046600	-6.81783500
0.86163999	0.19046600	-5.87786500
0.86663999	0.19046600	-4.95010200
0.87163999	0.19046600	-4.99893200
0.87663999	0.19046600	-6.10980600
0.88163999	0.19046600	-6.10980600
0.88663999	0.19046600	-4.99893200
0.89163999	0.19046600	-4.97451700
0.89663999	0.19046600	-5.99383500
0.90163999	0.19058810	-6.48823500
0.90663999	0.19104590	-6.48823500
0.91163999	0.18881800	-5.99383500
0.91663999	0.18417920	-4.97451700
0.92163999	0.18195140	-4.99893200
0.92663999	0.18240910	-6.10980600
0.93163999	0.18253120	-6.13422100
0.93663999	0.18253120	-5.11490200
0.94163999	0.18253120	-4.62050200
0.94663999	0.18253120	-4.62050200
0.95163999	0.18253120	-5.09048700
0.95663999	0.18253120	-6.01825000
0.96163999	0.18253120	-6.46382000
0.96663999	0.18253120	-6.37226500
0.97163999	0.18265330	-6.34785000
0.97663999	0.18311110	-6.34785000
0.98163999	0.18088320	-6.34785000
0.98663999	0.17624440	-6.34785000
0.99163999	0.17401650	-6.34785000
0.99663999	0.17447430	-6.34785000
1.00163999	0.17459640	-6.37226500
1.00663999	0.17459640	-6.46382000
1.01163999	0.17459640	-5.99383500
1.01663999	0.17459640	-4.97451700
1.02163999	0.17459640	-4.99893200
1.02663999	0.17459640	-6.10980600
1.03163999	0.17459640	-6.13422100
1.03663999	0.17459640	-5.11490200
1.04163999	0.17459640	-4.64491700
1.04663999	0.17459640	-4.73647300
1.05163999	0.17471850	-4.76088700
1.05663999	0.17517620	-4.76088700
1.06163999	0.17294840	-4.78530200
1.06663999	0.16830960	-4.87685800
1.07163999	0.16608170	-4.40687300
1.07663999	0.16653950	-3.38755500
1.08163999	0.16666160	-3.41196900
1.08663999	0.16666160	-4.52284300
1.09163999	0.16666160	-4.52284300
1.09663999	0.16666160	-3.41196900
1.10163999	0.16666160	-3.41196900
1.10663999	0.16666160	-4.52284300
1.11163999	0.16666160	-4.54725700
1.11663999	0.16666160	-3.52794000
1.12163999	0.16666160	-3.05795500
1.12663999	0.16666160	-3.14951000
1.13163999	0.16666160	-3.17392500
1.13663999	0.16666160	-3.17392500
1.14163999	0.16678370	-3.14951000
1.14663999	0.16724140	-3.05795500
1.15163999	0.16501360	-3.50352500
1.15663999	0.16037480	-4.43128700
1.16163999	0.15814690	-4.92568700
1.16663999	0.15860470	-5.01724300
1.17163999	0.15872680	-4.05285800
1.17663999	0.15872680	-2.01422100
1.18163999	0.15872680	-2.01422100
1.18663999	0.15872680	-4.05285800
1.19163999	0.15872680	-5.01724300
1.19663999	0.15872680	-4.92568700
1.20163999	0.15872680	-4.40687300
1.20663999	0.15872680	-3.38755500
1.21163999	0.15872680	-3.38755500
1.21663999	0.15872680	-4.40687300
1.22163999	0.15872680	-4.87685800
1.22663999	0.15872680	-4.78530200
1.23163999	0.15872680	-4.78530200
1.23663999	0.15872680	-4.87685800
1.24163999	0.15884880	-4.40687300
1.24663999	0.15930660	-3.38755500
1.25163999	0.15707880	-3.38755500
1.25663999	0.15244000	-4.40687300
1.26163999	0.15021210	-4.87685800
1.26663999	0.15066990	-4.78530200
1.27163999	0.15079200	-4.76088700
1.27663999	0.15079200	-4.76088700
1.28163999	0.15079200	-4.76088700
1.28663999	0.15079200	-4.76088700
1.29163999	0.15079200	-4.76088700
1.29663999	0.15079200	-4.76088700
1.30163999	0.15079200	-4.76088700
1.30663999	0.15079200	-4.76088700
1.31163999	0.15079200	-4.78530200
1.31663999	0.15079200	-4.87685800
1.32163999	0.15079200	-4.40687300
1.32663999	0.15079200	-3.38755500
1.33163999	0.15079200	-3.41196900
1.33663999	0.15079200	-4.52284300
1.34163999	0.15091400	-4.54725700
1.34663999	0.15137180	-3.52794000
1.35163999	0.14914390	-3.05795500
1.35663999	0.14450510	-3.14951000
1.36163999	0.14227730	-3.17392500
1.36663999	0.14273510	-3.17392500
1.37163999	0.14285710	-3.17392500
1.37663999	0.14285710	-3.17392500
1.38163999	0.14285710	-3.17392500
1.38663999	0.14285710	-3.17392500
1.39163999	0.14285710	-3.17392500
1.39663999	0.14285710	-3.17392500
1.40163999	0.14285710	-3.17392500
1.40663999	0.14285710	-3.17392500
1.41163999	0.14285710	-3.17392500
1.41663999	0.14285710	-3.17392500
1.42163999	0.14285710	-3.19834000
1.42663999	0.14285710	-3.28989500
1.43163999	0.14297920	-2.84432500
1.43663999	0.14343700	-1.91656200
1.44163999	0.14120910	-1.44657700
1.44663999	0.13653980	-1.44657700
1.45163999	0.13431200	-1.94097700
1.45663999	0.13476970	-2.96029500
1.46163999	0.13489180	-2.96029500
1.46663999	0.13489180	-1.94097700
1.47163999	0.13489180	-1.47099200
1.47663999	0.13489180	-1.56254800
1.48163999	0.13489180	-1.58696200
1.48663999	0.13489180	-1.58696200
1.49163999	0.13489180	-1.58696200
1.49663999	0.13489180	-1.58696200
1.50163999	0.13489180	-1.58696200
1.50663999	0.13489180	-1.58696200
1.51163999	0.13489180	-1.58696200
1.51663999	0.13489180	-1.58696200
1.52163999	0.13489180	-1.58696200
1.52663999	0.13489180	-1.58696200
1.53163999	0.13501390	-1.58696200
1.53663999	0.13547170	-1.58696200
1.54163999	0.13324380	-1.56254800
1.54663999	0.12860500	-1.47099200
1.55163999	0.12637720	-1.94097700
1.55663999	0.12683490	-2.96029500
1.56163999	0.12695700	-2.96029500
1.56663999	0.12695700	-1.94097700
1.57163999	0.12695700	-1.47099200
1.57663999	0.12695700	-1.56254800
1.58163999	0.12695700	-1.58696200
1.58663999	0.12695700	-1.58696200
1.59163999	0.12695700	-1.56254800
1.59663999	0.12695700	-1.47099200
1.60163999	0.12695700	-1.94097700
1.60663999	0.12695700	-2.96029500
1.61163999	0.12695700	-2.93588100
1.61663998	0.12695700	-1.82500700
1.62163998	0.12707910	-1.82500700
1.62663998	0.12753680	-2.93588100
1.63163998	0.12518690	-2.93588100
1.63663998	0.12009030	-1.82500700
1.64163998	0.12009030	-1.82500700
1.64663998	0.12518690	-2.93588100
1.65163998	0.12765890	-2.93588100
1.65663998	0.12765890	-1.82500700
1.66163998	0.12530900	-1.82500700
1.66663998	0.12067020	-2.93588100
1.67163998	0.11844230	-2.96029500
1.67663998	0.11890010	-1.94097700
1.68163998	0.11902220	-1.47099200
1.68663998	0.11902220	-1.56254800
1.69163998	0.11902220	-1.61137700
1.69663998	0.11902220	-1.70293300
1.70163998	0.11902220	-1.25736300
1.70663998	0.11902220	-0.32959990
1.71163998	0.11902220	0.14038510
1.71663998	0.11902220	0.14038510
1.72163998	0.11902220	-0.32959990
1.72663998	0.11902220	-1.25736300
1.73163998	0.11902220	-1.70293300
1.73663998	0.11902220	-1.61137700
1.74163998	0.11902220	-1.58696200
1.74663998	0.11902220	-1.58696200
1.75163998	0.11914430	-1.58696200
1.75663998	0.11960200	-1.58696200
1.76163998	0.11737420	-1.56254800
1.76663998	0.11273540	-1.47099200
1.77163998	0.11050750	-1.94097700
1.77663998	0.11096530	-2.96029500
1.78163998	0.11108740	-2.96029500
1.78663998	0.11108740	-1.94097700
1.79163998	0.11108740	-1.47099200
1.79663998	0.11108740	-1.56254800
1.80163998	0.11108740	-1.56254800
1.80663998	0.11108740	-1.47099200
1.81163998	0.11108740	-1.91656200
1.81663998	0.11108740	-2.84432500
1.82163998	0.11108740	-3.28989500
1.82663998	0.11108740	-3.19834000
1.83163998	0.11108740	-3.17392500
1.83663998	0.11108740	-3.17392500
1.84163998	0.11108740	-3.17392500
1.84663998	0.11108740	-3.17392500
1.85163998	0.11108740	-3.19834000
1.85663998	0.11108740	-3.28989500
1.86163998	0.11108740	-2.81991000
1.86663998	0.11108740	-1.80059200
1.87163998	0.11120950	-1.80059200
1.87663998	0.11166720	-2.81991000
1.88163998	0.10943940	-3.28989500
1.88663998	0.10480060	-3.19834000
1.89163998	0.10257270	-3.17392500
1.89663998	0.10303050	-3.17392500
1.90163998	0.10315260	-3.17392500
1.90663998	0.10315260	-3.17392500
1.91163998	0.10315260	-3.17392500
1.91663998	0.10315260	-3.17392500
1.92163998	0.10315260	-3.19834000
1.92663998	0.10315260	-3.28989500
1.93163998	0.10315260	-2.81991000
1.93663998	0.10315260	-1.80059200
1.94163998	0.10315260	-1.82500700
1.94663998	0.10315260	-2.93588100
1.95163998	0.10315260	-2.96029500
1.95663998	0.10315260	-1.94097700
1.96163998	0.10315260	-1.47099200
1.96663998	0.10315260	-1.56254800
1.97163998	0.10315260	-1.58696200
1.97663998	0.10315260	-1.58696200
1.98163998	0.10315260	-1.58696200
1.98663998	0.10315260	-1.58696200
1.99163998	0.10315260	-1.58696200
1.99663998	0.10315260	-1.58696200
2.00163998	0.10315260	-1.58696200
2.00663998	0.10315260	-1.58696200
2.01163998	0.10327460	-1.53813300
2.01663998	0.10373240	-1.35502200
2.02163998	0.10150460	-2.27057700
2.02663998	0.09686575	-4.21765800
2.03163998	0.09463790	-4.63881300
2.03663998	0.09509568	-3.43638400
2.04163998	0.09521775	-3.41196900
2.04663998	0.09521775	-4.52284300
2.05163998	0.09521775	-4.52284300
2.05663998	0.09521775	-3.41196900
2.06163998	0.09521775	-3.41196900
2.06663998	0.09521775	-4.52284300
2.07163998	0.09521775	-4.54725700
2.07663998	0.09521775	-3.52794000
2.08163998	0.09521775	-3.05795500
2.08663998	0.09521775	-3.14951000
2.09163998	0.09521775	-3.17392500
2.09663998	0.09521775	-3.17392500
2.10163998	0.09521775	-3.17392500
2.10663998	0.09521775	-3.17392500
2.11163998	0.09521775	-3.17392500
2.11663998	0.09521775	-3.17392500
2.12163998	0.09521775	-3.19834000
2.12663998	0.09521775	-3.28989500
2.13163998	0.09521775	-2.84432500
2.13663998	0.09521775	-1.91656200
2.14163998	0.09521775	-1.47099200
2.14663998	0.09521775	-1.56254800
2.15163998	0.09521775	-1.58696200
2.15663998	0.09521775	-1.58696200
2.16163998	0.09533982	-1.58696200
2.16663998	0.09579760	-1.58696200
2.17163998	0.09356975	-1.58696200
2.17663998	0.08893093	-1.58696200
2.18163998	0.08670308	-1.58696200
2.18663998	0.08716086	-1.58696200
2.19163998	0.08728294	-1.56254800
2.19663998	0.08728294	-1.47099200
2.20163998	0.08728294	-1.94097700
2.20663998	0.08728294	-2.96029500
2.21163998	0.08728294	-2.96029500
2.21663998	0.08728294	-1.94097700
2.22163998	0.08728294	-1.44657700
2.22663998	0.08728294	-1.44657700
2.23163998	0.08728294	-1.91656200
2.23663998	0.08728294	-2.84432500
2.24163998	0.08728294	-3.28989500
2.24663998	0.08728294	-3.19834000
2.25163998	0.08728294	-3.17392500
2.25663998	0.08728294	-3.17392500
2.26163998	0.08728294	-3.17392500
2.26663998	0.08728294	-3.17392500
2.27163998	0.08728294	-3.17392500
2.27663998	0.08728294	-3.17392500
2.28163998	0.08728294	-3.17392500
2.28663998	0.08728294	-3.17392500
2.29163998	0.08728294	-3.17392500
2.29663998	0.08728294	-3.17392500
2.30163998	0.08728294	-3.17392500
2.30663998	0.08728294	-3.17392500
2.31163998	0.08728294	-3.14951000
2.31663998	0.08728294	-3.05795500
2.32163998	0.08740501	-3.50352500
2.32663998	0.08786279	-4.43128700
2.33163998	0.08563494	-4.90127200
2.33663998	0.08099613	-4.90127200
2.34163998	0.07876828	-4.43128700
2.34663998	0.07922605	-3.50352500
2.35163998	0.07934812	-3.05795500
2.35663998	0.07934812	-3.14951000
2.36163998	0.07934812	-3.17392500
2.36663998	0.07934812	-3.17392500
2.37163998	0.07934812	-3.17392500
2.37663998	0.07934812	-3.17392500
2.38163998	0.07934812	-3.17392500
2.38663998	0.07934812	-3.17392500
2.39163998	0.07934812	-3.17392500
2.39663998	0.07934812	-3.17392500
2.40163998	0.07934812	-3.19834000
2.40663998	0.07934812	-3.28989500
2.41163998	0.07934812	-2.84432500
2.41663998	0.07934812	-1.91656200
2.42163998	0.07934812	-1.44657700
2.42663998	0.07934812	-1.44657700
2.43163998	0.07934812	-1.91656200
2.43663998	0.07934812	-2.84432500
2.44163998	0.07934812	-3.28989500
2.44663998	0.07934812	-3.19834000
2.45163998	0.07934812	-3.17392500
2.45663998	0.07934812	-3.17392500
2.46163998	0.07934812	-3.17392500
2.46663998	0.07934812	-3.17392500
2.47163998	0.07934812	-3.17392500
2.47663998	0.07934812	-3.17392500
2.48163998	0.07947020	-3.19834000
2.48663998	0.07992797	-3.28989500
2.49163998	0.07770012	-2.81991000
2.49663998	0.07306131	-1.80059200
2.50163998	0.07083346	-1.80059200
2.50663998	0.07129124	-2.81991000
2.51163998	0.07141331	-3.31431000
2.51663998	0.07141331	-3.31431000
2.52163998	0.07141331	-2.84432500
2.52663998	0.07141331	-1.91656200
2.53163998	0.07141331	-1.47099200
2.53663998	0.07141331	-1.56254800
2.54163998	0.07141331	-1.58696200
2.54663998	0.07141331	-1.58696200
2.55163998	0.07141331	-1.58696200
2.55663998	0.07141331	-1.58696200
2.56163998	0.07141331	-1.56254800
2.56663998	0.07141331	-1.47099200
2.57163998	0.07141331	-1.94097700
2.57663998	0.07141331	-2.96029500
2.58163998	0.07141331	-2.93588100
2.58663998	0.07141331	-1.82500700
2.59163998	0.07141331	-1.80059200
2.59663998	0.07141331	-2.81991000
2.60163998	0.07141331	-3.31431000
2.60663998	0.07141331	-3.31431000
2.61163998	0.07141331	-2.79549500
2.61663998	0.07141331	-1.68462200
2.62163998	0.07141331	-2.15460700
2.62663998	0.07141331	-4.19324400
2.63163998	0.07141331	-4.68764300
2.63663998	0.07141331	-3.66832500
2.64163998	0.07141331	-2.72835500
2.64663998	0.07141331	-1.89214800
2.65163998	0.07141331	-1.44657700
2.65663998	0.07141331	-1.44657700
2.66163998	0.07141331	-1.91656200
2.66663998	0.07141331	-2.84432500
2.67163998	0.07141331	-3.31431000
2.67663998	0.07141331	-3.31431000
2.68163998	0.07153539	-2.81991000
2.68663998	0.07199316	-1.80059200
2.69163998	0.06964324	-1.82500700
2.69663998	0.06454664	-2.93588100
2.70163998	0.06466872	-2.96029500
2.70663998	0.07022309	-1.94097700
2.71163998	0.07034516	-1.47099200
2.71663998	0.06524857	-1.56254800
2.72163998	0.06289865	-1.61137700
2.72663998	0.06335643	-1.70293300
2.73163998	0.06347850	-1.25736300
2.73663998	0.06347850	-0.32959990
2.74163998	0.06347850	0.11597030
2.74663998	0.06347850	0.02441481
2.75163998	0.06347850	0.00000000
2.75663998	0.06347850	0.00000000
2.76163998	0.06347850	0.00000000
2.76663998	0.06347850	0.00000000
2.77163998	0.06347850	0.00000000
2.77663998	0.06347850	0.00000000
2.78163998	0.06347850	0.00000000
2.78663998	0.06347850	0.00000000
2.79163998	0.06347850	0.00000000
2.79663998	0.06347850	0.00000000
2.80163998	0.06347850	0.02441481
2.80663998	0.06347850	0.11597030
2.81163998	0.06347850	-0.32959990
2.81663998	0.06347850	-1.25736300
2.82163998	0.06347850	-1.70293300
2.82663998	0.06347850	-1.61137700
2.83163998	0.06347850	-1.58696200
2.83663998	0.06347850	-1.58696200
2.84163998	0.06347850	-1.58696200
2.84663998	0.06347850	-1.58696200
2.85163998	0.06347850	-1.58696200
2.85663998	0.06347850	-1.58696200
2.86163998	0.06347850	-1.58696200
2.86663998	0.06347850	-1.58696200
2.87163998	0.06347850	-1.58696200
2.87663998	0.06347850	-1.58696200
2.88163998	0.06360057	-1.61137700
2.88663998	0.06405835	-1.70293300
2.89163998	0.06170843	-1.23294800
2.89663998	0.05661184	-0.21362960
2.90163998	0.05673391	-0.21362960
2.90663998	0.06228828	-1.23294800
2.91163998	0.06241035	-1.70293300
2.91663998	0.05731376	-1.61137700
2.92163998	0.05496383	-1.61137700
2.92663998	0.05542161	-1.70293300
2.93163998	0.05554369	-1.25736300
2.93663998	0.05554369	-0.32959990
2.94163998	0.05554369	0.14038510
2.94663998	0.05554369	0.14038510
2.95163998	0.05554369	-0.35401470
2.95663998	0.05554369	-1.37333300
2.96163998	0.05554369	-1.34891800
2.96663998	0.05554369	-0.23804440
2.97163998	0.05554369	-0.23804440
2.97663998	0.05554369	-1.34891800
2.98163998	0.05554369	-1.34891800
2.98663998	0.05554369	-0.23804440
2.99163998	0.05554369	-0.23804440
2.99663998	0.05554369	-1.34891800
3.00163998	0.05554369	-1.34891800
3.00663998	0.05554369	-0.23804440
3.01163998	0.05554369	-0.21362960
3.01663998	0.05554369	-1.23294800
3.02163998	0.05554369	-1.72734800
3.02663998	0.05554369	-1.72734800
3.03163998	0.05554369	-1.23294800
3.03663998	0.05554369	-0.21362960
3.04163998	0.05554369	-0.21362960
3.04663998	0.05554369	-1.23294800
3.05163998	0.05554369	-1.70293300
3.05663998	0.05554369	-1.61137700
3.06163998	0.05554369	-1.58696200
3.06663998	0.05554369	-1.58696200
3.07163998	0.05554369	-1.58696200
3.07663998	0.05554369	-1.58696200
3.08163998	0.05554369	-1.58696200
3.08663998	0.05554369	-1.58696200
3.09163998	0.05554369	-1.58696200
3.09663998	0.05554369	-1.58696200
3.10163998	0.05554369	-1.58696200
3.10663998	0.05554369	-1.58696200
3.11163998	0.05554369	-1.56254800
3.11663998	0.05554369	-1.47099200
3.12163998	0.05554369	-1.94097700
3.12663998	0.05554369	-2.96029500
3.13163998	0.05566576	-2.96029500
3.13663998	0.05612354	-1.94097700
3.14163998	0.05377361	-1.49540700
3.14663998	0.04867702	-1.67851800
3.15163998	0.04879910	-1.25736300
3.15663998	0.05435346	-0.32959990
3.16163998	0.05447554	0.11597030
3.16663998	0.04937895	0.02441481
3.17163998	0.04702902	0.02441481
3.17663998	0.04748680	0.11597030
3.18163998	0.04760887	-0.32959990
3.18663998	0.04760887	-1.25736300
3.19163998	0.04760887	-1.70293300
3.19663998	0.04760887	-1.61137700
3.20163998	0.04760887	-1.61137700
3.20663998	0.04760887	-1.70293300
3.21163998	0.04760887	-1.23294800
3.21663998	0.04760887	-0.21362960
3.22163998	0.04760887	-0.23804440
3.22663998	0.04760887	-1.34891800
3.23163998	0.04760887	-1.34891800
3.23663998	0.04760887	-0.23804440
3.24163998	0.04760887	-0.21362960
3.24663998	0.04760887	-1.23294800
3.25163998	0.04760887	-1.70293300
3.25663998	0.04760887	-1.61137700
3.26163997	0.04760887	-1.56254800
3.26663997	0.04760887	-1.47099200
3.27163997	0.04760887	-1.91656200
3.27663997	0.04760887	-2.84432500
3.28163997	0.04760887	-3.31431000
3.28663997	0.04760887	-3.31431000
3.29163997	0.04760887	-2.84432500
3.29663997	0.04760887	-1.91656200
3.30163997	0.04760887	-1.47099200
3.30663997	0.04760887	-1.56254800
3.31163997	0.04760887	-1.61137700
3.31663997	0.04760887	-1.70293300
3.32163997	0.04760887	-1.23294800
3.32663997	0.04760887	-0.21362960
3.33163997	0.04760887	-0.23804440
3.33663997	0.04760887	-1.34891800
3.34163997	0.04760887	-1.37333300
3.34663997	0.04760887	-0.35401470
3.35163997	0.04760887	0.11597030
3.35663997	0.04760887	0.02441481
3.36163997	0.04760887	0.00000000
3.36663997	0.04760887	0.00000000
3.37163997	0.04760887	0.02441481
3.37663997	0.04760887	0.11597030
3.38163997	0.04760887	-0.35401470
3.38663997	0.04760887	-1.37333300
3.39163997	0.04773095	-1.37333300
3.39663997	0.04818873	-0.35401470
3.40163997	0.04583880	0.06714072
3.40663997	0.04074221	-0.20752580
3.41163997	0.04074221	0.59205910
3.41663997	0.04583880	2.16071000
3.42163997	0.04831080	4.25428100
3.42663997	0.04831080	6.28681300
3.43163997	0.04583880	10.05280000
3.43663997	0.04074221	14.49019000
3.44163997	0.04086429	20.82583000
3.44663997	0.04641865	27.39341000
3.45163997	0.04641865	36.76260000
3.45663997	0.04086429	46.65670000
3.46163997	0.04086429	58.19269000
3.46663997	0.04641865	68.64223000
3.47163997	0.04654073	80.50783000
3.47663997	0.04144414	90.77425000
3.48163997	0.03909421	103.13420000
3.48663997	0.03955199	114.60310000
3.49163997	0.03967406	126.11470000
3.49663997	0.03967406	134.89790000
3.50163997	0.03967406	144.20000000
3.50663997	0.03967406	151.59760000
3.51163997	0.03967406	159.27000000
3.51663997	0.03967406	165.37370000
3.52163997	0.03967406	170.43980000
3.52663997	0.03967406	173.11930000
3.53163997	0.03967406	176.03690000
3.53663997	0.03967406	178.35020000
3.54163997	0.03967406	180.04700000
3.54663997	0.03967406	180.69400000
3.55163997	0.03967406	181.11510000
3.55663997	0.03967406	181.20670000
3.56163997	0.03967406	180.35830000
3.56663997	0.03967406	178.78960000
3.57163997	0.03967406	176.62280000
3.57663997	0.03967406	174.30950000
3.58163997	0.03967406	171.78870000
3.58663997	0.03967406	169.75610000
3.59163997	0.03967406	166.36250000
3.59663997	0.03967406	162.48050000
3.60163997	0.03967406	158.17130000
3.60663997	0.03967406	154.38090000
3.61163997	0.03967406	150.61500000
3.61663997	0.03967406	147.93540000
3.62163997	0.03967406	143.69950000
3.62663997	0.03967406	138.97520000
3.63163997	0.03967406	134.26920000
3.63663997	0.03967406	130.66190000
3.64163997	0.03967406	126.45040000
3.64663997	0.03967406	122.75150000
3.65163997	0.03967406	118.46680000
3.65663997	0.03967406	114.57870000
3.66163997	0.03967406	111.25830000
3.66663997	0.03967406	109.50650000
3.67163997	0.03967406	105.69170000
3.67663997	0.03967406	100.79040000
3.68163997	0.03967406	96.45679000
3.68663997	0.03967406	93.59416000
3.69163997	0.03967406	90.69491000
3.69663997	0.03967406	88.66847000
3.70163997	0.03967406	85.69598000
3.70663997	0.03967406	82.55257000
3.71163997	0.03967406	79.55565000
3.71663997	0.03967406	77.43156000
3.72163997	0.03967406	74.91683000
3.72663997	0.03967406	72.69508000
3.73163997	0.03967406	70.13154000
3.73663997	0.03967406	67.81823000
3.74163997	0.03967406	65.70024000
3.74663997	0.03967406	64.31470000
3.75163997	0.03967406	62.64230000
3.75663997	0.03967406	61.16520000
3.76163997	0.03967406	59.46836000
3.76663997	0.03967406	57.99127000
3.77163997	0.03967406	56.29444000
3.77663997	0.03967406	54.81124000
3.78163997	0.03967406	53.09000000
3.78663997	0.03967406	51.52135000
3.79163997	0.03979614	50.27009000
3.79663997	0.04025391	49.72075000
3.80163997	0.03802606	48.46950000
3.80663997	0.03338725	46.90084000
3.81163997	0.03115940	45.15519000
3.81663997	0.03161718	43.58654000
3.82163997	0.03173925	42.31086000
3.82663997	0.03173925	41.66998000
3.83163997	0.03173925	40.86428000
3.83663997	0.03173925	40.22340000
3.84163997	0.03173925	38.92331000
3.84663997	0.03173925	37.26310000
3.85163997	0.03173925	35.96301000
3.85663997	0.03173925	35.32212000
3.86163997	0.03173925	34.47371000
3.86663997	0.03173925	33.63750000
3.87163997	0.03173925	33.24076000
3.87663997	0.03173925	33.42387000
3.88163997	0.03173925	33.02713000
3.88663997	0.03173925	32.19093000
3.89163997	0.03173925	31.29978000
3.89663997	0.03173925	30.46358000
3.90163997	0.03173925	30.06684000
3.90663997	0.03173925	30.24995000
3.91163997	0.03173925	29.85321000
3.91663997	0.03173925	29.01700000
3.92163997	0.03173925	28.11975000
3.92663997	0.03173925	27.28355000
3.93163997	0.03173925	26.88681000
3.93663997	0.03173925	27.06992000
3.94163997	0.03173925	26.64876000
3.94663997	0.03173925	25.72100000
3.95163997	0.03173925	25.29984000
3.95663997	0.03173925	25.48295000
3.96163997	0.03173925	25.06180000
3.96663997	0.03173925	24.13404000
3.97163997	0.03173925	23.68847000
3.97663997	0.03173925	23.78002000
3.98163997	0.03173925	23.82885000
3.98663997	0.03173925	23.92041000
3.99163997	0.03173925	23.47484000
3.99663997	0.03173925	22.54707000
4.00163997	0.03173925	22.12592000
4.00663997	0.03173925	22.30903000
4.01163997	0.03173925	21.88787000
4.01663997	0.03173925	20.96011000
4.02163997	0.03173925	20.51454000
4.02663997	0.03173925	20.60610000
4.03163997	0.03173925	20.67934000
4.03663997	0.03173925	20.86245000
4.04163997	0.03173925	19.99573000
4.04663997	0.03173925	18.23176000
4.05163997	0.03173925	16.89505000
4.05663997	0.03173925	16.15039000
4.06163997	0.03173925	15.75365000
4.06663997	0.03173925	15.84521000
4.07163997	0.03173925	15.84521000
4.07663997	0.03173925	15.75365000
4.08163997	0.03173925	16.22364000
4.08663997	0.03173925	17.24296000
4.09163997	0.03173925	17.24296000
4.09663997	0.03173925	16.22364000
4.10163997	0.03173925	15.75365000
4.10663997	0.03173925	15.84521000
4.11163997	0.03173925	15.86962000
4.11663997	0.03173925	15.86962000
4.12163997	0.03173925	15.84521000
4.12663997	0.03173925	15.75365000
4.13163997	0.03173925	16.22364000
4.13663997	0.03173925	17.24296000
4.14163997	0.03173925	17.24296000
4.14663997	0.03173925	16.22364000
4.15163997	0.03173925	15.75365000
4.15663997	0.03173925	15.84521000
4.16163997	0.03173925	15.86962000
4.16663997	0.03173925	15.86962000
4.17163997	0.03173925	15.86962000
4.17663997	0.03173925	15.86962000
4.18163997	0.03173925	15.86962000
4.18663997	0.03173925	15.86962000
4.19163997	0.03186132	15.86962000
4.19663997	0.03231910	15.86962000
4.20163997	0.02996918	15.86962000
4.20663997	0.02487259	15.86962000
4.21163997	0.02487259	15.86962000
4.21663997	0.02996918	15.86962000
4.22163997	0.03231910	15.89404000
4.22663997	0.03186132	15.98559000
4.23163997	0.03186132	15.54002000
4.23663997	0.03231910	14.61226000
4.24163997	0.03009125	14.16669000
4.24663997	0.02545244	14.25825000
4.25163997	0.02322458	14.28266000
4.25663997	0.02368236	14.28266000
4.26163997	0.02380444	14.28266000
4.26663997	0.02380444	14.28266000
4.27163997	0.02380444	14.30708000
4.27663997	0.02380444	14.39863000
4.28163997	0.02380444	13.97748000
4.28663997	0.02380444	13.14127000
4.29163997	0.02380444	12.22571000
4.29663997	0.02380444	11.29795000
4.30163997	0.02380444	11.34678000
4.30663997	0.02380444	12.45765000
4.31163997	0.02380444	12.48207000
4.31663997	0.02380444	11.46275000
4.32163997	0.02380444	10.99277000
4.32663997	0.02380444	11.08432000
4.33163997	0.02380444	11.13315000
4.33663997	0.02380444	11.22471000
4.34163997	0.02380444	10.75472000
4.34663997	0.02380444	9.73540400
4.35163997	0.02380444	9.73540400
4.35663997	0.02380444	10.75472000
4.36163997	0.02380444	11.22471000
4.36663997	0.02380444	11.13315000
4.37163997	0.02380444	11.10874000
4.37663997	0.02380444	11.10874000
4.38163997	0.02380444	11.13315000
4.38663997	0.02380444	11.22471000
4.39163997	0.02380444	10.77914000
4.39663997	0.02380444	9.85137500
4.40163997	0.02380444	9.40580500
4.40663997	0.02380444	9.49735900
4.41163997	0.02380444	9.52177400
4.41663997	0.02380444	9.52177400
4.42163997	0.02380444	9.49735900
4.42663997	0.02380444	9.40580500
4.43163997	0.02380444	9.87579000
4.43663997	0.02380444	10.89511000
4.44163997	0.02380444	10.89511000
4.44663997	0.02380444	9.87579000
4.45163997	0.02380444	9.40580500
4.45663997	0.02380444	9.49735900
4.46163997	0.02380444	9.52177400
4.46663997	0.02380444	9.52177400
4.47163997	0.02380444	9.52177400
4.47663997	0.02380444	9.52177400
4.48163997	0.02380444	9.52177400
4.48663997	0.02380444	9.52177400
4.49163997	0.02380444	9.52177400
4.49663997	0.02380444	9.52177400
4.50163997	0.02380444	9.52177400
4.50663997	0.02380444	9.52177400
4.51163997	0.02380444	9.52177400
4.51663997	0.02380444	9.52177400
4.52163997	0.02380444	9.54619000
4.52663997	0.02380444	9.63774600
4.53163997	0.02380444	9.16776000
4.53663997	0.02380444	8.14844100
4.54163997	0.02380444	8.14844100
4.54663997	0.02380444	9.16776000
4.55163997	0.02380444	9.63774600
4.55663997	0.02380444	9.54619000
4.56163997	0.02380444	9.54619000
4.56663997	0.02380444	9.63774600
4.57163997	0.02380444	9.16776000
4.57663997	0.02380444	8.14844100
4.58163997	0.02380444	8.17285700
4.58663997	0.02380444	9.28373100
4.59163997	0.02380444	9.30814500
4.59663997	0.02380444	8.28882700
4.60163997	0.02380444	7.81884200
4.60663997	0.02380444	7.91039800
4.61163997	0.02380444	7.93481200
4.61663997	0.02380444	7.93481200
4.62163997	0.02380444	7.93481200
4.62663997	0.02380444	7.93481200
4.63163997	0.02380444	7.93481200
4.63663997	0.02380444	7.93481200
4.64163997	0.02380444	7.93481200
4.64663997	0.02380444	7.93481200
4.65163997	0.02380444	7.93481200
4.65663997	0.02380444	7.93481200
4.66163997	0.02380444	7.93481200
4.66663997	0.02380444	7.93481200
4.67163997	0.02380444	7.93481200
4.67663997	0.02380444	7.93481200
4.68163997	0.02380444	7.93481200
4.68663997	0.02380444	7.93481200
4.69163997	0.02380444	7.93481200
4.69663997	0.02380444	7.93481200
4.70163997	0.02380444	7.93481200
4.70663997	0.02380444	7.93481200
4.71163997	0.02380444	7.93481200
4.71663997	0.02380444	7.93481200
4.72163997	0.02380444	7.93481200
4.72663997	0.02380444	7.93481200
4.73163997	0.02380444	7.93481200
4.73663997	0.02380444	7.93481200
4.74163997	0.02380444	7.91039800
4.74663997	0.02380444	7.81884200
4.75163997	0.02380444	8.28882700
4.75663997	0.02380444	9.30814500
4.76163997	0.02380444	9.30814500
4.76663997	0.02380444	8.28882700
4.77163997	0.02380444	7.81884200
4.77663997	0.02380444	7.91039800
4.78163997	0.02380444	7.93481200
4.78663997	0.02380444	7.93481200
4.79163997	0.02392651	7.95922800
4.79663997	0.02438429	8.05078300
4.80163997	0.02215644	7.58079800
4.80663997	0.01751762	6.56148000
4.81163997	0.01516770	6.53706500
4.81663997	0.01516770	7.46482800
4.82163997	0.01763970	8.38038300
4.82663997	0.02273629	9.21658900
4.83163997	0.02261421	9.66216000
4.83663997	0.01705985	9.66216000
4.84163997	0.01705985	9.19217500
4.84663997	0.02261421	8.26441300
4.85163997	0.02273629	7.84325600
4.85663997	0.01763970	8.02636700
4.86163997	0.01516770	7.58079800
4.86663997	0.01516770	6.56148000
4.87163997	0.01763970	6.58589400
4.87663997	0.02273629	7.69676800
4.88163997	0.02261421	7.74559700
4.88663997	0.01705985	6.81783500
4.89163997	0.01705985	5.87786500
4.89663997	0.02261421	4.95010200
4.90163997	0.02273629	4.97451700
4.90663996	0.01763970	5.99383500
4.91163996	0.01528977	6.46382000
4.91663996	0.01574755	6.37226500
4.92163996	0.01586962	6.34785000
4.92663996	0.01586962	6.34785000
4.93163996	0.01586962	6.34785000
4.93663996	0.01586962	6.34785000
4.94163996	0.01586962	6.32343500
4.94663996	0.01586962	6.23187900
4.95163996	0.01586962	6.67745000
4.95663996	0.01586962	7.60521200
4.96163996	0.01586962	8.05078300
4.96663996	0.01586962	7.95922800
4.97163996	0.01586962	7.93481200
4.97663996	0.01586962	7.93481200
4.98163996	0.01586962	7.95922800
4.98663996	0.01586962	8.05078300
4.99163996	0.01586962	7.58079800
4.99663996	0.01586962	6.56148000
5.00163996	0.01586962	6.56148000
5.00663996	0.01586962	7.58079800
5.01163996	0.01586962	8.07519700
5.01663996	0.01586962	8.07519700
5.02163996	0.01586962	7.58079800
5.02663996	0.01586962	6.56148000
5.03163996	0.01586962	6.56148000
5.03663996	0.01586962	7.58079800
5.04163996	0.01586962	8.05078300
5.04663996	0.01586962	7.95922800
5.05163996	0.01586962	7.95922800
5.05663996	0.01586962	8.05078300
5.06163996	0.01586962	7.60521200
5.06663996	0.01586962	6.67745000
5.07163996	0.01586962	6.23187900
5.07663996	0.01586962	6.32343500
5.08163996	0.01586962	6.34785000
5.08663996	0.01586962	6.34785000
5.09163996	0.01586962	6.37226500
5.09663996	0.01586962	6.46382000
5.10163996	0.01586962	5.99383500
5.10663996	0.01586962	4.97451700
5.11163996	0.01586962	5.02334600
5.11663996	0.01586962	6.22577600
5.12163996	0.01586962	5.78020600
5.12663996	0.01586962	3.74156900
5.13163996	0.01586962	3.27158400
5.13663996	0.01586962	4.38245800
5.14163996	0.01586962	4.87685800
5.14663996	0.01586962	4.78530200
5.15163996	0.01586962	4.76088700
5.15663996	0.01586962	4.76088700
5.16163996	0.01586962	4.76088700
5.16663996	0.01586962	4.76088700
5.17163996	0.01586962	4.76088700
5.17663996	0.01586962	4.76088700
5.18163996	0.01586962	4.76088700
5.18663996	0.01586962	4.76088700
5.19163996	0.01586962	4.76088700
5.19663996	0.01586962	4.76088700
5.20163996	0.01586962	4.73647300
5.20663996	0.01586962	4.64491700
5.21163996	0.01586962	5.11490200
5.21663996	0.01586962	6.13422100
5.22163996	0.01586962	6.10980600
5.22663996	0.01586962	4.99893200
5.23163996	0.01586962	4.99893200
5.23663996	0.01586962	6.10980600
5.24163996	0.01586962	6.10980600
5.24663996	0.01586962	4.99893200
5.25163996	0.01586962	4.99893200
5.25663996	0.01586962	6.10980600
5.26163996	0.01586962	6.13422100
5.26663996	0.01586962	5.11490200
5.27163996	0.01586962	4.64491700
5.27663996	0.01586962	4.73647300
5.28163996	0.01586962	4.76088700
5.28663996	0.01586962	4.76088700
5.29163996	0.01586962	4.76088700
5.29663996	0.01586962	4.76088700
5.30163996	0.01586962	4.73647300
5.30663996	0.01586962	4.64491700
5.31163996	0.01586962	5.11490200
5.31663996	0.01586962	6.13422100
5.32163996	0.01586962	6.10980600
5.32663996	0.01586962	4.99893200
5.33163996	0.01586962	4.99893200
5.33663996	0.01586962	6.10980600
5.34163996	0.01586962	6.13422100
5.34663996	0.01586962	5.11490200
5.35163996	0.01586962	4.64491700
5.35663996	0.01586962	4.73647300
5.36163996	0.01586962	4.76088700
5.36663996	0.01586962	4.76088700
5.37163996	0.01586962	4.76088700
5.37663996	0.01586962	4.76088700
5.38163996	0.01586962	4.78530200
5.38663996	0.01586962	4.87685800
5.39163996	0.01586962	4.40687300
5.39663996	0.01586962	3.38755500
5.40163996	0.01586962	3.38755500
5.40663996	0.01586962	4.40687300
5.41163996	0.01586962	4.87685800
5.41663996	0.01586962	4.78530200
5.42163996	0.01586962	4.76088700
5.42663996	0.01586962	4.76088700
5.43163996	0.01586962	4.78530200
5.43663996	0.01586962	4.87685800
5.44163996	0.01586962	4.43128700
5.44663996	0.01586962	3.50352500
5.45163996	0.01586962	3.05795500
5.45663996	0.01586962	3.14951000
5.46163996	0.01586962	3.17392500
5.46663996	0.01586962	3.17392500
5.47163996	0.01586962	3.17392500
5.47663996	0.01586962	3.17392500
5.48163996	0.01586962	3.17392500
5.48663996	0.01586962	3.17392500
5.49163996	0.01586962	3.19834000
5.49663996	0.01586962	3.28989500
5.50163996	0.01586962	2.81991000
5.50663996	0.01586962	1.80059200
5.51163996	0.01586962	1.82500700
5.51663996	0.01586962	2.93588100
5.52163996	0.01586962	2.96029500
5.52663996	0.01586962	1.94097700
5.53163996	0.01586962	1.47099200
5.53663996	0.01586962	1.56254800
5.54163996	0.01586962	1.56254800
5.54663996	0.01586962	1.47099200
5.55163996	0.01586962	1.91656200
5.55663996	0.01586962	2.84432500
5.56163996	0.01586962	3.28989500
5.56663996	0.01586962	3.19834000
5.57163996	0.01586962	3.17392500
5.57663996	0.01586962	3.17392500
5.58163996	0.01586962	3.17392500
5.58663996	0.01586962	3.17392500
5.59163996	0.01586962	3.14951000
5.59663996	0.01586962	3.05795500
5.60163996	0.01599170	3.52794000
5.60663996	0.01644948	4.54725700
5.61163996	0.01409955	4.54725700
5.61663996	0.00900296	3.52794000
5.62163996	0.00900296	3.03354000
5.62663996	0.01409955	3.03354000
5.63163996	0.01657155	3.50352500
5.63663996	0.01657155	4.43128700
5.64163996	0.01422163	4.87685800
5.64663996	0.00958281	4.78530200
5.65163996	0.00723289	4.76088700
5.65663996	0.00723289	4.76088700
5.66163996	0.00970489	4.76088700
5.66663996	0.01480148	4.76088700
5.67163996	0.01467940	4.78530200
5.67663996	0.00912503	4.87685800
5.68163996	0.00900296	4.40687300
5.68663996	0.01409955	3.38755500
5.69163996	0.01644948	3.38755500
5.69663996	0.01599170	4.40687300
5.70163996	0.01599170	4.90127200
5.70663996	0.01644948	4.90127200
5.71163996	0.01422163	4.43128700
5.71663996	0.00958281	3.50352500
5.72163996	0.00735496	3.03354000
5.72663996	0.00781274	3.03354000
5.73163996	0.00793481	3.52794000
5.73663996	0.00793481	4.54725700
5.74163996	0.00793481	4.54725700
5.74663996	0.00793481	3.52794000
5.75163996	0.00793481	3.05795500
5.75663996	0.00793481	3.14951000
5.76163996	0.00793481	3.17392500
5.76663996	0.00793481	3.17392500
5.77163996	0.00793481	3.17392500
5.77663996	0.00793481	3.17392500
5.78163996	0.00793481	3.14951000
5.78663996	0.00793481	3.05795500
5.79163996	0.00781274	3.50352500
5.79663996	0.00735496	4.43128700
5.80163996	0.00958281	4.87685800
5.80663996	0.01422163	4.78530200
5.81163996	0.01657155	4.78530200
5.81663996	0.01657155	4.87685800
5.82163996	0.01422163	4.40687300
5.82663996	0.00958281	3.38755500
5.83163996	0.00735496	3.38755500
5.83663996	0.00781274	4.40687300
5.84163996	0.00793481	4.87685800
5.84663996	0.00793481	4.78530200
5.85163996	0.00793481	4.78530200
5.85663996	0.00793481	4.87685800
5.86163996	0.00793481	4.40687300
5.86663996	0.00793481	3.38755500
5.87163996	0.00793481	3.41196900
5.87663996	0.00793481	4.52284300
5.88163996	0.00793481	4.54725700
5.88663996	0.00793481	3.52794000
5.89163996	0.00793481	3.05795500
5.89663996	0.00793481	3.14951000
5.90163996	0.00793481	3.17392500
5.90663996	0.00793481	3.17392500
5.91163996	0.00793481	3.17392500
5.91663996	0.00793481	3.17392500
5.92163996	0.00793481	3.17392500
5.92663996	0.00793481	3.17392500
5.93163996	0.00793481	3.17392500
5.93663996	0.00793481	3.17392500
5.94163996	0.00793481	3.17392500
5.94663996	0.00793481	3.17392500
5.95163996	0.00793481	3.17392500
5.95663996	0.00793481	3.17392500
5.96163996	0.00793481	3.14951000
5.96663996	0.00793481	3.05795500
5.97163996	0.00793481	3.50352500
5.97663996	0.00793481	4.43128700
5.98163996	0.00793481	4.90127200
5.98663996	0.00793481	4.90127200
5.99163996	0.00793481	4.40687300
5.99663996	0.00793481	3.38755500
6.00163996	0.00793481	3.38755500
6.00663996	0.00793481	4.40687300
6.01163996	0.00793481	4.87685800
6.01663996	0.00793481	4.78530200
6.02163996	0.00793481	4.78530200
6.02663996	0.00793481	4.87685800
6.03163996	0.00793481	4.43128700
6.03663996	0.00793481	3.50352500
6.04163996	0.00793481	3.05795500
6.04663996	0.00793481	3.14951000
6.05163996	0.00793481	3.19834000
6.05663996	0.00793481	3.28989500
6.06163996	0.00793481	2.81991000
6.06663996	0.00793481	1.80059200
6.07163996	0.00793481	1.80059200
6.07663996	0.00793481	2.81991000
6.08163996	0.00793481	3.28989500
6.08663996	0.00793481	3.19834000
6.09163996	0.00793481	3.17392500
6.09663996	0.00793481	3.17392500
6.10163996	0.00793481	3.17392500
6.10663996	0.00793481	3.17392500
6.11163996	0.00793481	3.17392500
6.11663996	0.00793481	3.17392500
6.12163996	0.00793481	3.14951000
6.12663996	0.00793481	3.05795500
6.13163996	0.00793481	3.50352500
6.13663996	0.00793481	4.43128700
6.14163996	0.00793481	4.87685800
6.14663996	0.00793481	4.78530200
6.15163996	0.00793481	4.76088700
6.15663996	0.00793481	4.76088700
6.16163996	0.00793481	4.76088700
6.16663996	0.00793481	4.76088700
6.17163996	0.00793481	4.78530200
6.17663996	0.00793481	4.87685800
6.18163996	0.00793481	4.40687300
6.18663996	0.00793481	3.38755500
6.19163996	0.00793481	3.38755500
6.19663996	0.00793481	4.40687300
6.20163996	0.00793481	4.90127200
6.20663996	0.00793481	4.90127200
6.21163996	0.00793481	4.43128700
6.21663996	0.00793481	3.50352500
6.22163996	0.00793481	3.03354000
6.22663996	0.00793481	3.03354000
6.23163996	0.00793481	3.50352500
6.23663996	0.00793481	4.43128700
6.24163996	0.00793481	4.87685800
6.24663996	0.00793481	4.78530200
6.25163996	0.00793481	4.76088700
6.25663996	0.00793481	4.76088700
6.26163996	0.00793481	4.76088700
6.26663996	0.00793481	4.76088700
6.27163996	0.00793481	4.78530200
6.27663996	0.00793481	4.87685800
6.28163996	0.00793481	4.43128700
6.28663996	0.00793481	3.50352500
6.29163996	0.00793481	3.03354000
6.29663996	0.00793481	3.03354000
6.30163996	0.00793481	3.52794000
6.30663996	0.00793481	4.54725700
6.31163996	0.00793481	4.54725700
6.31663996	0.00793481	3.52794000
6.32163996	0.00793481	3.05795500
6.32663996	0.00793481	3.14951000
6.33163996	0.00793481	3.17392500
6.33663996	0.00793481	3.17392500
6.34163996	0.00793481	3.17392500
6.34663996	0.00793481	3.17392500
6.35163996	0.00793481	3.17392500
6.35663996	0.00793481	3.17392500
6.36163996	0.00793481	3.14951000
6.36663996	0.00793481	3.05795500
6.37163996	0.00793481	3.50352500
6.37663996	0.00793481	4.43128700
6.38163996	0.00793481	4.87685800
6.38663996	0.00793481	4.78530200
6.39163996	0.00793481	4.76088700
6.39663996	0.00793481	4.76088700
6.40163996	0.00793481	4.76088700
6.40663996	0.00793481	4.76088700
6.41163996	0.00793481	4.76088700
6.41663996	0.00793481	4.76088700
6.42163996	0.00793481	4.76088700
6.42663996	0.00793481	4.76088700
6.43163996	0.00793481	4.78530200
6.43663996	0.00793481	4.87685800
6.44163996	0.00793481	4.43128700
6.44663996	0.00793481	3.50352500
6.45163996	0.00793481	3.05795500
6.45663996	0.00793481	3.14951000
6.46163996	0.00793481	3.17392500
6.46663996	0.00793481	3.17392500
6.47163996	0.00793481	3.14951000
6.47663996	0.00793481	3.05795500
6.48163996	0.00793481	3.52794000
6.48663996	0.00793481	4.54725700
6.49163996	0.00793481	4.52284300
6.49663996	0.00793481	3.41196900
6.50163996	0.00793481	3.38755500
6.50663996	0.00793481	4.40687300
6.51163996	0.00793481	4.90127200
6.51663996	0.00793481	4.90127200
6.52163996	0.00793481	4.43128700
6.52663996	0.00793481	3.50352500
6.53163996	0.00793481	3.05795500
6.53663996	0.00793481	3.14951000
6.54163996	0.00793481	3.14951000
6.54663996	0.00793481	3.05795500
6.55163995	0.00793481	3.50352500
6.55663995	0.00793481	4.43128700
6.56163995	0.00793481	4.90127200
6.56663995	0.00793481	4.90127200
6.57163995	0.00793481	4.43128700
6.57663995	0.00793481	3.50352500
6.58163995	0.00793481	3.03354000
6.58663995	0.00793481	3.03354000
6.59163995	0.00793481	3.50352500
6.59663995	0.00793481	4.43128700
6.60163995	0.00793481	4.87685800
6.60663995	0.00793481	4.78530200
6.61163995	0.00793481	4.76088700
6.61663995	0.00793481	4.76088700
6.62163995	0.00793481	4.76088700
6.62663995	0.00793481	4.76088700
6.63163995	0.00793481	4.78530200
6.63663995	0.00793481	4.87685800
6.64163995	0.00793481	4.40687300
6.64663995	0.00793481	3.38755500
6.65163995	0.00793481	3.38755500
6.65663995	0.00793481	4.40687300
6.66163995	0.00793481	4.87685800
6.66663995	0.00793481	4.78530200
6.67163995	0.00793481	4.73647300
6.67663995	0.00793481	4.64491700
6.68163995	0.00793481	5.11490200
6.68663995	0.00793481	6.13422100
6.69163995	0.00793481	6.13422100
6.69663995	0.00793481	5.11490200
6.70163995	0.00793481	4.64491700
6.70663995	0.00793481	4.73647300
6.71163995	0.00793481	4.76088700
6.71663995	0.00793481	4.76088700
6.72163995	0.00793481	4.73647300
6.72663995	0.00793481	4.64491700
6.73163995	0.00793481	5.11490200
6.73663995	0.00793481	6.13422100
6.74163995	0.00793481	6.13422100
6.74663995	0.00793481	5.11490200
6.75163995	0.00793481	4.64491700
6.75663995	0.00793481	4.73647300
6.76163995	0.00793481	4.76088700
6.76663995	0.00793481	4.76088700
6.77163995	0.00793481	4.76088700
6.77663995	0.00793481	4.76088700
6.78163995	0.00793481	4.76088700
6.78663995	0.00793481	4.76088700
6.79163995	0.00793481	4.76088700
6.79663995	0.00793481	4.76088700
6.80163995	0.00793481	4.76088700
6.80663995	0.00793481	4.76088700
6.81163995	0.00793481	4.76088700
6.81663995	0.00793481	4.76088700
6.82163995	0.00793481	4.76088700
6.82663995	0.00793481	4.76088700
6.83163995	0.00793481	4.78530200
6.83663995	0.00793481	4.87685800
6.84163995	0.00793481	4.40687300
6.84663995	0.00793481	3.38755500
6.85163995	0.00793481	3.41196900
6.85663995	0.00793481	4.52284300
6.86163995	0.00793481	4.52284300
6.86663995	0.00793481	3.41196900
6.87163995	0.00793481	3.41196900
6.87663995	0.00793481	4.52284300
6.88163995	0.00793481	4.54725700
6.88663995	0.00793481	3.52794000
6.89163995	0.00793481	3.05795500
6.89663995	0.00793481	3.14951000
6.90163995	0.00793481	3.17392500
6.90663995	0.00793481	3.17392500
6.91163995	0.00793481	3.17392500
6.91663995	0.00793481	3.17392500
6.92163995	0.00793481	3.14951000
6.92663995	0.00793481	3.05795500
6.93163995	0.00793481	3.52794000
6.93663995	0.00793481	4.54725700
6.94163995	0.00793481	4.54725700
6.94663995	0.00793481	3.52794000
6.95163995	0.00793481	3.05795500
6.95663995	0.00793481	3.14951000
6.96163995	0.00793481	3.17392500
6.96663995	0.00793481	3.17392500
6.97163995	0.00793481	3.17392500
6.97663995	0.00793481	3.17392500
6.98163995	0.00793481	3.17392500
6.98663995	0.00793481	3.17392500
6.99163995	0.00793481	3.17392500
6.99663995	0.00793481	3.17392500
7.00163995	0.00793481	3.14951000
7.00663995	0.00793481	3.05795500
7.01163995	0.00793481	3.47911000
7.01663995	0.00793481	4.31531700
7.02163995	0.00793481	5.23087300
7.02663995	0.00793481	6.15863500
7.03163995	0.00793481	6.13422100
7.03663995	0.00793481	5.11490200
7.04163995	0.00793481	4.64491700
7.04663995	0.00793481	4.73647300
7.05163995	0.00793481	4.73647300
7.05663995	0.00793481	4.64491700
7.06163995	0.00793481	5.09048700
7.06663995	0.00793481	6.01825000
7.07163995	0.00793481	6.48823500
7.07663995	0.00793481	6.48823500
7.08163995	0.00793481	5.99383500
7.08663995	0.00793481	4.97451700
7.09163995	0.00793481	4.99893200
7.09663995	0.00793481	6.10980600
7.10163995	0.00793481	6.13422100
7.10663995	0.00793481	5.11490200
7.11163995	0.00793481	4.64491700
7.11663995	0.00793481	4.73647300
7.12163995	0.00793481	4.78530200
7.12663995	0.00793481	4.87685800
7.13163995	0.00793481	4.43128700
7.13663995	0.00793481	3.50352500
7.14163995	0.00793481	3.08237000
7.14663995	0.00793481	3.26548100
7.15163995	0.00793481	2.81991000
7.15663995	0.00793481	1.80059200
7.16163995	0.00793481	1.80059200
7.16663995	0.00793481	2.81991000
7.17163995	0.00793481	3.28989500
7.17663995	0.00793481	3.19834000
7.18163995	0.00793481	3.17392500
7.18663995	0.00793481	3.17392500
7.19163995	0.00793481	3.17392500
7.19663995	0.00793481	3.17392500
7.20163995	0.00793481	3.17392500
7.20663995	0.00793481	3.17392500
7.21163995	0.00793481	3.17392500
7.21663995	0.00793481	3.17392500
7.22163995	0.00793481	3.17392500
7.22663995	0.00793481	3.17392500
7.23163995	0.00793481	3.14951000
7.23663995	0.00793481	3.05795500
7.24163995	0.00793481	3.50352500
7.24663995	0.00793481	4.43128700
7.25163995	0.00793481	4.87685800
7.25663995	0.00793481	4.78530200
7.26163995	0.00805689	4.78530200
7.26663995	0.00851466	4.87685800
7.27163995	0.00616474	4.40687300
7.27663995	0.00106815	3.38755500
7.28163995	0.00106815	3.38755500
7.28663995	0.00616474	4.40687300
7.29163995	0.00851466	4.87685800
7.29663995	0.00805689	4.78530200
7.30163995	0.00793481	4.73647300
7.30663995	0.00793481	4.64491700
7.31163995	0.00793481	5.13931700
7.31663995	0.00793481	6.25019100
7.32163995	0.00793481	5.80462000
7.32663995	0.00793481	3.85753900
7.33163995	0.00793481	2.91756900
7.33663995	0.00793481	3.00912500
7.34163995	0.00793481	3.52794000
7.34663995	0.00793481	4.54725700
7.35163995	0.00793481	4.54725700
7.35663995	0.00793481	3.52794000
7.36163995	0.00793481	3.03354000
7.36663995	0.00793481	3.03354000
7.37163995	0.00793481	3.52794000
7.37663995	0.00793481	4.54725700
7.38163995	0.00805689	4.54725700
7.38663995	0.00851466	3.52794000
7.39163995	0.00628681	3.05795500
7.39663995	0.00164800	3.14951000
7.40163995	-0.00070193	3.17392500
7.40663995	-0.00070193	3.17392500
7.41163995	0.00177007	3.17392500
7.41663995	0.00686667	3.17392500
7.42163995	0.00674459	3.17392500
7.42663995	0.00119022	3.17392500
7.43163995	0.00106815	3.17392500
7.43663995	0.00616474	3.17392500
7.44163995	0.00851466	3.17392500
7.44663995	0.00805689	3.17392500
7.45163995	0.00793481	3.17392500
7.45663995	0.00793481	3.17392500
7.46163995	0.00793481	3.14951000
7.46663995	0.00793481	3.05795500
7.47163995	0.00793481	3.50352500
7.47663995	0.00793481	4.43128700
7.48163995	0.00793481	4.87685800
7.48663995	0.00793481	4.78530200
7.49163995	0.00793481	4.76088700
7.49663995	0.00793481	4.76088700
7.50163995	0.00793481	4.76088700
7.50663995	0.00793481	4.76088700
7.51163995	0.00793481	4.78530200
7.51663995	0.00793481	4.87685800
7.52163995	0.00793481	4.43128700
7.52663995	0.00793481	3.50352500
7.53163995	0.00793481	3.08237000
7.53663995	0.00793481	3.26548100
7.54163995	0.00793481	2.81991000
7.54663995	0.00793481	1.80059200
7.55163995	0.00793481	1.77617700
7.55663995	0.00793481	2.70394000
7.56163995	0.00793481	3.61949500
7.56663995	0.00793481	4.45570200
7.57163995	0.00793481	4.87685800
7.57663995	0.00793481	4.78530200
7.58163995	0.00805689	4.76088700
7.58663995	0.00851466	4.76088700
7.59163995	0.00616474	4.76088700
7.59663995	0.00106815	4.76088700
7.60163995	0.00119022	4.73647300
7.60663995	0.00674459	4.64491700
7.61163995	0.00674459	5.09048700
7.61663995	0.00119022	6.01825000
7.62163995	0.00106815	6.48823500
7.62663995	0.00616474	6.48823500
7.63163995	0.00851466	6.01825000
7.63663995	0.00805689	5.09048700
7.64163995	0.00805689	4.64491700
7.64663995	0.00851466	4.73647300
7.65163995	0.00616474	4.73647300
7.65663995	0.00106815	4.64491700
7.66163995	0.00119022	5.11490200
7.66663995	0.00674459	6.13422100
7.67163995	0.00686667	6.13422100
7.67663995	0.00177007	5.11490200
7.68163995	-0.00070193	4.64491700
7.68663995	-0.00070193	4.73647300
7.69163995	0.00177007	4.76088700
7.69663995	0.00686667	4.76088700
7.70163995	0.00686667	4.76088700
7.70663995	0.00177007	4.76088700
7.71163995	-0.00057985	4.76088700
7.71663995	-0.00012207	4.76088700
7.72163995	0.00000000	4.76088700
7.72663995	0.00000000	4.76088700
7.73163995	0.00000000	4.76088700
7.73663995	0.00000000	4.76088700
7.74163995	0.00000000	4.76088700
7.74663995	0.00000000	4.76088700
7.75163995	-0.00012207	4.80971700
7.75663995	-0.00057985	4.99282800
7.76163995	0.00164800	4.05285800
7.76663995	0.00628681	2.01422100
7.77163995	0.00851466	2.03863600
7.77663995	0.00805689	4.16882800
7.78163995	0.00805689	4.63881300
7.78663995	0.00851466	3.43638400
7.79163995	0.00628681	3.38755500
7.79663995	0.00164800	4.40687300
7.80163995	-0.00057985	4.87685800
7.80663995	-0.00012207	4.78530200
7.81163995	-0.00012207	4.78530200
7.81663995	-0.00057985	4.87685800
7.82163995	0.00164800	4.40687300
7.82663995	0.00628681	3.38755500
7.83163995	0.00863674	3.38755500
7.83663995	0.00863674	4.40687300
7.84163995	0.00616474	4.87685800
7.84663995	0.00106815	4.78530200
7.85163995	0.00106815	4.76088700
7.85663995	0.00616474	4.76088700
7.86163995	0.00863674	4.78530200
7.86663995	0.00863674	4.87685800
7.87163995	0.00628681	4.40687300
7.87663995	0.00164800	3.38755500
7.88163995	-0.00070193	3.41196900
7.88663995	-0.00070193	4.52284300
7.89163995	0.00177007	4.54725700
7.89663995	0.00686667	3.52794000
7.90163995	0.00686667	3.03354000
7.90663995	0.00177007	3.03354000
7.91163995	-0.00057985	3.52794000
7.91663995	-0.00012207	4.54725700
7.92163995	0.00000000	4.52284300
7.92663995	0.00000000	3.41196900
7.93163995	0.00000000	3.41196900
7.93663995	0.00000000	4.52284300
7.94163995	0.00000000	4.52284300
7.94663995	0.00000000	3.41196900
7.95163995	0.00000000	3.41196900
7.95663995	0.00000000	4.52284300
7.96163995	0.00000000	4.54725700
7.96663995	0.00000000	3.52794000
7.97163995	0.00000000	3.05795500
7.97663995	0.00000000	3.14951000
7.98163995	0.00000000	3.19834000
7.98663995	0.00000000	3.28989500
7.99163995	0.00000000	2.84432500
7.99663995	0.00000000	1.91656200
8.00163995	0.00000000	1.47099200
8.00663995	0.00000000	1.56254800
8.01163995	0.00000000	1.56254800
8.01663995	0.00000000	1.47099200
8.02163995	-0.00012207	1.91656200
8.02663995	-0.00057985	2.84432500
8.03163995	0.00177007	3.28989500
8.03663995	0.00686667	3.19834000
8.04163995	0.00686667	3.17392500
8.04663995	0.00177007	3.17392500
8.05163995	-0.00057985	3.17392500
8.05663995	-0.00012207	3.17392500
8.06163995	0.00000000	3.17392500
8.06663995	0.00000000	3.17392500
8.07163995	0.00000000	3.14951000
8.07663995	0.00000000	3.05795500
8.08163995	0.00000000	3.50352500
8.08663995	0.00000000	4.43128700
8.09163995	0.00000000	4.87685800
8.09663995	0.00000000	4.78530200
8.10163995	0.00000000	4.76088700
8.10663995	0.00000000	4.76088700
8.11163995	0.00000000	4.76088700
8.11663995	0.00000000	4.76088700
8.12163995	0.00000000	4.76088700
8.12663995	0.00000000	4.76088700
8.13163995	0.00000000	4.76088700
8.13663995	0.00000000	4.76088700
8.14163995	0.00000000	4.76088700
8.14663995	0.00000000	4.76088700
8.15163995	-0.00012207	4.78530200
8.15663995	-0.00057985	4.87685800
8.16163995	0.00177007	4.43128700
8.16663995	0.00686667	3.50352500
8.17163995	0.00686667	3.03354000
8.17663995	0.00177007	3.03354000
8.18163995	-0.00057985	3.52794000
8.18663995	-0.00012207	4.54725700
8.19163995	0.00000000	4.54725700
8.19663995	0.00000000	3.52794000
8.20163994	0.00000000	3.05795500
8.20663994	0.00000000	3.14951000
8.21163994	0.00000000	3.17392500
8.21663994	0.00000000	3.17392500
8.22163994	0.00000000	3.14951000
8.22663994	0.00000000	3.05795500
8.23163994	0.00000000	3.50352500
8.23663994	0.00000000	4.43128700
8.24163994	0.00000000	4.87685800
8.24663994	0.00000000	4.78530200
8.25163994	0.00000000	4.76088700
8.25663994	0.00000000	4.76088700
8.26163994	0.00000000	4.76088700
8.26663994	0.00000000	4.76088700
8.27163994	0.00000000	4.76088700
8.27663994	0.00000000	4.76088700
8.28163994	0.00000000	4.76088700
8.28663994	0.00000000	4.76088700
8.29163994	0.00000000	4.76088700
8.29663994	0.00000000	4.76088700
8.30163994	0.00000000	4.76088700
8.30663994	0.00000000	4.76088700
8.31163994	0.00000000	4.76088700
8.31663994	0.00000000	4.76088700
8.32163994	0.00000000	4.73647300
8.32663994	0.00000000	4.64491700
8.33163994	0.00000000	5.09048700
8.33663994	0.00000000	6.01825000
8.34163994	0.00000000	6.48823500
8.34663994	0.00000000	6.48823500
8.35163994	0.00000000	6.01825000
8.35663994	0.00000000	5.09048700
8.36163994	0.00000000	4.64491700
8.36663994	0.00000000	4.73647300
8.37163994	0.00000000	4.73647300
8.37663994	0.00000000	4.64491700
8.38163994	0.00000000	5.11490200
8.38663994	0.00000000	6.13422100
8.39163994	0.00000000	6.13422100
8.39663994	0.00000000	5.11490200
8.40163994	0.00000000	4.64491700
8.40663994	0.00000000	4.73647300
8.41163994	0.00000000	4.76088700
8.41663994	0.00000000	4.76088700
8.42163994	0.00000000	4.76088700
8.42663994	0.00000000	4.76088700
8.43163994	0.00000000	4.76088700
8.43663994	0.00000000	4.76088700
8.44163994	0.00000000	4.76088700
8.44663994	0.00000000	4.76088700
8.45163994	0.00000000	4.76088700
8.45663994	0.00000000	4.76088700
8.46163994	0.00000000	4.76088700
8.46663994	0.00000000	4.76088700
8.47163994	0.00000000	4.76088700
8.47663994	0.00000000	4.76088700
8.48163994	0.00000000	4.78530200
8.48663994	0.00000000	4.87685800
8.49163994	0.00000000	4.40687300
8.49663994	0.00000000	3.38755500
8.50163994	0.00000000	3.41196900
8.50663994	0.00000000	4.52284300
8.51163994	0.00000000	4.54725700
8.51663994	0.00000000	3.52794000
8.52163994	0.00000000	3.05795500
8.52663994	0.00000000	3.14951000
8.53163994	0.00000000	3.17392500
8.53663994	0.00000000	3.17392500
8.54163994	0.00000000	3.17392500
8.54663994	0.00000000	3.17392500
8.55163994	0.00000000	3.19834000
8.55663994	0.00000000	3.28989500
8.56163994	0.00000000	2.81991000
8.56663994	0.00000000	1.80059200
8.57163994	0.00000000	1.80059200
8.57663994	0.00000000	2.81991000
8.58163994	0.00000000	3.31431000
8.58663994	0.00000000	3.31431000
8.59163994	0.00000000	2.81991000
8.59663994	0.00000000	1.80059200
8.60163994	0.00000000	1.80059200
8.60663994	0.00000000	2.81991000
8.61163994	0.00000000	3.31431000
8.61663994	0.00000000	3.31431000
8.62163994	0.00000000	2.81991000
8.62663994	0.00000000	1.80059200
8.63163994	0.00000000	1.80059200
8.63663994	0.00000000	2.81991000
8.64163994	0.00000000	3.28989500
8.64663994	0.00000000	3.19834000
8.65163994	0.00000000	3.14951000
8.65663994	0.00000000	3.05795500
8.66163994	0.00000000	3.50352500
8.66663994	0.00000000	4.43128700
8.67163994	0.00000000	4.87685800
8.67663994	0.00000000	4.78530200
8.68163994	0.00000000	4.76088700
8.68663994	0.00000000	4.76088700
8.69163994	0.00000000	4.76088700
8.69663994	0.00000000	4.76088700
8.70163994	0.00000000	4.78530200
8.70663994	0.00000000	4.87685800
8.71163994	0.00000000	4.40687300
8.71663994	0.00000000	3.38755500
8.72163994	0.00000000	3.38755500
8.72663994	0.00000000	4.40687300
8.73163994	0.00000000	4.90127200
8.73663994	0.00000000	4.90127200
8.74163994	0.00000000	4.40687300
8.74663994	0.00000000	3.38755500
8.75163994	0.00000000	3.41196900
8.75663994	0.00000000	4.52284300
8.76163994	0.00000000	4.54725700
8.76663994	0.00000000	3.52794000
8.77163994	0.00000000	3.03354000
8.77663994	0.00000000	3.03354000
8.78163994	0.00000000	3.50352500
8.78663994	0.00000000	4.43128700
8.79163994	0.00000000	4.87685800
8.79663994	0.00000000	4.78530200
8.80163994	0.00000000	4.76088700
8.80663994	0.00000000	4.76088700
8.81163994	0.00000000	4.76088700
8.81663994	0.00000000	4.76088700
8.82163994	0.00000000	4.76088700
8.82663994	0.00000000	4.76088700
8.83163994	0.00000000	4.78530200
8.83663994	0.00000000	4.87685800
8.84163994	0.00000000	4.43128700
8.84663994	0.00000000	3.50352500
8.85163994	0.00000000	3.03354000
8.85663994	0.00000000	3.03354000
8.86163994	0.00000000	3.50352500
8.86663994	0.00000000	4.43128700
8.87163994	0.00000000	4.90127200
8.87663994	0.00000000	4.90127200
8.88163994	0.00000000	4.43128700
8.88663994	0.00000000	3.50352500
8.89163994	0.00000000	3.03354000
8.89663994	0.00000000	3.03354000
8.90163994	0.00000000	3.50352500
8.90663994	0.00000000	4.43128700
8.91163994	0.00000000	4.87685800
8.91663994	0.00000000	4.78530200
8.92163994	0.00000000	4.78530200
8.92663994	0.00000000	4.87685800
8.93163994	0.00000000	4.43128700
8.93663994	0.00000000	3.50352500
8.94163994	0.00000000	3.05795500
8.94663994	0.00000000	3.14951000
8.95163994	0.00000000	3.14951000
8.95663994	0.00000000	3.05795500
8.96163994	0.00000000	3.52794000
8.96663994	0.00000000	4.54725700
8.97163994	0.00000000	4.52284300
8.97663994	0.00000000	3.41196900
8.98163994	0.00000000	3.38755500
8.98663994	0.00000000	4.40687300
8.99163994	0.00000000	4.87685800
8.99663994	0.00000000	4.78530200
9.00163994	0.00000000	4.76088700
9.00663994	0.00000000	4.76088700
9.01163994	0.00000000	4.76088700
9.01663994	0.00000000	4.76088700
9.02163994	0.00000000	4.73647300
9.02663994	0.00000000	4.64491700
