Time	Channel A	Channel B
(us)	(V)	(mV)

-1.00378297	0.00000000	3.17392500
-0.99878297	0.00000000	3.17392500
-0.99378297	0.00000000	3.17392500
-0.98878297	0.00000000	3.17392500
-0.98378297	0.00000000	3.17392500
-0.97878297	0.00000000	3.17392500
-0.97378297	0.00000000	3.14951000
-0.96878297	0.00000000	3.05795500
-0.96378297	0.00000000	3.52794000
-0.95878297	0.00000000	4.54725700
-0.95378297	0.00000000	4.52284300
-0.94878297	0.00000000	3.41196900
-0.94378297	0.00000000	3.38755500
-0.93878297	0.00000000	4.40687300
-0.93378297	0.00000000	4.90127200
-0.92878297	0.00000000	4.90127200
-0.92378297	0.00000000	4.45570200
-0.91878297	0.00000000	3.61949500
-0.91378297	0.00000000	2.70394000
-0.90878297	0.00000000	1.77617700
-0.90378297	0.00000000	1.80059200
-0.89878297	0.00000000	2.81991000
-0.89378297	0.00000000	3.31431000
-0.88878297	0.00000000	3.31431000
-0.88378297	0.00000000	2.81991000
-0.87878297	0.00000000	1.80059200
-0.87378297	0.00000000	1.82500700
-0.86878297	0.00000000	2.93588100
-0.86378297	0.00000000	2.96029500
-0.85878297	0.00000000	1.94097700
-0.85378297	0.00000000	1.44657700
-0.84878297	0.00000000	1.44657700
-0.84378297	0.00000000	1.91656200
-0.83878297	0.00000000	2.84432500
-0.83378297	0.00000000	3.31431000
-0.82878297	0.00000000	3.31431000
-0.82378297	0.00000000	2.81991000
-0.81878297	0.00000000	1.80059200
-0.81378297	0.00000000	1.80059200
-0.80878297	0.00000000	2.81991000
-0.80378297	0.00000000	3.31431000
-0.79878297	0.00000000	3.31431000
-0.79378297	0.00000000	2.81991000
-0.78878297	0.00000000	1.80059200
-0.78378297	0.00000000	1.82500700
-0.77878297	0.00000000	2.93588100
-0.77378297	0.00000000	2.93588100
-0.76878297	0.00000000	1.82500700
-0.76378297	0.00000000	1.80059200
-0.75878297	0.00000000	2.81991000
-0.75378297	0.00000000	3.31431000
-0.74878297	0.00000000	3.31431000
-0.74378297	0.00000000	2.84432500
-0.73878297	0.00000000	1.91656200
-0.73378297	0.00000000	1.47099200
-0.72878297	0.00000000	1.56254800
-0.72378297	0.00000000	1.58696200
-0.71878297	0.00000000	1.58696200
-0.71378297	0.00000000	1.58696200
-0.70878297	0.00000000	1.58696200
-0.70378297	0.00000000	1.58696200
-0.69878297	0.00000000	1.58696200
-0.69378297	0.00000000	1.58696200
-0.68878297	0.00000000	1.58696200
-0.68378297	0.00000000	1.61137700
-0.67878297	0.00000000	1.70293300
-0.67378297	0.00000000	1.23294800
-0.66878297	0.00000000	0.21362960
-0.66378297	0.00000000	0.21362960
-0.65878297	0.00000000	1.23294800
-0.65378297	0.00000000	1.70293300
-0.64878297	0.00000000	1.61137700
-0.64378297	0.00000000	1.61137700
-0.63878297	0.00000000	1.70293300
-0.63378297	0.00000000	1.23294800
-0.62878297	0.00000000	0.21362960
-0.62378297	0.00000000	0.21362960
-0.61878297	0.00000000	1.23294800
-0.61378297	0.00000000	1.70293300
-0.60878297	0.00000000	1.61137700
-0.60378297	0.00000000	1.58696200
-0.59878297	0.00000000	1.58696200
-0.59378297	0.00000000	1.58696200
-0.58878297	0.00000000	1.58696200
-0.58378297	0.00000000	1.58696200
-0.57878297	0.00000000	1.58696200
-0.57378297	0.00000000	1.58696200
-0.56878297	0.00000000	1.58696200
-0.56378297	0.00000000	1.58696200
-0.55878297	0.00000000	1.58696200
-0.55378297	0.00000000	1.61137700
-0.54878297	0.00000000	1.70293300
-0.54378297	0.00000000	1.18411800
-0.53878297	0.00000000	-0.01831111
-0.53378297	0.00000000	0.92165900
-0.52878297	0.00000000	3.97961400
-0.52378297	0.00000000	4.44959900
-0.51878297	0.00000000	2.31940700
-0.51378297	0.00000000	1.35502200
-0.50878297	0.00000000	1.53813300
-0.50378297	0.00000000	1.58696200
-0.49878297	0.00000000	1.58696200
-0.49378297	0.00000000	1.58696200
-0.48878297	0.00000000	1.58696200
-0.48378297	0.00000000	1.58696200
-0.47878297	0.00000000	1.58696200
-0.47378297	0.00000000	1.61137700
-0.46878297	0.00000000	1.70293300
-0.46378297	0.00000000	1.25736300
-0.45878297	0.00000000	0.32959990
-0.45378297	0.00000000	-0.14038510
-0.44878297	0.00000000	-0.14038510
-0.44378297	0.00000000	0.35401470
-0.43878297	0.00000000	1.37333300
-0.43378297	0.00000000	1.37333300
-0.42878297	0.00000000	0.35401470
-0.42378297	0.00000000	-0.11597030
-0.41878297	0.00000000	-0.02441481
-0.41378297	0.00000000	0.00000000
-0.40878297	0.00000000	0.00000000
-0.40378297	0.00000000	0.00000000
-0.39878297	0.00000000	0.00000000
-0.39378297	0.00000000	-0.02441481
-0.38878297	0.00000000	-0.11597030
-0.38378297	0.00000000	0.32959990
-0.37878297	0.00000000	1.25736300
-0.37378297	0.00000000	1.70293300
-0.36878297	0.00000000	1.61137700
-0.36378297	0.00000000	1.58696200
-0.35878297	0.00000000	1.58696200
-0.35378297	0.00000000	1.58696200
-0.34878297	0.00000000	1.58696200
-0.34378297	0.00000000	1.58696200
-0.33878297	0.00000000	1.58696200
-0.33378297	0.00000000	1.56254800
-0.32878297	0.00000000	1.47099200
-0.32378297	0.00000000	1.94097700
-0.31878297	0.00000000	2.96029500
-0.31378297	0.00000000	2.96029500
-0.30878297	0.00000000	1.94097700
-0.30378297	0.00000000	1.47099200
-0.29878297	0.00000000	1.56254800
-0.29378297	0.00000000	1.56254800
-0.28878297	0.00000000	1.47099200
-0.28378297	0.00000000	1.94097700
-0.27878297	0.00000000	2.96029500
-0.27378297	0.00000000	2.96029500
-0.26878297	0.00000000	1.94097700
-0.26378297	0.00000000	1.47099200
-0.25878297	0.00000000	1.56254800
-0.25378297	0.00000000	1.61137700
-0.24878297	0.00000000	1.70293300
-0.24378297	0.00000000	1.23294800
-0.23878297	0.00000000	0.21362960
-0.23378297	0.00000000	0.21362960
-0.22878297	0.00000000	1.23294800
-0.22378297	0.00000000	1.67851800
-0.21878297	0.00000000	1.49540700
-0.21378297	0.00000000	1.94097700
-0.20878297	0.00000000	2.96029500
-0.20378297	0.00000000	2.96029500
-0.19878297	0.00000000	1.94097700
-0.19378297	0.00000000	1.44657700
-0.18878297	0.00000000	1.44657700
-0.18378297	0.00000000	1.94097700
-0.17878297	0.00000000	2.96029500
-0.17378297	0.00000000	2.93588100
-0.16878297	0.00000000	1.82500700
-0.16378297	0.00000000	1.80059200
-0.15878297	0.00000000	2.81991000
-0.15378297	0.00000000	3.31431000
-0.14878297	0.00000000	3.31431000
-0.14378297	0.00000000	2.84432500
-0.13878297	0.00000000	1.91656200
-0.13378297	0.00000000	1.49540700
-0.12878297	0.00000000	1.67851800
-0.12378297	0.00000000	1.25736300
-0.11878297	0.00000000	0.32959990
-0.11378297	0.00000000	-0.09155553
-0.10878297	0.00000000	0.09155553
-0.10378297	-0.00012207	-0.30518510
-0.09878297	-0.00057985	-1.14139200
-0.09378297	0.00152593	-2.00811800
-0.08878297	0.00570696	-2.75276900
-0.08378297	0.00994903	-3.57676900
-0.07878297	0.01315348	-4.21765800
-0.07378297	0.01965392	-5.51774600
-0.06878297	0.02795495	-7.17795300
-0.06378297	0.03445540	-8.45362700
-0.05878297	0.03765984	-9.00296000
-0.05378297	0.04168829	-10.29694000
-0.04878297	0.04489273	-12.06091000
-0.04378297	0.05139317	-12.92764000
-0.03878297	0.05969420	-12.74453000
-0.03378297	0.06607258	-12.72011000
-0.02878297	0.06881924	-12.81167000
-0.02378297	0.07519761	-12.36610000
-0.01878297	0.08349864	-11.43834000
-0.01378297	0.08999909	-10.99277000
-0.00878297	0.09320353	-11.08432000
-0.00378297	0.09732353	-11.13315000
0.00121703	0.10104680	-11.22471000
0.00621703	0.10516680	-10.80355000
0.01121703	0.10837120	-9.96734500
0.01621703	0.11487170	-9.05179000
0.02121703	0.12317270	-8.12402700
0.02621703	0.12967320	-8.17285700
0.03121703	0.13287760	-9.28373100
0.03621703	0.13702810	-9.30814500
0.04121703	0.14072080	-8.28882700
0.04621703	0.14499340	-7.84325600
0.05121703	0.14868620	-8.02636700
0.05621703	0.15280620	-7.58079800
0.06121703	0.15601060	-6.56148000
0.06621703	0.16251110	-6.58589400
0.07121703	0.17081210	-7.69676800
0.07621703	0.17731250	-7.69676800
0.08121703	0.18051700	-6.58589400
0.08621703	0.18463700	-6.56148000
0.09121703	0.18836020	-7.58079800
0.09621703	0.19257180	-8.02636700
0.10121703	0.19629510	-7.84325600
0.10621703	0.20062870	-8.26441300
0.11121703	0.20480970	-9.19217500
0.11621703	0.20679340	-9.63774600
0.12121703	0.20587790	-9.54619000
0.12621703	0.20786160	-9.52177400
0.13121703	0.21204260	-9.52177400
0.13621703	0.21637620	-9.52177400
0.14121703	0.22009950	-9.52177400
0.14621703	0.22443310	-9.49735900
0.15121703	0.22861420	-9.40580500
0.15621703	0.23059790	-9.85137500
0.16121703	0.22968230	-10.77914000
0.16621703	0.23178810	-11.22471000
0.17121703	0.23642690	-11.13315000
0.17621703	0.23853270	-11.08432000
0.18121703	0.23761710	-10.99277000
0.18621703	0.23972290	-11.43834000
0.19121703	0.24436170	-12.36610000
0.19621703	0.24646750	-12.81167000
0.20121703	0.24555190	-12.72011000
0.20621703	0.24765770	-12.72011000
0.21121703	0.25229650	-12.81167000
0.21621703	0.25452440	-12.34169000
0.22121703	0.25406660	-11.32237000
0.22621703	0.25382240	-11.34678000
0.23121703	0.25336470	-12.45765000
0.23621703	0.25559250	-12.48207000
0.24121703	0.26023130	-11.46275000
0.24621703	0.26233710	-10.99277000
0.25121703	0.26142160	-11.08432000
0.25621703	0.26352730	-11.08432000
0.26121703	0.26816620	-10.99277000
0.26621703	0.27039400	-11.48717000
0.27121703	0.26993620	-12.59804000
0.27621703	0.26981410	-12.12806000
0.28121703	0.26981410	-10.08942000
0.28621703	0.26981410	-9.61943300
0.29121703	0.26981410	-10.73031000
0.29621703	0.26969210	-11.22471000
0.30121703	0.26923430	-11.13315000
0.30621703	0.27146210	-11.08432000
0.31121703	0.27610100	-10.99277000
0.31621703	0.27832880	-11.43834000
0.32121702	0.27787100	-12.36610000
0.32621702	0.27774890	-12.78726000
0.33121702	0.27774890	-12.60414000
0.33621702	0.27774890	-13.02530000
0.34121702	0.27774890	-13.95306000
0.34621702	0.27774890	-14.42305000
0.35121702	0.27774890	-14.42305000
0.35621702	0.27774890	-13.97748000
0.36121702	0.27774890	-13.14127000
0.36621702	0.27787100	-12.27454000
0.37121702	0.27832880	-11.52989000
0.37621702	0.27597890	-10.66317000
0.38121702	0.27088230	-9.82696000
0.38621702	0.27100440	-9.43021900
0.39121702	0.27655870	-9.61333000
0.39621702	0.27668080	-9.19217500
0.40121702	0.27158420	-8.26441300
0.40621702	0.26923430	-7.79442700
0.41121702	0.26969210	-7.79442700
0.41621702	0.26981410	-8.31324200
0.42121702	0.26981410	-9.42411600
0.42621702	0.26981410	-8.95413000
0.43121702	0.26981410	-6.91549400
0.43621702	0.26993620	-6.46992400
0.44121702	0.27039400	-7.67235300
0.44621702	0.26816620	-7.69676800
0.45121702	0.26352730	-6.58589400
0.45621702	0.26129950	-6.58589400
0.46121702	0.26175730	-7.69676800
0.46621702	0.26200140	-7.69676800
0.47121702	0.26245920	-6.58589400
0.47621702	0.26023130	-6.58589400
0.48121702	0.25559250	-7.69676800
0.48621702	0.25336470	-7.69676800
0.49121702	0.25382240	-6.58589400
0.49621702	0.25406660	-6.56148000
0.50121702	0.25452440	-7.58079800
0.50621702	0.25229650	-8.07519700
0.51121702	0.24765770	-8.07519700
0.51621702	0.24555190	-7.58079800
0.52121702	0.24646750	-6.56148000
0.52621702	0.24436170	-6.56148000
0.53121702	0.23972290	-7.58079800
0.53621702	0.23749500	-8.05078300
0.54121702	0.23795280	-7.95922800
0.54621702	0.23819700	-7.93481200
0.55121702	0.23865470	-7.93481200
0.55621702	0.23642690	-7.93481200
0.56121702	0.23178810	-7.93481200
0.56621702	0.22956020	-7.93481200
0.57121702	0.23001800	-7.93481200
0.57621702	0.23014010	-7.91039800
0.58121702	0.23014010	-7.81884200
0.58621702	0.23026220	-8.28882700
0.59121702	0.23071990	-9.30814500
0.59621702	0.22849210	-9.30814500
0.60121702	0.22385330	-8.28882700
0.60621702	0.22162540	-7.84325600
0.61121702	0.22208320	-8.02636700
0.61621702	0.22220530	-7.60521200
0.62121702	0.22220530	-6.67745000
0.62621702	0.22220530	-6.23187900
0.63121702	0.22220530	-6.32343500
0.63621702	0.22220530	-6.34785000
0.64121702	0.22220530	-6.34785000
0.64621702	0.22232730	-6.34785000
0.65121702	0.22278510	-6.34785000
0.65621702	0.22055730	-6.37226500
0.66121702	0.21591850	-6.46382000
0.66621702	0.21369060	-6.01825000
0.67121702	0.21414840	-5.09048700
0.67621702	0.21427050	-4.66933200
0.68121702	0.21427050	-4.85244300
0.68621702	0.21427050	-4.40687300
0.69121702	0.21427050	-3.38755500
0.69621702	0.21427050	-3.38755500
0.70121702	0.21427050	-4.40687300
0.70621702	0.21439250	-4.90127200
0.71121702	0.21485030	-4.90127200
0.71621702	0.21262240	-4.40687300
0.72121702	0.20798360	-3.38755500
0.72621702	0.20575580	-3.41196900
0.73121702	0.20621360	-4.52284300
0.73621702	0.20633560	-4.52284300
0.74121702	0.20633560	-3.41196900
0.74621702	0.20633560	-3.38755500
0.75121702	0.20633560	-4.40687300
0.75621702	0.20633560	-4.87685800
0.76121702	0.20633560	-4.78530200
0.76621702	0.20633560	-4.76088700
0.77121702	0.20633560	-4.76088700
0.77621702	0.20645770	-4.76088700
0.78121702	0.20691550	-4.76088700
0.78621702	0.20468760	-4.76088700
0.79121702	0.20004880	-4.76088700
0.79621702	0.19782100	-4.76088700
0.80121702	0.19827880	-4.76088700
0.80621702	0.19840080	-4.76088700
0.81121702	0.19840080	-4.76088700
0.81621702	0.19840080	-4.78530200
0.82121702	0.19840080	-4.87685800
0.82621702	0.19840080	-4.43128700
0.83121702	0.19840080	-3.50352500
0.83621702	0.19840080	-3.05795500
0.84121702	0.19840080	-3.14951000
0.84621702	0.19852290	-3.17392500
0.85121702	0.19898070	-3.17392500
0.85621702	0.19675280	-3.17392500
0.86121702	0.19211400	-3.17392500
0.86621702	0.18988620	-3.17392500
0.87121702	0.19034390	-3.17392500
0.87621702	0.19046600	-3.17392500
0.88121702	0.19046600	-3.17392500
0.88621702	0.19046600	-3.17392500
0.89121702	0.19046600	-3.17392500
0.89621702	0.19046600	-3.17392500
0.90121702	0.19046600	-3.17392500
0.90621702	0.19046600	-3.14951000
0.91121702	0.19046600	-3.05795500
0.91621702	0.19058810	-3.52794000
0.92121702	0.19104590	-4.54725700
0.92621702	0.18881800	-4.54725700
0.93121702	0.18417920	-3.52794000
0.93621702	0.18195140	-3.05795500
0.94121702	0.18240910	-3.14951000
0.94621702	0.18253120	-3.17392500
0.95121702	0.18253120	-3.17392500
0.95621702	0.18253120	-3.19834000
0.96121702	0.18253120	-3.28989500
0.96621702	0.18253120	-2.84432500
0.97121702	0.18253120	-1.91656200
0.97621702	0.18253120	-1.47099200
0.98121702	0.18253120	-1.56254800
0.98621702	0.18253120	-1.56254800
0.99121702	0.18253120	-1.47099200
0.99621702	0.18265330	-1.94097700
1.00121702	0.18311110	-2.96029500
1.00621702	0.18088320	-2.96029500
1.01121702	0.17624440	-1.94097700
1.01621702	0.17401650	-1.47099200
1.02121702	0.17447430	-1.56254800
1.02621702	0.17459640	-1.63579200
1.03121702	0.17459640	-1.81890300
1.03621702	0.17459640	-0.90334780
1.04121702	0.17459640	1.04373300
1.04621702	0.17459640	1.46488800
1.05121702	0.17459640	0.26245920
1.05621702	0.17459640	0.21362960
1.06121702	0.17459640	1.23294800
1.06621702	0.17459640	1.70293300
1.07121702	0.17459640	1.61137700
1.07621702	0.17459640	1.58696200
1.08121702	0.17459640	1.58696200
1.08621702	0.17471850	1.58696200
1.09121702	0.17517620	1.58696200
1.09621702	0.17294840	1.61137700
1.10121702	0.16830960	1.70293300
1.10621702	0.16608170	1.25736300
1.11121702	0.16653950	0.32959990
1.11621702	0.16666160	-0.14038510
1.12121702	0.16666160	-0.14038510
1.12621702	0.16666160	0.35401470
1.13121702	0.16666160	1.37333300
1.13621702	0.16666160	1.37333300
1.14121702	0.16666160	0.35401470
1.14621702	0.16666160	-0.11597030
1.15121702	0.16666160	-0.02441481
1.15621702	0.16666160	-0.02441481
1.16121702	0.16666160	-0.11597030
1.16621702	0.16678370	0.37842950
1.17121702	0.16724140	1.48930300
1.17621702	0.16501360	1.01931800
1.18121702	0.16037480	-1.01931800
1.18621702	0.15814690	-1.48930300
1.19121702	0.15860470	-0.37842950
1.19621702	0.15872680	0.11597030
1.20121702	0.15872680	0.02441481
1.20621702	0.15872680	0.00000000
1.21121702	0.15872680	0.00000000
1.21621702	0.15872680	0.00000000
1.22121702	0.15872680	0.00000000
1.22621702	0.15872680	-0.02441481
1.23121702	0.15872680	-0.11597030
1.23621702	0.15872680	0.35401470
1.24121702	0.15872680	1.37333300
1.24621702	0.15872680	1.37333300
1.25121702	0.15872680	0.35401470
1.25621702	0.15872680	-0.14038510
1.26121702	0.15872680	-0.14038510
1.26621702	0.15872680	0.32959990
1.27121702	0.15872680	1.25736300
1.27621702	0.15884880	1.70293300
1.28121702	0.15930660	1.61137700
1.28621702	0.15707880	1.61137700
1.29121702	0.15244000	1.70293300
1.29621702	0.15021210	1.25736300
1.30121702	0.15066990	0.32959990
1.30621702	0.15079200	-0.14038510
1.31121702	0.15079200	-0.14038510
1.31621702	0.15079200	0.35401470
1.32121702	0.15079200	1.37333300
1.32621702	0.15079200	1.37333300
1.33121702	0.15079200	0.35401470
1.33621702	0.15079200	-0.11597030
1.34121702	0.15079200	-0.02441481
1.34621702	0.15079200	0.00000000
1.35121702	0.15079200	0.00000000
1.35621702	0.15091400	0.00000000
1.36121702	0.15137180	0.00000000
1.36621702	0.14914390	0.00000000
1.37121702	0.14450510	0.00000000
1.37621702	0.14227730	0.00000000
1.38121702	0.14273510	0.00000000
1.38621702	0.14285710	0.00000000
1.39121702	0.14285710	0.00000000
1.39621702	0.14285710	0.00000000
1.40121702	0.14285710	0.00000000
1.40621702	0.14285710	0.02441481
1.41121702	0.14285710	0.11597030
1.41621702	0.14285710	-0.32959990
1.42121702	0.14285710	-1.25736300
1.42621702	0.14285710	-1.70293300
1.43121702	0.14285710	-1.61137700
1.43621702	0.14285710	-1.63579200
1.44121702	0.14285710	-1.81890300
1.44621702	0.14285710	-0.92776260
1.45121702	0.14285710	0.92776260
1.45621702	0.14285710	1.81890300
1.46121702	0.14285710	1.63579200
1.46621702	0.14297920	1.58696200
1.47121702	0.14343700	1.58696200
1.47621702	0.14120910	1.58696200
1.48121702	0.13653980	1.58696200
1.48621702	0.13431200	1.58696200
1.49121702	0.13476970	1.58696200
1.49621702	0.13489180	1.58696200
1.50121702	0.13489180	1.58696200
1.50621702	0.13489180	1.58696200
1.51121702	0.13489180	1.58696200
1.51621702	0.13489180	1.61137700
1.52121702	0.13489180	1.70293300
1.52621702	0.13489180	1.25736300
1.53121702	0.13489180	0.32959990
1.53621702	0.13489180	-0.11597030
1.54121702	0.13489180	-0.02441481
1.54621702	0.13489180	0.00000000
1.55121702	0.13489180	0.00000000
1.55621702	0.13489180	0.00000000
1.56121702	0.13489180	0.00000000
1.56621702	0.13501390	0.00000000
1.57121702	0.13547170	0.00000000
1.57621702	0.13324380	0.00000000
1.58121702	0.12860500	0.00000000
1.58621702	0.12637720	0.00000000
1.59121702	0.12683490	0.00000000
1.59621702	0.12695700	-0.02441481
1.60121702	0.12695700	-0.11597030
1.60621702	0.12695700	0.32959990
1.61121702	0.12695700	1.25736300
1.61621702	0.12695700	1.70293300
1.62121702	0.12695700	1.61137700
1.62621702	0.12695700	1.61137700
1.63121702	0.12695700	1.70293300
1.63621702	0.12695700	1.23294800
1.64121702	0.12695700	0.21362960
1.64621702	0.12695700	0.21362960
1.65121702	0.12695700	1.23294800
1.65621702	0.12695700	1.72734800
1.66121702	0.12695700	1.72734800
1.66621702	0.12707910	1.25736300
1.67121702	0.12753680	0.32959990
1.67621702	0.12530900	-0.11597030
1.68121702	0.12067020	-0.02441481
1.68621702	0.11844230	-0.02441481
1.69121702	0.11890010	-0.11597030
1.69621702	0.11902220	0.35401470
1.70121702	0.11902220	1.37333300
1.70621702	0.11902220	1.34891800
1.71121702	0.11902220	0.23804440
1.71621702	0.11902220	0.21362960
1.72121702	0.11902220	1.23294800
1.72621702	0.11902220	1.70293300
1.73121702	0.11902220	1.61137700
1.73621702	0.11902220	1.58696200
1.74121702	0.11902220	1.58696200
1.74621702	0.11902220	1.58696200
1.75121702	0.11902220	1.58696200
1.75621702	0.11902220	1.58696200
1.76121702	0.11902220	1.58696200
1.76621702	0.11902220	1.58696200
1.77121702	0.11902220	1.58696200
1.77621702	0.11902220	1.58696200
1.78121702	0.11902220	1.58696200
1.78621702	0.11914430	1.58696200
1.79121702	0.11960200	1.58696200
1.79621702	0.11737420	1.58696200
1.80121702	0.11273540	1.58696200
1.80621702	0.11050750	1.58696200
1.81121702	0.11096530	1.58696200
1.81621702	0.11108740	1.56254800
1.82121702	0.11108740	1.47099200
1.82621702	0.11108740	1.91656200
1.83121702	0.11108740	2.84432500
1.83621702	0.11108740	3.31431000
1.84121702	0.11108740	3.31431000
1.84621702	0.11108740	2.81991000
1.85121702	0.11108740	1.80059200
1.85621702	0.11108740	1.80059200
1.86121702	0.11108740	2.81991000
1.86621702	0.11108740	3.28989500
1.87121702	0.11108740	3.19834000
1.87621702	0.11108740	3.17392500
1.88121702	0.11108740	3.17392500
1.88621702	0.11108740	3.19834000
1.89121702	0.11108740	3.28989500
1.89621702	0.11108740	2.84432500
1.90121702	0.11108740	1.91656200
1.90621702	0.11108740	1.47099200
1.91121702	0.11108740	1.56254800
1.91621702	0.11120950	1.58696200
1.92121702	0.11166720	1.58696200
1.92621702	0.10943940	1.58696200
1.93121702	0.10480060	1.58696200
1.93621702	0.10257270	1.61137700
1.94121702	0.10303050	1.70293300
1.94621702	0.10315260	1.25736300
1.95121702	0.10315260	0.32959990
1.95621702	0.10315260	-0.11597030
1.96121702	0.10315260	-0.02441481
1.96621701	0.10315260	-0.02441481
1.97121701	0.10315260	-0.11597030
1.97621701	0.10315260	0.32959990
1.98121701	0.10315260	1.25736300
1.98621701	0.10315260	1.70293300
1.99121701	0.10315260	1.61137700
1.99621701	0.10315260	1.58696200
2.00121701	0.10315260	1.58696200
2.00621701	0.10315260	1.58696200
2.01121701	0.10315260	1.58696200
2.01621701	0.10315260	1.58696200
2.02121701	0.10315260	1.58696200
2.02621701	0.10315260	1.56254800
2.03121701	0.10315260	1.47099200
2.03621701	0.10315260	1.94097700
2.04121701	0.10315260	2.96029500
2.04621701	0.10315260	2.98471000
2.05121701	0.10315260	2.05694700
2.05621701	0.10327460	1.11697700
2.06121701	0.10373240	0.18921480
2.06621701	0.10150460	0.21362960
2.07121701	0.09686575	1.23294800
2.07621701	0.09463790	1.70293300
2.08121701	0.09509568	1.61137700
2.08621701	0.09521775	1.58696200
2.09121701	0.09521775	1.58696200
2.09621701	0.09521775	1.58696200
2.10121701	0.09521775	1.58696200
2.10621701	0.09521775	1.61137700
2.11121701	0.09521775	1.70293300
2.11621701	0.09521775	1.23294800
2.12121701	0.09521775	0.21362960
2.12621701	0.09521775	0.23804440
2.13121701	0.09521775	1.34891800
2.13621701	0.09521775	1.37333300
2.14121701	0.09521775	0.35401470
2.14621701	0.09521775	-0.11597030
2.15121701	0.09521775	-0.02441481
2.15621701	0.09521775	-0.02441481
2.16121701	0.09521775	-0.11597030
2.16621701	0.09521775	0.32959990
2.17121701	0.09521775	1.25736300
2.17621701	0.09521775	1.72734800
2.18121701	0.09521775	1.72734800
2.18621701	0.09521775	1.25736300
2.19121701	0.09521775	0.32959990
2.19621701	0.09533982	-0.11597030
2.20121701	0.09579760	-0.02441481
2.20621701	0.09344768	0.00000000
2.21121701	0.08835109	0.00000000
2.21621701	0.08847316	0.00000000
2.22121701	0.09402753	0.00000000
2.22621701	0.09414960	-0.02441481
2.23121701	0.08905301	-0.11597030
2.23621701	0.08670308	0.32959990
2.24121701	0.08716086	1.25736300
2.24621701	0.08728294	1.70293300
2.25121701	0.08728294	1.61137700
2.25621701	0.08728294	1.58696200
2.26121701	0.08728294	1.58696200
2.26621701	0.08728294	1.58696200
2.27121701	0.08728294	1.58696200
2.27621701	0.08728294	1.58696200
2.28121701	0.08728294	1.58696200
2.28621701	0.08728294	1.58696200
2.29121701	0.08728294	1.58696200
2.29621701	0.08728294	1.58696200
2.30121701	0.08728294	1.58696200
2.30621701	0.08728294	1.58696200
2.31121701	0.08728294	1.58696200
2.31621701	0.08728294	1.61137700
2.32121701	0.08728294	1.70293300
2.32621701	0.08728294	1.23294800
2.33121701	0.08728294	0.21362960
2.33621701	0.08728294	0.21362960
2.34121701	0.08728294	1.23294800
2.34621701	0.08728294	1.70293300
2.35121701	0.08728294	1.61137700
2.35621701	0.08728294	1.58696200
2.36121701	0.08728294	1.58696200
2.36621701	0.08740501	1.58696200
2.37121701	0.08786279	1.58696200
2.37621701	0.08563494	1.58696200
2.38121701	0.08099613	1.58696200
2.38621701	0.07876828	1.58696200
2.39121701	0.07922605	1.58696200
2.39621701	0.07934812	1.56254800
2.40121701	0.07934812	1.47099200
2.40621701	0.07934812	1.91656200
2.41121701	0.07934812	2.84432500
2.41621701	0.07934812	3.28989500
2.42121701	0.07934812	3.19834000
2.42621701	0.07934812	3.19834000
2.43121701	0.07934812	3.28989500
2.43621701	0.07934812	2.81991000
2.44121701	0.07934812	1.80059200
2.44621701	0.07934812	1.80059200
2.45121701	0.07934812	2.81991000
2.45621701	0.07934812	3.28989500
2.46121701	0.07934812	3.19834000
2.46621701	0.07934812	3.17392500
2.47121701	0.07934812	3.17392500
2.47621701	0.07934812	3.14951000
2.48121701	0.07934812	3.05795500
2.48621701	0.07934812	3.52794000
2.49121701	0.07934812	4.54725700
2.49621701	0.07934812	4.54725700
2.50121701	0.07934812	3.52794000
2.50621701	0.07934812	3.05795500
2.51121701	0.07934812	3.14951000
2.51621701	0.07934812	3.17392500
2.52121701	0.07934812	3.17392500
2.52621701	0.07934812	3.17392500
2.53121701	0.07934812	3.17392500
2.53621701	0.07934812	3.17392500
2.54121701	0.07934812	3.17392500
2.54621701	0.07934812	3.17392500
2.55121701	0.07934812	3.17392500
2.55621701	0.07934812	3.17392500
2.56121701	0.07934812	3.17392500
2.56621701	0.07934812	3.19834000
2.57121701	0.07934812	3.28989500
2.57621701	0.07947020	2.84432500
2.58121701	0.07992797	1.91656200
2.58621701	0.07770012	1.47099200
2.59121701	0.07306131	1.56254800
2.59621701	0.07083346	1.61137700
2.60121701	0.07129124	1.70293300
2.60621701	0.07141331	1.25736300
2.61121701	0.07141331	0.32959990
2.61621701	0.07141331	-0.11597030
2.62121701	0.07141331	-0.02441481
2.62621701	0.07141331	-0.02441481
2.63121701	0.07141331	-0.11597030
2.63621701	0.07141331	0.32959990
2.64121701	0.07141331	1.25736300
2.64621701	0.07141331	1.67851800
2.65121701	0.07141331	1.49540700
2.65621701	0.07141331	1.91656200
2.66121701	0.07141331	2.84432500
2.66621701	0.07141331	3.28989500
2.67121701	0.07141331	3.19834000
2.67621701	0.07141331	3.17392500
2.68121701	0.07141331	3.17392500
2.68621701	0.07141331	3.17392500
2.69121701	0.07141331	3.17392500
2.69621701	0.07141331	3.19834000
2.70121701	0.07141331	3.28989500
2.70621701	0.07141331	2.84432500
2.71121701	0.07141331	1.91656200
2.71621701	0.07141331	1.47099200
2.72121701	0.07141331	1.56254800
2.72621701	0.07141331	1.58696200
2.73121701	0.07141331	1.58696200
2.73621701	0.07141331	1.58696200
2.74121701	0.07141331	1.58696200
2.74621701	0.07141331	1.58696200
2.75121701	0.07141331	1.58696200
2.75621701	0.07141331	1.58696200
2.76121701	0.07141331	1.58696200
2.76621701	0.07141331	1.58696200
2.77121701	0.07141331	1.58696200
2.77621701	0.07141331	1.61137700
2.78121701	0.07141331	1.70293300
2.78621701	0.07153539	1.23294800
2.79121701	0.07199316	0.21362960
2.79621701	0.06976531	0.21362960
2.80121701	0.06512650	1.23294800
2.80621701	0.06289865	1.70293300
2.81121701	0.06335643	1.61137700
2.81621701	0.06347850	1.61137700
2.82121701	0.06347850	1.70293300
2.82621701	0.06347850	1.23294800
2.83121701	0.06347850	0.21362960
2.83621701	0.06347850	0.26245920
2.84121701	0.06347850	1.46488800
2.84621701	0.06347850	0.99490340
2.85121701	0.06347850	-1.13528900
2.85621701	0.06347850	-1.18411800
2.86121701	0.06347850	0.76296280
2.86621701	0.06347850	2.17291800
2.87121701	0.06347850	3.00912500
2.87621701	0.06347850	2.98471000
2.88121701	0.06347850	2.05694700
2.88621701	0.06347850	1.11697700
2.89121701	0.06347850	0.18921480
2.89621701	0.06347850	0.18921480
2.90121701	0.06347850	1.11697700
2.90621701	0.06347850	2.05694700
2.91121701	0.06347850	2.98471000
2.91621701	0.06347850	2.96029500
2.92121701	0.06347850	1.94097700
2.92621701	0.06347850	1.44657700
2.93121701	0.06347850	1.44657700
2.93621701	0.06347850	1.91656200
2.94121701	0.06347850	2.84432500
2.94621701	0.06347850	3.28989500
2.95121701	0.06347850	3.19834000
2.95621701	0.06347850	3.17392500
2.96121701	0.06347850	3.17392500
2.96621701	0.06347850	3.17392500
2.97121701	0.06347850	3.17392500
2.97621701	0.06347850	3.19834000
2.98121701	0.06347850	3.28989500
2.98621701	0.06347850	2.84432500
2.99121701	0.06347850	1.91656200
2.99621701	0.06347850	1.47099200
3.00121701	0.06347850	1.56254800
3.00621701	0.06360057	1.61137700
3.01121701	0.06405835	1.70293300
3.01621701	0.06183050	1.25736300
3.02121701	0.05719168	0.32959990
3.02621701	0.05496383	-0.11597030
3.03121701	0.05542161	-0.02441481
3.03621701	0.05554369	-0.02441481
3.04121701	0.05554369	-0.11597030
3.04621701	0.05554369	0.32959990
3.05121701	0.05554369	1.25736300
3.05621701	0.05554369	1.72734800
3.06121701	0.05554369	1.72734800
3.06621701	0.05554369	1.23294800
3.07121701	0.05554369	0.21362960
3.07621701	0.05554369	0.21362960
3.08121701	0.05554369	1.23294800
3.08621701	0.05554369	1.70293300
3.09121701	0.05554369	1.61137700
3.09621701	0.05554369	1.56254800
3.10121701	0.05554369	1.47099200
3.10621701	0.05554369	1.94097700
3.11121701	0.05554369	2.96029500
3.11621701	0.05554369	2.96029500
3.12121701	0.05554369	1.94097700
3.12621701	0.05554369	1.47099200
3.13121701	0.05554369	1.56254800
3.13621701	0.05554369	1.58696200
3.14121701	0.05554369	1.58696200
3.14621701	0.05554369	1.58696200
3.15121701	0.05554369	1.58696200
3.15621701	0.05554369	1.56254800
3.16121701	0.05554369	1.47099200
3.16621701	0.05554369	1.94097700
3.17121701	0.05554369	2.96029500
3.17621701	0.05554369	2.96029500
3.18121701	0.05554369	1.94097700
3.18621701	0.05554369	1.47099200
3.19121701	0.05554369	1.56254800
3.19621701	0.05554369	1.58696200
3.20121701	0.05554369	1.58696200
3.20621701	0.05554369	1.61137700
3.21121701	0.05554369	1.70293300
3.21621701	0.05554369	1.23294800
3.22121701	0.05554369	0.21362960
3.22621701	0.05554369	0.21362960
3.23121701	0.05554369	1.23294800
3.23621701	0.05566576	1.70293300
3.24121701	0.05612354	1.61137700
3.24621701	0.05389569	1.58696200
3.25121701	0.04925688	1.58696200
3.25621701	0.04702902	1.58696200
3.26121701	0.04748680	1.58696200
3.26621701	0.04760887	1.58696200
3.27121701	0.04760887	1.58696200
3.27621701	0.04760887	1.58696200
3.28121701	0.04760887	1.58696200
3.28621701	0.04760887	1.58696200
3.29121701	0.04760887	1.58696200
3.29621701	0.04760887	1.58696200
3.30121701	0.04760887	1.58696200
3.30621701	0.04760887	1.58696200
3.31121701	0.04760887	1.58696200
3.31621701	0.04760887	1.58696200
3.32121701	0.04760887	1.58696200
3.32621701	0.04760887	1.61137700
3.33121701	0.04760887	1.70293300
3.33621701	0.04760887	1.23294800
3.34121701	0.04760887	0.21362960
3.34621701	0.04760887	0.21362960
3.35121701	0.04760887	1.23294800
3.35621701	0.04760887	1.70293300
3.36121701	0.04760887	1.61137700
3.36621701	0.04760887	1.58696200
3.37121701	0.04760887	1.58696200
3.37621701	0.04760887	1.56254800
3.38121701	0.04760887	1.47099200
3.38621701	0.04760887	1.89214800
3.39121701	0.04760887	2.72835500
3.39621701	0.04760887	3.55235400
3.40121701	0.04760887	4.10168800
3.40621701	0.04760887	5.72527200
3.41121701	0.04760887	7.84936000
3.41621701	0.04760887	11.66417000
3.42121701	0.04760887	16.19312000
3.42621701	0.04760887	22.10761000
3.43121701	0.04760887	27.83899000
3.43621701	0.04760887	36.34144000
3.44121701	0.04760887	45.49089000
3.44621701	0.04760887	56.18457000
3.45121701	0.04760887	65.88946000
3.45621701	0.04760887	76.91275000
3.46121701	0.04760887	86.43452000
3.46621701	0.04760887	97.90338000
3.47121701	0.04760887	108.44450000
3.47621701	0.04760887	119.98050000
3.48121701	0.04760887	129.78300000
3.48621701	0.04760887	139.53060000
3.49121701	0.04760887	146.73910000
3.49621701	0.04760887	154.79600000
3.50121701	0.04760887	161.63210000
3.50621701	0.04760887	168.01660000
3.51121701	0.04760887	172.36240000
3.51621701	0.04760887	176.58010000
3.52121701	0.04760887	179.53430000
3.52621701	0.04760887	182.07950000
3.53121701	0.04760887	183.55660000
3.53621701	0.04760887	184.40500000
3.54121701	0.04760887	184.40500000
3.54621701	0.04773095	183.50780000
3.55121701	0.04818873	181.84760000
3.55621701	0.04583880	180.12630000
3.56121701	0.04074221	178.74080000
3.56621701	0.04086429	176.64720000
3.57121701	0.04641865	174.42550000
3.57621701	0.04654073	171.45910000
3.58121701	0.04144414	168.49880000
3.58621701	0.03897214	164.65960000
3.59121701	0.03897214	160.86920000
3.59621701	0.04144414	156.58440000
3.60121701	0.04654073	152.79400000
3.60621701	0.04654073	149.02800000
3.61121700	0.04144414	146.34840000
3.61621700	0.03909421	142.11250000
3.62121700	0.03955199	137.38820000
3.62621700	0.03967406	132.65790000
3.63121700	0.03967406	128.95900000
3.63621700	0.03967406	125.21740000
3.64121700	0.03967406	122.53790000
3.64621700	0.03967406	118.30190000
3.65121700	0.03967406	113.57770000
3.65621700	0.03967406	108.82290000
3.66121700	0.03967406	105.03250000
3.66621700	0.03967406	101.68770000
3.67121700	0.03967406	99.75280000
3.67621700	0.03967406	96.82912000
3.68121700	0.03967406	93.78338000
3.68621700	0.03967406	90.32258000
3.69121700	0.03967406	87.17307000
3.69621700	0.03967406	84.65224000
3.70121700	0.03967406	83.44981000
3.70621700	0.03967406	81.38065000
3.71121700	0.03967406	79.06735000
3.71621700	0.03967406	76.47939000
3.72121700	0.03967406	74.16608000
3.72621700	0.03967406	72.02368000
3.73121700	0.03967406	70.54659000
3.73621700	0.03967406	69.34416000
3.74121700	0.03967406	68.88638000
3.74621700	0.03967406	67.18954000
3.75121700	0.03967406	64.69313000
3.75621700	0.03967406	62.52632000
3.76121700	0.03967406	61.14078000
3.76621700	0.03967406	59.46836000
3.77121700	0.03967406	57.99127000
3.77621700	0.03967406	56.27003000
3.78121700	0.03967406	54.69527000
3.78621700	0.03967406	53.41960000
3.79121700	0.03967406	52.77871000
3.79621700	0.03967406	51.97302000
3.80121700	0.03967406	51.33213000
3.80621700	0.03967406	50.03204000
3.81121700	0.03967406	48.37184000
3.81621700	0.03967406	47.07175000
3.82121700	0.03967406	46.43086000
3.82621700	0.03967406	45.62517000
3.83121700	0.03967406	44.98428000
3.83621700	0.03967406	43.66588000
3.84121700	0.03967406	41.90191000
3.84621700	0.03967406	41.07791000
3.85121700	0.03967406	41.45634000
3.85621700	0.03967406	40.60793000
3.86121700	0.03967406	38.75240000
3.86621700	0.03967406	37.88568000
3.87121700	0.03967406	38.16034000
3.87621700	0.03967406	37.78802000
3.88121700	0.03967406	36.95181000
3.88621700	0.03979614	36.06067000
3.89121700	0.04025391	35.22446000
3.89621700	0.03790399	34.82772000
3.90121700	0.03280740	35.01083000
3.90621700	0.03292947	34.61409000
3.91121700	0.03848384	33.77789000
3.91621700	0.03860591	32.91116000
3.92121700	0.03350932	32.16651000
3.92621700	0.03115940	31.34251000
3.93121700	0.03161718	30.70162000
3.93621700	0.03173925	29.37712000
3.94121700	0.03173925	27.61925000
3.94621700	0.03173925	26.76473000
3.95121700	0.03173925	27.04550000
3.95621700	0.03173925	26.64876000
3.96121700	0.03173925	25.72100000
3.96621700	0.03173925	25.29984000
3.97121700	0.03173925	25.48295000
3.97621700	0.03173925	25.06180000
3.98121700	0.03173925	24.13404000
3.98621700	0.03173925	23.71288000
3.99121700	0.03173925	23.89599000
3.99621700	0.03173925	23.47484000
4.00121700	0.03173925	22.54707000
4.00621700	0.03173925	22.10150000
4.01121700	0.03173925	22.19306000
4.01621700	0.03173925	22.24189000
4.02121700	0.03173925	22.33344000
4.02621700	0.03173925	21.88787000
4.03121700	0.03173925	20.96011000
4.03621700	0.03173925	20.51454000
4.04121700	0.03173925	20.60610000
4.04621700	0.03173925	20.65493000
4.05121700	0.03173925	20.74648000
4.05621700	0.03173925	20.30091000
4.06121700	0.03173925	19.37315000
4.06621700	0.03173925	18.92758000
4.07121700	0.03173925	19.01913000
4.07621700	0.03173925	19.04355000
4.08121700	0.03173925	19.04355000
4.08621700	0.03173925	19.04355000
4.09121700	0.03173925	19.04355000
4.09621700	0.03173925	19.04355000
4.10121700	0.03173925	19.04355000
4.10621700	0.03173925	19.01913000
4.11121700	0.03173925	18.92758000
4.11621700	0.03173925	19.39757000
4.12121700	0.03173925	20.41688000
4.12621700	0.03173925	20.39247000
4.13121700	0.03173925	19.28160000
4.13621700	0.03173925	19.28160000
4.14121700	0.03173925	20.39247000
4.14621700	0.03173925	20.41688000
4.15121700	0.03173925	19.39757000
4.15621700	0.03173925	18.92758000
4.16121700	0.03173925	19.01913000
4.16621700	0.03173925	19.04355000
4.17121700	0.03173925	19.04355000
4.17621700	0.03173925	19.06796000
4.18121700	0.03173925	19.15952000
4.18621700	0.03173925	18.71395000
4.19121700	0.03173925	17.78619000
4.19621700	0.03173925	17.36503000
4.20121700	0.03173925	17.54814000
4.20621700	0.03173925	17.15140000
4.21121700	0.03173925	16.31520000
4.21621700	0.03173925	15.42405000
4.22121700	0.03173925	14.58785000
4.22621700	0.03173925	14.16669000
4.23121700	0.03173925	14.25825000
4.23621700	0.03173925	14.28266000
4.24121700	0.03173925	14.28266000
4.24621700	0.03173925	14.28266000
4.25121700	0.03173925	14.28266000
4.25621700	0.03173925	14.28266000
4.26121700	0.03173925	14.28266000
4.26621700	0.03173925	14.28266000
4.27121700	0.03173925	14.28266000
4.27621700	0.03173925	14.28266000
4.28121700	0.03173925	14.28266000
4.28621700	0.03173925	14.28266000
4.29121700	0.03173925	14.28266000
4.29621700	0.03173925	14.28266000
4.30121700	0.03173925	14.28266000
4.30621700	0.03173925	14.28266000
4.31121700	0.03173925	14.28266000
4.31621700	0.03173925	14.30708000
4.32121700	0.03173925	14.39863000
4.32621700	0.03173925	13.92865000
4.33121700	0.03173925	12.90933000
4.33621700	0.03173925	12.90933000
4.34121700	0.03173925	13.92865000
4.34621700	0.03173925	14.39863000
4.35121700	0.03173925	14.30708000
4.35621700	0.03186132	14.30708000
4.36121700	0.03231910	14.39863000
4.36621700	0.02996918	13.95306000
4.37121700	0.02487259	13.02530000
4.37621700	0.02499466	12.55531000
4.38121700	0.03054903	12.55531000
4.38621700	0.03067110	13.04971000
4.39121700	0.02557451	14.06903000
4.39621700	0.02322458	14.04462000
4.40121700	0.02368236	12.93374000
4.40621700	0.02380444	12.90933000
4.41121700	0.02380444	13.92865000
4.41621700	0.02380444	14.42305000
4.42121700	0.02380444	14.42305000
4.42621700	0.02380444	13.95306000
4.43121700	0.02380444	13.02530000
4.43621700	0.02380444	12.57973000
4.44121700	0.02380444	12.67128000
4.44621700	0.02380444	12.72011000
4.45121700	0.02380444	12.81167000
4.45621700	0.02380444	12.36610000
4.46121700	0.02380444	11.43834000
4.46621700	0.02380444	10.96835000
4.47121700	0.02380444	10.96835000
4.47621700	0.02380444	11.46275000
4.48121700	0.02380444	12.48207000
4.48621700	0.02380444	12.48207000
4.49121700	0.02380444	11.46275000
4.49621700	0.02380444	11.01718000
4.50121700	0.02380444	11.20029000
4.50621700	0.02380444	10.75472000
4.51121700	0.02380444	9.73540400
4.51621700	0.02380444	9.73540400
4.52121700	0.02380444	10.75472000
4.52621700	0.02380444	11.22471000
4.53121700	0.02380444	11.13315000
4.53621700	0.02380444	11.10874000
4.54121700	0.02380444	11.10874000
4.54621700	0.02380444	11.10874000
4.55121700	0.02380444	11.10874000
4.55621700	0.02380444	11.13315000
4.56121700	0.02380444	11.22471000
4.56621700	0.02380444	10.77914000
4.57121700	0.02380444	9.85137500
4.57621700	0.02380444	9.40580500
4.58121700	0.02380444	9.49735900
4.58621700	0.02380444	9.52177400
4.59121700	0.02380444	9.52177400
4.59621700	0.02380444	9.52177400
4.60121700	0.02380444	9.52177400
4.60621700	0.02380444	9.52177400
4.61121700	0.02380444	9.52177400
4.61621700	0.02380444	9.54619000
4.62121700	0.02380444	9.63774600
4.62621700	0.02380444	9.16776000
4.63121700	0.02380444	8.14844100
4.63621700	0.02380444	8.14844100
4.64121700	0.02380444	9.16776000
4.64621700	0.02380444	9.61333000
4.65121700	0.02380444	9.43021900
4.65621700	0.02380444	9.85137500
4.66121700	0.02380444	10.77914000
4.66621700	0.02380444	11.24912000
4.67121700	0.02380444	11.24912000
4.67621700	0.02380444	10.77914000
4.68121700	0.02380444	9.85137500
4.68621700	0.02380444	9.38139000
4.69121700	0.02380444	9.38139000
4.69621700	0.02380444	9.87579000
4.70121700	0.02380444	10.89511000
4.70621700	0.02380444	10.87069000
4.71121700	0.02380444	9.75981900
4.71621700	0.02380444	9.73540400
4.72121700	0.02380444	10.75472000
4.72621700	0.02380444	11.22471000
4.73121700	0.02380444	11.13315000
4.73621700	0.02380444	11.13315000
4.74121700	0.02380444	11.22471000
4.74621700	0.02380444	10.77914000
4.75121700	0.02380444	9.85137500
4.75621700	0.02380444	9.40580500
4.76121700	0.02380444	9.49735900
4.76621700	0.02380444	9.49735900
4.77121700	0.02380444	9.40580500
4.77621700	0.02380444	9.87579000
4.78121700	0.02380444	10.89511000
4.78621700	0.02380444	10.91952000
4.79121700	0.02380444	9.99175900
4.79621700	0.02380444	9.05179000
4.80121700	0.02380444	8.12402700
4.80621700	0.02380444	8.14844100
4.81121700	0.02380444	9.16776000
4.81621700	0.02380444	9.66216000
4.82121700	0.02380444	9.66216000
4.82621700	0.02380444	9.19217500
4.83121700	0.02380444	8.26441300
4.83621700	0.02380444	7.81884200
4.84121700	0.02380444	7.91039800
4.84621700	0.02380444	7.93481200
4.85121700	0.02380444	7.93481200
4.85621700	0.02380444	7.93481200
4.86121700	0.02380444	7.93481200
4.86621700	0.02380444	7.93481200
4.87121700	0.02380444	7.93481200
4.87621700	0.02380444	7.93481200
4.88121700	0.02380444	7.93481200
4.88621700	0.02380444	7.93481200
4.89121700	0.02380444	7.93481200
4.89621700	0.02380444	7.93481200
4.90121700	0.02380444	7.93481200
4.90621700	0.02392651	7.93481200
4.91121700	0.02438429	7.93481200
4.91621700	0.02203436	7.91039800
4.92121700	0.01693777	7.81884200
4.92621700	0.01705985	8.26441300
4.93121700	0.02261421	9.19217500
4.93621700	0.02261421	9.66216000
4.94121700	0.01705985	9.66216000
4.94621700	0.01705985	9.19217500
4.95121700	0.02261421	8.26441300
4.95621700	0.02261421	7.81884200
4.96121700	0.01705985	7.91039800
4.96621700	0.01693777	7.93481200
4.97121700	0.02203436	7.93481200
4.97621700	0.02450636	7.93481200
4.98121700	0.02450636	7.93481200
4.98621700	0.02215644	7.95922800
4.99121700	0.01751762	8.05078300
4.99621700	0.01528977	7.60521200
5.00121700	0.01574755	6.67745000
5.00621700	0.01586962	6.23187900
5.01121700	0.01586962	6.32343500
5.01621700	0.01586962	6.32343500
5.02121700	0.01586962	6.23187900
5.02621700	0.01586962	6.70186400
5.03121700	0.01586962	7.72118300
5.03621700	0.01586962	7.69676800
5.04121700	0.01586962	6.58589400
5.04621700	0.01586962	6.56148000
5.05121700	0.01586962	7.58079800
5.05621700	0.01586962	8.07519700
5.06121700	0.01586962	8.07519700
5.06621700	0.01586962	7.58079800
5.07121700	0.01586962	6.56148000
5.07621700	0.01586962	6.58589400
5.08121700	0.01586962	7.69676800
5.08621700	0.01586962	7.69676800
5.09121700	0.01586962	6.58589400
5.09621700	0.01586962	6.58589400
5.10121700	0.01586962	7.69676800
5.10621700	0.01586962	7.72118300
5.11121700	0.01586962	6.70186400
5.11621700	0.01586962	6.23187900
5.12121700	0.01586962	6.32343500
5.12621700	0.01586962	6.32343500
5.13121700	0.01586962	6.23187900
5.13621700	0.01586962	6.70186400
5.14121700	0.01586962	7.72118300
5.14621700	0.01586962	7.72118300
5.15121700	0.01586962	6.70186400
5.15621700	0.01586962	6.23187900
5.16121700	0.01586962	6.32343500
5.16621700	0.01586962	6.32343500
5.17121700	0.01586962	6.23187900
5.17621700	0.01586962	6.67745000
5.18121700	0.01586962	7.60521200
5.18621700	0.01586962	8.07519700
5.19121700	0.01586962	8.07519700
5.19621700	0.01586962	7.60521200
5.20121700	0.01586962	6.67745000
5.20621700	0.01586962	6.23187900
5.21121700	0.01586962	6.32343500
5.21621700	0.01586962	6.32343500
5.22121700	0.01586962	6.23187900
5.22621700	0.01586962	6.70186400
5.23121700	0.01586962	7.72118300
5.23621700	0.01586962	7.72118300
5.24121700	0.01586962	6.70186400
5.24621700	0.01586962	6.23187900
5.25121700	0.01586962	6.32343500
5.25621699	0.01586962	6.34785000
5.26121699	0.01586962	6.34785000
5.26621699	0.01586962	6.34785000
5.27121699	0.01586962	6.34785000
5.27621699	0.01586962	6.34785000
5.28121699	0.01586962	6.34785000
5.28621699	0.01586962	6.34785000
5.29121699	0.01586962	6.34785000
5.29621699	0.01586962	6.37226500
5.30121699	0.01586962	6.46382000
5.30621699	0.01586962	5.99383500
5.31121699	0.01586962	4.97451700
5.31621699	0.01586962	4.99893200
5.32121699	0.01586962	6.10980600
5.32621699	0.01586962	6.13422100
5.33121699	0.01586962	5.11490200
5.33621699	0.01586962	4.64491700
5.34121699	0.01586962	4.73647300
5.34621699	0.01586962	4.76088700
5.35121699	0.01586962	4.76088700
5.35621699	0.01586962	4.76088700
5.36121699	0.01586962	4.76088700
5.36621699	0.01586962	4.76088700
5.37121699	0.01586962	4.76088700
5.37621699	0.01586962	4.76088700
5.38121699	0.01586962	4.76088700
5.38621699	0.01586962	4.76088700
5.39121699	0.01586962	4.76088700
5.39621699	0.01586962	4.76088700
5.40121699	0.01586962	4.76088700
5.40621699	0.01586962	4.73647300
5.41121699	0.01586962	4.64491700
5.41621699	0.01586962	5.11490200
5.42121699	0.01586962	6.13422100
5.42621699	0.01586962	6.13422100
5.43121699	0.01586962	5.11490200
5.43621699	0.01586962	4.64491700
5.44121699	0.01586962	4.73647300
5.44621699	0.01586962	4.76088700
5.45121699	0.01586962	4.76088700
5.45621699	0.01586962	4.76088700
5.46121699	0.01586962	4.76088700
5.46621699	0.01586962	4.73647300
5.47121699	0.01586962	4.64491700
5.47621699	0.01586962	5.09048700
5.48121699	0.01586962	6.01825000
5.48621699	0.01586962	6.46382000
5.49121699	0.01586962	6.37226500
5.49621699	0.01586962	6.34785000
5.50121699	0.01586962	6.34785000
5.50621699	0.01586962	6.32343500
5.51121699	0.01586962	6.23187900
5.51621699	0.01586962	6.70186400
5.52121699	0.01586962	7.72118300
5.52621699	0.01586962	7.72118300
5.53121699	0.01586962	6.70186400
5.53621699	0.01586962	6.23187900
5.54121699	0.01586962	6.32343500
5.54621699	0.01586962	6.34785000
5.55121699	0.01586962	6.34785000
5.55621699	0.01586962	6.34785000
5.56121699	0.01586962	6.34785000
5.56621699	0.01586962	6.34785000
5.57121699	0.01586962	6.34785000
5.57621699	0.01586962	6.34785000
5.58121699	0.01586962	6.34785000
5.58621699	0.01586962	6.34785000
5.59121699	0.01586962	6.34785000
5.59621699	0.01586962	6.34785000
5.60121699	0.01586962	6.34785000
5.60621699	0.01586962	6.37226500
5.61121699	0.01586962	6.46382000
5.61621699	0.01586962	6.01825000
5.62121699	0.01586962	5.09048700
5.62621699	0.01586962	4.64491700
5.63121699	0.01586962	4.73647300
5.63621699	0.01586962	4.76088700
5.64121699	0.01586962	4.76088700
5.64621699	0.01586962	4.78530200
5.65121699	0.01586962	4.87685800
5.65621699	0.01586962	4.43128700
5.66121699	0.01586962	3.50352500
5.66621699	0.01586962	3.05795500
5.67121699	0.01586962	3.14951000
5.67621699	0.01586962	3.19834000
5.68121699	0.01586962	3.28989500
5.68621699	0.01586962	2.81991000
5.69121699	0.01586962	1.80059200
5.69621699	0.01586962	1.80059200
5.70121699	0.01586962	2.81991000
5.70621699	0.01586962	3.28989500
5.71121699	0.01586962	3.19834000
5.71621699	0.01586962	3.17392500
5.72121699	0.01586962	3.17392500
5.72621699	0.01586962	3.19834000
5.73121699	0.01586962	3.28989500
5.73621699	0.01586962	2.81991000
5.74121699	0.01586962	1.80059200
5.74621699	0.01586962	1.82500700
5.75121699	0.01586962	2.93588100
5.75621699	0.01586962	2.93588100
5.76121699	0.01586962	1.82500700
5.76621699	0.01586962	1.80059200
5.77121699	0.01586962	2.81991000
5.77621699	0.01586962	3.31431000
5.78121699	0.01586962	3.31431000
5.78621699	0.01586962	2.81991000
5.79121699	0.01586962	1.80059200
5.79621699	0.01599170	1.80059200
5.80121699	0.01644948	2.81991000
5.80621699	0.01409955	3.28989500
5.81121699	0.00900296	3.19834000
5.81621699	0.00900296	3.17392500
5.82121699	0.01409955	3.17392500
5.82621699	0.01657155	3.17392500
5.83121699	0.01657155	3.17392500
5.83621699	0.01409955	3.17392500
5.84121699	0.00900296	3.17392500
5.84621699	0.00912503	3.17392500
5.85121699	0.01467940	3.17392500
5.85621699	0.01467940	3.17392500
5.86121699	0.00912503	3.17392500
5.86621699	0.00912503	3.17392500
5.87121699	0.01467940	3.17392500
5.87621699	0.01467940	3.17392500
5.88121699	0.00912503	3.17392500
5.88621699	0.00900296	3.17392500
5.89121699	0.01409955	3.17392500
5.89621699	0.01657155	3.17392500
5.90121699	0.01657155	3.17392500
5.90621699	0.01409955	3.17392500
5.91121699	0.00900296	3.17392500
5.91621699	0.00912503	3.17392500
5.92121699	0.01467940	3.17392500
5.92621699	0.01467940	3.19834000
5.93121699	0.00912503	3.28989500
5.93621699	0.00912503	2.81991000
5.94121699	0.01467940	1.80059200
5.94621699	0.01480148	1.80059200
5.95121699	0.00970489	2.81991000
5.95621699	0.00723289	3.31431000
5.96121699	0.00723289	3.31431000
5.96621699	0.00970489	2.84432500
5.97121699	0.01480148	1.91656200
5.97621699	0.01480148	1.47099200
5.98121699	0.00970489	1.56254800
5.98621699	0.00735496	1.58696200
5.99121699	0.00781274	1.58696200
5.99621699	0.00793481	1.56254800
6.00121699	0.00793481	1.47099200
6.00621699	0.00793481	1.94097700
6.01121699	0.00793481	2.96029500
6.01621699	0.00793481	2.93588100
6.02121699	0.00793481	1.82500700
6.02621699	0.00793481	1.80059200
6.03121699	0.00793481	2.81991000
6.03621699	0.00793481	3.31431000
6.04121699	0.00793481	3.31431000
6.04621699	0.00793481	2.84432500
6.05121699	0.00793481	1.91656200
6.05621699	0.00793481	1.47099200
6.06121699	0.00793481	1.56254800
6.06621699	0.00793481	1.56254800
6.07121699	0.00793481	1.47099200
6.07621699	0.00793481	1.91656200
6.08121699	0.00793481	2.84432500
6.08621699	0.00793481	3.28989500
6.09121699	0.00793481	3.19834000
6.09621699	0.00793481	3.19834000
6.10121699	0.00793481	3.28989500
6.10621699	0.00793481	2.81991000
6.11121699	0.00793481	1.80059200
6.11621699	0.00793481	1.82500700
6.12121699	0.00793481	2.93588100
6.12621699	0.00793481	2.96029500
6.13121699	0.00793481	1.94097700
6.13621699	0.00793481	1.44657700
6.14121699	0.00793481	1.44657700
6.14621699	0.00793481	1.96539200
6.15121699	0.00793481	3.07626600
6.15621699	0.00793481	2.60628100
6.16121699	0.00793481	0.56764430
6.16621699	0.00793481	0.09765923
6.17121699	0.00793481	1.20853300
6.17621699	0.00793481	1.70293300
6.18121699	0.00793481	1.61137700
6.18621699	0.00793481	1.58696200
6.19121699	0.00793481	1.58696200
6.19621699	0.00793481	1.56254800
6.20121699	0.00793481	1.47099200
6.20621699	0.00793481	1.91656200
6.21121699	0.00793481	2.84432500
6.21621699	0.00793481	3.31431000
6.22121699	0.00793481	3.31431000
6.22621699	0.00793481	2.81991000
6.23121699	0.00793481	1.80059200
6.23621699	0.00793481	1.80059200
6.24121699	0.00793481	2.81991000
6.24621699	0.00793481	3.28989500
6.25121699	0.00793481	3.19834000
6.25621699	0.00793481	3.17392500
6.26121699	0.00793481	3.17392500
6.26621699	0.00793481	3.14951000
6.27121699	0.00793481	3.05795500
6.27621699	0.00793481	3.50352500
6.28121699	0.00793481	4.43128700
6.28621699	0.00793481	4.92568700
6.29121699	0.00793481	5.01724300
6.29621699	0.00793481	4.07727300
6.30121699	0.00793481	2.13019200
6.30621699	0.00793481	1.68462200
6.31121699	0.00793481	2.79549500
6.31621699	0.00793481	3.28989500
6.32121699	0.00793481	3.19834000
6.32621699	0.00793481	3.17392500
6.33121699	0.00793481	3.17392500
6.33621699	0.00793481	3.17392500
6.34121699	0.00793481	3.17392500
6.34621699	0.00793481	3.14951000
6.35121699	0.00793481	3.05795500
6.35621699	0.00793481	3.50352500
6.36121699	0.00793481	4.43128700
6.36621699	0.00793481	4.87685800
6.37121699	0.00793481	4.78530200
6.37621699	0.00793481	4.76088700
6.38121699	0.00793481	4.76088700
6.38621699	0.00793481	4.73647300
6.39121699	0.00793481	4.64491700
6.39621699	0.00793481	5.11490200
6.40121699	0.00793481	6.13422100
6.40621699	0.00793481	6.13422100
6.41121699	0.00793481	5.11490200
6.41621699	0.00793481	4.66933200
6.42121699	0.00793481	4.85244300
6.42621699	0.00793481	4.40687300
6.43121699	0.00793481	3.38755500
6.43621699	0.00793481	3.41196900
6.44121699	0.00793481	4.52284300
6.44621699	0.00793481	4.54725700
6.45121699	0.00793481	3.52794000
6.45621699	0.00793481	3.05795500
6.46121699	0.00793481	3.14951000
6.46621699	0.00793481	3.17392500
6.47121699	0.00793481	3.17392500
6.47621699	0.00793481	3.19834000
6.48121699	0.00793481	3.28989500
6.48621699	0.00793481	2.84432500
6.49121699	0.00793481	1.91656200
6.49621699	0.00793481	1.44657700
6.50121699	0.00793481	1.44657700
6.50621699	0.00793481	1.91656200
6.51121699	0.00793481	2.84432500
6.51621699	0.00793481	3.28989500
6.52121699	0.00793481	3.19834000
6.52621699	0.00793481	3.17392500
6.53121699	0.00793481	3.17392500
6.53621699	0.00793481	3.19834000
6.54121699	0.00793481	3.28989500
6.54621699	0.00793481	2.81991000
6.55121699	0.00793481	1.80059200
6.55621699	0.00793481	1.80059200
6.56121699	0.00793481	2.81991000
6.56621699	0.00793481	3.31431000
6.57121699	0.00793481	3.31431000
6.57621699	0.00793481	2.84432500
6.58121699	0.00793481	1.91656200
6.58621699	0.00793481	1.44657700
6.59121699	0.00793481	1.44657700
6.59621699	0.00793481	1.94097700
6.60121699	0.00793481	2.96029500
6.60621699	0.00793481	2.96029500
6.61121699	0.00793481	1.94097700
6.61621699	0.00793481	1.44657700
6.62121699	0.00793481	1.44657700
6.62621699	0.00793481	1.89214800
6.63121699	0.00793481	2.72835500
6.63621699	0.00793481	3.64391000
6.64121699	0.00793481	4.57167300
6.64621699	0.00793481	4.54725700
6.65121699	0.00793481	3.52794000
6.65621699	0.00793481	3.08237000
6.66121699	0.00793481	3.26548100
6.66621699	0.00793481	2.81991000
6.67121699	0.00793481	1.80059200
6.67621699	0.00793481	1.80059200
6.68121699	0.00793481	2.81991000
6.68621699	0.00793481	3.28989500
6.69121699	0.00793481	3.19834000
6.69621699	0.00793481	3.17392500
6.70121699	0.00793481	3.17392500
6.70621699	0.00793481	3.19834000
6.71121699	0.00793481	3.28989500
6.71621699	0.00793481	2.81991000
6.72121699	0.00793481	1.80059200
6.72621699	0.00793481	1.80059200
6.73121699	0.00793481	2.81991000
6.73621699	0.00793481	3.28989500
6.74121699	0.00793481	3.19834000
6.74621699	0.00793481	3.19834000
6.75121699	0.00793481	3.28989500
6.75621699	0.00793481	2.81991000
6.76121699	0.00793481	1.80059200
6.76621699	0.00793481	1.82500700
6.77121699	0.00793481	2.93588100
6.77621699	0.00793481	2.93588100
6.78121699	0.00793481	1.82500700
6.78621699	0.00793481	1.82500700
6.79121699	0.00793481	2.93588100
6.79621699	0.00793481	2.93588100
6.80121699	0.00793481	1.82500700
6.80621699	0.00793481	1.82500700
6.81121699	0.00793481	2.93588100
6.81621699	0.00793481	2.91146600
6.82121699	0.00793481	1.70903700
6.82621699	0.00793481	2.15460700
6.83121699	0.00793481	4.19324400
6.83621699	0.00793481	4.66322800
6.84121699	0.00793481	3.55235400
6.84621699	0.00793481	3.05795500
6.85121699	0.00793481	3.14951000
6.85621699	0.00793481	3.17392500
6.86121699	0.00793481	3.17392500
6.86621699	0.00793481	3.19834000
6.87121699	0.00793481	3.28989500
6.87621699	0.00793481	2.84432500
6.88121699	0.00793481	1.91656200
6.88621699	0.00793481	1.44657700
6.89121699	0.00793481	1.44657700
6.89621699	0.00793481	1.91656200
6.90121698	0.00793481	2.84432500
6.90621698	0.00793481	3.28989500
6.91121698	0.00793481	3.19834000
6.91621698	0.00793481	3.14951000
6.92121698	0.00793481	3.05795500
6.92621698	0.00793481	3.52794000
6.93121698	0.00793481	4.54725700
6.93621698	0.00793481	4.54725700
6.94121698	0.00793481	3.52794000
6.94621698	0.00793481	3.03354000
6.95121698	0.00793481	3.03354000
6.95621698	0.00793481	3.52794000
6.96121698	0.00793481	4.54725700
6.96621698	0.00793481	4.54725700
6.97121698	0.00793481	3.52794000
6.97621698	0.00793481	3.05795500
6.98121698	0.00793481	3.14951000
6.98621698	0.00793481	3.17392500
6.99121698	0.00793481	3.17392500
6.99621698	0.00793481	3.17392500
7.00121698	0.00793481	3.17392500
7.00621698	0.00793481	3.17392500
7.01121698	0.00793481	3.17392500
7.01621698	0.00793481	3.17392500
7.02121698	0.00793481	3.17392500
7.02621698	0.00793481	3.17392500
7.03121698	0.00793481	3.17392500
7.03621698	0.00793481	3.19834000
7.04121698	0.00793481	3.28989500
7.04621698	0.00793481	2.81991000
7.05121698	0.00793481	1.80059200
7.05621698	0.00793481	1.82500700
7.06121698	0.00793481	2.93588100
7.06621698	0.00793481	2.98471000
7.07121698	0.00793481	2.05694700
7.07621698	0.00793481	1.11697700
7.08121698	0.00793481	0.18921480
7.08621698	0.00793481	0.21362960
7.09121698	0.00793481	1.23294800
7.09621698	0.00793481	1.72734800
7.10121698	0.00793481	1.72734800
7.10621698	0.00793481	1.23294800
7.11121698	0.00793481	0.21362960
7.11621698	0.00793481	0.21362960
7.12121698	0.00793481	1.23294800
7.12621698	0.00793481	1.72734800
7.13121698	0.00793481	1.72734800
7.13621698	0.00793481	1.28177700
7.14121698	0.00793481	0.44557020
7.14621698	0.00793481	-0.49439980
7.15121698	0.00793481	-1.51371800
7.15621698	0.00793481	-1.04373300
7.16121698	0.00793481	0.90334780
7.16621698	0.00793481	1.81890300
7.17121698	0.00793481	1.63579200
7.17621698	0.00793481	1.56254800
7.18121698	0.00793481	1.47099200
7.18621698	0.00793481	1.94097700
7.19121698	0.00793481	2.96029500
7.19621698	0.00793481	2.96029500
7.20121698	0.00793481	1.94097700
7.20621698	0.00793481	1.44657700
7.21121698	0.00793481	1.44657700
7.21621698	0.00793481	1.94097700
7.22121698	0.00793481	2.96029500
7.22621698	0.00805689	2.96029500
7.23121698	0.00851466	1.94097700
7.23621698	0.00616474	1.47099200
7.24121698	0.00106815	1.56254800
7.24621698	0.00106815	1.58696200
7.25121698	0.00616474	1.58696200
7.25621698	0.00851466	1.58696200
7.26121698	0.00805689	1.58696200
7.26621698	0.00793481	1.58696200
7.27121698	0.00793481	1.58696200
7.27621698	0.00793481	1.58696200
7.28121698	0.00793481	1.58696200
7.28621698	0.00793481	1.58696200
7.29121698	0.00793481	1.58696200
7.29621698	0.00793481	1.58696200
7.30121698	0.00793481	1.58696200
7.30621698	0.00793481	1.58696200
7.31121698	0.00793481	1.58696200
7.31621698	0.00793481	1.58696200
7.32121698	0.00793481	1.58696200
7.32621698	0.00793481	1.58696200
7.33121698	0.00793481	1.58696200
7.33621698	0.00793481	1.58696200
7.34121698	0.00793481	1.58696200
7.34621698	0.00793481	1.58696200
7.35121698	0.00793481	1.58696200
7.35621698	0.00805689	1.58696200
7.36121698	0.00851466	1.58696200
7.36621698	0.00616474	1.61137700
7.37121698	0.00106815	1.70293300
7.37621698	0.00106815	1.23294800
7.38121698	0.00616474	0.21362960
7.38621698	0.00851466	0.21362960
7.39121698	0.00805689	1.23294800
7.39621698	0.00805689	1.70293300
7.40121698	0.00851466	1.61137700
7.40621698	0.00616474	1.58696200
7.41121698	0.00106815	1.58696200
7.41621698	0.00119022	1.61137700
7.42121698	0.00674459	1.70293300
7.42621698	0.00674459	1.25736300
7.43121698	0.00119022	0.32959990
7.43621698	0.00119022	-0.11597030
7.44121698	0.00674459	-0.02441481
7.44621698	0.00686667	0.02441481
7.45121698	0.00177007	0.11597030
7.45621698	-0.00070193	-0.35401470
7.46121698	-0.00070193	-1.37333300
7.46621698	0.00177007	-1.37333300
7.47121698	0.00686667	-0.35401470
7.47621698	0.00686667	0.11597030
7.48121698	0.00177007	0.02441481
7.48621698	-0.00057985	0.00000000
7.49121698	-0.00012207	0.00000000
7.49621698	-0.00012207	0.00000000
7.50121698	-0.00057985	0.00000000
7.50621698	0.00177007	0.00000000
7.51121698	0.00686667	0.00000000
7.51621698	0.00686667	-0.02441481
7.52121698	0.00177007	-0.11597030
7.52621698	-0.00057985	0.32959990
7.53121698	-0.00012207	1.25736300
7.53621698	0.00000000	1.70293300
7.54121698	0.00000000	1.61137700
7.54621698	0.00000000	1.56254800
7.55121698	0.00000000	1.47099200
7.55621698	-0.00012207	1.91656200
7.56121698	-0.00057985	2.84432500
7.56621698	0.00177007	3.28989500
7.57121698	0.00686667	3.19834000
7.57621698	0.00674459	3.19834000
7.58121698	0.00119022	3.28989500
7.58621698	0.00119022	2.84432500
7.59121698	0.00674459	1.91656200
7.59621698	0.00686667	1.47099200
7.60121698	0.00177007	1.56254800
7.60621698	-0.00057985	1.61137700
7.61121698	-0.00012207	1.70293300
7.61621698	0.00000000	1.25736300
7.62121698	0.00000000	0.32959990
7.62621698	0.00000000	-0.11597030
7.63121698	0.00000000	-0.02441481
7.63621698	0.00000000	0.00000000
7.64121698	0.00000000	0.00000000
7.64621698	0.00000000	0.00000000
7.65121698	0.00000000	0.00000000
7.65621698	-0.00012207	0.00000000
7.66121698	-0.00057985	0.00000000
7.66621698	0.00177007	0.00000000
7.67121698	0.00686667	0.00000000
7.67621698	0.00686667	0.00000000
7.68121698	0.00177007	0.00000000
7.68621698	-0.00057985	0.00000000
7.69121698	-0.00012207	0.00000000
7.69621698	0.00000000	0.00000000
7.70121698	0.00000000	0.00000000
7.70621698	0.00000000	0.00000000
7.71121698	0.00000000	0.00000000
7.71621698	0.00000000	0.00000000
7.72121698	0.00000000	0.00000000
7.72621698	0.00000000	0.00000000
7.73121698	0.00000000	0.00000000
7.73621698	0.00000000	-0.02441481
7.74121698	0.00000000	-0.11597030
7.74621698	0.00000000	0.32959990
7.75121698	0.00000000	1.25736300
7.75621698	0.00000000	1.70293300
7.76121698	0.00000000	1.61137700
7.76621698	0.00000000	1.58696200
7.77121698	0.00000000	1.58696200
7.77621698	0.00000000	1.58696200
7.78121698	0.00000000	1.58696200
7.78621698	0.00000000	1.61137700
7.79121698	0.00000000	1.70293300
7.79621698	0.00000000	1.25736300
7.80121698	0.00000000	0.32959990
7.80621698	0.00000000	-0.11597030
7.81121698	0.00000000	-0.02441481
7.81621698	0.00000000	0.00000000
7.82121698	0.00000000	0.00000000
7.82621698	0.00000000	-0.02441481
7.83121698	0.00000000	-0.11597030
7.83621698	0.00000000	0.32959990
7.84121698	0.00000000	1.25736300
7.84621698	0.00000000	1.72734800
7.85121698	0.00000000	1.72734800
7.85621698	0.00000000	1.25736300
7.86121698	0.00000000	0.32959990
7.86621698	0.00000000	-0.14038510
7.87121698	0.00000000	-0.14038510
7.87621698	0.00000000	0.37842950
7.88121698	0.00000000	1.48930300
7.88621698	0.00000000	1.01931800
7.89121698	0.00000000	-1.01931800
7.89621698	0.00000000	-1.48930300
7.90121698	0.00000000	-0.37842950
7.90621698	0.00000000	0.09155553
7.91121698	0.00000000	-0.09155553
7.91621698	0.00000000	0.35401470
7.92121698	0.00000000	1.37333300
7.92621698	0.00000000	1.37333300
7.93121698	0.00000000	0.35401470
7.93621698	0.00000000	-0.11597030
7.94121698	0.00000000	-0.02441481
7.94621698	0.00000000	0.00000000
7.95121698	0.00000000	0.00000000
7.95621698	0.00000000	-0.02441481
7.96121698	0.00000000	-0.11597030
7.96621698	0.00000000	0.35401470
7.97121698	0.00000000	1.37333300
7.97621698	0.00000000	1.34891800
7.98121698	0.00000000	0.23804440
7.98621698	0.00000000	0.21362960
7.99121698	0.00000000	1.23294800
7.99621698	0.00000000	1.67851800
8.00121698	0.00000000	1.49540700
8.00621698	0.00000000	1.94097700
8.01121698	0.00000000	2.96029500
8.01621698	0.00000000	2.96029500
8.02121698	0.00000000	1.94097700
8.02621698	0.00000000	1.47099200
8.03121698	0.00000000	1.56254800
8.03621698	0.00000000	1.61137700
8.04121698	0.00000000	1.70293300
8.04621698	0.00000000	1.25736300
8.05121698	0.00000000	0.32959990
8.05621698	0.00000000	-0.11597030
8.06121698	0.00000000	-0.02441481
8.06621698	0.00000000	0.00000000
8.07121698	0.00000000	0.00000000
8.07621698	0.00000000	0.02441481
8.08121698	0.00000000	0.11597030
8.08621698	0.00000000	-0.35401470
8.09121698	0.00000000	-1.37333300
8.09621698	0.00000000	-1.37333300
8.10121698	0.00000000	-0.35401470
8.10621698	0.00000000	0.09155553
8.11121698	0.00000000	-0.09155553
8.11621698	0.00000000	0.32959990
8.12121698	0.00000000	1.25736300
8.12621698	0.00000000	1.72734800
8.13121698	0.00000000	1.72734800
8.13621698	0.00000000	1.25736300
8.14121698	0.00000000	0.32959990
8.14621698	0.00000000	-0.14038510
8.15121698	0.00000000	-0.14038510
8.15621698	0.00000000	0.32959990
8.16121698	0.00000000	1.25736300
8.16621698	0.00000000	1.70293300
8.17121698	0.00000000	1.61137700
8.17621698	0.00000000	1.58696200
8.18121698	0.00000000	1.58696200
8.18621698	0.00000000	1.61137700
8.19121698	0.00000000	1.70293300
8.19621698	0.00000000	1.23294800
8.20121698	0.00000000	0.21362960
8.20621698	0.00000000	0.21362960
8.21121698	0.00000000	1.23294800
8.21621698	0.00000000	1.72734800
8.22121698	0.00000000	1.72734800
8.22621698	0.00000000	1.25736300
8.23121698	0.00000000	0.32959990
8.23621698	0.00000000	-0.11597030
8.24121698	0.00000000	-0.02441481
8.24621698	0.00000000	0.00000000
8.25121698	0.00000000	0.00000000
8.25621698	0.00000000	-0.02441481
8.26121698	0.00000000	-0.11597030
8.26621698	0.00000000	0.35401470
8.27121698	0.00000000	1.37333300
8.27621698	0.00000000	1.34891800
8.28121698	0.00000000	0.23804440
8.28621698	0.00000000	0.23804440
8.29121698	0.00000000	1.34891800
8.29621698	0.00000000	1.37333300
8.30121698	0.00000000	0.35401470
8.30621698	0.00000000	-0.11597030
8.31121698	0.00000000	-0.02441481
8.31621698	0.00000000	0.00000000
8.32121698	0.00000000	0.00000000
8.32621698	0.00000000	0.02441481
8.33121698	0.00000000	0.11597030
8.33621698	0.00000000	-0.35401470
8.34121698	0.00000000	-1.37333300
8.34621698	0.00000000	-1.37333300
8.35121698	0.00000000	-0.35401470
8.35621698	0.00000000	0.11597030
8.36121698	0.00000000	0.02441481
8.36621698	0.00000000	-0.02441481
8.37121698	0.00000000	-0.11597030
8.37621698	0.00000000	0.35401470
8.38121698	0.00000000	1.37333300
8.38621698	0.00000000	1.34891800
8.39121698	0.00000000	0.23804440
8.39621698	0.00000000	0.21362960
8.40121698	0.00000000	1.23294800
8.40621698	0.00000000	1.70293300
8.41121698	0.00000000	1.61137700
8.41621698	0.00000000	1.63579200
8.42121698	0.00000000	1.81890300
8.42621698	0.00000000	0.87893310
8.43121698	0.00000000	-1.15970300
8.43621698	0.00000000	-1.13528900
8.44121698	0.00000000	0.99490340
8.44621698	0.00000000	1.48930300
8.45121698	0.00000000	0.37842950
8.45621698	0.00000000	-0.11597030
8.46121698	0.00000000	-0.02441481
8.46621698	0.00000000	0.00000000
8.47121698	0.00000000	0.00000000
8.47621698	0.00000000	0.00000000
8.48121698	0.00000000	0.00000000
8.48621698	0.00000000	0.00000000
8.49121698	0.00000000	0.00000000
8.49621698	0.00000000	0.02441481
8.50121698	0.00000000	0.11597030
8.50621698	0.00000000	-0.35401470
8.51121698	0.00000000	-1.37333300
8.51621698	0.00000000	-1.37333300
8.52121698	0.00000000	-0.35401470
8.52621698	0.00000000	0.09155553
8.53121698	0.00000000	-0.09155553
8.53621698	0.00000000	0.35401470
8.54121698	0.00000000	1.37333300
8.54621697	0.00000000	1.39774800
8.55121697	0.00000000	0.46998500
8.55621697	0.00000000	-0.46998500
8.56121697	0.00000000	-1.39774800
8.56621697	0.00000000	-1.34891800
8.57121697	0.00000000	-0.23804440
8.57621697	0.00000000	-0.23804440
8.58121697	0.00000000	-1.34891800
8.58621697	0.00000000	-1.37333300
8.59121697	0.00000000	-0.35401470
8.59621697	0.00000000	0.11597030
8.60121697	0.00000000	0.02441481
8.60621697	0.00000000	0.00000000
8.61121697	0.00000000	0.00000000
8.61621697	0.00000000	0.00000000
8.62121697	0.00000000	0.00000000
8.62621697	0.00000000	0.00000000
8.63121697	0.00000000	0.00000000
8.63621697	0.00000000	-0.02441481
8.64121697	0.00000000	-0.11597030
8.64621697	0.00000000	0.35401470
8.65121697	0.00000000	1.37333300
8.65621697	0.00000000	1.34891800
8.66121697	0.00000000	0.23804440
8.66621697	0.00000000	0.21362960
8.67121697	0.00000000	1.23294800
8.67621697	0.00000000	1.72734800
8.68121697	0.00000000	1.72734800
8.68621697	0.00000000	1.25736300
8.69121697	0.00000000	0.32959990
8.69621697	0.00000000	-0.14038510
8.70121697	0.00000000	-0.14038510
8.70621697	0.00000000	0.32959990
8.71121697	0.00000000	1.25736300
8.71621697	0.00000000	1.72734800
8.72121697	0.00000000	1.72734800
8.72621697	0.00000000	1.23294800
8.73121697	0.00000000	0.21362960
8.73621697	0.00000000	0.23804440
8.74121697	0.00000000	1.34891800
8.74621697	0.00000000	1.37333300
8.75121697	0.00000000	0.35401470
8.75621697	0.00000000	-0.11597030
8.76121697	0.00000000	-0.02441481
8.76621697	0.00000000	-0.02441481
8.77121697	0.00000000	-0.11597030
8.77621697	0.00000000	0.37842950
8.78121697	0.00000000	1.48930300
8.78621697	0.00000000	1.01931800
8.79121697	0.00000000	-1.01931800
8.79621697	0.00000000	-1.46488800
8.80121697	0.00000000	-0.26245920
8.80621697	0.00000000	-0.23804440
8.81121697	0.00000000	-1.34891800
8.81621697	0.00000000	-1.34891800
8.82121697	0.00000000	-0.23804440
8.82621697	0.00000000	-0.21362960
8.83121697	0.00000000	-1.23294800
8.83621697	0.00000000	-1.70293300
8.84121697	0.00000000	-1.61137700
8.84621697	0.00000000	-1.58696200
8.85121697	0.00000000	-1.58696200
8.85621697	0.00000000	-1.58696200
8.86121697	0.00000000	-1.58696200
8.86621697	0.00000000	-1.61137700
8.87121697	0.00000000	-1.70293300
8.87621697	0.00000000	-1.25736300
8.88121697	0.00000000	-0.32959990
8.88621697	0.00000000	0.11597030
8.89121697	0.00000000	0.02441481
8.89621697	0.00000000	-0.02441481
8.90121697	0.00000000	-0.11597030
8.90621697	0.00000000	0.35401470
8.91121697	0.00000000	1.37333300
8.91621697	0.00000000	1.34891800
8.92121697	0.00000000	0.23804440
8.92621697	0.00000000	0.21362960
8.93121697	0.00000000	1.23294800
8.93621697	0.00000000	1.70293300
8.94121697	0.00000000	1.61137700
8.94621697	0.00000000	1.58696200
8.95121697	0.00000000	1.58696200
8.95621697	0.00000000	1.58696200
8.96121697	0.00000000	1.58696200
8.96621697	0.00000000	1.61137700
8.97121697	0.00000000	1.70293300
8.97621697	0.00000000	1.25736300
8.98121697	0.00000000	0.32959990
8.98621697	0.00000000	-0.14038510
8.99121697	0.00000000	-0.14038510
8.99621697	0.00000000	0.35401470
9.00121697	0.00000000	1.37333300
9.00621697	0.00000000	1.34891800
9.01121697	0.00000000	0.23804440
9.01621697	0.00000000	0.23804440
9.02121697	0.00000000	1.34891800
9.02621697	0.00000000	1.34891800
9.03121697	0.00000000	0.23804440
