Time	Channel A	Channel B
(us)	(V)	(mV)

-1.00365905	0.00863674	7.93481200
-0.99865905	0.00863674	7.93481200
-0.99365905	0.00616474	7.93481200
-0.98865905	0.00106815	7.93481200
-0.98365905	0.00106815	7.93481200
-0.97865905	0.00616474	7.93481200
-0.97365905	0.00851466	7.93481200
-0.96865905	0.00805689	7.93481200
-0.96365905	0.00793481	7.91039800
-0.95865905	0.00793481	7.81884200
-0.95365905	0.00793481	8.26441300
-0.94865905	0.00793481	9.19217500
-0.94365905	0.00805689	9.63774600
-0.93865905	0.00851466	9.54619000
-0.93365905	0.00628681	9.49735900
-0.92865905	0.00164800	9.40580500
-0.92365905	-0.00057985	9.87579000
-0.91865905	-0.00012207	10.89511000
-0.91365905	-0.00012207	10.89511000
-0.90865905	-0.00057985	9.87579000
-0.90365905	0.00164800	9.38139000
-0.89865905	0.00628681	9.38139000
-0.89365905	0.00863674	9.87579000
-0.88865905	0.00863674	10.89511000
-0.88365905	0.00628681	10.89511000
-0.87865905	0.00164800	9.87579000
-0.87365905	-0.00070193	9.40580500
-0.86865905	-0.00070193	9.49735900
-0.86365905	0.00177007	9.52177400
-0.85865905	0.00686667	9.52177400
-0.85365905	0.00674459	9.52177400
-0.84865905	0.00119022	9.52177400
-0.84365905	0.00106815	9.52177400
-0.83865905	0.00616474	9.52177400
-0.83365905	0.00851466	9.52177400
-0.82865905	0.00805689	9.52177400
-0.82365905	0.00805689	9.54619000
-0.81865905	0.00851466	9.63774600
-0.81365905	0.00628681	9.19217500
-0.80865905	0.00164800	8.26441300
-0.80365905	-0.00057985	7.81884200
-0.79865905	-0.00012207	7.91039800
-0.79365905	-0.00012207	7.93481200
-0.78865905	-0.00057985	7.93481200
-0.78365905	0.00177007	7.93481200
-0.77865905	0.00686667	7.93481200
-0.77365905	0.00686667	7.91039800
-0.76865905	0.00177007	7.81884200
-0.76365905	-0.00070193	8.28882700
-0.75865905	-0.00070193	9.30814500
-0.75365905	0.00177007	9.28373100
-0.74865905	0.00686667	8.17285700
-0.74365905	0.00674459	8.17285700
-0.73865905	0.00119022	9.28373100
-0.73365905	0.00119022	9.28373100
-0.72865905	0.00674459	8.17285700
-0.72365905	0.00674459	8.17285700
-0.71865905	0.00119022	9.28373100
-0.71365905	0.00119022	9.28373100
-0.70865905	0.00674459	8.17285700
-0.70365905	0.00686667	8.14844100
-0.69865905	0.00177007	9.16776000
-0.69365905	-0.00070193	9.66216000
-0.68865905	-0.00070193	9.66216000
-0.68365905	0.00177007	9.16776000
-0.67865905	0.00686667	8.14844100
-0.67365905	0.00686667	8.14844100
-0.66865905	0.00177007	9.16776000
-0.66365905	-0.00057985	9.63774600
-0.65865905	-0.00012207	9.54619000
-0.65365905	0.00000000	9.52177400
-0.64865905	0.00000000	9.52177400
-0.64365905	0.00000000	9.52177400
-0.63865905	0.00000000	9.52177400
-0.63365905	0.00000000	9.52177400
-0.62865905	0.00000000	9.52177400
-0.62365905	0.00000000	9.52177400
-0.61865905	0.00000000	9.52177400
-0.61365905	0.00000000	9.52177400
-0.60865905	0.00000000	9.52177400
-0.60365905	-0.00012207	9.52177400
-0.59865905	-0.00057985	9.52177400
-0.59365905	0.00164800	9.52177400
-0.58865905	0.00628681	9.52177400
-0.58365905	0.00863674	9.54619000
-0.57865905	0.00863674	9.63774600
-0.57365905	0.00628681	9.16776000
-0.56865905	0.00164800	8.14844100
-0.56365905	-0.00070193	8.14844100
-0.55865905	-0.00070193	9.16776000
-0.55365905	0.00177007	9.63774600
-0.54865905	0.00686667	9.54619000
-0.54365905	0.00686667	9.52177400
-0.53865905	0.00177007	9.52177400
-0.53365905	-0.00070193	9.52177400
-0.52865905	-0.00070193	9.52177400
-0.52365905	0.00164800	9.54619000
-0.51865905	0.00628681	9.63774600
-0.51365905	0.00851466	9.19217500
-0.50865905	0.00805689	8.26441300
-0.50365905	0.00793481	7.81884200
-0.49865905	0.00793481	7.91039800
-0.49365905	0.00793481	7.93481200
-0.48865905	0.00793481	7.93481200
-0.48365905	0.00793481	7.91039800
-0.47865905	0.00793481	7.81884200
-0.47365905	0.00805689	8.28882700
-0.46865905	0.00851466	9.30814500
-0.46365905	0.00628681	9.30814500
-0.45865905	0.00164800	8.28882700
-0.45365905	-0.00057985	7.79442700
-0.44865905	-0.00012207	7.79442700
-0.44365905	-0.00012207	8.26441300
-0.43865905	-0.00057985	9.19217500
-0.43365905	0.00177007	9.66216000
-0.42865905	0.00686667	9.66216000
-0.42365905	0.00674459	9.16776000
-0.41865905	0.00119022	8.14844100
-0.41365905	0.00106815	8.17285700
-0.40865905	0.00616474	9.28373100
-0.40365905	0.00851466	9.30814500
-0.39865905	0.00805689	8.28882700
-0.39365905	0.00793481	7.81884200
-0.38865905	0.00793481	7.91039800
-0.38365905	0.00805689	7.93481200
-0.37865905	0.00851466	7.93481200
-0.37365905	0.00628681	7.93481200
-0.36865905	0.00164800	7.93481200
-0.36365905	-0.00070193	7.93481200
-0.35865905	-0.00070193	7.93481200
-0.35365905	0.00164800	7.93481200
-0.34865905	0.00628681	7.93481200
-0.34365905	0.00851466	7.93481200
-0.33865905	0.00805689	7.93481200
-0.33365905	0.00805689	7.95922800
-0.32865905	0.00851466	8.05078300
-0.32365905	0.00628681	7.58079800
-0.31865905	0.00164800	6.56148000
-0.31365905	-0.00057985	6.56148000
-0.30865905	-0.00012207	7.58079800
-0.30365905	-0.00012207	8.05078300
-0.29865905	-0.00057985	7.95922800
-0.29365905	0.00164800	7.91039800
-0.28865905	0.00628681	7.81884200
-0.28365905	0.00851466	8.28882700
-0.27865905	0.00805689	9.30814500
-0.27365905	0.00805689	9.30814500
-0.26865905	0.00851466	8.28882700
-0.26365905	0.00628681	7.81884200
-0.25865905	0.00164800	7.91039800
-0.25365905	-0.00070193	7.93481200
-0.24865905	-0.00070193	7.93481200
-0.24365905	0.00177007	7.91039800
-0.23865905	0.00686667	7.81884200
-0.23365905	0.00674459	8.28882700
-0.22865905	0.00119022	9.30814500
-0.22365905	0.00119022	9.28373100
-0.21865905	0.00674459	8.17285700
-0.21365905	0.00674459	8.19727100
-0.20865905	0.00119022	9.39970000
-0.20365905	0.00106815	8.92971600
-0.19865905	0.00616474	6.79952400
-0.19365905	0.00863674	6.77510900
-0.18865905	0.00863674	8.81374500
-0.18365905	0.00628681	9.77813100
-0.17865905	0.00164800	9.68657500
-0.17365905	-0.00057985	9.19217500
-0.16865905	-0.00012207	8.26441300
-0.16365905	-0.00012207	7.79442700
-0.15865905	-0.00057985	7.79442700
-0.15365905	0.00177007	8.28882700
-0.14865905	0.00686667	9.30814500
-0.14365905	0.00674459	9.30814500
-0.13865905	0.00119022	8.28882700
-0.13365905	0.00119022	7.81884200
-0.12865905	0.00674459	7.91039800
-0.12365905	0.00674459	7.91039800
-0.11865905	0.00119022	7.81884200
-0.11365905	0.00106815	8.28882700
-0.10865905	0.00616474	9.30814500
-0.10365905	0.00851466	9.33256100
-0.09865905	0.00805689	8.40479800
-0.09365905	0.00781274	7.51365700
-0.08865905	0.00735496	6.76900500
-0.08365905	0.00946074	5.92669400
-0.07865905	0.01364177	5.18204300
-0.07365905	0.01788385	4.35804300
-0.06865905	0.02108829	3.71715500
-0.06365905	0.02758873	2.41706600
-0.05865905	0.03588977	0.75685910
-0.05365905	0.04226813	-0.51881460
-0.04865905	0.04501480	-1.06814800
-0.04365905	0.05139317	-2.38654800
-0.03865905	0.05969420	-4.24207300
-0.03365905	0.06619465	-4.63881300
-0.02865905	0.06939909	-3.43638400
-0.02365905	0.07342754	-3.38755500
-0.01865905	0.07663198	-4.40687300
-0.01365905	0.08313242	-4.85244300
-0.00865905	0.09143345	-4.66933200
-0.00365905	0.09781183	-5.11490200
0.00134095	0.10055850	-6.13422100
0.00634095	0.10693690	-6.13422100
0.01134095	0.11523790	-5.11490200
0.01634095	0.12173830	-4.64491700
0.02134095	0.12494280	-4.73647300
0.02634095	0.12906280	-4.78530200
0.03134095	0.13275550	-4.87685800
0.03634095	0.13690600	-4.43128700
0.04134095	0.14014100	-3.50352500
0.04634095	0.14664140	-3.05795500
0.05134095	0.15494250	-3.14951000
0.05634095	0.16144290	-3.19834000
0.06134095	0.16464740	-3.28989500
0.06634095	0.16876740	-2.84432500
0.07134095	0.17249060	-1.91656200
0.07634095	0.17670220	-1.47099200
0.08134095	0.18042540	-1.56254800
0.08634095	0.18463700	-1.58696200
0.09134095	0.18836020	-1.58696200
0.09634094	0.19257180	-1.56254800
0.10134094	0.19629510	-1.47099200
0.10634094	0.20050660	-1.91656200
0.11134094	0.20422990	-2.84432500
0.11634094	0.20844140	-3.31431000
0.12134094	0.21216470	-3.31431000
0.12634094	0.21637620	-2.84432500
0.13134094	0.22009950	-1.91656200
0.13634094	0.22443310	-1.44657700
0.14134094	0.22861420	-1.44657700
0.14634094	0.23059790	-1.91656200
0.15134094	0.22968230	-2.84432500
0.15634094	0.23178810	-3.28989500
0.16134094	0.23642690	-3.19834000
0.16634094	0.23853270	-3.19834000
0.17134094	0.23761710	-3.28989500
0.17634094	0.23972290	-2.81991000
0.18134094	0.24436170	-1.80059200
0.18634094	0.24646750	-1.80059200
0.19134094	0.24555190	-2.81991000
0.19634094	0.24765770	-3.28989500
0.20134094	0.25229650	-3.19834000
0.20634094	0.25452440	-3.17392500
0.21134094	0.25406660	-3.17392500
0.21634094	0.25382240	-3.17392500
0.22134094	0.25336470	-3.17392500
0.22634094	0.25559250	-3.17392500
0.23134094	0.26023130	-3.17392500
0.23634094	0.26245920	-3.17392500
0.24134094	0.26200140	-3.17392500
0.24634094	0.26175730	-3.19834000
0.25134094	0.26129950	-3.28989500
0.25634094	0.26352730	-2.84432500
0.26134094	0.26816620	-1.91656200
0.26634094	0.27039400	-1.47099200
0.27134094	0.26993620	-1.56254800
0.27634094	0.26981410	-1.58696200
0.28134094	0.26981410	-1.58696200
0.28634094	0.26981410	-1.58696200
0.29134094	0.26981410	-1.58696200
0.29634094	0.26981410	-1.58696200
0.30134094	0.26981410	-1.58696200
0.30634094	0.26981410	-1.58696200
0.31134094	0.26981410	-1.58696200
0.31634094	0.26981410	-1.58696200
0.32134094	0.26981410	-1.58696200
0.32634094	0.26981410	-1.56254800
0.33134094	0.26981410	-1.47099200
0.33634094	0.26981410	-1.89214800
0.34134094	0.26981410	-2.72835500
0.34634094	0.26981410	-3.61949500
0.35134094	0.26981410	-4.45570200
0.35634094	0.26981410	-4.87685800
0.36134094	0.26981410	-4.78530200
0.36634094	0.26981410	-4.76088700
0.37134094	0.26981410	-4.76088700
0.37634094	0.26981410	-4.78530200
0.38134094	0.26981410	-4.87685800
0.38634094	0.26981410	-4.43128700
0.39134094	0.26981410	-3.50352500
0.39634094	0.26981410	-3.05795500
0.40134094	0.26981410	-3.14951000
0.40634094	0.26981410	-3.19834000
0.41134094	0.26981410	-3.28989500
0.41634094	0.26981410	-2.84432500
0.42134094	0.26981410	-1.91656200
0.42634094	0.26981410	-1.49540700
0.43134094	0.26981410	-1.67851800
0.43634094	0.26993620	-1.25736300
0.44134094	0.27039400	-0.32959990
0.44634094	0.26816620	0.09155553
0.45134094	0.26352730	-0.09155553
0.45634094	0.26129950	0.32959990
0.46134094	0.26175730	1.25736300
0.46634094	0.26187930	1.70293300
0.47134094	0.26187930	1.61137700
0.47634094	0.26200140	1.58696200
0.48134094	0.26245920	1.58696200
0.48634094	0.26023130	1.58696200
0.49134094	0.25559250	1.58696200
0.49634094	0.25336470	1.58696200
0.50134094	0.25382240	1.58696200
0.50634094	0.25406660	1.58696200
0.51134094	0.25452440	1.58696200
0.51634094	0.25229650	1.56254800
0.52134094	0.24765770	1.47099200
0.52634094	0.24542990	1.91656200
0.53134094	0.24588760	2.84432500
0.53634094	0.24613180	3.28989500
0.54134094	0.24658960	3.19834000
0.54634094	0.24436170	3.17392500
0.55134094	0.23972290	3.17392500
0.55634094	0.23749500	3.17392500
0.56134094	0.23795280	3.17392500
0.56634094	0.23819700	3.19834000
0.57134094	0.23865470	3.28989500
0.57634094	0.23642690	2.84432500
0.58134094	0.23178810	1.91656200
0.58634094	0.22956020	1.47099200
0.59134094	0.23001800	1.56254800
0.59634094	0.23014010	1.58696200
0.60134094	0.23014010	1.58696200
0.60634094	0.23026220	1.56254800
0.61134094	0.23071990	1.47099200
0.61634094	0.22849210	1.94097700
0.62134094	0.22385330	2.96029500
0.62634094	0.22162540	2.93588100
0.63134094	0.22208320	1.82500700
0.63634094	0.22220530	1.82500700
0.64134094	0.22220530	2.93588100
0.64634094	0.22220530	2.96029500
0.65134094	0.22220530	1.94097700
0.65634094	0.22220530	1.47099200
0.66134094	0.22220530	1.56254800
0.66634094	0.22232730	1.58696200
0.67134094	0.22278510	1.58696200
0.67634094	0.22055730	1.58696200
0.68134094	0.21591850	1.58696200
0.68634094	0.21369060	1.56254800
0.69134094	0.21414840	1.47099200
0.69634094	0.21427050	1.89214800
0.70134094	0.21427050	2.72835500
0.70634094	0.21427050	3.64391000
0.71134094	0.21427050	4.57167300
0.71634094	0.21427050	4.54725700
0.72134094	0.21427050	3.52794000
0.72634094	0.21439250	3.03354000
0.73134094	0.21485030	3.03354000
0.73634094	0.21262240	3.52794000
0.74134094	0.20798360	4.54725700
0.74634094	0.20575580	4.54725700
0.75134094	0.20621360	3.52794000
0.75634094	0.20633560	3.03354000
0.76134094	0.20633560	3.03354000
0.76634094	0.20633560	3.52794000
0.77134094	0.20633560	4.54725700
0.77634094	0.20633560	4.52284300
0.78134094	0.20633560	3.41196900
0.78634094	0.20633560	3.41196900
0.79134094	0.20633560	4.52284300
0.79634094	0.20633560	4.52284300
0.80134094	0.20633560	3.41196900
0.80634094	0.20645770	3.38755500
0.81134094	0.20691550	4.40687300
0.81634094	0.20468760	4.85244300
0.82134094	0.20004880	4.66933200
0.82634094	0.19782100	5.11490200
0.83134094	0.19827880	6.13422100
0.83634094	0.19840080	6.10980600
0.84134094	0.19840080	4.99893200
0.84634094	0.19840080	4.99893200
0.85134094	0.19840080	6.10980600
0.85634094	0.19840080	6.10980600
0.86134094	0.19840080	4.99893200
0.86634094	0.19840080	4.99893200
0.87134094	0.19840080	6.10980600
0.87634094	0.19840080	6.13422100
0.88134094	0.19840080	5.11490200
0.88634094	0.19852290	4.62050200
0.89134094	0.19898070	4.62050200
0.89634094	0.19675280	5.11490200
0.90134094	0.19211400	6.13422100
0.90634094	0.18988620	6.10980600
0.91134094	0.19034390	4.99893200
0.91634094	0.19046600	4.97451700
0.92134094	0.19046600	5.99383500
0.92634094	0.19046600	6.48823500
0.93134094	0.19046600	6.48823500
0.93634094	0.19046600	6.01825000
0.94134094	0.19046600	5.09048700
0.94634094	0.19046600	4.64491700
0.95134094	0.19046600	4.73647300
0.95634094	0.19046600	4.76088700
0.96134094	0.19046600	4.76088700
0.96634094	0.19058810	4.76088700
0.97134094	0.19104590	4.76088700
0.97634094	0.18881800	4.76088700
0.98134094	0.18417920	4.76088700
0.98634094	0.18195140	4.76088700
0.99134094	0.18240910	4.76088700
0.99634094	0.18253120	4.76088700
1.00134094	0.18253120	4.76088700
1.00634094	0.18253120	4.78530200
1.01134094	0.18253120	4.87685800
1.01634094	0.18253120	4.40687300
1.02134094	0.18253120	3.38755500
1.02634094	0.18253120	3.38755500
1.03134094	0.18253120	4.40687300
1.03634094	0.18253120	4.90127200
1.04134094	0.18253120	4.90127200
1.04634094	0.18253120	4.40687300
1.05134094	0.18253120	3.38755500
1.05634094	0.18265330	3.38755500
1.06134094	0.18311110	4.40687300
1.06634094	0.18088320	4.87685800
1.07134094	0.17624440	4.78530200
1.07634094	0.17401650	4.76088700
1.08134094	0.17447430	4.76088700
1.08634094	0.17459640	4.73647300
1.09134094	0.17459640	4.64491700
1.09634094	0.17459640	5.09048700
1.10134094	0.17459640	6.01825000
1.10634094	0.17459640	6.46382000
1.11134094	0.17459640	6.37226500
1.11634094	0.17471850	6.34785000
1.12134094	0.17517620	6.34785000
1.12634094	0.17294840	6.32343500
1.13134094	0.16830960	6.23187900
1.13634094	0.16608170	6.70186400
1.14134094	0.16653950	7.72118300
1.14634094	0.16666160	7.72118300
1.15134094	0.16666160	6.70186400
1.15634094	0.16666160	6.20746500
1.16134094	0.16666160	6.20746500
1.16634094	0.16666160	6.67745000
1.17134094	0.16666160	7.60521200
1.17634094	0.16666160	8.05078300
1.18134094	0.16666160	7.95922800
1.18634094	0.16666160	7.95922800
1.19134094	0.16666160	8.05078300
1.19634094	0.16666160	7.60521200
1.20134094	0.16666160	6.67745000
1.20634094	0.16678370	6.20746500
1.21134094	0.16724140	6.20746500
1.21634094	0.16501360	6.70186400
1.22134094	0.16037480	7.72118300
1.22634094	0.15814690	7.69676800
1.23134094	0.15860470	6.58589400
1.23634094	0.15872680	6.56148000
1.24134094	0.15872680	7.58079800
1.24634094	0.15872680	8.07519700
1.25134094	0.15872680	8.07519700
1.25634094	0.15872680	7.58079800
1.26134094	0.15872680	6.56148000
1.26634094	0.15872680	6.56148000
1.27134094	0.15872680	7.58079800
1.27634094	0.15872680	8.07519700
1.28134094	0.15872680	8.07519700
1.28634094	0.15872680	7.58079800
1.29134094	0.15872680	6.56148000
1.29634094	0.15872680	6.56148000
1.30134094	0.15872680	7.58079800
1.30634094	0.15872680	8.05078300
1.31134094	0.15872680	7.95922800
1.31634094	0.15884880	7.91039800
1.32134094	0.15930660	7.81884200
1.32634094	0.15707880	8.26441300
1.33134094	0.15244000	9.19217500
1.33634094	0.15021210	9.66216000
1.34134094	0.15066990	9.66216000
1.34634094	0.15079200	9.16776000
1.35134094	0.15079200	8.14844100
1.35634094	0.15079200	8.17285700
1.36134094	0.15079200	9.28373100
1.36634094	0.15079200	9.28373100
1.37134094	0.15079200	8.17285700
1.37634094	0.15079200	8.17285700
1.38134094	0.15079200	9.28373100
1.38634094	0.15079200	9.30814500
1.39134094	0.15079200	8.28882700
1.39634094	0.15079200	7.84325600
1.40134094	0.15079200	8.02636700
1.40634094	0.15091400	7.58079800
1.41134094	0.15137180	6.56148000
1.41634094	0.14914390	6.58589400
1.42134094	0.14450510	7.69676800
1.42634094	0.14227730	7.72118300
1.43134094	0.14273510	6.70186400
1.43634094	0.14285710	6.23187900
1.44134094	0.14285710	6.32343500
1.44634094	0.14285710	6.32343500
1.45134094	0.14285710	6.23187900
1.45634094	0.14285710	6.67745000
1.46134094	0.14285710	7.60521200
1.46634094	0.14285710	8.05078300
1.47134094	0.14285710	7.95922800
1.47634094	0.14285710	7.93481200
1.48134094	0.14285710	7.93481200
1.48634094	0.14285710	7.93481200
1.49134094	0.14285710	7.93481200
1.49634094	0.14285710	7.93481200
1.50134094	0.14285710	7.93481200
1.50634094	0.14285710	7.93481200
1.51134094	0.14285710	7.93481200
1.51634094	0.14297920	7.91039800
1.52134094	0.14343700	7.81884200
1.52634094	0.14120910	8.28882700
1.53134094	0.13653980	9.30814500
1.53634094	0.13431200	9.30814500
1.54134094	0.13476970	8.28882700
1.54634094	0.13489180	7.81884200
1.55134094	0.13489180	7.91039800
1.55634094	0.13489180	7.93481200
1.56134094	0.13489180	7.93481200
1.56634094	0.13489180	7.93481200
1.57134094	0.13489180	7.93481200
1.57634094	0.13489180	7.93481200
1.58134094	0.13489180	7.93481200
1.58634094	0.13489180	7.95922800
1.59134094	0.13489180	8.05078300
1.59634094	0.13489180	7.60521200
1.60134094	0.13489180	6.67745000
1.60634094	0.13489180	6.20746500
1.61134094	0.13489180	6.20746500
1.61634094	0.13489180	6.70186400
1.62134094	0.13489180	7.72118300
1.62634094	0.13501390	7.69676800
1.63134094	0.13547170	6.58589400
1.63634094	0.13324380	6.56148000
1.64134094	0.12860500	7.58079800
1.64634094	0.12637720	8.05078300
1.65134094	0.12683490	7.95922800
1.65634094	0.12695700	7.93481200
1.66134094	0.12695700	7.93481200
1.66634094	0.12695700	7.95922800
1.67134094	0.12695700	8.05078300
1.67634094	0.12695700	7.58079800
1.68134094	0.12695700	6.56148000
1.68634094	0.12695700	6.56148000
1.69134094	0.12695700	7.58079800
1.69634094	0.12695700	8.07519700
1.70134094	0.12695700	8.07519700
1.70634094	0.12695700	7.58079800
1.71134094	0.12695700	6.56148000
1.71634094	0.12695700	6.56148000
1.72134094	0.12695700	7.58079800
1.72634094	0.12695700	8.05078300
1.73134094	0.12695700	7.95922800
1.73634094	0.12695700	7.93481200
1.74134094	0.12695700	7.93481200
1.74634093	0.12707910	7.93481200
1.75134093	0.12753680	7.93481200
1.75634093	0.12530900	7.93481200
1.76134093	0.12067020	7.93481200
1.76634093	0.11844230	7.93481200
1.77134093	0.11890010	7.93481200
1.77634093	0.11902220	7.93481200
1.78134093	0.11902220	7.93481200
1.78634093	0.11902220	7.93481200
1.79134093	0.11902220	7.93481200
1.79634093	0.11902220	7.93481200
1.80134093	0.11902220	7.93481200
1.80634093	0.11902220	7.93481200
1.81134093	0.11902220	7.93481200
1.81634093	0.11902220	7.95922800
1.82134093	0.11902220	8.05078300
1.82634093	0.11902220	7.60521200
1.83134093	0.11902220	6.67745000
1.83634093	0.11902220	6.23187900
1.84134093	0.11902220	6.32343500
1.84634093	0.11902220	6.32343500
1.85134093	0.11902220	6.23187900
1.85634093	0.11902220	6.65303500
1.86134093	0.11902220	7.48924200
1.86634093	0.11902220	8.40479800
1.87134093	0.11902220	9.33256100
1.87634093	0.11914430	9.30814500
1.88134093	0.11960200	8.28882700
1.88634093	0.11737420	7.81884200
1.89134093	0.11273540	7.91039800
1.89634093	0.11050750	7.91039800
1.90134093	0.11096530	7.81884200
1.90634093	0.11108740	8.26441300
1.91134093	0.11108740	9.19217500
1.91634093	0.11108740	9.63774600
1.92134093	0.11108740	9.54619000
1.92634093	0.11108740	9.52177400
1.93134093	0.11108740	9.52177400
1.93634093	0.11108740	9.52177400
1.94134093	0.11108740	9.52177400
1.94634093	0.11108740	9.54619000
1.95134093	0.11108740	9.63774600
1.95634093	0.11108740	9.16776000
1.96134093	0.11108740	8.14844100
1.96634093	0.11108740	8.17285700
1.97134093	0.11108740	9.28373100
1.97634093	0.11108740	9.30814500
1.98134093	0.11108740	8.28882700
1.98634093	0.11108740	7.81884200
1.99134093	0.11108740	7.91039800
1.99634093	0.11108740	7.93481200
2.00134093	0.11108740	7.93481200
2.00634093	0.11108740	7.95922800
2.01134093	0.11108740	8.05078300
2.01634093	0.11108740	7.58079800
2.02134093	0.11108740	6.56148000
2.02634093	0.11120950	6.56148000
2.03134093	0.11166720	7.58079800
2.03634093	0.10943940	8.07519700
2.04134093	0.10480060	8.07519700
2.04634093	0.10257270	7.58079800
2.05134093	0.10303050	6.56148000
2.05634093	0.10315260	6.58589400
2.06134093	0.10315260	7.69676800
2.06634093	0.10315260	7.72118300
2.07134093	0.10315260	6.70186400
2.07634093	0.10315260	6.23187900
2.08134093	0.10315260	6.32343500
2.08634093	0.10315260	6.34785000
2.09134093	0.10315260	6.34785000
2.09634093	0.10315260	6.34785000
2.10134093	0.10315260	6.34785000
2.10634093	0.10315260	6.32343500
2.11134093	0.10315260	6.23187900
2.11634093	0.10315260	6.67745000
2.12134093	0.10315260	7.60521200
2.12634093	0.10315260	8.05078300
2.13134093	0.10315260	7.95922800
2.13634093	0.10315260	7.93481200
2.14134093	0.10315260	7.93481200
2.14634093	0.10327460	7.93481200
2.15134093	0.10373240	7.93481200
2.15634093	0.10138250	7.91039800
2.16134093	0.09628589	7.81884200
2.16634093	0.09640797	8.26441300
2.17134093	0.10196230	9.19217500
2.17634093	0.10208440	9.66216000
2.18134093	0.09698782	9.66216000
2.18634093	0.09463790	9.19217500
2.19134093	0.09509568	8.26441300
2.19634093	0.09521775	7.81884200
2.20134093	0.09521775	7.91039800
2.20634093	0.09521775	7.95922800
2.21134093	0.09521775	8.05078300
2.21634093	0.09521775	7.55638300
2.22134093	0.09521775	6.44550900
2.22634093	0.09521775	6.91549400
2.23134093	0.09521775	8.95413000
2.23634093	0.09521775	9.42411600
2.24134093	0.09521775	8.31324200
2.24634093	0.09521775	7.84325600
2.25134093	0.09521775	8.02636700
2.25634093	0.09521775	7.60521200
2.26134093	0.09521775	6.67745000
2.26634093	0.09521775	6.20746500
2.27134093	0.09521775	6.20746500
2.27634093	0.09521775	6.67745000
2.28134093	0.09521775	7.60521200
2.28634093	0.09521775	8.05078300
2.29134093	0.09521775	7.95922800
2.29634093	0.09521775	7.93481200
2.30134093	0.09521775	7.93481200
2.30634093	0.09533982	7.93481200
2.31134093	0.09579760	7.93481200
2.31634093	0.09344768	7.95922800
2.32134093	0.08835109	8.05078300
2.32634093	0.08847316	7.58079800
2.33134093	0.09402753	6.56148000
2.33634093	0.09414960	6.53706500
2.34134093	0.08905301	7.46482800
2.34634093	0.08670308	8.38038300
2.35134093	0.08716086	9.21658900
2.35634093	0.08728294	9.63774600
2.36134093	0.08728294	9.54619000
2.36634093	0.08728294	9.52177400
2.37134093	0.08728294	9.52177400
2.37634093	0.08728294	9.52177400
2.38134093	0.08728294	9.52177400
2.38634093	0.08728294	9.52177400
2.39134093	0.08728294	9.52177400
2.39634093	0.08728294	9.52177400
2.40134093	0.08728294	9.52177400
2.40634093	0.08728294	9.52177400
2.41134093	0.08728294	9.52177400
2.41634093	0.08728294	9.52177400
2.42134093	0.08728294	9.52177400
2.42634093	0.08728294	9.52177400
2.43134093	0.08728294	9.52177400
2.43634093	0.08728294	9.54619000
2.44134093	0.08728294	9.63774600
2.44634093	0.08728294	9.19217500
2.45134093	0.08728294	8.26441300
2.45634093	0.08728294	7.81884200
2.46134093	0.08728294	7.91039800
2.46634093	0.08728294	7.93481200
2.47134093	0.08728294	7.93481200
2.47634093	0.08728294	7.93481200
2.48134093	0.08728294	7.93481200
2.48634093	0.08728294	7.93481200
2.49134093	0.08728294	7.93481200
2.49634093	0.08728294	7.91039800
2.50134093	0.08728294	7.81884200
2.50634093	0.08740501	8.28882700
2.51134093	0.08786279	9.30814500
2.51634093	0.08563494	9.30814500
2.52134093	0.08099613	8.28882700
2.52634093	0.07876828	7.81884200
2.53134093	0.07922605	7.91039800
2.53634093	0.07934812	7.93481200
2.54134093	0.07934812	7.93481200
2.54634093	0.07934812	7.93481200
2.55134093	0.07934812	7.93481200
2.55634093	0.07934812	7.93481200
2.56134093	0.07934812	7.93481200
2.56634093	0.07934812	7.93481200
2.57134093	0.07934812	7.93481200
2.57634093	0.07934812	7.93481200
2.58134093	0.07934812	7.93481200
2.58634093	0.07934812	7.93481200
2.59134093	0.07934812	7.93481200
2.59634093	0.07934812	7.93481200
2.60134093	0.07934812	7.93481200
2.60634093	0.07934812	7.93481200
2.61134093	0.07934812	7.93481200
2.61634093	0.07934812	7.95922800
2.62134093	0.07934812	8.05078300
2.62634093	0.07934812	7.60521200
2.63134093	0.07934812	6.67745000
2.63634093	0.07934812	6.23187900
2.64134093	0.07934812	6.32343500
2.64634093	0.07934812	6.34785000
2.65134093	0.07934812	6.34785000
2.65634093	0.07934812	6.34785000
2.66134093	0.07934812	6.34785000
2.66634093	0.07934812	6.34785000
2.67134093	0.07934812	6.34785000
2.67634093	0.07934812	6.34785000
2.68134093	0.07934812	6.34785000
2.68634093	0.07934812	6.32343500
2.69134093	0.07934812	6.23187900
2.69634093	0.07934812	6.67745000
2.70134093	0.07934812	7.60521200
2.70634093	0.07947020	8.05078300
2.71134093	0.07992797	7.95922800
2.71634093	0.07770012	7.91039800
2.72134093	0.07306131	7.81884200
2.72634093	0.07083346	8.28882700
2.73134093	0.07129124	9.30814500
2.73634093	0.07141331	9.30814500
2.74134093	0.07141331	8.28882700
2.74634093	0.07141331	7.81884200
2.75134093	0.07141331	7.91039800
2.75634093	0.07141331	7.93481200
2.76134093	0.07141331	7.93481200
2.76634093	0.07141331	7.91039800
2.77134093	0.07141331	7.81884200
2.77634093	0.07141331	8.28882700
2.78134093	0.07141331	9.30814500
2.78634093	0.07141331	9.30814500
2.79134093	0.07141331	8.28882700
2.79634093	0.07141331	7.81884200
2.80134093	0.07141331	7.91039800
2.80634093	0.07141331	7.93481200
2.81134093	0.07141331	7.93481200
2.81634093	0.07141331	7.93481200
2.82134093	0.07141331	7.93481200
2.82634093	0.07141331	7.93481200
2.83134093	0.07141331	7.93481200
2.83634093	0.07141331	7.93481200
2.84134093	0.07141331	7.93481200
2.84634093	0.07141331	7.91039800
2.85134093	0.07141331	7.81884200
2.85634093	0.07141331	8.28882700
2.86134093	0.07141331	9.30814500
2.86634093	0.07141331	9.33256100
2.87134093	0.07141331	8.40479800
2.87634093	0.07141331	7.46482800
2.88134093	0.07141331	6.53706500
2.88634093	0.07153539	6.56148000
2.89134093	0.07199316	7.58079800
2.89634093	0.06964324	8.05078300
2.90134093	0.06454664	7.95922800
2.90634093	0.06454664	7.93481200
2.91134093	0.06964324	7.93481200
2.91634093	0.07199316	7.93481200
2.92134093	0.07153539	7.93481200
2.92634093	0.07153539	7.93481200
2.93134093	0.07199316	7.93481200
2.93634093	0.06976531	7.91039800
2.94134093	0.06512650	7.81884200
2.94634093	0.06289865	8.28882700
2.95134093	0.06335643	9.30814500
2.95634093	0.06347850	9.28373100
2.96134093	0.06347850	8.17285700
2.96634093	0.06347850	8.14844100
2.97134093	0.06347850	9.16776000
2.97634093	0.06347850	9.66216000
2.98134093	0.06347850	9.66216000
2.98634093	0.06347850	9.19217500
2.99134093	0.06347850	8.26441300
2.99634093	0.06347850	7.81884200
3.00134093	0.06347850	7.91039800
3.00634093	0.06347850	7.93481200
3.01134093	0.06347850	7.93481200
3.01634093	0.06347850	7.93481200
3.02134093	0.06347850	7.93481200
3.02634093	0.06347850	7.95922800
3.03134093	0.06347850	8.05078300
3.03634093	0.06347850	7.58079800
3.04134093	0.06347850	6.56148000
3.04634093	0.06347850	6.56148000
3.05134093	0.06347850	7.58079800
3.05634093	0.06347850	8.05078300
3.06134093	0.06347850	7.95922800
3.06634093	0.06347850	7.95922800
3.07134093	0.06347850	8.05078300
3.07634093	0.06347850	7.58079800
3.08134093	0.06347850	6.56148000
3.08634093	0.06347850	6.58589400
3.09134093	0.06347850	7.69676800
3.09634093	0.06347850	7.69676800
3.10134093	0.06347850	6.58589400
3.10634093	0.06347850	6.56148000
3.11134093	0.06347850	7.58079800
3.11634093	0.06347850	8.07519700
3.12134093	0.06347850	8.07519700
3.12634093	0.06347850	7.58079800
3.13134093	0.06347850	6.56148000
3.13634093	0.06347850	6.58589400
3.14134093	0.06347850	7.69676800
3.14634093	0.06347850	7.72118300
3.15134093	0.06347850	6.70186400
3.15634093	0.06360057	6.20746500
3.16134093	0.06405835	6.20746500
3.16634093	0.06183050	6.70186400
3.17134093	0.05719168	7.72118300
3.17634093	0.05484176	7.69676800
3.18134093	0.05484176	6.58589400
3.18634093	0.05731376	6.56148000
3.19134093	0.06241035	7.58079800
3.19634093	0.06241035	8.07519700
3.20134093	0.05731376	8.07519700
3.20634093	0.05496383	7.58079800
3.21134093	0.05542161	6.56148000
3.21634093	0.05554369	6.56148000
3.22134093	0.05554369	7.58079800
3.22634093	0.05554369	8.07519700
3.23134093	0.05554369	8.07519700
3.23634093	0.05554369	7.58079800
3.24134093	0.05554369	6.56148000
3.24634093	0.05554369	6.56148000
3.25134093	0.05554369	7.58079800
3.25634093	0.05554369	8.05078300
3.26134093	0.05554369	7.95922800
3.26634093	0.05554369	7.95922800
3.27134093	0.05554369	8.05078300
3.27634093	0.05554369	7.58079800
3.28134093	0.05554369	6.56148000
3.28634093	0.05554369	6.56148000
3.29134093	0.05554369	7.58079800
3.29634093	0.05554369	8.07519700
3.30134093	0.05554369	8.07519700
3.30634093	0.05554369	7.60521200
3.31134093	0.05554369	6.67745000
3.31634093	0.05554369	6.20746500
3.32134093	0.05554369	6.20746500
3.32634093	0.05554369	6.67745000
3.33134093	0.05554369	7.60521200
3.33634093	0.05554369	8.02636700
3.34134093	0.05554369	7.84325600
3.34634093	0.05554369	8.28882700
3.35134093	0.05554369	9.30814500
3.35634093	0.05554369	9.30814500
3.36134093	0.05554369	8.28882700
3.36634093	0.05554369	7.81884200
3.37134093	0.05554369	7.91039800
3.37634093	0.05554369	7.95922800
3.38134093	0.05554369	8.05078300
3.38634093	0.05554369	7.58079800
3.39134092	0.05554369	6.56148000
3.39634092	0.05554369	6.56148000
3.40134092	0.05554369	7.58079800
3.40634092	0.05554369	8.02636700
3.41134092	0.05554369	7.84325600
3.41634092	0.05554369	8.26441300
3.42134092	0.05554369	9.19217500
3.42634092	0.05554369	9.58891500
3.43134092	0.05554369	9.31424900
3.43634092	0.05554369	10.11383000
3.44134092	0.05554369	11.68249000
3.44634092	0.05554369	13.77605000
3.45134092	0.05554369	15.80859000
3.45634092	0.05554369	19.59899000
3.46134092	0.05554369	24.12793000
3.46634092	0.05566576	30.06684000
3.47134092	0.05612354	35.88977000
3.47634092	0.05389569	43.94666000
3.48134092	0.04925688	52.17444000
3.48634092	0.04702902	62.34931000
3.49134092	0.04748680	71.86499000
3.49634092	0.04760887	84.27381000
3.50134092	0.04760887	96.67043000
3.50634092	0.04760887	109.03040000
3.51134092	0.04760887	118.36910000
3.51634092	0.04760887	129.38630000
3.52134092	0.04760887	139.28650000
3.52634092	0.04760887	149.03410000
3.53134092	0.04760887	156.14490000
3.53634092	0.04760887	164.67180000
3.54134092	0.04760887	172.53330000
3.54634092	0.04760887	178.94220000
3.55134092	0.04760887	182.36030000
3.55634092	0.04760887	185.63190000
3.56134092	0.04760887	187.65830000
3.56634092	0.04760887	190.22800000
3.57134092	0.04760887	192.72440000
3.57634092	0.04760887	194.04280000
3.58134092	0.04760887	193.95120000
3.58634092	0.04760887	193.02960000
3.59134092	0.04760887	191.36940000
3.59634092	0.04760887	189.64810000
3.60134092	0.04760887	188.26260000
3.60634092	0.04760887	186.19340000
3.61134092	0.04760887	184.06930000
3.61634092	0.04760887	180.62680000
3.62134092	0.04760887	176.65340000
3.62634092	0.04760887	172.81410000
3.63134092	0.04760887	170.03690000
3.63634092	0.04760887	166.24650000
3.64134092	0.04760887	162.45610000
3.64634092	0.04760887	158.22020000
3.65134092	0.04760887	154.61290000
3.65634092	0.04760887	149.93130000
3.66134092	0.04760887	145.30470000
3.66634092	0.04760887	140.61710000
3.67134092	0.04760887	137.00980000
3.67634092	0.04760887	132.79820000
3.68134092	0.04760887	129.09940000
3.68634092	0.04760887	124.83900000
3.69134092	0.04760887	121.04860000
3.69634092	0.04760887	117.23380000
3.70134092	0.04760887	114.36510000
3.70634092	0.04760887	110.99580000
3.71134092	0.04760887	108.04160000
3.71634092	0.04760887	104.62360000
3.72134092	0.04760887	101.57780000
3.72634092	0.04760887	98.61141000
3.73134092	0.04760887	96.48122000
3.73634092	0.04760887	93.96648000
3.74134092	0.04760887	91.74474000
3.74634092	0.04760887	89.18119000
3.75134092	0.04760887	86.86789000
3.75634092	0.04760887	84.74990000
3.76134092	0.04760887	83.35825000
3.76634092	0.04760887	81.68584000
3.77134092	0.04760887	80.20874000
3.77634092	0.04760887	78.51192000
3.78134092	0.04760887	77.03482000
3.78634092	0.04760887	75.33800000
3.79134092	0.04760887	73.86089000
3.79634092	0.04760887	72.16407000
3.80134092	0.04760887	70.68697000
3.80634092	0.04773095	68.99014000
3.81134092	0.04818873	67.51305000
3.81634092	0.04583880	65.79180000
3.82134092	0.04074221	64.22315000
3.82634092	0.04086429	62.97189000
3.83134092	0.04641865	62.42256000
3.83634092	0.04654073	61.17130000
3.84134092	0.04144414	59.60265000
3.84634092	0.03909421	57.85699000
3.85134092	0.03955199	56.28223000
3.85634092	0.03967406	54.98214000
3.86134092	0.03967406	54.24360000
3.86634092	0.03967406	53.91400000
3.87134092	0.03967406	54.29243000
3.87634092	0.03967406	52.97403000
3.88134092	0.03967406	50.19074000
3.88634092	0.03967406	48.87234000
3.89134092	0.03967406	49.25077000
3.89634092	0.03967406	48.89676000
3.90134092	0.03967406	48.06055000
3.90634092	0.03967406	47.16941000
3.91134092	0.03967406	46.33320000
3.91634092	0.03967406	45.96087000
3.92134092	0.03967406	46.23554000
3.92634092	0.03967406	45.36881000
3.93134092	0.03967406	43.51329000
3.93634092	0.03967406	42.64656000
3.94134092	0.03967406	42.92123000
3.94634092	0.03967406	42.54890000
3.95134092	0.03967406	41.71270000
3.95634092	0.03967406	40.84597000
3.96134092	0.03967406	40.10132000
3.96634092	0.03967406	39.25901000
3.97134092	0.03967406	38.51436000
3.97634092	0.03967406	37.67205000
3.98134092	0.03967406	36.92739000
3.98634092	0.03967406	36.06067000
3.99134092	0.03967406	35.22446000
3.99634092	0.03967406	34.82772000
4.00134092	0.03967406	35.01083000
4.00634092	0.03967406	34.61409000
4.01134092	0.03967406	33.77789000
4.01634092	0.03967406	32.88675000
4.02134092	0.03967406	32.05054000
4.02634092	0.03967406	31.62938000
4.03134092	0.03967406	31.72094000
4.03634092	0.03967406	31.76977000
4.04134092	0.03967406	31.86132000
4.04634092	0.03967406	31.41575000
4.05134092	0.03967406	30.48799000
4.05634092	0.03967406	30.06684000
4.06134092	0.03967406	30.24995000
4.06634092	0.03967406	29.82879000
4.07134092	0.03967406	28.90103000
4.07634092	0.03967406	28.47987000
4.08134092	0.03967406	28.66298000
4.08634092	0.03967406	28.24183000
4.09134092	0.03967406	27.30796000
4.09634092	0.03967406	26.88681000
4.10134092	0.03967406	27.06992000
4.10634092	0.03967406	26.62435000
4.11134092	0.03967406	25.60503000
4.11634092	0.03967406	25.62944000
4.12134092	0.03967406	26.74032000
4.12634092	0.03967406	26.76473000
4.13134092	0.03967406	25.74541000
4.13634092	0.03967406	25.25101000
4.14134092	0.03967406	25.25101000
4.14634092	0.03967406	25.72100000
4.15134092	0.03967406	26.64876000
4.15634092	0.03967406	27.11875000
4.16134092	0.03967406	27.11875000
4.16634092	0.03967406	26.64876000
4.17134092	0.03967406	25.72100000
4.17634092	0.03967406	25.25101000
4.18134092	0.03967406	25.25101000
4.18634092	0.03967406	25.74541000
4.19134092	0.03967406	26.76473000
4.19634092	0.03979614	26.76473000
4.20134092	0.04025391	25.74541000
4.20634092	0.03802606	25.27543000
4.21134092	0.03338725	25.36699000
4.21634092	0.03103732	25.41581000
4.22134092	0.03103732	25.50737000
4.22634092	0.03350932	25.06180000
4.23134092	0.03860591	24.13404000
4.23634092	0.03860591	23.68847000
4.24134092	0.03350932	23.78002000
4.24634092	0.03115940	23.80444000
4.25134092	0.03161718	23.80444000
4.25634092	0.03173925	23.80444000
4.26134092	0.03173925	23.80444000
4.26634092	0.03173925	23.82885000
4.27134092	0.03173925	23.92041000
4.27634092	0.03173925	23.47484000
4.28134092	0.03173925	22.54707000
4.28634092	0.03173925	22.10150000
4.29134092	0.03173925	22.19306000
4.29634092	0.03173925	22.21748000
4.30134092	0.03173925	22.21748000
4.30634092	0.03173925	22.21748000
4.31134092	0.03173925	22.21748000
4.31634092	0.03173925	22.24189000
4.32134092	0.03173925	22.33344000
4.32634092	0.03173925	21.88787000
4.33134092	0.03173925	20.96011000
4.33634092	0.03173925	20.51454000
4.34134092	0.03173925	20.60610000
4.34634092	0.03173925	20.65493000
4.35134092	0.03173925	20.74648000
4.35634092	0.03173925	20.27650000
4.36134092	0.03173925	19.25718000
4.36634092	0.03173925	19.25718000
4.37134092	0.03173925	20.27650000
4.37634092	0.03173925	20.74648000
4.38134092	0.03173925	20.65493000
4.38634092	0.03173925	20.63051000
4.39134092	0.03173925	20.63051000
4.39634092	0.03173925	20.63051000
4.40134092	0.03173925	20.63051000
4.40634092	0.03173925	20.63051000
4.41134092	0.03173925	20.63051000
4.41634092	0.03173925	20.63051000
4.42134092	0.03173925	20.63051000
4.42634092	0.03173925	20.63051000
4.43134092	0.03173925	20.63051000
4.43634092	0.03173925	20.63051000
4.44134092	0.03173925	20.63051000
4.44634092	0.03173925	20.63051000
4.45134092	0.03173925	20.63051000
4.45634092	0.03173925	20.65493000
4.46134092	0.03173925	20.74648000
4.46634092	0.03173925	20.30091000
4.47134092	0.03173925	19.37315000
4.47634092	0.03173925	18.95199000
4.48134092	0.03173925	19.13511000
4.48634092	0.03173925	18.71395000
4.49134092	0.03173925	17.78619000
4.49634092	0.03173925	17.36503000
4.50134092	0.03173925	17.54814000
4.50634092	0.03173925	17.10257000
4.51134092	0.03173925	16.08325000
4.51634092	0.03173925	16.10767000
4.52134092	0.03173925	17.21854000
4.52634092	0.03173925	17.21854000
4.53134092	0.03173925	16.10767000
4.53634092	0.03173925	16.08325000
4.54134092	0.03173925	17.10257000
4.54634092	0.03173925	17.57256000
4.55134092	0.03173925	17.48100000
4.55634092	0.03173925	17.45659000
4.56134092	0.03173925	17.45659000
4.56634092	0.03173925	17.45659000
4.57134092	0.03173925	17.45659000
4.57634092	0.03173925	17.45659000
4.58134092	0.03173925	17.45659000
4.58634092	0.03173925	17.45659000
4.59134092	0.03173925	17.45659000
4.59634092	0.03173925	17.48100000
4.60134092	0.03173925	17.57256000
4.60634092	0.03173925	17.12699000
4.61134092	0.03173925	16.19922000
4.61634092	0.03173925	15.72924000
4.62134092	0.03173925	15.72924000
4.62634092	0.03173925	16.19922000
4.63134092	0.03173925	17.12699000
4.63634092	0.03173925	17.59697000
4.64134092	0.03173925	17.59697000
4.64634092	0.03173925	17.15140000
4.65134092	0.03173925	16.31520000
4.65634092	0.03173925	15.39964000
4.66134092	0.03173925	14.47188000
4.66634092	0.03173925	14.49629000
4.67134092	0.03173925	15.51561000
4.67634092	0.03173925	15.98559000
4.68134092	0.03173925	15.89404000
4.68634092	0.03173925	15.84521000
4.69134092	0.03173925	15.75365000
4.69634092	0.03173925	16.22364000
4.70134092	0.03173925	17.24296000
4.70634092	0.03173925	17.24296000
4.71134092	0.03173925	16.22364000
4.71634092	0.03173925	15.75365000
4.72134092	0.03173925	15.84521000
4.72634092	0.03173925	15.86962000
4.73134092	0.03173925	15.86962000
4.73634092	0.03186132	15.84521000
4.74134092	0.03231910	15.75365000
4.74634092	0.02996918	16.19922000
4.75134092	0.02487259	17.12699000
4.75634092	0.02487259	17.59697000
4.76134092	0.02996918	17.59697000
4.76634092	0.03231910	17.10257000
4.77134092	0.03186132	16.08325000
4.77634092	0.03186132	16.08325000
4.78134092	0.03231910	17.10257000
4.78634092	0.03009125	17.57256000
4.79134092	0.02545244	17.48100000
4.79634092	0.02310251	17.45659000
4.80134092	0.02310251	17.45659000
4.80634092	0.02557451	17.45659000
4.81134092	0.03067110	17.45659000
4.81634092	0.03067110	17.45659000
4.82134092	0.02557451	17.45659000
4.82634092	0.02322458	17.45659000
4.83134092	0.02368236	17.45659000
4.83634092	0.02380444	17.45659000
4.84134092	0.02380444	17.45659000
4.84634092	0.02380444	17.48100000
4.85134092	0.02380444	17.57256000
4.85634092	0.02380444	17.15140000
4.86134092	0.02380444	16.31520000
4.86634092	0.02380444	15.44847000
4.87134092	0.02380444	14.70382000
4.87634092	0.02380444	13.81268000
4.88134092	0.02380444	12.88491000
4.88634092	0.02380444	12.90933000
4.89134092	0.02380444	13.92865000
4.89634092	0.02380444	14.39863000
4.90134092	0.02380444	14.30708000
4.90634092	0.02380444	14.28266000
4.91134092	0.02380444	14.28266000
4.91634092	0.02380444	14.25825000
4.92134092	0.02380444	14.16669000
4.92634092	0.02380444	14.63668000
4.93134092	0.02380444	15.65600000
4.93634092	0.02380444	15.63158000
4.94134092	0.02380444	14.52071000
4.94634092	0.02380444	14.49629000
4.95134092	0.02380444	15.51561000
4.95634092	0.02380444	15.98559000
4.96134092	0.02380444	15.89404000
4.96634092	0.02380444	15.89404000
4.97134092	0.02380444	15.98559000
4.97634092	0.02380444	15.51561000
4.98134092	0.02380444	14.49629000
4.98634092	0.02380444	14.49629000
4.99134092	0.02380444	15.51561000
4.99634092	0.02380444	15.98559000
5.00134092	0.02380444	15.89404000
5.00634092	0.02380444	15.86962000
5.01134092	0.02380444	15.86962000
5.01634092	0.02380444	15.86962000
5.02134092	0.02380444	15.86962000
5.02634092	0.02380444	15.86962000
5.03134092	0.02380444	15.86962000
5.03634091	0.02380444	15.86962000
5.04134091	0.02380444	15.86962000
5.04634091	0.02380444	15.89404000
5.05134091	0.02380444	15.98559000
5.05634091	0.02380444	15.54002000
5.06134091	0.02380444	14.61226000
5.06634091	0.02380444	14.16669000
5.07134091	0.02380444	14.25825000
5.07634091	0.02380444	14.28266000
5.08134091	0.02380444	14.28266000
5.08634091	0.02380444	14.28266000
5.09134091	0.02380444	14.28266000
5.09634091	0.02380444	14.30708000
5.10134091	0.02380444	14.39863000
5.10634091	0.02380444	13.92865000
5.11134091	0.02380444	12.90933000
5.11634091	0.02380444	12.93374000
5.12134091	0.02380444	14.04462000
5.12634091	0.02380444	14.06903000
5.13134091	0.02380444	13.04971000
5.13634091	0.02380444	12.60414000
5.14134091	0.02380444	12.78726000
5.14634091	0.02380444	12.36610000
5.15134091	0.02380444	11.43834000
5.15634091	0.02380444	10.99277000
5.16134091	0.02380444	11.08432000
5.16634091	0.02380444	11.08432000
5.17134091	0.02380444	10.99277000
5.17634091	0.02380444	11.46275000
5.18134091	0.02380444	12.48207000
5.18634091	0.02380444	12.48207000
5.19134091	0.02380444	11.46275000
5.19634091	0.02380444	10.96835000
5.20134091	0.02380444	10.96835000
5.20634091	0.02380444	11.43834000
5.21134091	0.02380444	12.36610000
5.21634091	0.02380444	12.81167000
5.22134091	0.02380444	12.72011000
5.22634091	0.02380444	12.69570000
5.23134091	0.02380444	12.69570000
5.23634091	0.02380444	12.69570000
5.24134091	0.02380444	12.69570000
5.24634091	0.02380444	12.67128000
5.25134091	0.02380444	12.57973000
5.25634091	0.02380444	13.02530000
5.26134091	0.02380444	13.95306000
5.26634091	0.02380444	14.39863000
5.27134091	0.02380444	14.30708000
5.27634091	0.02380444	14.30708000
5.28134091	0.02380444	14.39863000
5.28634091	0.02380444	13.95306000
5.29134091	0.02380444	13.02530000
5.29634091	0.02380444	12.57973000
5.30134091	0.02380444	12.67128000
5.30634091	0.02380444	12.67128000
5.31134091	0.02380444	12.57973000
5.31634091	0.02380444	13.04971000
5.32134091	0.02380444	14.06903000
5.32634091	0.02380444	14.06903000
5.33134091	0.02380444	13.04971000
5.33634091	0.02380444	12.57973000
5.34134091	0.02380444	12.67128000
5.34634091	0.02380444	12.67128000
5.35134091	0.02380444	12.57973000
5.35634091	0.02380444	13.02530000
5.36134091	0.02380444	13.95306000
5.36634091	0.02380444	14.39863000
5.37134091	0.02380444	14.30708000
5.37634091	0.02380444	14.28266000
5.38134091	0.02380444	14.28266000
5.38634091	0.02380444	14.28266000
5.39134091	0.02380444	14.28266000
5.39634091	0.02380444	14.30708000
5.40134091	0.02380444	14.39863000
5.40634091	0.02380444	13.92865000
5.41134091	0.02380444	12.90933000
5.41634091	0.02380444	12.93374000
5.42134091	0.02380444	14.04462000
5.42634091	0.02380444	14.06903000
5.43134091	0.02380444	13.04971000
5.43634091	0.02380444	12.57973000
5.44134091	0.02380444	12.67128000
5.44634091	0.02380444	12.69570000
5.45134091	0.02380444	12.69570000
5.45634091	0.02380444	12.72011000
5.46134091	0.02380444	12.81167000
5.46634091	0.02380444	12.34169000
5.47134091	0.02380444	11.32237000
5.47634091	0.02380444	11.34678000
5.48134091	0.02380444	12.45765000
5.48634091	0.02380444	12.45765000
5.49134091	0.02380444	11.34678000
5.49634091	0.02380444	11.32237000
5.50134091	0.02380444	12.34169000
5.50634091	0.02380444	12.81167000
5.51134091	0.02380444	12.72011000
5.51634091	0.02380444	12.69570000
5.52134091	0.02380444	12.69570000
5.52634091	0.02380444	12.72011000
5.53134091	0.02380444	12.81167000
5.53634091	0.02380444	12.36610000
5.54134091	0.02380444	11.43834000
5.54634091	0.02380444	10.96835000
5.55134091	0.02380444	10.96835000
5.55634091	0.02380444	11.43834000
5.56134091	0.02380444	12.36610000
5.56634091	0.02380444	12.81167000
5.57134091	0.02380444	12.72011000
5.57634091	0.02380444	12.72011000
5.58134091	0.02380444	12.81167000
5.58634091	0.02380444	12.34169000
5.59134091	0.02380444	11.32237000
5.59634091	0.02380444	11.32237000
5.60134091	0.02380444	12.34169000
5.60634091	0.02392651	12.81167000
5.61134091	0.02438429	12.72011000
5.61634091	0.02203436	12.67128000
5.62134091	0.01693777	12.57973000
5.62634091	0.01705985	13.04971000
5.63134091	0.02261421	14.06903000
5.63634091	0.02261421	14.02020000
5.64134091	0.01705985	12.81777000
5.64634091	0.01693777	13.26334000
5.65134091	0.02203436	15.30198000
5.65634091	0.02450636	15.77197000
5.66134091	0.02450636	14.66109000
5.66634091	0.02215644	14.19111000
5.67134091	0.01751762	14.37422000
5.67634091	0.01528977	13.92865000
5.68134091	0.01574755	12.90933000
5.68634091	0.01586962	12.93374000
5.69134091	0.01586962	14.04462000
5.69634091	0.01574755	14.06903000
5.70134091	0.01528977	13.04971000
5.70634091	0.01763970	12.60414000
5.71134091	0.02273629	12.78726000
5.71634091	0.02273629	12.36610000
5.72134091	0.01763970	11.43834000
5.72634091	0.01528977	10.96835000
5.73134091	0.01574755	10.96835000
5.73634091	0.01586962	11.43834000
5.74134091	0.01586962	12.36610000
5.74634091	0.01586962	12.81167000
5.75134091	0.01586962	12.72011000
5.75634091	0.01586962	12.72011000
5.76134091	0.01586962	12.81167000
5.76634091	0.01586962	12.34169000
5.77134091	0.01586962	11.32237000
5.77634091	0.01586962	11.32237000
5.78134091	0.01586962	12.34169000
5.78634091	0.01586962	12.81167000
5.79134091	0.01586962	12.72011000
5.79634091	0.01586962	12.69570000
5.80134091	0.01586962	12.69570000
5.80634091	0.01586962	12.69570000
5.81134091	0.01586962	12.69570000
5.81634091	0.01586962	12.67128000
5.82134091	0.01586962	12.57973000
5.82634091	0.01586962	13.02530000
5.83134091	0.01586962	13.95306000
5.83634091	0.01586962	14.39863000
5.84134091	0.01586962	14.30708000
5.84634091	0.01586962	14.30708000
5.85134091	0.01586962	14.39863000
5.85634091	0.01586962	13.92865000
5.86134091	0.01586962	12.90933000
5.86634091	0.01586962	12.93374000
5.87134091	0.01586962	14.04462000
5.87634091	0.01586962	14.04462000
5.88134091	0.01586962	12.93374000
5.88634091	0.01586962	12.90933000
5.89134091	0.01586962	13.92865000
5.89634091	0.01586962	14.39863000
5.90134091	0.01586962	14.30708000
5.90634091	0.01586962	14.28266000
5.91134091	0.01586962	14.28266000
5.91634091	0.01586962	14.28266000
5.92134091	0.01586962	14.28266000
5.92634091	0.01586962	14.30708000
5.93134091	0.01586962	14.39863000
5.93634091	0.01586962	13.95306000
5.94134091	0.01586962	13.02530000
5.94634091	0.01586962	12.57973000
5.95134091	0.01586962	12.67128000
5.95634091	0.01586962	12.72011000
5.96134091	0.01586962	12.81167000
5.96634091	0.01586962	12.34169000
5.97134091	0.01586962	11.32237000
5.97634091	0.01586962	11.34678000
5.98134091	0.01586962	12.45765000
5.98634091	0.01586962	12.45765000
5.99134091	0.01586962	11.34678000
5.99634091	0.01586962	11.32237000
6.00134091	0.01586962	12.34169000
6.00634091	0.01586962	12.83609000
6.01134091	0.01586962	12.83609000
6.01634091	0.01586962	12.31727000
6.02134091	0.01586962	11.20640000
6.02634091	0.01586962	11.67638000
6.03134091	0.01586962	13.71502000
6.03634091	0.01586962	14.18500000
6.04134091	0.01586962	13.07413000
6.04634091	0.01586962	12.57973000
6.05134091	0.01586962	12.67128000
6.05634091	0.01586962	12.72011000
6.06134091	0.01586962	12.81167000
6.06634091	0.01586962	12.36610000
6.07134091	0.01586962	11.43834000
6.07634091	0.01586962	10.96835000
6.08134091	0.01586962	10.96835000
6.08634091	0.01586962	11.46275000
6.09134091	0.01586962	12.48207000
6.09634091	0.01586962	12.48207000
6.10134091	0.01586962	11.46275000
6.10634091	0.01586962	10.99277000
6.11134091	0.01586962	11.08432000
6.11634091	0.01586962	11.10874000
6.12134091	0.01586962	11.10874000
6.12634091	0.01586962	11.08432000
6.13134091	0.01586962	10.99277000
6.13634091	0.01586962	11.46275000
6.14134091	0.01586962	12.48207000
6.14634091	0.01586962	12.48207000
6.15134091	0.01586962	11.46275000
6.15634091	0.01586962	10.96835000
6.16134091	0.01586962	10.96835000
6.16634091	0.01586962	11.46275000
6.17134091	0.01586962	12.48207000
6.17634091	0.01586962	12.48207000
6.18134091	0.01586962	11.46275000
6.18634091	0.01586962	11.01718000
6.19134091	0.01586962	11.20029000
6.19634091	0.01586962	10.75472000
6.20134091	0.01586962	9.73540400
6.20634091	0.01586962	9.73540400
6.21134091	0.01586962	10.75472000
6.21634091	0.01586962	11.22471000
6.22134091	0.01586962	11.13315000
6.22634091	0.01586962	11.10874000
6.23134091	0.01586962	11.10874000
6.23634091	0.01586962	11.10874000
6.24134091	0.01586962	11.10874000
6.24634091	0.01586962	11.10874000
6.25134091	0.01586962	11.10874000
6.25634091	0.01586962	11.10874000
6.26134091	0.01586962	11.10874000
6.26634091	0.01586962	11.10874000
6.27134091	0.01586962	11.10874000
6.27634091	0.01586962	11.10874000
6.28134091	0.01586962	11.10874000
6.28634091	0.01586962	11.10874000
6.29134091	0.01586962	11.10874000
6.29634091	0.01586962	11.10874000
6.30134091	0.01586962	11.10874000
6.30634091	0.01586962	11.10874000
6.31134091	0.01586962	11.10874000
6.31634091	0.01586962	11.10874000
6.32134091	0.01586962	11.10874000
6.32634091	0.01586962	11.13315000
6.33134091	0.01586962	11.22471000
6.33634091	0.01586962	10.80355000
6.34134091	0.01586962	9.96734500
6.34634091	0.01586962	9.05179000
6.35134091	0.01586962	8.12402700
6.35634091	0.01586962	8.14844100
6.36134091	0.01586962	9.16776000
6.36634091	0.01586962	9.61333000
6.37134091	0.01586962	9.43021900
6.37634091	0.01586962	9.85137500
6.38134091	0.01586962	10.77914000
6.38634091	0.01586962	11.22471000
6.39134091	0.01586962	11.13315000
6.39634091	0.01586962	11.10874000
6.40134091	0.01586962	11.10874000
6.40634091	0.01586962	11.08432000
6.41134091	0.01586962	10.99277000
6.41634091	0.01586962	11.43834000
6.42134091	0.01586962	12.36610000
6.42634091	0.01586962	12.81167000
6.43134091	0.01586962	12.72011000
6.43634091	0.01586962	12.69570000
6.44134091	0.01586962	12.69570000
6.44634091	0.01586962	12.69570000
6.45134091	0.01586962	12.69570000
6.45634091	0.01586962	12.69570000
6.46134091	0.01586962	12.69570000
6.46634091	0.01586962	12.72011000
6.47134091	0.01586962	12.81167000
6.47634091	0.01586962	12.36610000
6.48134091	0.01586962	11.43834000
6.48634091	0.01586962	10.99277000
6.49134091	0.01586962	11.08432000
6.49634091	0.01586962	11.10874000
6.50134091	0.01586962	11.10874000
6.50634091	0.01586962	11.10874000
6.51134091	0.01586962	11.10874000
6.51634091	0.01586962	11.13315000
6.52134091	0.01586962	11.22471000
6.52634091	0.01586962	10.75472000
6.53134091	0.01586962	9.73540400
6.53634091	0.01586962	9.73540400
6.54134091	0.01586962	10.75472000
6.54634091	0.01586962	11.22471000
6.55134091	0.01586962	11.13315000
6.55634091	0.01586962	11.10874000
6.56134091	0.01586962	11.10874000
6.56634091	0.01586962	11.10874000
6.57134091	0.01586962	11.10874000
6.57634091	0.01586962	11.10874000
6.58134091	0.01586962	11.10874000
6.58634091	0.01586962	11.10874000
6.59134091	0.01586962	11.10874000
6.59634091	0.01586962	11.10874000
6.60134091	0.01586962	11.10874000
6.60634091	0.01586962	11.10874000
6.61134091	0.01586962	11.10874000
6.61634091	0.01586962	11.13315000
6.62134091	0.01586962	11.22471000
6.62634091	0.01586962	10.77914000
6.63134091	0.01586962	9.85137500
6.63634091	0.01586962	9.38139000
6.64134091	0.01586962	9.38139000
6.64634091	0.01586962	9.85137500
6.65134091	0.01586962	10.77914000
6.65634091	0.01586962	11.22471000
6.66134091	0.01586962	11.13315000
6.66634091	0.01586962	11.10874000
6.67134091	0.01586962	11.10874000
6.67634091	0.01586962	11.10874000
6.68134090	0.01586962	11.10874000
6.68634090	0.01586962	11.08432000
6.69134090	0.01586962	10.99277000
6.69634090	0.01586962	11.46275000
6.70134090	0.01586962	12.48207000
6.70634090	0.01586962	12.48207000
6.71134090	0.01586962	11.46275000
6.71634090	0.01586962	10.99277000
6.72134090	0.01586962	11.08432000
6.72634090	0.01586962	11.10874000
6.73134090	0.01586962	11.10874000
6.73634090	0.01586962	11.10874000
6.74134090	0.01586962	11.10874000
6.74634090	0.01586962	11.13315000
6.75134090	0.01586962	11.22471000
6.75634090	0.01586962	10.77914000
6.76134090	0.01586962	9.85137500
6.76634090	0.01586962	9.38139000
6.77134090	0.01586962	9.38139000
6.77634090	0.01586962	9.87579000
6.78134090	0.01586962	10.89511000
6.78634090	0.01586962	10.89511000
6.79134090	0.01586962	9.87579000
6.79634090	0.01586962	9.38139000
6.80134090	0.01586962	9.38139000
6.80634090	0.01586962	9.85137500
6.81134090	0.01586962	10.77914000
6.81634090	0.01586962	11.27354000
6.82134090	0.01586962	11.36509000
6.82634090	0.01586962	10.42512000
6.83134090	0.01586962	8.47804300
6.83634090	0.01586962	8.03247200
6.84134090	0.01586962	9.14334600
6.84634090	0.01586962	9.63774600
6.85134090	0.01586962	9.54619000
6.85634090	0.01586962	9.52177400
6.86134090	0.01586962	9.52177400
6.86634090	0.01586962	9.54619000
6.87134090	0.01586962	9.63774600
6.87634090	0.01586962	9.16776000
6.88134090	0.01586962	8.14844100
6.88634090	0.01586962	8.14844100
6.89134090	0.01586962	9.16776000
6.89634090	0.01586962	9.63774600
6.90134090	0.01586962	9.54619000
6.90634090	0.01586962	9.52177400
6.91134090	0.01586962	9.52177400
6.91634090	0.01586962	9.52177400
6.92134090	0.01586962	9.52177400
6.92634090	0.01586962	9.49735900
6.93134090	0.01586962	9.40580500
6.93634090	0.01586962	9.87579000
6.94134090	0.01586962	10.89511000
6.94634090	0.01586962	10.87069000
6.95134090	0.01586962	9.75981900
6.95634090	0.01586962	9.73540400
6.96134090	0.01586962	10.75472000
6.96634090	0.01586962	11.24912000
6.97134090	0.01586962	11.24912000
6.97634090	0.01586962	10.77914000
6.98134090	0.01586962	9.85137500
6.98634090	0.01586962	9.38139000
6.99134090	0.01586962	9.38139000
6.99634090	0.01586962	9.85137500
7.00134090	0.01586962	10.77914000
7.00634090	0.01586962	11.22471000
7.01134090	0.01586962	11.13315000
7.01634090	0.01586962	11.13315000
7.02134090	0.01586962	11.22471000
7.02634090	0.01599170	10.75472000
7.03134090	0.01644948	9.73540400
7.03634090	0.01409955	9.73540400
7.04134090	0.00900296	10.75472000
7.04634090	0.00912503	11.22471000
7.05134090	0.01467940	11.13315000
7.05634090	0.01467940	11.10874000
7.06134090	0.00912503	11.10874000
7.06634090	0.00900296	11.13315000
7.07134090	0.01409955	11.22471000
7.07634090	0.01644948	10.77914000
7.08134090	0.01599170	9.85137500
7.08634090	0.01586962	9.40580500
7.09134090	0.01586962	9.49735900
7.09634090	0.01586962	9.52177400
7.10134090	0.01586962	9.52177400
7.10634090	0.01586962	9.52177400
7.11134090	0.01586962	9.52177400
7.11634090	0.01586962	9.52177400
7.12134090	0.01586962	9.52177400
7.12634090	0.01586962	9.52177400
7.13134090	0.01586962	9.52177400
7.13634090	0.01586962	9.54619000
7.14134090	0.01586962	9.63774600
7.14634090	0.01586962	9.19217500
7.15134090	0.01586962	8.26441300
7.15634090	0.01586962	7.79442700
7.16134090	0.01586962	7.79442700
7.16634090	0.01586962	8.26441300
7.17134090	0.01586962	9.19217500
7.17634090	0.01586962	9.63774600
7.18134090	0.01586962	9.54619000
7.18634090	0.01586962	9.49735900
7.19134090	0.01586962	9.40580500
7.19634090	0.01586962	9.85137500
7.20134090	0.01586962	10.77914000
7.20634090	0.01586962	11.22471000
7.21134090	0.01586962	11.13315000
7.21634090	0.01586962	11.10874000
7.22134090	0.01586962	11.10874000
7.22634090	0.01586962	11.10874000
7.23134090	0.01586962	11.10874000
7.23634090	0.01586962	11.10874000
7.24134090	0.01586962	11.10874000
7.24634090	0.01599170	11.10874000
7.25134090	0.01644948	11.10874000
7.25634090	0.01409955	11.10874000
7.26134090	0.00900296	11.10874000
7.26634090	0.00900296	11.10874000
7.27134090	0.01409955	11.10874000
7.27634090	0.01644948	11.10874000
7.28134090	0.01599170	11.10874000
7.28634090	0.01586962	11.10874000
7.29134090	0.01586962	11.10874000
7.29634090	0.01586962	11.13315000
7.30134090	0.01586962	11.22471000
7.30634090	0.01599170	10.75472000
7.31134090	0.01644948	9.73540400
7.31634090	0.01422163	9.75981900
7.32134090	0.00958281	10.87069000
7.32634090	0.00723289	10.87069000
7.33134090	0.00723289	9.75981900
7.33634090	0.00958281	9.73540400
7.34134090	0.01422163	10.75472000
7.34634090	0.01657155	11.24912000
7.35134090	0.01657155	11.24912000
7.35634090	0.01422163	10.80355000
7.36134090	0.00958281	9.96734500
7.36634090	0.00735496	9.05179000
7.37134090	0.00781274	8.12402700
7.37634090	0.00793481	8.17285700
7.38134090	0.00793481	9.28373100
7.38634090	0.00793481	9.28373100
7.39134090	0.00793481	8.17285700
7.39634090	0.00793481	8.14844100
7.40134090	0.00793481	9.16776000
7.40634090	0.00793481	9.63774600
7.41134090	0.00793481	9.54619000
7.41634090	0.00793481	9.52177400
7.42134090	0.00793481	9.52177400
7.42634090	0.00781274	9.54619000
7.43134090	0.00735496	9.63774600
7.43634090	0.00958281	9.16776000
7.44134090	0.01422163	8.14844100
7.44634090	0.01644948	8.14844100
7.45134090	0.01599170	9.16776000
7.45634090	0.01599170	9.63774600
7.46134090	0.01644948	9.54619000
7.46634090	0.01422163	9.52177400
7.47134090	0.00958281	9.52177400
7.47634090	0.00735496	9.49735900
7.48134090	0.00781274	9.40580500
7.48634090	0.00793481	9.87579000
7.49134090	0.00793481	10.89511000
7.49634090	0.00793481	10.89511000
7.50134090	0.00793481	9.87579000
7.50634090	0.00793481	9.43021900
7.51134090	0.00793481	9.61333000
7.51634090	0.00793481	9.16776000
7.52134090	0.00793481	8.14844100
7.52634090	0.00793481	8.14844100
7.53134090	0.00793481	9.16776000
7.53634090	0.00793481	9.63774600
7.54134090	0.00793481	9.54619000
7.54634090	0.00793481	9.52177400
7.55134090	0.00793481	9.52177400
7.55634090	0.00793481	9.52177400
7.56134090	0.00793481	9.52177400
7.56634090	0.00793481	9.52177400
7.57134090	0.00793481	9.52177400
7.57634090	0.00793481	9.52177400
7.58134090	0.00793481	9.52177400
7.58634090	0.00793481	9.52177400
7.59134090	0.00793481	9.52177400
7.59634090	0.00793481	9.52177400
7.60134090	0.00793481	9.52177400
7.60634090	0.00793481	9.52177400
7.61134090	0.00793481	9.52177400
7.61634090	0.00793481	9.54619000
7.62134090	0.00793481	9.63774600
7.62634090	0.00793481	9.16776000
7.63134090	0.00793481	8.14844100
7.63634090	0.00793481	8.14844100
7.64134090	0.00793481	9.16776000
7.64634090	0.00793481	9.63774600
7.65134090	0.00793481	9.54619000
7.65634090	0.00793481	9.54619000
7.66134090	0.00793481	9.63774600
7.66634090	0.00793481	9.19217500
7.67134090	0.00793481	8.26441300
7.67634090	0.00793481	7.81884200
7.68134090	0.00793481	7.91039800
7.68634090	0.00793481	7.93481200
7.69134090	0.00793481	7.93481200
7.69634090	0.00793481	7.93481200
7.70134090	0.00793481	7.93481200
7.70634090	0.00793481	7.93481200
7.71134090	0.00793481	7.93481200
7.71634090	0.00793481	7.93481200
7.72134090	0.00793481	7.93481200
7.72634090	0.00793481	7.91039800
7.73134090	0.00793481	7.81884200
7.73634090	0.00793481	8.28882700
7.74134090	0.00793481	9.30814500
7.74634090	0.00793481	9.28373100
7.75134090	0.00793481	8.17285700
7.75634090	0.00793481	8.17285700
7.76134090	0.00793481	9.28373100
7.76634090	0.00793481	9.30814500
7.77134090	0.00793481	8.28882700
7.77634090	0.00793481	7.79442700
7.78134090	0.00793481	7.79442700
7.78634090	0.00793481	8.26441300
7.79134090	0.00793481	9.19217500
7.79634090	0.00781274	9.66216000
7.80134090	0.00735496	9.66216000
7.80634090	0.00970489	9.19217500
7.81134090	0.01480148	8.26441300
7.81634090	0.01480148	7.79442700
7.82134090	0.00970489	7.79442700
7.82634090	0.00735496	8.28882700
7.83134090	0.00781274	9.30814500
7.83634090	0.00793481	9.28373100
7.84134090	0.00793481	8.17285700
7.84634090	0.00793481	8.12402700
7.85134090	0.00793481	9.05179000
7.85634090	0.00793481	9.99175900
7.86134090	0.00793481	10.91952000
7.86634090	0.00793481	10.87069000
7.87134090	0.00793481	9.75981900
7.87634090	0.00793481	9.73540400
7.88134090	0.00793481	10.75472000
7.88634090	0.00793481	11.22471000
7.89134090	0.00793481	11.13315000
7.89634090	0.00793481	11.10874000
7.90134090	0.00793481	11.10874000
7.90634090	0.00793481	11.10874000
7.91134090	0.00793481	11.10874000
7.91634090	0.00793481	11.10874000
7.92134090	0.00793481	11.10874000
7.92634090	0.00793481	11.13315000
7.93134090	0.00793481	11.22471000
7.93634090	0.00793481	10.77914000
7.94134090	0.00793481	9.85137500
7.94634090	0.00793481	9.40580500
7.95134090	0.00793481	9.49735900
7.95634090	0.00793481	9.54619000
7.96134090	0.00793481	9.63774600
7.96634090	0.00793481	9.16776000
7.97134090	0.00793481	8.14844100
7.97634090	0.00793481	8.17285700
7.98134090	0.00793481	9.28373100
7.98634090	0.00793481	9.30814500
7.99134090	0.00793481	8.28882700
7.99634090	0.00793481	7.79442700
8.00134090	0.00793481	7.79442700
8.00634090	0.00793481	8.26441300
8.01134090	0.00793481	9.19217500
8.01634090	0.00793481	9.63774600
8.02134090	0.00793481	9.54619000
8.02634090	0.00793481	9.49735900
8.03134090	0.00793481	9.40580500
8.03634090	0.00793481	9.87579000
8.04134090	0.00793481	10.89511000
8.04634090	0.00793481	10.91952000
8.05134090	0.00793481	9.99175900
8.05634090	0.00793481	9.05179000
8.06134090	0.00793481	8.12402700
8.06634090	0.00793481	8.14844100
8.07134090	0.00793481	9.16776000
8.07634090	0.00793481	9.63774600
8.08134090	0.00793481	9.54619000
8.08634090	0.00793481	9.52177400
8.09134090	0.00793481	9.52177400
8.09634090	0.00793481	9.52177400
8.10134090	0.00793481	9.52177400
8.10634090	0.00793481	9.52177400
8.11134090	0.00793481	9.52177400
8.11634090	0.00793481	9.52177400
8.12134090	0.00793481	9.52177400
8.12634090	0.00793481	9.52177400
8.13134090	0.00793481	9.52177400
8.13634090	0.00793481	9.52177400
8.14134090	0.00793481	9.52177400
8.14634090	0.00793481	9.52177400
8.15134090	0.00793481	9.52177400
8.15634090	0.00793481	9.49735900
8.16134090	0.00793481	9.40580500
8.16634090	0.00793481	9.87579000
8.17134090	0.00793481	10.89511000
8.17634090	0.00793481	10.89511000
8.18134090	0.00793481	9.87579000
8.18634090	0.00793481	9.40580500
8.19134090	0.00793481	9.49735900
8.19634090	0.00793481	9.52177400
8.20134090	0.00793481	9.52177400
8.20634090	0.00793481	9.52177400
8.21134090	0.00793481	9.52177400
8.21634090	0.00793481	9.52177400
8.22134090	0.00793481	9.52177400
8.22634090	0.00793481	9.52177400
8.23134090	0.00793481	9.52177400
8.23634090	0.00793481	9.52177400
8.24134090	0.00793481	9.52177400
8.24634090	0.00793481	9.52177400
8.25134090	0.00793481	9.52177400
8.25634090	0.00793481	9.52177400
8.26134090	0.00793481	9.52177400
8.26634090	0.00793481	9.52177400
8.27134090	0.00793481	9.52177400
8.27634090	0.00793481	9.52177400
8.28134090	0.00793481	9.52177400
8.28634090	0.00793481	9.52177400
8.29134090	0.00793481	9.52177400
8.29634090	0.00793481	9.52177400
8.30134090	0.00793481	9.52177400
8.30634090	0.00793481	9.52177400
8.31134090	0.00793481	9.52177400
8.31634090	0.00793481	9.54619000
8.32134090	0.00793481	9.63774600
8.32634089	0.00793481	9.16776000
8.33134089	0.00793481	8.14844100
8.33634089	0.00793481	8.17285700
8.34134089	0.00793481	9.28373100
8.34634089	0.00793481	9.30814500
8.35134089	0.00793481	8.28882700
8.35634089	0.00793481	7.79442700
8.36134089	0.00793481	7.79442700
8.36634089	0.00793481	8.28882700
8.37134089	0.00793481	9.30814500
8.37634089	0.00793481	9.30814500
8.38134089	0.00793481	8.28882700
8.38634089	0.00793481	7.79442700
8.39134089	0.00793481	7.79442700
8.39634089	0.00793481	8.26441300
8.40134089	0.00793481	9.19217500
8.40634089	0.00793481	9.66216000
8.41134089	0.00793481	9.66216000
8.41634089	0.00793481	9.16776000
8.42134089	0.00793481	8.14844100
8.42634089	0.00793481	8.12402700
8.43134089	0.00793481	9.05179000
8.43634089	0.00793481	9.99175900
8.44134089	0.00793481	10.91952000
8.44634089	0.00793481	10.87069000
8.45134089	0.00793481	9.75981900
8.45634089	0.00793481	9.73540400
8.46134089	0.00793481	10.75472000
8.46634089	0.00793481	11.22471000
8.47134089	0.00793481	11.13315000
8.47634089	0.00793481	11.10874000
8.48134089	0.00793481	11.10874000
8.48634089	0.00793481	11.13315000
8.49134089	0.00793481	11.22471000
8.49634089	0.00793481	10.75472000
8.50134089	0.00793481	9.73540400
8.50634089	0.00793481	9.75981900
8.51134089	0.00793481	10.87069000
8.51634089	0.00793481	10.87069000
8.52134089	0.00793481	9.75981900
8.52634089	0.00793481	9.75981900
8.53134089	0.00793481	10.87069000
8.53634089	0.00793481	10.89511000
8.54134089	0.00793481	9.87579000
8.54634089	0.00793481	9.43021900
8.55134089	0.00793481	9.61333000
8.55634089	0.00793481	9.19217500
8.56134089	0.00793481	8.26441300
8.56634089	0.00793481	7.81884200
8.57134089	0.00793481	7.91039800
8.57634089	0.00793481	7.93481200
8.58134089	0.00793481	7.93481200
8.58634089	0.00793481	7.93481200
8.59134089	0.00793481	7.93481200
8.59634089	0.00793481	7.95922800
8.60134089	0.00793481	8.05078300
8.60634089	0.00793481	7.58079800
8.61134089	0.00793481	6.56148000
8.61634089	0.00793481	6.56148000
8.62134089	0.00793481	7.58079800
8.62634089	0.00793481	8.05078300
8.63134089	0.00793481	7.95922800
8.63634089	0.00793481	7.93481200
8.64134089	0.00793481	7.93481200
8.64634089	0.00793481	7.93481200
8.65134089	0.00793481	7.93481200
8.65634089	0.00793481	7.93481200
8.66134089	0.00793481	7.93481200
8.66634089	0.00793481	7.91039800
8.67134089	0.00793481	7.81884200
8.67634089	0.00793481	8.28882700
8.68134089	0.00793481	9.30814500
8.68634089	0.00793481	9.28373100
8.69134089	0.00793481	8.17285700
8.69634089	0.00793481	8.14844100
8.70134089	0.00793481	9.16776000
8.70634089	0.00793481	9.63774600
8.71134089	0.00793481	9.54619000
8.71634089	0.00793481	9.52177400
8.72134089	0.00793481	9.52177400
8.72634089	0.00793481	9.52177400
8.73134089	0.00793481	9.52177400
8.73634089	0.00793481	9.54619000
8.74134089	0.00793481	9.63774600
8.74634089	0.00793481	9.16776000
8.75134089	0.00793481	8.14844100
8.75634089	0.00793481	8.14844100
8.76134089	0.00793481	9.16776000
8.76634089	0.00793481	9.63774600
8.77134089	0.00793481	9.54619000
8.77634089	0.00793481	9.52177400
8.78134089	0.00793481	9.52177400
8.78634089	0.00793481	9.54619000
8.79134089	0.00793481	9.63774600
8.79634089	0.00793481	9.16776000
8.80134089	0.00793481	8.14844100
8.80634089	0.00793481	8.14844100
8.81134089	0.00793481	9.16776000
8.81634089	0.00793481	9.63774600
8.82134089	0.00793481	9.54619000
8.82634089	0.00793481	9.52177400
8.83134089	0.00793481	9.52177400
8.83634089	0.00793481	9.52177400
8.84134089	0.00793481	9.52177400
8.84634089	0.00793481	9.52177400
8.85134089	0.00793481	9.52177400
8.85634089	0.00793481	9.54619000
8.86134089	0.00793481	9.63774600
8.86634089	0.00793481	9.19217500
8.87134089	0.00793481	8.26441300
8.87634089	0.00793481	7.79442700
8.88134089	0.00793481	7.79442700
8.88634089	0.00793481	8.26441300
8.89134089	0.00793481	9.19217500
8.89634089	0.00793481	9.63774600
8.90134089	0.00793481	9.54619000
8.90634089	0.00793481	9.52177400
8.91134089	0.00793481	9.52177400
8.91634089	0.00793481	9.52177400
8.92134089	0.00793481	9.52177400
8.92634089	0.00793481	9.52177400
8.93134089	0.00793481	9.52177400
8.93634089	0.00793481	9.49735900
8.94134089	0.00793481	9.40580500
8.94634089	0.00793481	9.87579000
8.95134089	0.00793481	10.89511000
8.95634089	0.00793481	10.89511000
8.96134089	0.00793481	9.87579000
8.96634089	0.00793481	9.40580500
8.97134089	0.00793481	9.49735900
8.97634089	0.00793481	9.54619000
8.98134089	0.00793481	9.63774600
8.98634089	0.00793481	9.19217500
8.99134089	0.00793481	8.26441300
8.99634089	0.00793481	7.81884200
9.00134089	0.00793481	7.91039800
9.00634089	0.00793481	7.91039800
9.01134089	0.00793481	7.81884200
9.01634089	0.00793481	8.28882700
9.02134089	0.00793481	9.30814500
9.02634089	0.00793481	9.28373100
9.03134089	0.00793481	8.17285700
