Time	Channel A	Channel B
(us)	(V)	(mV)

-2.02101796	0.00793481	14.28266000
-2.00101796	0.00793481	14.28266000
-1.98101796	0.00793481	12.69570000
-1.96101796	0.00793481	12.69570000
-1.94101796	0.00793481	12.69570000
-1.92101796	0.00793481	12.69570000
-1.90101796	0.00793481	12.69570000
-1.88101796	0.00793481	12.69570000
-1.86101796	0.00793481	11.10874000
-1.84101796	0.00793481	12.69570000
-1.82101796	0.00793481	14.28266000
-1.80101796	0.00793481	14.28266000
-1.78101796	0.00793481	15.86962000
-1.76101796	0.00793481	14.28266000
-1.74101796	0.00793481	14.28266000
-1.72101796	0.00793481	14.28266000
-1.70101796	0.00793481	12.69570000
-1.68101796	0.00793481	12.69570000
-1.66101796	0.00793481	12.69570000
-1.64101797	0.00793481	12.69570000
-1.62101797	0.00793481	12.69570000
-1.60101797	0.00793481	14.28266000
-1.58101797	0.00793481	15.86962000
-1.56101797	0.00793481	15.86962000
-1.54101797	0.00793481	17.45659000
-1.52101797	0.00793481	15.86962000
-1.50101797	0.00793481	15.86962000
-1.48101797	0.00793481	15.86962000
-1.46101797	0.00793481	15.86962000
-1.44101797	0.00793481	15.86962000
-1.42101797	0.00793481	15.86962000
-1.40101797	0.00793481	15.86962000
-1.38101797	0.00793481	14.28266000
-1.36101797	0.00793481	14.28266000
-1.34101797	0.00793481	15.86962000
-1.32101797	0.00793481	14.28266000
-1.30101797	0.00793481	14.28266000
-1.28101797	0.00793481	12.69570000
-1.26101797	0.00793481	12.69570000
-1.24101797	0.00793481	12.69570000
-1.22101797	0.00793481	14.28266000
-1.20101797	0.00793481	14.28266000
-1.18101797	0.00793481	14.28266000
-1.16101797	0.00793481	14.28266000
-1.14101797	0.00793481	14.28266000
-1.12101797	0.00793481	12.69570000
-1.10101797	0.00793481	12.69570000
-1.08101797	0.00793481	14.28266000
-1.06101797	0.00793481	14.28266000
-1.04101797	0.00793481	14.28266000
-1.02101797	0.00793481	15.86962000
-1.00101797	0.00793481	15.86962000
-0.98101797	0.00793481	15.86962000
-0.96101797	0.00793481	15.86962000
-0.94101797	0.00793481	15.86962000
-0.92101797	0.00793481	15.86962000
-0.90101797	0.00793481	14.28266000
-0.88101797	0.00793481	14.28266000
-0.86101797	0.00793481	12.69570000
-0.84101797	0.00793481	14.28266000
-0.82101797	0.00793481	14.28266000
-0.80101797	0.00793481	12.69570000
-0.78101797	0.00793481	15.86962000
-0.76101797	0.00793481	15.86962000
-0.74101797	0.00793481	14.28266000
-0.72101797	0.00793481	15.86962000
-0.70101797	0.00793481	14.28266000
-0.68101797	0.00793481	14.28266000
-0.66101797	0.00793481	14.28266000
-0.64101797	0.00793481	14.28266000
-0.62101797	0.00793481	14.28266000
-0.60101797	0.00793481	14.28266000
-0.58101797	0.00793481	14.28266000
-0.56101797	0.00793481	14.28266000
-0.54101797	0.00793481	14.28266000
-0.52101797	0.00793481	12.69570000
-0.50101797	0.00793481	14.28266000
-0.48101797	0.00793481	14.28266000
-0.46101797	0.00793481	14.28266000
-0.44101797	0.00793481	15.86962000
-0.42101797	0.00793481	15.86962000
-0.40101797	0.00793481	14.28266000
-0.38101797	0.00793481	15.86962000
-0.36101797	0.00793481	15.86962000
-0.34101797	0.00793481	15.86962000
-0.32101797	0.00793481	14.28266000
-0.30101797	0.00793481	14.28266000
-0.28101797	0.00793481	14.28266000
-0.26101797	0.00793481	14.28266000
-0.24101797	0.00793481	12.69570000
-0.22101797	0.00793481	14.28266000
-0.20101797	0.00793481	14.28266000
-0.18101797	0.00793481	14.28266000
-0.16101797	0.00793481	14.28266000
-0.14101797	0.00793481	15.86962000
-0.12101797	0.00793481	17.45659000
-0.10101797	0.00793481	17.45659000
-0.08101797	0.00793481	15.86962000
-0.06101797	0.01586962	12.69570000
-0.04101797	0.03967406	6.34785000
-0.02101797	0.07141331	4.76088700
-0.00101798	0.09521775	3.17392500
0.01898202	0.12695700	4.76088700
0.03898202	0.15079200	4.76088700
0.05898202	0.16666160	7.93481200
0.07898202	0.19046600	9.52177400
0.09898202	0.21427050	12.69570000
0.11898202	0.23014010	12.69570000
0.13898202	0.23807490	12.69570000
0.15898202	0.25394450	11.10874000
0.17898202	0.26187930	9.52177400
0.19898202	0.26981410	7.93481200
0.21898202	0.27774890	9.52177400
0.23898202	0.27774890	9.52177400
0.25898202	0.28571430	9.52177400
0.27898202	0.28571430	9.52177400
0.29898202	0.28571430	11.10874000
0.31898202	0.28571430	12.69570000
0.33898202	0.28571430	9.52177400
0.35898202	0.28571430	7.93481200
0.37898202	0.28571430	6.34785000
0.39898202	0.28571430	6.34785000
0.41898202	0.28571430	6.34785000
0.43898202	0.28571430	6.34785000
0.45898202	0.28571430	7.93481200
0.47898202	0.28571430	7.93481200
0.49898202	0.27774890	7.93481200
0.51898202	0.28571430	7.93481200
0.53898202	0.27774890	7.93481200
0.55898202	0.27774890	7.93481200
0.57898202	0.27774890	7.93481200
0.59898202	0.27774890	7.93481200
0.61898202	0.27774890	7.93481200
0.63898202	0.26981410	11.10874000
0.65898202	0.26981410	12.69570000
0.67898202	0.26981410	12.69570000
0.69898202	0.26187930	14.28266000
0.71898202	0.25394450	14.28266000
0.73898202	0.25394450	12.69570000
0.75898202	0.24600970	11.10874000
0.77898202	0.24600970	12.69570000
0.79898202	0.24600970	11.10874000
0.81898202	0.23807490	11.10874000
0.83898202	0.23807490	9.52177400
0.85898202	0.23014010	11.10874000
0.87898202	0.23014010	12.69570000
0.89898202	0.23014010	11.10874000
0.91898202	0.22220530	14.28266000
0.93898202	0.22220530	14.28266000
0.95898202	0.22220530	14.28266000
0.97898202	0.22220530	14.28266000
0.99898202	0.21427050	12.69570000
1.01898202	0.21427050	12.69570000
1.03898202	0.21427050	14.28266000
1.05898202	0.20633560	14.28266000
1.07898202	0.20633560	14.28266000
1.09898202	0.20633560	14.28266000
1.11898202	0.20633560	12.69570000
1.13898202	0.20633560	12.69570000
1.15898202	0.19840080	12.69570000
1.17898202	0.19840080	12.69570000
1.19898202	0.19840080	12.69570000
1.21898202	0.19046600	12.69570000
1.23898202	0.19046600	11.10874000
1.25898202	0.19046600	12.69570000
1.27898202	0.19046600	12.69570000
1.29898202	0.19046600	14.28266000
1.31898202	0.18253120	14.28266000
1.33898202	0.18253120	15.86962000
1.35898202	0.18253120	14.28266000
1.37898202	0.18253120	14.28266000
1.39898202	0.17459640	14.28266000
1.41898202	0.17459640	14.28266000
1.43898202	0.17459640	14.28266000
1.45898202	0.17459640	14.28266000
1.47898202	0.16666160	14.28266000
1.49898202	0.16666160	14.28266000
1.51898202	0.16666160	14.28266000
1.53898202	0.16666160	14.28266000
1.55898202	0.16666160	14.28266000
1.57898202	0.15872680	14.28266000
1.59898202	0.15872680	14.28266000
1.61898202	0.15872680	14.28266000
1.63898201	0.15872680	14.28266000
1.65898201	0.15872680	14.28266000
1.67898201	0.15079200	15.86962000
1.69898201	0.15079200	15.86962000
1.71898201	0.15079200	15.86962000
1.73898201	0.15079200	14.28266000
1.75898201	0.15079200	14.28266000
1.77898201	0.14285710	14.28266000
1.79898201	0.14285710	14.28266000
1.81898201	0.14285710	15.86962000
1.83898201	0.14285710	15.86962000
1.85898201	0.14285710	15.86962000
1.87898201	0.14285710	15.86962000
1.89898201	0.13489180	15.86962000
1.91898201	0.13489180	15.86962000
1.93898201	0.13489180	15.86962000
1.95898201	0.13489180	15.86962000
1.97898201	0.13489180	14.28266000
1.99898201	0.13489180	15.86962000
2.01898201	0.12695700	14.28266000
2.03898201	0.12695700	14.28266000
2.05898201	0.12695700	15.86962000
2.07898201	0.12695700	17.45659000
2.09898201	0.12695700	17.45659000
2.11898201	0.12695700	17.45659000
2.13898201	0.11902220	17.45659000
2.15898201	0.11902220	17.45659000
2.17898201	0.11902220	14.28266000
2.19898201	0.11902220	14.28266000
2.21898201	0.11902220	14.28266000
2.23898201	0.11902220	15.86962000
2.25898201	0.11902220	17.45659000
2.27898201	0.11902220	17.45659000
2.29898201	0.11108740	15.86962000
2.31898201	0.11108740	15.86962000
2.33898201	0.11108740	15.86962000
2.35898201	0.11108740	14.28266000
2.37898201	0.11108740	15.86962000
2.39898201	0.11108740	15.86962000
2.41898201	0.11108740	15.86962000
2.43898201	0.10315260	14.28266000
2.45898201	0.10315260	14.28266000
2.47898201	0.10315260	14.28266000
2.49898201	0.10315260	15.86962000
2.51898201	0.10315260	15.86962000
2.53898201	0.10315260	15.86962000
2.55898201	0.10315260	15.86962000
2.57898201	0.10315260	14.28266000
2.59898201	0.09521775	15.86962000
2.61898201	0.09521775	14.28266000
2.63898201	0.09521775	15.86962000
2.65898201	0.09521775	17.45659000
2.67898201	0.09521775	17.45659000
2.69898201	0.09521775	19.04355000
2.71898201	0.09521775	19.04355000
2.73898201	0.09521775	19.04355000
2.75898201	0.09521775	17.45659000
2.77898201	0.09521775	15.86962000
2.79898201	0.09521775	14.28266000
2.81898201	0.08728294	15.86962000
2.83898201	0.08728294	15.86962000
2.85898201	0.08728294	14.28266000
2.87898201	0.08728294	15.86962000
2.89898201	0.08728294	15.86962000
2.91898201	0.08728294	15.86962000
2.93898201	0.08728294	15.86962000
2.95898201	0.08728294	17.45659000
2.97898201	0.08728294	15.86962000
2.99898201	0.07934812	14.28266000
3.01898201	0.07934812	15.86962000
3.03898201	0.07934812	15.86962000
3.05898201	0.07934812	15.86962000
3.07898201	0.07934812	14.28266000
3.09898201	0.07934812	12.69570000
3.11898201	0.07934812	14.28266000
3.13898201	0.07934812	14.28266000
3.15898201	0.07934812	14.28266000
3.17898201	0.07934812	14.28266000
3.19898201	0.07934812	15.86962000
3.21898201	0.07141331	15.86962000
3.23898201	0.07141331	14.28266000
3.25898201	0.07141331	15.86962000
3.27898201	0.07141331	15.86962000
3.29898200	0.07141331	15.86962000
3.31898200	0.07141331	17.45659000
3.33898200	0.07141331	19.04355000
3.35898200	0.07141331	17.45659000
3.37898200	0.07141331	17.45659000
3.39898200	0.07141331	15.86962000
3.41898200	0.07141331	15.86962000
3.43898200	0.07141331	19.04355000
3.45898200	0.07141331	19.04355000
3.47898200	0.06347850	17.45659000
3.49898200	0.06347850	15.86962000
3.51898200	0.06347850	15.86962000
3.53898200	0.06347850	15.86962000
3.55898200	0.06347850	15.86962000
3.57898200	0.06347850	15.86962000
3.59898200	0.06347850	15.86962000
3.61898200	0.06347850	14.28266000
3.63898200	0.06347850	14.28266000
3.65898200	0.06347850	14.28266000
3.67898200	0.06347850	12.69570000
3.69898200	0.06347850	14.28266000
3.71898200	0.06347850	15.86962000
3.73898200	0.05554369	15.86962000
3.75898200	0.05554369	15.86962000
3.77898200	0.05554369	17.45659000
3.79898200	0.05554369	15.86962000
3.81898200	0.05554369	15.86962000
3.83898200	0.05554369	15.86962000
3.85898200	0.05554369	15.86962000
3.87898200	0.05554369	17.45659000
3.89898200	0.05554369	15.86962000
3.91898200	0.05554369	15.86962000
3.93898200	0.05554369	15.86962000
3.95898200	0.05554369	14.28266000
3.97898200	0.05554369	15.86962000
3.99898200	0.05554369	15.86962000
4.01898200	0.05554369	15.86962000
4.03898200	0.05554369	15.86962000
4.05898200	0.05554369	17.45659000
4.07898200	0.05554369	17.45659000
4.09898200	0.04760887	17.45659000
4.11898200	0.05554369	17.45659000
4.13898200	0.05554369	17.45659000
4.15898200	0.04760887	17.45659000
4.17898200	0.04760887	17.45659000
4.19898200	0.04760887	17.45659000
4.21898200	0.04760887	15.86962000
4.23898200	0.04760887	15.86962000
4.25898200	0.04760887	17.45659000
4.27898200	0.04760887	15.86962000
4.29898200	0.04760887	15.86962000
4.31898200	0.04760887	15.86962000
4.33898200	0.04760887	15.86962000
4.35898200	0.04760887	19.04355000
4.37898200	0.04760887	19.04355000
4.39898200	0.04760887	17.45659000
4.41898200	0.04760887	19.04355000
4.43898200	0.04760887	17.45659000
4.45898200	0.04760887	17.45659000
4.47898200	0.04760887	17.45659000
4.49898200	0.04760887	17.45659000
4.51898200	0.04760887	19.04355000
4.53898200	0.04760887	19.04355000
4.55898200	0.03967406	17.45659000
4.57898200	0.04760887	17.45659000
4.59898200	0.03967406	17.45659000
4.61898200	0.03967406	15.86962000
4.63898200	0.03967406	15.86962000
4.65898200	0.03967406	17.45659000
4.67898200	0.03967406	17.45659000
4.69898200	0.03967406	15.86962000
4.71898200	0.03967406	17.45659000
4.73898200	0.03967406	15.86962000
4.75898200	0.03967406	15.86962000
4.77898200	0.03967406	15.86962000
4.79898200	0.03967406	15.86962000
4.81898200	0.03967406	17.45659000
4.83898200	0.03967406	14.28266000
4.85898200	0.03967406	15.86962000
4.87898200	0.03967406	14.28266000
4.89898200	0.03967406	15.86962000
4.91898200	0.03967406	14.28266000
4.93898199	0.03967406	15.86962000
4.95898199	0.03967406	15.86962000
4.97898199	0.03967406	15.86962000
4.99898199	0.03967406	15.86962000
5.01898199	0.03967406	14.28266000
5.03898199	0.03967406	15.86962000
5.05898199	0.03967406	17.45659000
5.07898199	0.03967406	15.86962000
5.09898199	0.03967406	15.86962000
5.11898199	0.03967406	15.86962000
5.13898199	0.03173925	15.86962000
5.15898199	0.03173925	15.86962000
5.17898199	0.03173925	17.45659000
5.19898199	0.03173925	17.45659000
5.21898199	0.03173925	17.45659000
5.23898199	0.03173925	17.45659000
5.25898199	0.03173925	17.45659000
5.27898199	0.03173925	17.45659000
5.29898199	0.03173925	15.86962000
5.31898199	0.03173925	17.45659000
5.33898199	0.03173925	17.45659000
5.35898199	0.03173925	17.45659000
5.37898199	0.03173925	17.45659000
5.39898199	0.03173925	17.45659000
5.41898199	0.03173925	17.45659000
5.43898199	0.03173925	17.45659000
5.45898199	0.03173925	17.45659000
5.47898199	0.03173925	17.45659000
5.49898199	0.03173925	15.86962000
5.51898199	0.03173925	15.86962000
5.53898199	0.03173925	17.45659000
5.55898199	0.03173925	17.45659000
5.57898199	0.03173925	17.45659000
5.59898199	0.03173925	17.45659000
5.61898199	0.03173925	15.86962000
5.63898199	0.03173925	15.86962000
5.65898199	0.03173925	15.86962000
5.67898199	0.03173925	15.86962000
5.69898199	0.03173925	15.86962000
5.71898199	0.03173925	15.86962000
5.73898199	0.03173925	17.45659000
5.75898199	0.03173925	15.86962000
5.77898199	0.03173925	17.45659000
5.79898199	0.03173925	17.45659000
5.81898199	0.03173925	17.45659000
5.83898199	0.03173925	15.86962000
5.85898199	0.03173925	17.45659000
5.87898199	0.03173925	15.86962000
5.89898199	0.03173925	14.28266000
5.91898199	0.03173925	15.86962000
5.93898199	0.03173925	15.86962000
5.95898199	0.03173925	15.86962000
5.97898199	0.03173925	17.45659000
5.99898199	0.02380444	15.86962000
6.01898199	0.03173925	17.45659000
6.03898199	0.02380444	15.86962000
6.05898199	0.02380444	14.28266000
6.07898199	0.03173925	14.28266000
6.09898199	0.02380444	15.86962000
6.11898199	0.02380444	17.45659000
6.13898199	0.02380444	20.63051000
6.15898199	0.02380444	26.97836000
6.17898199	0.02380444	36.50624000
6.19898199	0.02380444	50.78890000
6.21898199	0.02380444	69.83855000
6.23898199	0.02380444	90.47517000
6.25898199	0.02380444	111.10570000
6.27898199	0.02380444	126.98140000
6.29898199	0.02380444	136.50320000
6.31898199	0.02380444	141.26410000
6.33898199	0.02380444	141.26410000
6.35898199	0.02380444	138.09010000
6.37898199	0.02380444	133.32930000
6.39898199	0.02380444	126.98140000
6.41898199	0.02380444	120.63360000
6.43898199	0.02380444	111.10570000
6.45898199	0.02380444	103.17090000
6.47898199	0.02380444	95.23605000
6.49898199	0.02380444	85.71428000
6.51898199	0.02380444	77.77337000
6.53898199	0.02380444	74.59944000
6.55898199	0.02380444	71.42551000
6.57898198	0.02380444	65.07767000
6.59898198	0.02380444	61.90374000
6.61898198	0.02380444	55.54979000
6.63898198	0.02380444	52.37587000
6.65898198	0.02380444	50.78890000
6.67898198	0.02380444	46.02802000
6.69898198	0.02380444	44.44105000
6.71898198	0.02380444	41.26713000
6.73898198	0.02380444	39.68016000
6.75898198	0.02380444	38.09320000
6.77898198	0.02380444	36.50624000
6.79898198	0.02380444	34.91928000
6.81898198	0.02380444	36.50624000
6.83898198	0.02380444	36.50624000
6.85898198	0.02380444	33.33232000
6.87898198	0.02380444	33.33232000
6.89898198	0.02380444	31.74535000
6.91898198	0.02380444	31.74535000
6.93898198	0.02380444	31.74535000
6.95898198	0.02380444	31.74535000
6.97898198	0.02380444	31.74535000
6.99898198	0.02380444	30.15839000
7.01898198	0.02380444	30.15839000
7.03898198	0.02380444	28.57143000
7.05898198	0.02380444	28.57143000
7.07898198	0.02380444	28.57143000
7.09898198	0.02380444	28.57143000
7.11898198	0.02380444	26.97836000
7.13898198	0.02380444	28.57143000
7.15898198	0.02380444	28.57143000
7.17898198	0.02380444	28.57143000
7.19898198	0.02380444	28.57143000
7.21898198	0.02380444	30.15839000
7.23898198	0.02380444	30.15839000
7.25898198	0.02380444	28.57143000
7.27898198	0.02380444	26.97836000
7.29898198	0.02380444	26.97836000
7.31898198	0.02380444	25.39140000
7.33898198	0.02380444	25.39140000
7.35898198	0.02380444	23.80444000
7.37898198	0.02380444	23.80444000
7.39898198	0.02380444	23.80444000
7.41898198	0.02380444	23.80444000
7.43898198	0.02380444	23.80444000
7.45898198	0.02380444	23.80444000
7.47898198	0.02380444	23.80444000
7.49898198	0.02380444	23.80444000
7.51898198	0.01586962	22.21748000
7.53898198	0.01586962	23.80444000
7.55898198	0.02380444	23.80444000
7.57898198	0.01586962	23.80444000
7.59898198	0.02380444	23.80444000
7.61898198	0.01586962	23.80444000
7.63898198	0.01586962	23.80444000
7.65898198	0.01586962	23.80444000
7.67898198	0.01586962	22.21748000
7.69898198	0.01586962	22.21748000
7.71898198	0.01586962	22.21748000
7.73898198	0.01586962	20.63051000
7.75898198	0.01586962	22.21748000
7.77898198	0.01586962	22.21748000
7.79898198	0.01586962	20.63051000
7.81898198	0.01586962	22.21748000
7.83898198	0.01586962	22.21748000
7.85898198	0.01586962	22.21748000
7.87898198	0.01586962	20.63051000
7.89898198	0.01586962	22.21748000
7.91898198	0.01586962	20.63051000
7.93898198	0.02380444	20.63051000
7.95898198	0.01586962	20.63051000
7.97898198	0.01586962	20.63051000
7.99898198	0.01586962	20.63051000
8.01898198	0.01586962	20.63051000
8.03898198	0.01586962	19.04355000
8.05898198	0.01586962	19.04355000
8.07898198	0.01586962	20.63051000
8.09898198	0.01586962	22.21748000
8.11898198	0.01586962	20.63051000
8.13898198	0.01586962	22.21748000
8.15898198	0.01586962	20.63051000
8.17898198	0.01586962	20.63051000
8.19898198	0.01586962	19.04355000
8.21898198	0.01586962	20.63051000
8.23898197	0.01586962	20.63051000
8.25898197	0.01586962	20.63051000
8.27898197	0.01586962	19.04355000
8.29898197	0.01586962	19.04355000
8.31898197	0.01586962	17.45659000
8.33898197	0.01586962	19.04355000
8.35898197	0.01586962	17.45659000
8.37898197	0.01586962	19.04355000
8.39898197	0.01586962	19.04355000
8.41898197	0.01586962	19.04355000
8.43898197	0.01586962	20.63051000
8.45898197	0.01586962	20.63051000
8.47898197	0.01586962	19.04355000
8.49898197	0.01586962	17.45659000
8.51898197	0.01586962	19.04355000
8.53898197	0.01586962	19.04355000
8.55898197	0.01586962	17.45659000
8.57898197	0.01586962	19.04355000
8.59898197	0.01586962	19.04355000
8.61898197	0.01586962	19.04355000
8.63898197	0.01586962	20.63051000
8.65898197	0.01586962	20.63051000
8.67898197	0.01586962	20.63051000
8.69898197	0.01586962	19.04355000
8.71898197	0.01586962	20.63051000
8.73898197	0.01586962	20.63051000
8.75898197	0.01586962	20.63051000
8.77898197	0.01586962	20.63051000
8.79898197	0.01586962	19.04355000
8.81898197	0.01586962	20.63051000
8.83898197	0.01586962	20.63051000
8.85898197	0.01586962	20.63051000
8.87898197	0.01586962	20.63051000
8.89898197	0.01586962	19.04355000
8.91898197	0.01586962	20.63051000
8.93898197	0.01586962	20.63051000
8.95898197	0.01586962	20.63051000
8.97898197	0.01586962	20.63051000
8.99898197	0.01586962	20.63051000
9.01898197	0.01586962	19.04355000
9.03898197	0.01586962	20.63051000
9.05898197	0.01586962	20.63051000
9.07898197	0.01586962	19.04355000
9.09898197	0.01586962	19.04355000
9.11898197	0.01586962	19.04355000
9.13898197	0.01586962	17.45659000
9.15898197	0.01586962	19.04355000
9.17898197	0.01586962	19.04355000
9.19898197	0.01586962	19.04355000
9.21898197	0.01586962	20.63051000
9.23898197	0.01586962	20.63051000
9.25898197	0.01586962	20.63051000
9.27898197	0.01586962	19.04355000
9.29898197	0.01586962	19.04355000
9.31898197	0.01586962	17.45659000
9.33898197	0.01586962	17.45659000
9.35898197	0.01586962	17.45659000
9.37898197	0.01586962	17.45659000
9.39898197	0.01586962	17.45659000
9.41898197	0.01586962	19.04355000
9.43898197	0.01586962	20.63051000
9.45898197	0.01586962	19.04355000
9.47898197	0.01586962	17.45659000
9.49898197	0.01586962	19.04355000
9.51898197	0.01586962	19.04355000
9.53898197	0.01586962	17.45659000
9.55898197	0.01586962	17.45659000
9.57898197	0.01586962	19.04355000
9.59898197	0.01586962	20.63051000
9.61898197	0.01586962	22.21748000
9.63898197	0.01586962	20.63051000
9.65898197	0.01586962	20.63051000
9.67898197	0.01586962	19.04355000
9.69898197	0.01586962	19.04355000
9.71898197	0.01586962	19.04355000
9.73898197	0.01586962	17.45659000
9.75898197	0.01586962	17.45659000
9.77898197	0.01586962	17.45659000
9.79898197	0.01586962	17.45659000
9.81898197	0.01586962	19.04355000
9.83898197	0.01586962	20.63051000
9.85898197	0.01586962	20.63051000
9.87898196	0.01586962	20.63051000
9.89898196	0.01586962	20.63051000
9.91898196	0.01586962	19.04355000
9.93898196	0.01586962	17.45659000
9.95898196	0.01586962	19.04355000
9.97898196	0.01586962	17.45659000
9.99898196	0.01586962	17.45659000
10.01898196	0.01586962	19.04355000
10.03898196	0.01586962	20.63051000
10.05898196	0.01586962	19.04355000
10.07898196	0.01586962	19.04355000
10.09898196	0.01586962	20.63051000
10.11898196	0.01586962	19.04355000
10.13898196	0.01586962	19.04355000
10.15898196	0.01586962	19.04355000
10.17898196	0.01586962	17.45659000
10.19898196	0.01586962	19.04355000
10.21898196	0.01586962	17.45659000
10.23898196	0.01586962	17.45659000
10.25898196	0.01586962	17.45659000
10.27898196	0.01586962	17.45659000
10.29898196	0.01586962	17.45659000
10.31898196	0.01586962	19.04355000
10.33898196	0.01586962	17.45659000
10.35898196	0.01586962	19.04355000
10.37898196	0.01586962	19.04355000
10.39898196	0.01586962	20.63051000
10.41898196	0.01586962	20.63051000
10.43898196	0.01586962	20.63051000
10.45898196	0.01586962	19.04355000
10.47898196	0.01586962	19.04355000
10.49898196	0.01586962	19.04355000
10.51898196	0.01586962	19.04355000
10.53898196	0.01586962	19.04355000
10.55898196	0.01586962	19.04355000
10.57898196	0.01586962	17.45659000
10.59898196	0.01586962	17.45659000
10.61898196	0.01586962	19.04355000
10.63898196	0.01586962	20.63051000
10.65898196	0.01586962	19.04355000
10.67898196	0.01586962	20.63051000
10.69898196	0.01586962	19.04355000
10.71898196	0.01586962	19.04355000
10.73898196	0.01586962	19.04355000
10.75898196	0.01586962	17.45659000
10.77898196	0.01586962	17.45659000
10.79898196	0.01586962	15.86962000
10.81898196	0.01586962	17.45659000
10.83898196	0.01586962	15.86962000
10.85898196	0.01586962	17.45659000
10.87898196	0.01586962	19.04355000
10.89898196	0.01586962	19.04355000
10.91898196	0.01586962	20.63051000
10.93898196	0.01586962	20.63051000
10.95898196	0.01586962	20.63051000
10.97898196	0.01586962	19.04355000
10.99898196	0.01586962	19.04355000
11.01898196	0.01586962	17.45659000
11.03898196	0.01586962	15.86962000
11.05898196	0.01586962	17.45659000
11.07898196	0.01586962	17.45659000
11.09898196	0.01586962	15.86962000
11.11898196	0.01586962	17.45659000
11.13898196	0.01586962	15.86962000
11.15898196	0.01586962	15.86962000
11.17898196	0.01586962	15.86962000
11.19898196	0.01586962	17.45659000
11.21898196	0.01586962	15.86962000
11.23898196	0.01586962	17.45659000
11.25898196	0.01586962	17.45659000
11.27898196	0.01586962	17.45659000
11.29898196	0.01586962	17.45659000
11.31898196	0.01586962	17.45659000
11.33898196	0.01586962	17.45659000
11.35898196	0.01586962	17.45659000
11.37898196	0.01586962	17.45659000
11.39898196	0.01586962	15.86962000
11.41898196	0.01586962	15.86962000
11.43898196	0.01586962	17.45659000
11.45898196	0.01586962	17.45659000
11.47898196	0.01586962	19.04355000
11.49898196	0.01586962	17.45659000
11.51898195	0.01586962	19.04355000
11.53898195	0.01586962	17.45659000
11.55898195	0.01586962	17.45659000
11.57898195	0.01586962	15.86962000
11.59898195	0.01586962	15.86962000
11.61898195	0.01586962	17.45659000
11.63898195	0.01586962	17.45659000
11.65898195	0.01586962	17.45659000
11.67898195	0.01586962	17.45659000
11.69898195	0.01586962	17.45659000
11.71898195	0.01586962	19.04355000
11.73898195	0.01586962	17.45659000
11.75898195	0.01586962	17.45659000
11.77898195	0.01586962	19.04355000
11.79898195	0.01586962	17.45659000
11.81898195	0.01586962	17.45659000
11.83898195	0.01586962	19.04355000
11.85898195	0.01586962	17.45659000
11.87898195	0.01586962	17.45659000
11.89898195	0.01586962	19.04355000
11.91898195	0.01586962	19.04355000
11.93898195	0.01586962	15.86962000
11.95898195	0.01586962	17.45659000
11.97898195	0.01586962	15.86962000
11.99898195	0.01586962	15.86962000
12.01898195	0.01586962	17.45659000
12.03898195	0.01586962	17.45659000
12.05898195	0.01586962	17.45659000
12.07898195	0.01586962	19.04355000
12.09898195	0.01586962	17.45659000
12.11898195	0.01586962	17.45659000
12.13898195	0.01586962	17.45659000
12.15898195	0.01586962	19.04355000
12.17898195	0.01586962	15.86962000
12.19898195	0.01586962	15.86962000
12.21898195	0.01586962	15.86962000
12.23898195	0.01586962	14.28266000
12.25898195	0.01586962	17.45659000
12.27898195	0.01586962	17.45659000
12.29898195	0.01586962	17.45659000
12.31898195	0.01586962	17.45659000
12.33898195	0.01586962	17.45659000
12.35898195	0.01586962	17.45659000
12.37898195	0.01586962	15.86962000
12.39898195	0.01586962	15.86962000
12.41898195	0.01586962	15.86962000
12.43898195	0.01586962	15.86962000
12.45898195	0.01586962	15.86962000
12.47898195	0.01586962	14.28266000
12.49898195	0.01586962	15.86962000
12.51898195	0.01586962	15.86962000
12.53898195	0.01586962	15.86962000
12.55898195	0.01586962	17.45659000
12.57898195	0.01586962	15.86962000
12.59898195	0.01586962	14.28266000
12.61898195	0.01586962	17.45659000
12.63898195	0.01586962	15.86962000
12.65898195	0.01586962	15.86962000
12.67898195	0.01586962	15.86962000
12.69898195	0.01586962	17.45659000
12.71898195	0.01586962	17.45659000
12.73898195	0.01586962	17.45659000
12.75898195	0.01586962	15.86962000
12.77898195	0.01586962	17.45659000
12.79898195	0.01586962	15.86962000
12.81898195	0.01586962	17.45659000
12.83898195	0.01586962	15.86962000
12.85898195	0.01586962	15.86962000
12.87898195	0.01586962	15.86962000
12.89898195	0.01586962	17.45659000
12.91898195	0.01586962	17.45659000
12.93898195	0.01586962	17.45659000
12.95898195	0.01586962	17.45659000
12.97898195	0.01586962	17.45659000
12.99898195	0.01586962	17.45659000
13.01898195	0.01586962	15.86962000
13.03898195	0.01586962	15.86962000
13.05898195	0.01586962	15.86962000
13.07898195	0.01586962	14.28266000
13.09898195	0.01586962	15.86962000
13.11898195	0.01586962	15.86962000
13.13898195	0.01586962	15.86962000
13.15898194	0.01586962	15.86962000
13.17898194	0.01586962	15.86962000
13.19898194	0.01586962	15.86962000
13.21898194	0.01586962	17.45659000
13.23898194	0.01586962	15.86962000
13.25898194	0.01586962	14.28266000
13.27898194	0.01586962	12.69570000
13.29898194	0.01586962	14.28266000
13.31898194	0.01586962	14.28266000
13.33898194	0.01586962	15.86962000
13.35898194	0.01586962	15.86962000
13.37898194	0.01586962	14.28266000
13.39898194	0.01586962	14.28266000
13.41898194	0.01586962	14.28266000
13.43898194	0.01586962	14.28266000
13.45898194	0.01586962	15.86962000
13.47898194	0.01586962	17.45659000
13.49898194	0.01586962	17.45659000
13.51898194	0.01586962	17.45659000
13.53898194	0.01586962	17.45659000
13.55898194	0.01586962	15.86962000
13.57898194	0.01586962	15.86962000
13.59898194	0.01586962	15.86962000
13.61898194	0.01586962	14.28266000
13.63898194	0.01586962	15.86962000
13.65898194	0.01586962	14.28266000
13.67898194	0.01586962	14.28266000
13.69898194	0.01586962	14.28266000
13.71898194	0.01586962	14.28266000
13.73898194	0.01586962	17.45659000
13.75898194	0.01586962	17.45659000
13.77898194	0.01586962	17.45659000
13.79898194	0.01586962	15.86962000
13.81898194	0.01586962	15.86962000
13.83898194	0.01586962	17.45659000
13.85898194	0.01586962	15.86962000
13.87898194	0.01586962	17.45659000
13.89898194	0.01586962	17.45659000
13.91898194	0.01586962	17.45659000
13.93898194	0.01586962	17.45659000
13.95898194	0.01586962	17.45659000
13.97898194	0.01586962	15.86962000
13.99898194	0.01586962	15.86962000
14.01898194	0.01586962	15.86962000
14.03898194	0.01586962	14.28266000
14.05898194	0.01586962	14.28266000
14.07898194	0.01586962	14.28266000
14.09898194	0.01586962	14.28266000
14.11898194	0.01586962	15.86962000
14.13898194	0.01586962	17.45659000
14.15898194	0.01586962	15.86962000
14.17898194	0.01586962	17.45659000
14.19898194	0.01586962	17.45659000
14.21898194	0.01586962	15.86962000
14.23898194	0.01586962	15.86962000
14.25898194	0.01586962	15.86962000
14.27898194	0.01586962	15.86962000
14.29898194	0.01586962	17.45659000
14.31898194	0.01586962	15.86962000
14.33898194	0.00793481	15.86962000
14.35898194	0.01586962	17.45659000
14.37898194	0.01586962	17.45659000
14.39898194	0.01586962	17.45659000
14.41898194	0.01586962	19.04355000
14.43898194	0.01586962	19.04355000
14.45898194	0.01586962	19.04355000
14.47898194	0.01586962	15.86962000
14.49898194	0.01586962	17.45659000
14.51898194	0.01586962	17.45659000
14.53898194	0.01586962	17.45659000
14.55898194	0.01586962	17.45659000
14.57898194	0.01586962	19.04355000
14.59898194	0.01586962	17.45659000
14.61898194	0.01586962	17.45659000
14.63898194	0.01586962	17.45659000
14.65898194	0.01586962	15.86962000
14.67898194	0.01586962	15.86962000
14.69898194	0.01586962	17.45659000
14.71898194	0.01586962	15.86962000
14.73898194	0.01586962	14.28266000
14.75898194	0.01586962	15.86962000
14.77898194	0.01586962	15.86962000
14.79898194	0.01586962	15.86962000
14.81898193	0.01586962	15.86962000
14.83898193	0.01586962	17.45659000
14.85898193	0.01586962	14.28266000
14.87898193	0.01586962	14.28266000
14.89898193	0.00793481	15.86962000
14.91898193	0.01586962	15.86962000
14.93898193	0.01586962	17.45659000
14.95898193	0.00793481	17.45659000
14.97898193	0.01586962	15.86962000
14.99898193	0.01586962	15.86962000
15.01898193	0.01586962	15.86962000
15.03898193	0.01586962	14.28266000
15.05898193	0.01586962	14.28266000
15.07898193	0.01586962	15.86962000
15.09898193	0.01586962	15.86962000
15.11898193	0.01586962	17.45659000
15.13898193	0.01586962	15.86962000
15.15898193	0.01586962	15.86962000
15.17898193	0.01586962	15.86962000
15.19898193	0.01586962	15.86962000
15.21898193	0.01586962	15.86962000
15.23898193	0.01586962	17.45659000
15.25898193	0.01586962	15.86962000
15.27898193	0.01586962	15.86962000
15.29898193	0.01586962	14.28266000
15.31898193	0.01586962	15.86962000
15.33898193	0.01586962	15.86962000
15.35898193	0.01586962	15.86962000
15.37898193	0.01586962	17.45659000
15.39898193	0.01586962	17.45659000
15.41898193	0.01586962	17.45659000
15.43898193	0.01586962	15.86962000
15.45898193	0.01586962	15.86962000
15.47898193	0.01586962	15.86962000
15.49898193	0.01586962	14.28266000
15.51898193	0.01586962	14.28266000
15.53898193	0.01586962	15.86962000
15.55898193	0.01586962	15.86962000
15.57898193	0.01586962	15.86962000
15.59898193	0.01586962	15.86962000
15.61898193	0.01586962	15.86962000
15.63898193	0.01586962	14.28266000
15.65898193	0.01586962	14.28266000
15.67898193	0.01586962	14.28266000
15.69898193	0.01586962	15.86962000
15.71898193	0.01586962	14.28266000
15.73898193	0.01586962	14.28266000
15.75898193	0.01586962	14.28266000
15.77898193	0.01586962	15.86962000
15.79898193	0.00793481	14.28266000
15.81898193	0.01586962	15.86962000
15.83898193	0.01586962	15.86962000
15.85898193	0.01586962	14.28266000
15.87898193	0.01586962	15.86962000
15.89898193	0.01586962	15.86962000
15.91898193	0.01586962	14.28266000
15.93898193	0.01586962	14.28266000
15.95898193	0.01586962	15.86962000
15.97898193	0.01586962	14.28266000
15.99898193	0.01586962	14.28266000
16.01898193	0.01586962	14.28266000
16.03898193	0.01586962	14.28266000
16.05898193	0.01586962	11.10874000
16.07898193	0.01586962	12.69570000
16.09898193	0.01586962	12.69570000
16.11898193	0.01586962	14.28266000
16.13898193	0.01586962	14.28266000
16.15898193	0.01586962	12.69570000
16.17898193	0.01586962	14.28266000
16.19898193	0.01586962	14.28266000
16.21898193	0.01586962	12.69570000
16.23898193	0.01586962	14.28266000
16.25898193	0.01586962	14.28266000
16.27898193	0.01586962	15.86962000
16.29898193	0.01586962	15.86962000
16.31898193	0.01586962	14.28266000
16.33898193	0.01586962	12.69570000
16.35898193	0.01586962	14.28266000
16.37898193	0.01586962	15.86962000
16.39898193	0.01586962	15.86962000
16.41898193	0.01586962	14.28266000
16.43898193	0.01586962	14.28266000
16.45898192	0.01586962	14.28266000
16.47898192	0.01586962	14.28266000
16.49898192	0.01586962	12.69570000
16.51898192	0.01586962	12.69570000
16.53898192	0.01586962	14.28266000
16.55898192	0.00793481	14.28266000
16.57898192	0.01586962	15.86962000
16.59898192	0.01586962	15.86962000
16.61898192	0.01586962	15.86962000
16.63898192	0.00793481	17.45659000
16.65898192	0.01586962	15.86962000
16.67898192	0.01586962	15.86962000
16.69898192	0.01586962	14.28266000
16.71898192	0.01586962	14.28266000
16.73898192	0.01586962	12.69570000
16.75898192	0.01586962	12.69570000
16.77898192	0.01586962	14.28266000
16.79898192	0.01586962	12.69570000
16.81898192	0.01586962	14.28266000
16.83898192	0.01586962	15.86962000
16.85898192	0.01586962	14.28266000
16.87898192	0.01586962	14.28266000
16.89898192	0.01586962	15.86962000
16.91898192	0.01586962	15.86962000
16.93898192	0.01586962	15.86962000
16.95898192	0.00793481	15.86962000
16.97898192	0.01586962	15.86962000
16.99898192	0.01586962	15.86962000
17.01898192	0.01586962	14.28266000
17.03898192	0.01586962	15.86962000
17.05898192	0.01586962	14.28266000
17.07898192	0.01586962	14.28266000
17.09898192	0.01586962	12.69570000
17.11898192	0.01586962	12.69570000
17.13898192	0.01586962	12.69570000
17.15898192	0.01586962	12.69570000
17.17898192	0.01586962	15.86962000
17.19898192	0.01586962	15.86962000
17.21898192	0.01586962	14.28266000
17.23898192	0.01586962	14.28266000
17.25898192	0.01586962	14.28266000
17.27898192	0.01586962	14.28266000
17.29898192	0.01586962	14.28266000
17.31898192	0.00793481	15.86962000
17.33898192	0.01586962	14.28266000
17.35898192	0.01586962	15.86962000
17.37898192	0.01586962	14.28266000
17.39898192	0.01586962	15.86962000
17.41898192	0.01586962	17.45659000
17.43898192	0.01586962	15.86962000
17.45898192	0.01586962	15.86962000
17.47898192	0.01586962	15.86962000
17.49898192	0.01586962	15.86962000
17.51898192	0.01586962	15.86962000
17.53898192	0.01586962	14.28266000
17.55898192	0.01586962	12.69570000
17.57898192	0.01586962	14.28266000
17.59898192	0.01586962	15.86962000
17.61898192	0.01586962	14.28266000
17.63898192	0.01586962	15.86962000
17.65898192	0.01586962	15.86962000
17.67898192	0.01586962	15.86962000
17.69898192	0.01586962	15.86962000
17.71898192	0.01586962	15.86962000
17.73898192	0.01586962	15.86962000
17.75898192	0.01586962	15.86962000
17.77898192	0.01586962	14.28266000
17.79898192	0.01586962	14.28266000
17.81898192	0.01586962	15.86962000
17.83898192	0.01586962	15.86962000
17.85898192	0.01586962	14.28266000
17.87898192	0.01586962	14.28266000
17.89898192	0.01586962	14.28266000
17.91898192	0.01586962	15.86962000
17.93898192	0.01586962	14.28266000
17.95898192	0.01586962	14.28266000
17.97898192	0.01586962	14.28266000
17.99898192	0.01586962	14.28266000
18.01898192	0.01586962	14.28266000
18.03898192	0.01586962	15.86962000
