Time	Channel A	Channel B
(us)	(V)	(mV)

-1.00908998	-0.00793481	-1.47099200
-1.00408998	-0.00793481	-1.56254800
-0.99908998	-0.00793481	-1.61137700
-0.99408998	-0.00793481	-1.70293300
-0.98908998	-0.00793481	-1.23294800
-0.98408998	-0.00793481	-0.21362960
-0.97908998	-0.00793481	-0.23804440
-0.97408998	-0.00793481	-1.34891800
-0.96908998	-0.00793481	-1.37333300
-0.96408998	-0.00793481	-0.35401470
-0.95908998	-0.00793481	0.11597030
-0.95408998	-0.00793481	0.02441481
-0.94908998	-0.00793481	0.00000000
-0.94408998	-0.00793481	0.00000000
-0.93908998	-0.00793481	0.02441481
-0.93408998	-0.00793481	0.11597030
-0.92908998	-0.00793481	-0.32959990
-0.92408998	-0.00793481	-1.25736300
-0.91908998	-0.00793481	-1.70293300
-0.91408998	-0.00793481	-1.61137700
-0.90908998	-0.00793481	-1.58696200
-0.90408998	-0.00793481	-1.58696200
-0.89908998	-0.00793481	-1.58696200
-0.89408998	-0.00793481	-1.58696200
-0.88908998	-0.00793481	-1.58696200
-0.88408998	-0.00793481	-1.58696200
-0.87908998	-0.00793481	-1.58696200
-0.87408998	-0.00793481	-1.58696200
-0.86908998	-0.00805689	-1.61137700
-0.86408998	-0.00851466	-1.70293300
-0.85908998	-0.00616474	-1.25736300
-0.85408998	-0.00106815	-0.32959990
-0.84908998	-0.00119022	0.11597030
-0.84408998	-0.00674459	0.02441481
-0.83908998	-0.00674459	0.02441481
-0.83408998	-0.00119022	0.11597030
-0.82908998	-0.00106815	-0.32959990
-0.82408998	-0.00616474	-1.25736300
-0.81908998	-0.00863674	-1.70293300
-0.81408998	-0.00863674	-1.61137700
-0.80908998	-0.00616474	-1.61137700
-0.80408998	-0.00106815	-1.70293300
-0.79908998	-0.00119022	-1.20853300
-0.79408998	-0.00674459	-0.09765923
-0.78908998	-0.00674459	-0.54322950
-0.78408998	-0.00119022	-2.49031000
-0.77908998	-0.00106815	-3.40586500
-0.77408998	-0.00616474	-3.22275400
-0.76908998	-0.00851466	-3.19834000
-0.76408998	-0.00805689	-3.28989500
-0.75908998	-0.00793481	-2.84432500
-0.75408998	-0.00793481	-1.91656200
-0.74908998	-0.00793481	-1.47099200
-0.74408998	-0.00793481	-1.56254800
-0.73908998	-0.00793481	-1.56254800
-0.73408998	-0.00793481	-1.47099200
-0.72908998	-0.00805689	-1.94097700
-0.72408998	-0.00851466	-2.96029500
-0.71908998	-0.00628681	-2.96029500
-0.71408998	-0.00164800	-1.94097700
-0.70908998	0.00057985	-1.47099200
-0.70408998	0.00012207	-1.56254800
-0.69908998	0.00012207	-1.56254800
-0.69408998	0.00057985	-1.47099200
-0.68908998	-0.00177007	-1.91656200
-0.68408998	-0.00686667	-2.84432500
-0.67908998	-0.00686667	-3.28989500
-0.67408998	-0.00177007	-3.19834000
-0.66908998	0.00070193	-3.17392500
-0.66408998	0.00070193	-3.17392500
-0.65908998	-0.00164800	-3.19834000
-0.65408998	-0.00628681	-3.28989500
-0.64908998	-0.00851466	-2.81991000
-0.64408998	-0.00805689	-1.80059200
-0.63908998	-0.00805689	-1.80059200
-0.63408998	-0.00851466	-2.81991000
-0.62908998	-0.00616474	-3.31431000
-0.62408998	-0.00106815	-3.31431000
-0.61908998	-0.00106815	-2.86874000
-0.61408998	-0.00616474	-2.03253300
-0.60908998	-0.00851466	-1.11697700
-0.60408998	-0.00805689	-0.18921480
-0.59908998	-0.00793481	-0.23804440
-0.59408998	-0.00793481	-1.34891800
-0.58908998	-0.00793481	-1.37333300
-0.58408998	-0.00793481	-0.35401470
-0.57908998	-0.00793481	0.11597030
-0.57408998	-0.00793481	0.02441481
-0.56908998	-0.00793481	0.02441481
-0.56408998	-0.00793481	0.11597030
-0.55908998	-0.00805689	-0.32959990
-0.55408999	-0.00851466	-1.25736300
-0.54908999	-0.00616474	-1.70293300
-0.54408999	-0.00106815	-1.61137700
-0.53908999	-0.00119022	-1.58696200
-0.53408999	-0.00674459	-1.58696200
-0.52908999	-0.00674459	-1.58696200
-0.52408999	-0.00119022	-1.58696200
-0.51908999	-0.00119022	-1.56254800
-0.51408999	-0.00674459	-1.47099200
-0.50908999	-0.00674459	-1.91656200
-0.50408999	-0.00119022	-2.84432500
-0.49908999	-0.00106815	-3.31431000
-0.49408999	-0.00616474	-3.31431000
-0.48908999	-0.00863674	-2.81991000
-0.48408999	-0.00863674	-1.80059200
-0.47908999	-0.00616474	-1.82500700
-0.47408999	-0.00106815	-2.93588100
-0.46908999	-0.00119022	-2.93588100
-0.46408999	-0.00674459	-1.82500700
-0.45908999	-0.00674459	-1.82500700
-0.45408999	-0.00119022	-2.93588100
-0.44908999	-0.00106815	-2.93588100
-0.44408999	-0.00616474	-1.82500700
-0.43908999	-0.00863674	-1.77617700
-0.43408999	-0.00863674	-2.70394000
-0.42908999	-0.00616474	-3.64391000
-0.42408999	-0.00106815	-4.57167300
-0.41908999	-0.00106815	-4.54725700
-0.41408999	-0.00616474	-3.52794000
-0.40908999	-0.00851466	-3.08237000
-0.40408999	-0.00805689	-3.26548100
-0.39908999	-0.00793481	-2.81991000
-0.39408999	-0.00793481	-1.80059200
-0.38908999	-0.00793481	-1.80059200
-0.38408999	-0.00793481	-2.81991000
-0.37908999	-0.00793481	-3.28989500
-0.37408999	-0.00793481	-3.19834000
-0.36908999	-0.00793481	-3.17392500
-0.36408999	-0.00793481	-3.17392500
-0.35908999	-0.00793481	-3.17392500
-0.35408999	-0.00793481	-3.17392500
-0.34908999	-0.00793481	-3.19834000
-0.34408999	-0.00793481	-3.28989500
-0.33908999	-0.00793481	-2.84432500
-0.33408999	-0.00793481	-1.91656200
-0.32908999	-0.00793481	-1.47099200
-0.32408999	-0.00793481	-1.56254800
-0.31908999	-0.00793481	-1.56254800
-0.31408999	-0.00793481	-1.47099200
-0.30908999	-0.00793481	-1.96539200
-0.30408999	-0.00793481	-3.07626600
-0.29908999	-0.00793481	-2.58186600
-0.29408999	-0.00793481	-0.45167390
-0.28908999	-0.00805689	-0.45167390
-0.28408999	-0.00851466	-2.58186600
-0.27908999	-0.00616474	-3.05185100
-0.27408999	-0.00106815	-1.84942200
-0.26908999	-0.00106815	-1.80059200
-0.26408999	-0.00616474	-2.81991000
-0.25908999	-0.00851466	-3.28989500
-0.25408999	-0.00805689	-3.19834000
-0.24908999	-0.00793481	-3.17392500
-0.24408999	-0.00793481	-3.17392500
-0.23908999	-0.00793481	-3.19834000
-0.23408999	-0.00793481	-3.28989500
-0.22908999	-0.00793481	-2.86874000
-0.22408999	-0.00793481	-2.03253300
-0.21908999	-0.00793481	-1.11697700
-0.21408999	-0.00793481	-0.18921480
-0.20908999	-0.00793481	-0.21362960
-0.20408999	-0.00793481	-1.23294800
-0.19908999	-0.00793481	-1.70293300
-0.19408999	-0.00793481	-1.61137700
-0.18908999	-0.00793481	-1.58696200
-0.18408999	-0.00793481	-1.58696200
-0.17908999	-0.00793481	-1.58696200
-0.17408999	-0.00793481	-1.58696200
-0.16908999	-0.00793481	-1.58696200
-0.16408999	-0.00793481	-1.58696200
-0.15908999	-0.00793481	-1.56254800
-0.15408999	-0.00793481	-1.47099200
-0.14908999	-0.00793481	-1.91656200
-0.14408999	-0.00793481	-2.84432500
-0.13908999	-0.00793481	-3.28989500
-0.13408999	-0.00793481	-3.19834000
-0.12908999	-0.00793481	-3.17392500
-0.12408999	-0.00793481	-3.17392500
-0.11908999	-0.00805689	-3.17392500
-0.11408999	-0.00851466	-3.17392500
-0.10908999	-0.00628681	-3.17392500
-0.10408999	-0.00164800	-3.17392500
-0.09908999	0.00057985	-3.14951000
-0.09408999	0.00012207	-3.05795500
-0.08908999	-0.00012207	-3.45469500
-0.08408999	-0.00057985	-4.19934700
-0.07908999	0.00152593	-5.51774600
-0.07408999	0.00570696	-7.17795300
-0.06908999	0.00994903	-8.47804300
-0.06408999	0.01315348	-9.11893100
-0.05908999	0.01953185	-9.92461900
-0.05408999	0.02737510	-10.56551000
-0.04908999	0.03598132	-11.86560000
-0.04408999	0.04336680	-13.52580000
-0.03908999	0.05197302	-14.84420000
-0.03408999	0.05981628	-15.58885000
-0.02908999	0.06607258	-15.98559000
-0.02408999	0.06881924	-15.89404000
-0.01908999	0.07519761	-15.84521000
-0.01408999	0.08349864	-15.75365000
-0.00908999	0.08987701	-16.22364000
-0.00408999	0.09262367	-17.24296000
0.00091001	0.09900205	-17.26737000
0.00591001	0.10730310	-16.33961000
0.01091001	0.11380350	-15.42405000
0.01591001	0.11700800	-14.58785000
0.02091001	0.12103640	-14.19111000
0.02591001	0.12424090	-14.37422000
0.03091001	0.13074130	-13.92865000
0.03591001	0.13907290	-12.90933000
0.04091001	0.14557330	-12.93374000
0.04591001	0.14877770	-14.04462000
0.05091001	0.15280620	-14.09345000
0.05591001	0.15601060	-13.16568000
0.06091001	0.16251110	-12.25013000
0.06591001	0.17081210	-11.41392000
0.07091001	0.17731250	-10.99277000
0.07591001	0.18051700	-11.08432000
0.08091001	0.18463700	-11.10874000
0.08591001	0.18836020	-11.10874000
0.09091001	0.19257180	-11.10874000
0.09591001	0.19629510	-11.10874000
0.10091001	0.20050660	-11.08432000
0.10591001	0.20422990	-10.99277000
0.11091001	0.20844140	-11.41392000
0.11591001	0.21216470	-12.25013000
0.12091001	0.21637620	-13.11686000
0.12591001	0.22009950	-13.86151000
0.13091001	0.22443310	-14.75265000
0.13591001	0.22861420	-15.68041000
0.14091001	0.23059790	-15.63158000
0.14591001	0.22968230	-14.52071000
0.15091001	0.23166600	-14.49629000
0.15591001	0.23584700	-15.51561000
0.16091001	0.24030270	-15.98559000
0.16591001	0.24448380	-15.89404000
0.17091001	0.24646750	-15.89404000
0.17591001	0.24555190	-15.98559000
0.18091001	0.24765770	-15.54002000
0.18591001	0.25229650	-14.61226000
0.19091001	0.25440230	-14.16669000
0.19591001	0.25348680	-14.25825000
0.20091001	0.25559250	-14.28266000
0.20591001	0.26023130	-14.28266000
0.21091001	0.26245920	-14.28266000
0.21591001	0.26200140	-14.28266000
0.22091001	0.26175730	-14.28266000
0.22591001	0.26129950	-14.28266000
0.23091001	0.26352730	-14.25825000
0.23591001	0.26816620	-14.16669000
0.24091001	0.27039400	-14.63668000
0.24591001	0.26993620	-15.65600000
0.25091001	0.26981410	-15.65600000
0.25591001	0.26981410	-14.63668000
0.26091001	0.26981410	-14.16669000
0.26591001	0.26981410	-14.25825000
0.27091001	0.26981410	-14.30708000
0.27591001	0.26981410	-14.39863000
0.28091001	0.26969210	-13.92865000
0.28591001	0.26923430	-12.90933000
0.29091001	0.27146210	-12.90933000
0.29591001	0.27610100	-13.92865000
0.30091001	0.27845090	-14.39863000
0.30591001	0.27845090	-14.30708000
0.31091001	0.27597890	-14.28266000
0.31591001	0.27088230	-14.28266000
0.32091001	0.27088230	-14.28266000
0.32591001	0.27597890	-14.28266000
0.33091001	0.27832880	-14.25825000
0.33591001	0.27787100	-14.16669000
0.34091001	0.27787100	-14.61226000
0.34591001	0.27832880	-15.54002000
0.35091001	0.27610100	-16.01001000
0.35591001	0.27146210	-16.01001000
0.36091001	0.26923430	-15.51561000
0.36591001	0.26969210	-14.49629000
0.37091001	0.26981410	-14.52071000
0.37591001	0.26981410	-15.63158000
0.38091001	0.26981410	-15.63158000
0.38591001	0.26981410	-14.52071000
0.39091001	0.26981410	-14.49629000
0.39591001	0.26981410	-15.51561000
0.40091001	0.26981410	-16.03443000
0.40591001	0.26981410	-16.12598000
0.41091001	0.26981410	-15.21042000
0.41591001	0.26981410	-13.35490000
0.42091001	0.26981410	-12.41493000
0.42591001	0.26981410	-12.41493000
0.43091001	0.26981410	-13.37931000
0.43591001	0.26981410	-15.32640000
0.44091001	0.26981410	-15.79638000
0.44591001	0.26981410	-14.77706000
0.45091001	0.26981410	-13.83709000
0.45591001	0.26981410	-13.00089000
0.46091001	0.26981410	-12.57973000
0.46591001	0.26981410	-12.67128000
0.47091001	0.26981410	-12.72011000
0.47591001	0.26981410	-12.81167000
0.48091001	0.26981410	-12.34169000
0.48591001	0.26981410	-11.32237000
0.49091001	0.26981410	-11.29795000
0.49591001	0.26981410	-12.22571000
0.50091001	0.26981410	-13.16568000
0.50591001	0.26981410	-14.09345000
0.51091001	0.26981410	-14.06903000
0.51591001	0.26981410	-13.04971000
0.52091001	0.26981410	-12.57973000
0.52591001	0.26981410	-12.67128000
0.53091001	0.26981410	-12.69570000
0.53591001	0.26981410	-12.69570000
0.54091001	0.26993620	-12.69570000
0.54591001	0.27039400	-12.69570000
0.55091001	0.26816620	-12.72011000
0.55591001	0.26352730	-12.81167000
0.56091001	0.26129950	-12.36610000
0.56591001	0.26175730	-11.43834000
0.57091001	0.26187930	-10.99277000
0.57591001	0.26187930	-11.08432000
0.58091001	0.26200140	-11.13315000
0.58591001	0.26245920	-11.22471000
0.59091001	0.26023130	-10.77914000
0.59591001	0.25559250	-9.85137500
0.60091001	0.25336470	-9.40580500
0.60591001	0.25382240	-9.49735900
0.61091001	0.25406660	-9.54619000
0.61591001	0.25452440	-9.63774600
0.62091001	0.25229650	-9.19217500
0.62591001	0.24765770	-8.26441300
0.63091001	0.24542990	-7.84325600
0.63591001	0.24588760	-8.02636700
0.64091001	0.24613180	-7.58079800
0.64591001	0.24658960	-6.56148000
0.65091001	0.24436170	-6.56148000
0.65591001	0.23972290	-7.58079800
0.66091001	0.23749500	-8.05078300
0.66591001	0.23795280	-7.95922800
0.67091001	0.23807490	-7.93481200
0.67591001	0.23807490	-7.93481200
0.68091001	0.23819700	-7.93481200
0.68591001	0.23865470	-7.93481200
0.69091001	0.23642690	-7.93481200
0.69591001	0.23178810	-7.93481200
0.70091001	0.22956020	-7.93481200
0.70591001	0.23001800	-7.93481200
0.71091001	0.23014010	-7.93481200
0.71591001	0.23014010	-7.93481200
0.72091001	0.23026220	-7.93481200
0.72591001	0.23071990	-7.93481200
0.73091001	0.22849210	-7.93481200
0.73591001	0.22385330	-7.93481200
0.74091001	0.22162540	-7.93481200
0.74591001	0.22208320	-7.93481200
0.75091001	0.22220530	-7.91039800
0.75591001	0.22220530	-7.81884200
0.76091001	0.22220530	-8.28882700
0.76591001	0.22220530	-9.30814500
0.77091001	0.22232730	-9.30814500
0.77591001	0.22278510	-8.28882700
0.78091001	0.22055730	-7.81884200
0.78591001	0.21591850	-7.91039800
0.79091001	0.21369060	-7.93481200
0.79591001	0.21414840	-7.93481200
0.80091001	0.21427050	-7.93481200
0.80591001	0.21427050	-7.93481200
0.81091001	0.21427050	-7.95922800
0.81591001	0.21427050	-8.05078300
0.82091001	0.21427050	-7.60521200
0.82591001	0.21427050	-6.67745000
0.83091001	0.21427050	-6.23187900
0.83591001	0.21427050	-6.32343500
0.84091001	0.21427050	-6.37226500
0.84591001	0.21427050	-6.46382000
0.85091001	0.21439250	-5.99383500
0.85591001	0.21485030	-4.97451700
0.86091001	0.21262240	-4.97451700
0.86591001	0.20798360	-5.99383500
0.87091001	0.20575580	-6.46382000
0.87591001	0.20621360	-6.37226500
0.88091001	0.20633560	-6.37226500
0.88591001	0.20633560	-6.46382000
0.89091001	0.20633560	-6.01825000
0.89591001	0.20633560	-5.09048700
0.90091001	0.20633560	-4.64491700
0.90591001	0.20633560	-4.73647300
0.91091001	0.20633560	-4.73647300
0.91591001	0.20633560	-4.64491700
0.92091001	0.20633560	-5.09048700
0.92591001	0.20633560	-6.01825000
0.93091001	0.20645770	-6.46382000
0.93591001	0.20691550	-6.37226500
0.94091001	0.20468760	-6.37226500
0.94591001	0.20004880	-6.46382000
0.95091001	0.19782100	-6.01825000
0.95591001	0.19827880	-5.09048700
0.96091001	0.19840080	-4.62050200
0.96591001	0.19840080	-4.62050200
0.97091001	0.19840080	-5.09048700
0.97591001	0.19840080	-6.01825000
0.98091001	0.19852290	-6.46382000
0.98591001	0.19898070	-6.37226500
0.99091001	0.19675280	-6.37226500
0.99591001	0.19211400	-6.46382000
1.00091001	0.18988620	-6.01825000
1.00591001	0.19034390	-5.09048700
1.01091001	0.19046600	-4.66933200
1.01591001	0.19046600	-4.85244300
1.02091001	0.19046600	-4.40687300
1.02591001	0.19046600	-3.38755500
1.03091001	0.19046600	-3.41196900
1.03591001	0.19046600	-4.52284300
1.04091001	0.19046600	-4.52284300
1.04591001	0.19046600	-3.41196900
1.05091001	0.19046600	-3.41196900
1.05591001	0.19046600	-4.52284300
1.06091001	0.19058810	-4.54725700
1.06591001	0.19104590	-3.52794000
1.07091001	0.18881800	-3.05795500
1.07591001	0.18417920	-3.14951000
1.08091001	0.18195140	-3.17392500
1.08591001	0.18240910	-3.17392500
1.09091000	0.18253120	-3.14951000
1.09591000	0.18253120	-3.05795500
1.10091000	0.18253120	-3.52794000
1.10591000	0.18253120	-4.54725700
1.11091000	0.18253120	-4.54725700
1.11591000	0.18253120	-3.52794000
1.12091000	0.18253120	-3.03354000
1.12591000	0.18253120	-3.03354000
1.13091000	0.18265330	-3.52794000
1.13591000	0.18311110	-4.54725700
1.14091000	0.18076110	-4.54725700
1.14591000	0.17566450	-3.52794000
1.15091000	0.17578660	-3.05795500
1.15591000	0.18134100	-3.14951000
1.16091000	0.18146310	-3.17392500
1.16591000	0.17636650	-3.17392500
1.17091000	0.17401650	-3.14951000
1.17591000	0.17447430	-3.05795500
1.18091000	0.17459640	-3.50352500
1.18591000	0.17459640	-4.43128700
1.19091000	0.17459640	-4.87685800
1.19591000	0.17459640	-4.78530200
1.20091000	0.17459640	-4.76088700
1.20591000	0.17459640	-4.76088700
1.21091000	0.17459640	-4.78530200
1.21591000	0.17459640	-4.87685800
1.22091000	0.17471850	-4.43128700
1.22591000	0.17517620	-3.50352500
1.23091000	0.17294840	-3.05795500
1.23591000	0.16830960	-3.14951000
1.24091000	0.16608170	-3.19834000
1.24591000	0.16653950	-3.28989500
1.25091000	0.16666160	-2.81991000
1.25591000	0.16666160	-1.80059200
1.26091000	0.16666160	-1.80059200
1.26591000	0.16666160	-2.81991000
1.27091000	0.16666160	-3.28989500
1.27591000	0.16666160	-3.19834000
1.28091000	0.16666160	-3.14951000
1.28591000	0.16666160	-3.05795500
1.29091000	0.16666160	-3.52794000
1.29591000	0.16666160	-4.54725700
1.30091000	0.16666160	-4.54725700
1.30591000	0.16666160	-3.52794000
1.31091000	0.16666160	-3.03354000
1.31591000	0.16666160	-3.03354000
1.32091000	0.16678370	-3.50352500
1.32591000	0.16724140	-4.43128700
1.33091000	0.16501360	-4.90127200
1.33591000	0.16037480	-4.90127200
1.34091000	0.15814690	-4.40687300
1.34591000	0.15860470	-3.38755500
1.35091000	0.15872680	-3.41196900
1.35591000	0.15872680	-4.52284300
1.36091000	0.15872680	-4.54725700
1.36591000	0.15872680	-3.52794000
1.37091000	0.15872680	-3.08237000
1.37591000	0.15872680	-3.26548100
1.38091000	0.15872680	-2.84432500
1.38591000	0.15872680	-1.91656200
1.39091000	0.15872680	-1.47099200
1.39591000	0.15872680	-1.56254800
1.40091000	0.15884880	-1.58696200
1.40591000	0.15930660	-1.58696200
1.41091000	0.15707880	-1.58696200
1.41591000	0.15244000	-1.58696200
1.42091000	0.15021210	-1.58696200
1.42591000	0.15066990	-1.58696200
1.43091000	0.15079200	-1.58696200
1.43591000	0.15079200	-1.58696200
1.44091000	0.15079200	-1.58696200
1.44591000	0.15079200	-1.58696200
1.45091000	0.15079200	-1.58696200
1.45591000	0.15079200	-1.58696200
1.46091000	0.15079200	-1.58696200
1.46591000	0.15079200	-1.58696200
1.47091000	0.15079200	-1.58696200
1.47591000	0.15079200	-1.58696200
1.48091000	0.15079200	-1.58696200
1.48591000	0.15079200	-1.58696200
1.49091000	0.15091400	-1.56254800
1.49591000	0.15137180	-1.47099200
1.50091000	0.14914390	-1.94097700
1.50591000	0.14450510	-2.96029500
1.51091000	0.14227730	-2.96029500
1.51591000	0.14273510	-1.94097700
1.52091000	0.14285710	-1.44657700
1.52591000	0.14285710	-1.44657700
1.53091000	0.14285710	-1.94097700
1.53591000	0.14285710	-2.96029500
1.54091000	0.14285710	-2.93588100
1.54591000	0.14285710	-1.82500700
1.55091000	0.14285710	-1.77617700
1.55591000	0.14285710	-2.70394000
1.56091000	0.14285710	-3.61949500
1.56591000	0.14285710	-4.45570200
1.57091000	0.14285710	-4.87685800
1.57591000	0.14285710	-4.78530200
1.58091000	0.14285710	-4.76088700
1.58591000	0.14285710	-4.76088700
1.59091000	0.14285710	-4.76088700
1.59591000	0.14285710	-4.76088700
1.60091000	0.14285710	-4.76088700
1.60591000	0.14285710	-4.76088700
1.61091000	0.14297920	-4.78530200
1.61591000	0.14343700	-4.87685800
1.62091000	0.14120910	-4.40687300
1.62591000	0.13653980	-3.38755500
1.63091000	0.13431200	-3.41196900
1.63591000	0.13476970	-4.52284300
1.64091000	0.13489180	-4.54725700
1.64591000	0.13489180	-3.52794000
1.65091000	0.13489180	-3.05795500
1.65591000	0.13489180	-3.14951000
1.66091000	0.13489180	-3.17392500
1.66591000	0.13489180	-3.17392500
1.67091000	0.13489180	-3.19834000
1.67591000	0.13489180	-3.28989500
1.68091000	0.13489180	-2.84432500
1.68591000	0.13489180	-1.91656200
1.69091000	0.13489180	-1.47099200
1.69591000	0.13489180	-1.56254800
1.70091000	0.13489180	-1.58696200
1.70591000	0.13489180	-1.58696200
1.71091000	0.13489180	-1.58696200
1.71591000	0.13489180	-1.58696200
1.72091000	0.13489180	-1.58696200
1.72591000	0.13489180	-1.58696200
1.73091000	0.13501390	-1.58696200
1.73591000	0.13547170	-1.58696200
1.74091000	0.13324380	-1.58696200
1.74591000	0.12860500	-1.58696200
1.75091000	0.12637720	-1.58696200
1.75591000	0.12683490	-1.58696200
1.76091000	0.12695700	-1.61137700
1.76591000	0.12695700	-1.70293300
1.77091000	0.12695700	-1.25736300
1.77591000	0.12695700	-0.32959990
1.78091000	0.12695700	0.11597030
1.78591000	0.12695700	0.02441481
1.79091000	0.12695700	0.00000000
1.79591000	0.12695700	0.00000000
1.80091000	0.12707910	0.00000000
1.80591000	0.12753680	0.00000000
1.81091000	0.12530900	0.00000000
1.81591000	0.12067020	0.00000000
1.82091000	0.11844230	0.02441481
1.82591000	0.11890010	0.11597030
1.83091000	0.11902220	-0.35401470
1.83591000	0.11902220	-1.37333300
1.84091000	0.11902220	-1.37333300
1.84591000	0.11902220	-0.35401470
1.85091000	0.11902220	0.14038510
1.85591000	0.11902220	0.14038510
1.86091000	0.11902220	-0.32959990
1.86591000	0.11902220	-1.25736300
1.87091000	0.11902220	-1.70293300
1.87591000	0.11902220	-1.61137700
1.88091000	0.11902220	-1.58696200
1.88591000	0.11902220	-1.58696200
1.89091000	0.11902220	-1.61137700
1.89591000	0.11902220	-1.70293300
1.90091000	0.11902220	-1.23294800
1.90591000	0.11902220	-0.21362960
1.91091000	0.11902220	-0.21362960
1.91591000	0.11902220	-1.23294800
1.92091000	0.11902220	-1.70293300
1.92591000	0.11902220	-1.61137700
1.93091000	0.11914430	-1.58696200
1.93591000	0.11960200	-1.58696200
1.94091000	0.11725210	-1.61137700
1.94591000	0.11215550	-1.70293300
1.95091000	0.11227760	-1.23294800
1.95591000	0.11783200	-0.21362960
1.96091000	0.11795400	-0.18921480
1.96591000	0.11285740	-1.11697700
1.97091000	0.11050750	-2.05694700
1.97591000	0.11096530	-2.98471000
1.98091000	0.11108740	-2.96029500
1.98591000	0.11108740	-1.94097700
1.99091000	0.11108740	-1.44657700
1.99591000	0.11108740	-1.44657700
2.00091000	0.11108740	-1.94097700
2.00591000	0.11108740	-2.96029500
2.01091000	0.11108740	-2.96029500
2.01591000	0.11108740	-1.94097700
2.02091000	0.11108740	-1.47099200
2.02591000	0.11108740	-1.56254800
2.03091000	0.11108740	-1.58696200
2.03591000	0.11108740	-1.58696200
2.04091000	0.11108740	-1.58696200
2.04591000	0.11108740	-1.58696200
2.05091000	0.11108740	-1.61137700
2.05591000	0.11108740	-1.70293300
2.06091000	0.11108740	-1.28177700
2.06591000	0.11108740	-0.44557020
2.07091000	0.11120950	0.46998500
2.07591000	0.11166720	1.39774800
2.08091000	0.10943940	1.37333300
2.08591000	0.10480060	0.35401470
2.09091000	0.10257270	-0.09155553
2.09591000	0.10303050	0.09155553
2.10091000	0.10315260	-0.32959990
2.10591000	0.10315260	-1.25736300
2.11091000	0.10315260	-1.70293300
2.11591000	0.10315260	-1.61137700
2.12091000	0.10315260	-1.56254800
2.12591000	0.10315260	-1.47099200
2.13091000	0.10315260	-1.94097700
2.13591000	0.10315260	-2.96029500
2.14091000	0.10315260	-2.91146600
2.14591000	0.10315260	-1.70903700
2.15091000	0.10315260	-2.15460700
2.15591000	0.10315260	-4.19324400
2.16091000	0.10315260	-4.66322800
2.16591000	0.10315260	-3.55235400
2.17091000	0.10315260	-3.05795500
2.17591000	0.10315260	-3.14951000
2.18091000	0.10315260	-3.17392500
2.18591000	0.10315260	-3.17392500
2.19091000	0.10315260	-3.17392500
2.19591000	0.10315260	-3.17392500
2.20091000	0.10315260	-3.17392500
2.20591000	0.10315260	-3.17392500
2.21091000	0.10327460	-3.19834000
2.21591000	0.10373240	-3.28989500
2.22091000	0.10150460	-2.79549500
2.22591000	0.09686575	-1.68462200
2.23091000	0.09463790	-2.17902200
2.23591000	0.09509568	-4.30921400
2.24091000	0.09521775	-4.33362800
2.24591000	0.09521775	-2.29499200
2.25091000	0.09521775	-1.35502200
2.25591000	0.09521775	-1.53813300
2.26091000	0.09521775	-1.58696200
2.26591000	0.09521775	-1.58696200
2.27091000	0.09521775	-1.58696200
2.27591000	0.09521775	-1.58696200
2.28091000	0.09521775	-1.56254800
2.28591000	0.09521775	-1.47099200
2.29091000	0.09521775	-1.94097700
2.29591000	0.09521775	-2.96029500
2.30091000	0.09521775	-2.96029500
2.30591000	0.09521775	-1.94097700
2.31091000	0.09521775	-1.47099200
2.31591000	0.09521775	-1.56254800
2.32091000	0.09521775	-1.58696200
2.32591000	0.09521775	-1.58696200
2.33091000	0.09521775	-1.61137700
2.33591000	0.09521775	-1.70293300
2.34091000	0.09521775	-1.23294800
2.34591000	0.09521775	-0.21362960
2.35091000	0.09521775	-0.21362960
2.35591000	0.09521775	-1.23294800
2.36091000	0.09521775	-1.70293300
2.36591000	0.09521775	-1.61137700
2.37091000	0.09521775	-1.58696200
2.37591000	0.09521775	-1.58696200
2.38091000	0.09533982	-1.61137700
2.38591000	0.09579760	-1.70293300
2.39091000	0.09356975	-1.23294800
2.39591000	0.08893093	-0.21362960
2.40091000	0.08670308	-0.21362960
2.40591000	0.08716086	-1.23294800
2.41091000	0.08728294	-1.70293300
2.41591000	0.08728294	-1.61137700
2.42091000	0.08728294	-1.58696200
2.42591000	0.08728294	-1.58696200
2.43091000	0.08728294	-1.61137700
2.43591000	0.08728294	-1.70293300
2.44091000	0.08728294	-1.23294800
2.44591000	0.08728294	-0.21362960
2.45091000	0.08728294	-0.21362960
2.45591000	0.08728294	-1.23294800
2.46091000	0.08728294	-1.70293300
2.46591000	0.08728294	-1.61137700
2.47091000	0.08728294	-1.56254800
2.47591000	0.08728294	-1.47099200
2.48091000	0.08728294	-1.91656200
2.48591000	0.08728294	-2.84432500
2.49091000	0.08728294	-3.28989500
2.49591000	0.08728294	-3.19834000
2.50091000	0.08728294	-3.19834000
2.50591000	0.08728294	-3.28989500
2.51091000	0.08728294	-2.84432500
2.51591000	0.08728294	-1.91656200
2.52091000	0.08728294	-1.49540700
2.52591000	0.08728294	-1.67851800
2.53091000	0.08728294	-1.23294800
2.53591000	0.08728294	-0.21362960
2.54091000	0.08740501	-0.21362960
2.54591000	0.08786279	-1.23294800
2.55091000	0.08563494	-1.72734800
2.55591000	0.08099613	-1.72734800
2.56091000	0.07876828	-1.25736300
2.56591000	0.07922605	-0.32959990
2.57091000	0.07934812	0.11597030
2.57591000	0.07934812	0.02441481
2.58091000	0.07934812	0.02441481
2.58591000	0.07934812	0.11597030
2.59091000	0.07934812	-0.32959990
2.59591000	0.07934812	-1.25736300
2.60091000	0.07934812	-1.70293300
2.60591000	0.07934812	-1.61137700
2.61091000	0.07934812	-1.58696200
2.61591000	0.07934812	-1.58696200
2.62091000	0.07934812	-1.58696200
2.62591000	0.07934812	-1.58696200
2.63091000	0.07934812	-1.58696200
2.63591000	0.07934812	-1.58696200
2.64091000	0.07934812	-1.58696200
2.64591000	0.07934812	-1.58696200
2.65091000	0.07934812	-1.61137700
2.65591000	0.07934812	-1.70293300
2.66091000	0.07934812	-1.23294800
2.66591000	0.07934812	-0.21362960
2.67091000	0.07934812	-0.23804440
2.67591000	0.07934812	-1.34891800
2.68091000	0.07934812	-1.34891800
2.68591000	0.07934812	-0.23804440
2.69091000	0.07934812	-0.21362960
2.69591000	0.07934812	-1.23294800
2.70091000	0.07934812	-1.72734800
2.70591000	0.07934812	-1.72734800
2.71091000	0.07934812	-1.23294800
2.71591000	0.07934812	-0.21362960
2.72091000	0.07947020	-0.21362960
2.72591000	0.07992797	-1.23294800
2.73091000	0.07770012	-1.70293300
2.73590999	0.07306131	-1.61137700
2.74090999	0.07083346	-1.56254800
2.74590999	0.07129124	-1.47099200
2.75090999	0.07141331	-1.91656200
2.75590999	0.07141331	-2.84432500
2.76090999	0.07141331	-3.28989500
2.76590999	0.07141331	-3.19834000
2.77090999	0.07141331	-3.17392500
2.77590999	0.07141331	-3.17392500
2.78090999	0.07141331	-3.19834000
2.78590999	0.07141331	-3.28989500
2.79090999	0.07141331	-2.81991000
2.79590999	0.07141331	-1.80059200
2.80090999	0.07141331	-1.82500700
2.80590999	0.07141331	-2.93588100
2.81090999	0.07141331	-2.93588100
2.81590999	0.07141331	-1.82500700
2.82090999	0.07141331	-1.82500700
2.82590999	0.07141331	-2.93588100
2.83090999	0.07141331	-2.96029500
2.83590999	0.07141331	-1.94097700
2.84090999	0.07141331	-1.49540700
2.84590999	0.07141331	-1.67851800
2.85090999	0.07141331	-1.25736300
2.85590999	0.07141331	-0.32959990
2.86090999	0.07141331	0.14038510
2.86590999	0.07141331	0.14038510
2.87090999	0.07141331	-0.35401470
2.87590999	0.07141331	-1.37333300
2.88090999	0.07141331	-1.37333300
2.88590999	0.07141331	-0.35401470
2.89090999	0.07141331	0.14038510
2.89590999	0.07141331	0.14038510
2.90090999	0.07153539	-0.32959990
2.90590999	0.07199316	-1.25736300
2.91090999	0.06976531	-1.67851800
2.91590999	0.06512650	-1.49540700
2.92090999	0.06289865	-1.91656200
2.92590999	0.06335643	-2.84432500
2.93090999	0.06347850	-3.28989500
2.93590999	0.06347850	-3.19834000
2.94090999	0.06347850	-3.17392500
2.94590999	0.06347850	-3.17392500
2.95090999	0.06347850	-3.17392500
2.95590999	0.06347850	-3.17392500
2.96090999	0.06347850	-3.14951000
2.96590999	0.06347850	-3.05795500
2.97090999	0.06347850	-3.52794000
2.97590999	0.06347850	-4.54725700
2.98090999	0.06347850	-4.54725700
2.98590999	0.06347850	-3.52794000
2.99090999	0.06347850	-3.08237000
2.99590999	0.06347850	-3.26548100
3.00090999	0.06347850	-2.81991000
3.00590999	0.06347850	-1.80059200
3.01090999	0.06347850	-1.82500700
3.01590999	0.06347850	-2.93588100
3.02090999	0.06347850	-2.93588100
3.02590999	0.06347850	-1.82500700
3.03090999	0.06347850	-1.80059200
3.03590999	0.06347850	-2.81991000
3.04090999	0.06347850	-3.31431000
3.04590999	0.06347850	-3.31431000
3.05090999	0.06347850	-2.81991000
3.05590999	0.06347850	-1.80059200
3.06090999	0.06347850	-1.80059200
3.06590999	0.06347850	-2.81991000
3.07090999	0.06347850	-3.28989500
3.07590999	0.06347850	-3.19834000
3.08090999	0.06347850	-3.19834000
3.08590999	0.06347850	-3.28989500
3.09090999	0.06347850	-2.84432500
3.09590999	0.06347850	-1.91656200
3.10090999	0.06347850	-1.47099200
3.10590999	0.06347850	-1.56254800
3.11090999	0.06347850	-1.56254800
3.11590999	0.06347850	-1.47099200
3.12090999	0.06347850	-1.96539200
3.12590999	0.06347850	-3.07626600
3.13090999	0.06347850	-2.60628100
3.13590999	0.06347850	-0.56764430
3.14090999	0.06360057	-0.09765923
3.14590999	0.06405835	-1.20853300
3.15090999	0.06183050	-1.70293300
3.15590999	0.05719168	-1.61137700
3.16090999	0.05496383	-1.58696200
3.16590999	0.05542161	-1.58696200
3.17090999	0.05554369	-1.58696200
3.17590999	0.05554369	-1.58696200
3.18090999	0.05554369	-1.58696200
3.18590999	0.05554369	-1.58696200
3.19090999	0.05554369	-1.58696200
3.19590999	0.05554369	-1.58696200
3.20090999	0.05554369	-1.58696200
3.20590999	0.05554369	-1.58696200
3.21090999	0.05554369	-1.58696200
3.21590999	0.05554369	-1.58696200
3.22090999	0.05554369	-1.58696200
3.22590999	0.05554369	-1.58696200
3.23090999	0.05554369	-1.58696200
3.23590999	0.05554369	-1.58696200
3.24090999	0.05554369	-1.58696200
3.24590999	0.05554369	-1.58696200
3.25090999	0.05554369	-1.61137700
3.25590999	0.05554369	-1.70293300
3.26090999	0.05554369	-1.23294800
3.26590999	0.05554369	-0.21362960
3.27090999	0.05554369	-0.23804440
3.27590999	0.05554369	-1.34891800
3.28090999	0.05554369	-1.37333300
3.28590999	0.05554369	-0.35401470
3.29090999	0.05554369	0.11597030
3.29590999	0.05554369	0.02441481
3.30090999	0.05554369	0.00000000
3.30590999	0.05554369	0.00000000
3.31090999	0.05554369	0.02441481
3.31590999	0.05554369	0.11597030
3.32090999	0.05554369	-0.35401470
3.32590999	0.05554369	-1.37333300
3.33090999	0.05554369	-1.34891800
3.33590999	0.05554369	-0.23804440
3.34090999	0.05554369	-0.21362960
3.34590999	0.05554369	-1.23294800
3.35090999	0.05554369	-1.70293300
3.35590999	0.05554369	-1.61137700
3.36090999	0.05554369	-1.58696200
3.36590999	0.05554369	-1.58696200
3.37090999	0.05554369	-1.61137700
3.37590999	0.05554369	-1.70293300
3.38090999	0.05566576	-1.23294800
3.38590999	0.05612354	-0.21362960
3.39090999	0.05389569	-0.21362960
3.39590999	0.04925688	-1.23294800
3.40090999	0.04702902	-1.72734800
3.40590999	0.04748680	-1.72734800
3.41090999	0.04760887	-1.25736300
3.41590999	0.04760887	-0.32959990
3.42090999	0.04748680	0.11597030
3.42590999	0.04702902	0.02441481
3.43090999	0.04937895	0.00000000
3.43590999	0.05447554	0.00000000
3.44090999	0.05447554	0.02441481
3.44590999	0.04937895	0.11597030
3.45090999	0.04702902	-0.35401470
3.45590999	0.04748680	-1.37333300
3.46090999	0.04760887	-1.34891800
3.46590999	0.04760887	-0.23804440
3.47090999	0.04760887	-0.21362960
3.47590999	0.04760887	-1.23294800
3.48090999	0.04760887	-1.72734800
3.48590999	0.04760887	-1.72734800
3.49090999	0.04760887	-1.23294800
3.49590999	0.04760887	-0.21362960
3.50090999	0.04760887	-0.21362960
3.50590999	0.04760887	-1.23294800
3.51090999	0.04760887	-1.70293300
3.51590999	0.04760887	-1.61137700
3.52090999	0.04760887	-1.56254800
3.52590999	0.04760887	-1.47099200
3.53090999	0.04760887	-1.94097700
3.53590999	0.04760887	-2.96029500
3.54090999	0.04760887	-2.93588100
3.54590999	0.04760887	-1.82500700
3.55090999	0.04760887	-1.80059200
3.55590999	0.04760887	-2.81991000
3.56090999	0.04760887	-3.28989500
3.56590999	0.04760887	-3.19834000
3.57090999	0.04760887	-3.17392500
3.57590999	0.04760887	-3.17392500
3.58090999	0.04760887	-3.17392500
3.58590999	0.04760887	-3.17392500
3.59090999	0.04760887	-3.17392500
3.59590999	0.04760887	-3.17392500
3.60090999	0.04760887	-3.17392500
3.60590999	0.04760887	-3.17392500
3.61090999	0.04760887	-3.17392500
3.61590999	0.04760887	-3.17392500
3.62090999	0.04760887	-3.17392500
3.62590999	0.04760887	-3.17392500
3.63090999	0.04760887	-3.17392500
3.63590999	0.04760887	-3.17392500
3.64090999	0.04760887	-3.19834000
3.64590999	0.04760887	-3.28989500
3.65090999	0.04773095	-2.84432500
3.65590999	0.04818873	-1.91656200
3.66090999	0.04596087	-1.44657700
3.66590999	0.04132206	-1.44657700
3.67090999	0.03897214	-1.94097700
3.67590999	0.03897214	-2.96029500
3.68090999	0.04144414	-2.96029500
3.68590999	0.04654073	-1.94097700
3.69090999	0.04641865	-1.47099200
3.69590999	0.04086429	-1.56254800
3.70090999	0.04086429	-1.58696200
3.70590999	0.04641865	-1.58696200
3.71090999	0.04654073	-1.58696200
3.71590999	0.04144414	-1.58696200
3.72090999	0.03909421	-1.58696200
3.72590999	0.03955199	-1.58696200
3.73090999	0.03967406	-1.61137700
3.73590999	0.03967406	-1.70293300
3.74090999	0.03967406	-1.20853300
3.74590999	0.03967406	-0.09765923
3.75090999	0.03967406	-0.56764430
3.75590999	0.03967406	-2.60628100
3.76090999	0.03967406	-3.07626600
3.76590999	0.03967406	-1.96539200
3.77090999	0.03967406	-1.47099200
3.77590999	0.03967406	-1.56254800
3.78090999	0.03967406	-1.58696200
3.78590999	0.03967406	-1.58696200
3.79090999	0.03967406	-1.58696200
3.79590999	0.03967406	-1.58696200
3.80090999	0.03967406	-1.56254800
3.80590999	0.03967406	-1.47099200
3.81090999	0.03967406	-1.94097700
3.81590999	0.03967406	-2.96029500
3.82090999	0.03967406	-2.96029500
3.82590999	0.03967406	-1.94097700
3.83090999	0.03967406	-1.44657700
3.83590999	0.03967406	-1.44657700
3.84090999	0.03967406	-1.91656200
3.84590999	0.03967406	-2.84432500
3.85090999	0.03967406	-3.31431000
3.85590999	0.03967406	-3.31431000
3.86090999	0.03967406	-2.84432500
3.86590999	0.03967406	-1.91656200
3.87090999	0.03967406	-1.49540700
3.87590999	0.03967406	-1.67851800
3.88090999	0.03967406	-1.25736300
3.88590999	0.03967406	-0.32959990
3.89090999	0.03967406	0.11597030
3.89590999	0.03967406	0.02441481
3.90090999	0.03967406	0.02441481
3.90590999	0.03967406	0.11597030
3.91090999	0.03967406	-0.35401470
3.91590999	0.03967406	-1.37333300
3.92090999	0.03967406	-1.37333300
3.92590999	0.03967406	-0.35401470
3.93090999	0.03967406	0.11597030
3.93590999	0.03967406	0.02441481
3.94090999	0.03967406	-0.02441481
3.94590999	0.03967406	-0.11597030
3.95090999	0.03967406	0.35401470
3.95590999	0.03967406	1.37333300
3.96090999	0.03967406	1.39774800
3.96590999	0.03967406	0.46998500
3.97090999	0.03967406	-0.46998500
3.97590999	0.03967406	-1.39774800
3.98090999	0.03967406	-1.37333300
3.98590999	0.03967406	-0.35401470
3.99090999	0.03967406	0.11597030
3.99590999	0.03967406	0.02441481
4.00090999	0.03967406	0.00000000
4.00590999	0.03967406	0.00000000
4.01090999	0.03967406	0.00000000
4.01590999	0.03967406	0.00000000
4.02090999	0.03979614	0.00000000
4.02590999	0.04025391	0.00000000
4.03090999	0.03802606	0.02441481
4.03590999	0.03338725	0.11597030
4.04090999	0.03115940	-0.32959990
4.04590999	0.03161718	-1.25736300
4.05090999	0.03173925	-1.72734800
4.05590999	0.03173925	-1.72734800
4.06090999	0.03173925	-1.23294800
4.06590999	0.03173925	-0.21362960
4.07090999	0.03173925	-0.21362960
4.07590999	0.03173925	-1.23294800
4.08090999	0.03173925	-1.70293300
4.08590999	0.03173925	-1.61137700
4.09090999	0.03173925	-1.58696200
4.09590999	0.03173925	-1.58696200
4.10090999	0.03173925	-1.58696200
4.10590999	0.03173925	-1.58696200
4.11090999	0.03173925	-1.58696200
4.11590999	0.03173925	-1.58696200
4.12090999	0.03173925	-1.58696200
4.12590999	0.03173925	-1.58696200
4.13090999	0.03173925	-1.61137700
4.13590999	0.03173925	-1.70293300
4.14090999	0.03173925	-1.23294800
4.14590999	0.03173925	-0.21362960
4.15090999	0.03173925	-0.21362960
4.15590999	0.03173925	-1.23294800
4.16090999	0.03173925	-1.70293300
4.16590999	0.03173925	-1.61137700
4.17090999	0.03173925	-1.61137700
4.17590999	0.03173925	-1.70293300
4.18090999	0.03173925	-1.23294800
4.18590999	0.03173925	-0.21362960
4.19090999	0.03173925	-0.21362960
4.19590999	0.03173925	-1.23294800
4.20090999	0.03173925	-1.70293300
4.20590999	0.03173925	-1.61137700
4.21090999	0.03173925	-1.61137700
4.21590999	0.03173925	-1.70293300
4.22090999	0.03173925	-1.23294800
4.22590999	0.03173925	-0.21362960
4.23090999	0.03173925	-0.23804440
4.23590999	0.03173925	-1.34891800
4.24090999	0.03173925	-1.34891800
4.24590999	0.03173925	-0.23804440
4.25090999	0.03173925	-0.23804440
4.25590999	0.03173925	-1.34891800
4.26090999	0.03173925	-1.37333300
4.26590999	0.03173925	-0.35401470
4.27090999	0.03173925	0.11597030
4.27590999	0.03173925	0.02441481
4.28090999	0.03173925	0.00000000
4.28590999	0.03173925	0.00000000
4.29090999	0.03173925	0.00000000
4.29590999	0.03173925	0.00000000
4.30090999	0.03173925	0.00000000
4.30590999	0.03173925	0.00000000
4.31090999	0.03173925	0.00000000
4.31590999	0.03173925	0.00000000
4.32090999	0.03173925	-0.02441481
4.32590999	0.03173925	-0.11597030
4.33090999	0.03173925	0.32959990
4.33590999	0.03173925	1.25736300
4.34090999	0.03173925	1.72734800
4.34590999	0.03173925	1.72734800
4.35090999	0.03173925	1.28177700
4.35590999	0.03173925	0.44557020
4.36090999	0.03173925	-0.44557020
4.36590999	0.03173925	-1.28177700
4.37090999	0.03173925	-1.70293300
4.37590999	0.03173925	-1.61137700
4.38090999	0.03173925	-1.58696200
4.38590998	0.03173925	-1.58696200
4.39090998	0.03173925	-1.58696200
4.39590998	0.03173925	-1.58696200
4.40090998	0.03173925	-1.58696200
4.40590998	0.03173925	-1.58696200
4.41090998	0.03173925	-1.58696200
4.41590998	0.03173925	-1.58696200
4.42090998	0.03173925	-1.56254800
4.42590998	0.03173925	-1.47099200
4.43090998	0.03173925	-1.94097700
4.43590998	0.03173925	-2.96029500
4.44090998	0.03173925	-2.96029500
4.44590998	0.03173925	-1.94097700
4.45090998	0.03173925	-1.47099200
4.45590998	0.03173925	-1.56254800
4.46090998	0.03173925	-1.58696200
4.46590998	0.03173925	-1.58696200
4.47090998	0.03173925	-1.58696200
4.47590998	0.03173925	-1.58696200
4.48090998	0.03173925	-1.58696200
4.48590998	0.03173925	-1.58696200
4.49090998	0.03186132	-1.58696200
4.49590998	0.03231910	-1.58696200
4.50090998	0.03009125	-1.58696200
4.50590998	0.02545244	-1.58696200
4.51090998	0.02310251	-1.61137700
4.51590998	0.02310251	-1.70293300
4.52090998	0.02557451	-1.28177700
4.52590998	0.03067110	-0.44557020
4.53090998	0.03067110	0.44557020
4.53590998	0.02557451	1.28177700
4.54090998	0.02310251	1.63579200
4.54590998	0.02310251	1.25736300
4.55090998	0.02557451	2.53303600
4.55590998	0.03067110	5.12100600
4.56090998	0.03067110	7.23899000
4.56590998	0.02557451	8.34376000
4.57090998	0.02322458	11.26743000
4.57590998	0.02368236	15.14939000
4.58090998	0.02380444	19.87976000
4.58590998	0.02380444	24.40870000
4.59090998	0.02380444	29.45036000
4.59590998	0.02380444	33.61309000
4.60090998	0.02380444	39.99146000
4.60590998	0.02380444	47.02292000
4.61090998	0.02380444	54.29853000
4.61590998	0.02380444	60.12146000
4.62090998	0.02380444	66.85995000
4.62590998	0.02380444	72.67678000
4.63090998	0.02380444	79.93407000
4.63590998	0.02380444	86.86789000
4.64090998	0.02380444	93.69793000
4.64590998	0.02380444	98.78231000
4.65090998	0.02380444	104.24510000
4.65590998	0.02380444	108.58490000
4.66090998	0.02380444	113.74250000
4.66590998	0.02380444	118.55830000
4.67090998	0.02380444	121.90310000
4.67590998	0.02380444	122.81870000
4.68090998	0.02380444	125.33950000
4.68590998	0.02380444	128.76370000
4.69090998	0.02380444	130.95490000
4.69590998	0.02380444	131.50430000
4.70090998	0.02380444	131.85830000
4.70590998	0.02380444	131.76670000
4.71090998	0.02380444	131.79110000
4.71590998	0.02380444	131.97420000
4.72090998	0.02380444	131.12580000
4.72590998	0.02380444	129.46560000
4.73090998	0.02380444	127.74440000
4.73590998	0.02380444	126.35880000
4.74090998	0.02380444	124.21640000
4.74590998	0.02380444	121.81160000
4.75090998	0.02380444	119.69360000
4.75590998	0.02380444	118.39960000
4.76090998	0.02380444	116.33050000
4.76590998	0.02380444	114.10870000
4.77090998	0.02380444	111.09350000
4.77590998	0.02380444	107.94400000
4.78090998	0.02380444	104.95930000
4.78590998	0.02380444	102.82910000
4.79090998	0.02380444	100.31430000
4.79590998	0.02380444	98.09260000
4.80090998	0.02380444	95.57787000
4.80590998	0.02380444	93.44767000
4.81090998	0.02380444	90.46296000
4.81590998	0.02380444	87.31345000
4.82090998	0.02380444	84.32264000
4.82590998	0.02380444	82.19855000
4.83090998	0.02380444	79.67773000
4.83590998	0.02380444	77.45598000
4.84090998	0.02380444	74.89242000
4.84590998	0.02380444	72.57912000
4.85090998	0.02380444	70.48555000
4.85590998	0.02380444	69.19157000
4.86090998	0.02380444	67.07358000
4.86590998	0.02380444	64.66872000
4.87090998	0.02380444	62.52632000
4.87590998	0.02380444	61.14078000
4.88090998	0.02380444	59.46836000
4.88590998	0.02380444	57.99127000
4.89090998	0.02380444	56.29444000
4.89590998	0.02380444	54.81124000
4.90090998	0.02380444	53.09000000
4.90590998	0.02380444	51.52135000
4.91090998	0.02380444	50.24567000
4.91590998	0.02380444	49.60479000
4.92090998	0.02380444	48.79910000
4.92590998	0.02380444	48.15821000
4.93090998	0.02380444	46.88253000
4.93590998	0.02380444	45.31388000
4.94090998	0.02380444	43.56823000
4.94590998	0.02380444	41.99957000
4.95090998	0.02380444	40.74831000
4.95590998	0.02380444	40.19898000
4.96090998	0.02392651	38.92331000
4.96590998	0.02438429	37.26310000
4.97090998	0.02203436	35.94470000
4.97590998	0.01693777	35.20005000
4.98090998	0.01693777	34.82772000
4.98590998	0.02203436	35.01083000
4.99090998	0.02438429	34.61409000
4.99590998	0.02392651	33.77789000
5.00090998	0.02380444	32.92947000
5.00590998	0.02380444	32.28858000
5.01090998	0.02380444	30.97018000
5.01590998	0.02380444	29.20621000
5.02090998	0.02392651	28.36390000
5.02590998	0.02438429	28.63857000
5.03090998	0.02215644	28.26624000
5.03590998	0.01751762	27.43003000
5.04090998	0.01516770	26.55110000
5.04590998	0.01516770	25.81256000
5.05090998	0.01751762	24.97024000
5.05590998	0.02215644	24.22559000
5.06090998	0.02438429	23.35887000
5.06590998	0.02392651	22.52266000
5.07090998	0.02392651	22.12592000
5.07590998	0.02438429	22.30903000
5.08090998	0.02215644	21.88787000
5.08590998	0.01751762	20.96011000
5.09090998	0.01516770	20.51454000
5.09590998	0.01516770	20.60610000
5.10090998	0.01763970	20.60610000
5.10590998	0.02273629	20.51454000
5.11090998	0.02273629	20.98453000
5.11590998	0.01763970	22.00385000
5.12090998	0.01528977	22.00385000
5.12590998	0.01574755	20.98453000
5.13090998	0.01586962	20.51454000
5.13590998	0.01586962	20.60610000
5.14090998	0.01586962	20.63051000
5.14590998	0.01586962	20.63051000
5.15090998	0.01586962	20.63051000
5.15590998	0.01586962	20.63051000
5.16090998	0.01586962	20.65493000
5.16590998	0.01586962	20.74648000
5.17090998	0.01586962	20.32533000
5.17590998	0.01586962	19.48912000
5.18090998	0.01586962	18.59798000
5.18590998	0.01586962	17.76177000
5.19090998	0.01586962	17.36503000
5.19590998	0.01586962	17.54814000
5.20090998	0.01586962	17.12699000
5.20590998	0.01586962	16.19922000
5.21090998	0.01586962	15.72924000
5.21590998	0.01586962	15.72924000
5.22090998	0.01586962	16.22364000
5.22590998	0.01586962	17.24296000
5.23090998	0.01586962	17.26737000
5.23590998	0.01586962	16.33961000
5.24090998	0.01586962	15.39964000
5.24590998	0.01586962	14.47188000
5.25090998	0.01586962	14.52071000
5.25590998	0.01586962	15.63158000
5.26090998	0.01586962	15.65600000
5.26590998	0.01586962	14.63668000
5.27090998	0.01586962	14.16669000
5.27590998	0.01586962	14.25825000
5.28090998	0.01586962	14.30708000
5.28590998	0.01586962	14.39863000
5.29090998	0.01586962	13.95306000
5.29590998	0.01586962	13.02530000
5.30090998	0.01586962	12.60414000
5.30590998	0.01586962	12.78726000
5.31090998	0.01586962	12.36610000
5.31590998	0.01586962	11.43834000
5.32090998	0.01586962	10.99277000
5.32590998	0.01586962	11.08432000
5.33090998	0.01586962	11.13315000
5.33590998	0.01586962	11.22471000
5.34090998	0.01586962	10.75472000
5.34590998	0.01586962	9.73540400
5.35090998	0.01586962	9.73540400
5.35590998	0.01586962	10.75472000
5.36090998	0.01586962	11.22471000
5.36590998	0.01586962	11.13315000
5.37090998	0.01586962	11.10874000
5.37590998	0.01586962	11.10874000
5.38090998	0.01586962	11.10874000
5.38590998	0.01586962	11.10874000
5.39090998	0.01586962	11.13315000
5.39590998	0.01586962	11.22471000
5.40090998	0.01586962	10.77914000
5.40590998	0.01586962	9.85137500
5.41090998	0.01586962	9.40580500
5.41590998	0.01586962	9.49735900
5.42090998	0.01586962	9.52177400
5.42590998	0.01586962	9.52177400
5.43090998	0.01586962	9.49735900
5.43590998	0.01586962	9.40580500
5.44090998	0.01586962	9.87579000
5.44590998	0.01586962	10.89511000
5.45090998	0.01586962	10.91952000
5.45590998	0.01586962	9.99175900
5.46090998	0.01586962	9.07620400
5.46590998	0.01586962	8.23999700
5.47090998	0.01586962	7.81884200
5.47590998	0.01586962	7.91039800
5.48090998	0.01586962	7.93481200
5.48590998	0.01586962	7.93481200
5.49090998	0.01586962	7.93481200
5.49590998	0.01586962	7.93481200
5.50090998	0.01586962	7.93481200
5.50590998	0.01586962	7.93481200
5.51090998	0.01586962	7.93481200
5.51590998	0.01586962	7.93481200
5.52090998	0.01586962	7.93481200
5.52590998	0.01586962	7.93481200
5.53090998	0.01586962	7.93481200
5.53590998	0.01586962	7.93481200
5.54090998	0.01586962	7.91039800
5.54590998	0.01586962	7.81884200
5.55090998	0.01586962	8.28882700
5.55590998	0.01586962	9.30814500
5.56090998	0.01586962	9.30814500
5.56590998	0.01586962	8.28882700
5.57090998	0.01586962	7.81884200
5.57590998	0.01586962	7.91039800
5.58090998	0.01586962	7.93481200
5.58590998	0.01586962	7.93481200
5.59090998	0.01586962	7.93481200
5.59590998	0.01586962	7.93481200
5.60090998	0.01586962	7.93481200
5.60590998	0.01586962	7.93481200
5.61090998	0.01586962	7.93481200
5.61590998	0.01586962	7.93481200
5.62090998	0.01586962	7.93481200
5.62590998	0.01586962	7.93481200
5.63090998	0.01586962	7.91039800
5.63590998	0.01586962	7.81884200
5.64090998	0.01586962	8.26441300
5.64590998	0.01586962	9.19217500
5.65090998	0.01586962	9.63774600
5.65590998	0.01586962	9.54619000
5.66090998	0.01586962	9.52177400
5.66590998	0.01586962	9.52177400
5.67090998	0.01586962	9.54619000
5.67590998	0.01586962	9.63774600
5.68090998	0.01586962	9.16776000
5.68590998	0.01586962	8.14844100
5.69090998	0.01586962	8.14844100
5.69590998	0.01586962	9.16776000
5.70090998	0.01586962	9.63774600
5.70590998	0.01586962	9.54619000
5.71090998	0.01586962	9.52177400
5.71590998	0.01586962	9.52177400
5.72090998	0.01586962	9.54619000
5.72590998	0.01586962	9.63774600
5.73090998	0.01586962	9.19217500
5.73590998	0.01586962	8.26441300
5.74090998	0.01586962	7.81884200
5.74590998	0.01586962	7.91039800
5.75090998	0.01586962	7.91039800
5.75590998	0.01586962	7.81884200
5.76090998	0.01586962	8.28882700
5.76590998	0.01586962	9.30814500
5.77090998	0.01586962	9.28373100
5.77590998	0.01586962	8.17285700
5.78090998	0.01586962	8.17285700
5.78590998	0.01586962	9.28373100
5.79090998	0.01586962	9.28373100
5.79590998	0.01586962	8.17285700
5.80090998	0.01586962	8.17285700
5.80590998	0.01586962	9.28373100
5.81090998	0.01586962	9.30814500
5.81590998	0.01586962	8.28882700
5.82090998	0.01586962	7.81884200
5.82590998	0.01586962	7.91039800
5.83090998	0.01586962	7.93481200
5.83590998	0.01586962	7.93481200
5.84090998	0.01586962	7.93481200
5.84590998	0.01586962	7.93481200
5.85090998	0.01586962	7.93481200
5.85590998	0.01586962	7.93481200
5.86090998	0.01586962	7.95922800
5.86590998	0.01586962	8.05078300
5.87090998	0.01586962	7.58079800
5.87590998	0.01586962	6.56148000
5.88090998	0.01586962	6.56148000
5.88590998	0.01586962	7.58079800
5.89090998	0.01586962	8.05078300
5.89590998	0.01586962	7.95922800
5.90090998	0.01586962	7.93481200
5.90590998	0.01586962	7.93481200
5.91090998	0.01599170	7.93481200
5.91590998	0.01644948	7.93481200
5.92090998	0.01409955	7.91039800
5.92590998	0.00900296	7.81884200
5.93090998	0.00900296	8.26441300
5.93590998	0.01409955	9.19217500
5.94090998	0.01644948	9.63774600
5.94590998	0.01599170	9.54619000
5.95090998	0.01586962	9.52177400
5.95590998	0.01586962	9.52177400
5.96090998	0.01599170	9.54619000
5.96590998	0.01644948	9.63774600
5.97090998	0.01422163	9.21658900
5.97590998	0.00958281	8.38038300
5.98090998	0.00735496	7.46482800
5.98590998	0.00781274	6.53706500
5.99090998	0.00781274	6.58589400
5.99590998	0.00735496	7.69676800
6.00090998	0.00970489	7.74559700
6.00590998	0.01480148	6.81783500
6.01090998	0.01480148	5.87786500
6.01590998	0.00970489	4.95010200
6.02090998	0.00735496	4.99893200
6.02590998	0.00781274	6.10980600
6.03090997	0.00781274	6.10980600
6.03590997	0.00735496	4.99893200
6.04090997	0.00958281	4.99893200
6.04590997	0.01422163	6.10980600
6.05090997	0.01657155	6.13422100
6.05590997	0.01657155	5.11490200
6.06090997	0.01422163	4.64491700
6.06590997	0.00958281	4.73647300
6.07090997	0.00735496	4.78530200
6.07590997	0.00781274	4.87685800
6.08090997	0.00793481	4.43128700
6.08590997	0.00793481	3.50352500
6.09090997	0.00793481	3.05795500
6.09590997	0.00793481	3.14951000
6.10090997	0.00793481	3.17392500
6.10590997	0.00793481	3.17392500
6.11090997	0.00793481	3.17392500
6.11590997	0.00793481	3.17392500
6.12090997	0.00793481	3.17392500
6.12590997	0.00793481	3.17392500
6.13090997	0.00793481	3.17392500
6.13590997	0.00793481	3.17392500
6.14090997	0.00793481	3.19834000
6.14590997	0.00793481	3.28989500
6.15090997	0.00793481	2.81991000
6.15590997	0.00793481	1.80059200
6.16090997	0.00793481	1.80059200
6.16590997	0.00793481	2.81991000
6.17090997	0.00793481	3.28989500
6.17590997	0.00793481	3.19834000
6.18090997	0.00793481	3.17392500
6.18590997	0.00793481	3.17392500
6.19090997	0.00793481	3.17392500
6.19590997	0.00793481	3.17392500
6.20090997	0.00793481	3.19834000
6.20590997	0.00793481	3.28989500
6.21090997	0.00793481	2.81991000
6.21590997	0.00793481	1.80059200
6.22090997	0.00793481	1.80059200
6.22590997	0.00793481	2.81991000
6.23090997	0.00793481	3.28989500
6.23590997	0.00793481	3.19834000
6.24090997	0.00793481	3.17392500
6.24590997	0.00793481	3.17392500
6.25090997	0.00793481	3.17392500
6.25590997	0.00793481	3.17392500
6.26090997	0.00793481	3.17392500
6.26590997	0.00793481	3.17392500
6.27090997	0.00793481	3.14951000
6.27590997	0.00793481	3.05795500
6.28090997	0.00793481	3.52794000
6.28590997	0.00793481	4.54725700
6.29090997	0.00793481	4.54725700
6.29590997	0.00793481	3.52794000
6.30090997	0.00793481	3.03354000
6.30590997	0.00793481	3.03354000
6.31090997	0.00793481	3.52794000
6.31590997	0.00793481	4.54725700
6.32090997	0.00793481	4.52284300
6.32590997	0.00793481	3.41196900
6.33090997	0.00793481	3.38755500
6.33590997	0.00793481	4.40687300
6.34090997	0.00793481	4.90127200
6.34590997	0.00793481	4.90127200
6.35090997	0.00793481	4.43128700
6.35590997	0.00793481	3.50352500
6.36090997	0.00793481	3.05795500
6.36590997	0.00793481	3.14951000
6.37090997	0.00793481	3.17392500
6.37590997	0.00793481	3.17392500
6.38090997	0.00793481	3.17392500
6.38590997	0.00793481	3.17392500
6.39090997	0.00793481	3.19834000
6.39590997	0.00793481	3.28989500
6.40090997	0.00793481	2.84432500
6.40590997	0.00793481	1.91656200
6.41090997	0.00793481	1.47099200
6.41590997	0.00793481	1.56254800
6.42090997	0.00793481	1.58696200
6.42590997	0.00793481	1.58696200
6.43090997	0.00793481	1.58696200
6.43590997	0.00793481	1.58696200
6.44090997	0.00793481	1.56254800
6.44590997	0.00793481	1.47099200
6.45090997	0.00793481	1.94097700
6.45590997	0.00793481	2.96029500
6.46090997	0.00793481	2.96029500
6.46590997	0.00793481	1.94097700
6.47090997	0.00793481	1.44657700
6.47590997	0.00793481	1.44657700
6.48090997	0.00793481	1.94097700
6.48590997	0.00793481	2.96029500
6.49090997	0.00793481	2.96029500
6.49590997	0.00793481	1.94097700
6.50090997	0.00793481	1.47099200
6.50590997	0.00793481	1.56254800
6.51090997	0.00793481	1.56254800
6.51590997	0.00793481	1.47099200
6.52090997	0.00793481	1.89214800
6.52590997	0.00793481	2.72835500
6.53090997	0.00793481	3.64391000
6.53590997	0.00793481	4.57167300
6.54090997	0.00793481	4.52284300
6.54590997	0.00793481	3.41196900
6.55090997	0.00793481	3.38755500
6.55590997	0.00793481	4.40687300
6.56090997	0.00793481	4.87685800
6.56590997	0.00793481	4.78530200
6.57090997	0.00793481	4.76088700
6.57590997	0.00793481	4.76088700
6.58090997	0.00793481	4.73647300
6.58590997	0.00793481	4.64491700
6.59090997	0.00793481	5.09048700
6.59590997	0.00793481	6.01825000
6.60090997	0.00793481	6.46382000
6.60590997	0.00793481	6.37226500
6.61090997	0.00793481	6.34785000
6.61590997	0.00793481	6.34785000
6.62090997	0.00793481	6.34785000
6.62590997	0.00793481	6.34785000
6.63090997	0.00793481	6.37226500
6.63590997	0.00793481	6.46382000
6.64090997	0.00793481	6.04266500
6.64590997	0.00793481	5.20645800
6.65090997	0.00793481	4.29090200
6.65590997	0.00793481	3.36314000
6.66090997	0.00793481	3.41196900
6.66590997	0.00793481	4.52284300
6.67090997	0.00793481	4.52284300
6.67590997	0.00793481	3.41196900
6.68090997	0.00793481	3.41196900
6.68590997	0.00793481	4.52284300
6.69090997	0.00793481	4.52284300
6.69590997	0.00793481	3.41196900
6.70090997	0.00793481	3.38755500
6.70590997	0.00793481	4.40687300
6.71090997	0.00793481	4.87685800
6.71590997	0.00793481	4.78530200
6.72090997	0.00793481	4.76088700
6.72590997	0.00793481	4.76088700
6.73090997	0.00793481	4.76088700
6.73590997	0.00793481	4.76088700
6.74090997	0.00793481	4.76088700
6.74590997	0.00793481	4.76088700
6.75090997	0.00793481	4.78530200
6.75590997	0.00793481	4.87685800
6.76090997	0.00793481	4.40687300
6.76590997	0.00793481	3.38755500
6.77090997	0.00793481	3.41196900
6.77590997	0.00793481	4.52284300
6.78090997	0.00793481	4.54725700
6.78590997	0.00793481	3.52794000
6.79090997	0.00793481	3.05795500
6.79590997	0.00793481	3.14951000
6.80090997	0.00793481	3.17392500
6.80590997	0.00793481	3.17392500
6.81090997	0.00793481	3.19834000
6.81590997	0.00793481	3.28989500
6.82090997	0.00793481	2.84432500
6.82590997	0.00793481	1.91656200
6.83090997	0.00793481	1.47099200
6.83590997	0.00793481	1.56254800
6.84090997	0.00793481	1.58696200
6.84590997	0.00793481	1.58696200
6.85090997	0.00793481	1.56254800
6.85590997	0.00793481	1.47099200
6.86090997	0.00793481	1.91656200
6.86590997	0.00793481	2.84432500
6.87090997	0.00793481	3.28989500
6.87590997	0.00793481	3.19834000
6.88090997	0.00793481	3.17392500
6.88590997	0.00793481	3.17392500
6.89090997	0.00793481	3.17392500
6.89590997	0.00793481	3.17392500
6.90090997	0.00793481	3.19834000
6.90590997	0.00793481	3.28989500
6.91090997	0.00793481	2.84432500
6.91590997	0.00793481	1.91656200
6.92090997	0.00793481	1.47099200
6.92590997	0.00793481	1.56254800
6.93090997	0.00793481	1.58696200
6.93590997	0.00793481	1.58696200
6.94090997	0.00793481	1.58696200
6.94590997	0.00793481	1.58696200
6.95090997	0.00793481	1.58696200
6.95590997	0.00793481	1.58696200
6.96090997	0.00793481	1.58696200
6.96590997	0.00793481	1.58696200
6.97090997	0.00793481	1.58696200
6.97590997	0.00793481	1.58696200
6.98090997	0.00793481	1.56254800
6.98590997	0.00793481	1.47099200
6.99090997	0.00793481	1.91656200
6.99590997	0.00793481	2.84432500
7.00090997	0.00793481	3.28989500
7.00590997	0.00793481	3.19834000
7.01090997	0.00793481	3.17392500
7.01590997	0.00793481	3.17392500
7.02090997	0.00793481	3.19834000
7.02590997	0.00793481	3.28989500
7.03090997	0.00793481	2.84432500
7.03590997	0.00793481	1.91656200
7.04090997	0.00793481	1.47099200
7.04590997	0.00793481	1.56254800
7.05090997	0.00793481	1.58696200
7.05590997	0.00793481	1.58696200
7.06090997	0.00793481	1.61137700
7.06590997	0.00793481	1.70293300
7.07090997	0.00793481	1.25736300
7.07590997	0.00793481	0.32959990
7.08090997	0.00793481	-0.11597030
7.08590997	0.00793481	-0.02441481
7.09090997	0.00793481	-0.02441481
7.09590997	0.00793481	-0.11597030
7.10090997	0.00793481	0.35401470
7.10590997	0.00793481	1.37333300
7.11090997	0.00793481	1.34891800
7.11590997	0.00793481	0.23804440
7.12090997	0.00793481	0.21362960
7.12590997	0.00793481	1.23294800
7.13090997	0.00793481	1.70293300
7.13590997	0.00793481	1.61137700
7.14090997	0.00793481	1.58696200
7.14590997	0.00793481	1.58696200
7.15090997	0.00793481	1.56254800
7.15590997	0.00793481	1.47099200
7.16090997	0.00793481	1.94097700
7.16590997	0.00793481	2.96029500
7.17090997	0.00793481	2.96029500
7.17590997	0.00793481	1.94097700
7.18090997	0.00793481	1.47099200
7.18590997	0.00793481	1.56254800
7.19090997	0.00793481	1.58696200
7.19590997	0.00793481	1.58696200
7.20090997	0.00793481	1.61137700
7.20590997	0.00793481	1.70293300
7.21090997	0.00793481	1.20853300
7.21590997	0.00793481	0.09765923
7.22090997	0.00793481	0.56764430
7.22590997	0.00793481	2.60628100
7.23090997	0.00793481	3.10068000
7.23590997	0.00793481	2.08136200
7.24090997	0.00793481	1.09256300
7.24590997	0.00793481	0.07324442
7.25090997	0.00793481	0.54322950
7.25590997	0.00793481	2.49031000
7.26090997	0.00793481	3.43028000
7.26590997	0.00793481	3.33872500
7.27090997	0.00793481	2.84432500
7.27590997	0.00793481	1.91656200
7.28090997	0.00793481	1.44657700
7.28590997	0.00793481	1.44657700
7.29090997	0.00793481	1.91656200
7.29590997	0.00793481	2.84432500
7.30090997	0.00793481	3.28989500
7.30590997	0.00793481	3.19834000
7.31090997	0.00793481	3.19834000
7.31590997	0.00793481	3.28989500
7.32090997	0.00793481	2.84432500
7.32590997	0.00793481	1.91656200
7.33090997	0.00805689	1.47099200
7.33590997	0.00851466	1.56254800
7.34090997	0.00616474	1.58696200
7.34590997	0.00106815	1.58696200
7.35090997	0.00106815	1.58696200
7.35590997	0.00616474	1.58696200
7.36090997	0.00851466	1.58696200
7.36590997	0.00805689	1.58696200
7.37090997	0.00793481	1.56254800
7.37590997	0.00793481	1.47099200
7.38090997	0.00793481	1.94097700
7.38590997	0.00793481	2.96029500
7.39090997	0.00793481	2.93588100
7.39590997	0.00793481	1.82500700
7.40090997	0.00805689	1.80059200
7.40590997	0.00851466	2.81991000
7.41090997	0.00616474	3.28989500
7.41590997	0.00106815	3.19834000
7.42090997	0.00106815	3.19834000
7.42590997	0.00616474	3.28989500
7.43090997	0.00851466	2.84432500
7.43590997	0.00805689	1.91656200
7.44090997	0.00793481	1.47099200
7.44590997	0.00793481	1.56254800
7.45090997	0.00793481	1.58696200
7.45590997	0.00793481	1.58696200
7.46090997	0.00793481	1.58696200
7.46590997	0.00793481	1.58696200
7.47090997	0.00793481	1.61137700
7.47590997	0.00793481	1.70293300
7.48090997	0.00793481	1.25736300
7.48590997	0.00793481	0.32959990
7.49090997	0.00793481	-0.11597030
7.49590997	0.00793481	-0.02441481
7.50090997	0.00793481	-0.02441481
7.50590997	0.00793481	-0.11597030
7.51090997	0.00793481	0.32959990
7.51590997	0.00793481	1.25736300
7.52090997	0.00793481	1.72734800
7.52590997	0.00793481	1.72734800
7.53090997	0.00793481	1.23294800
7.53590997	0.00793481	0.21362960
7.54090997	0.00793481	0.23804440
7.54590997	0.00793481	1.34891800
7.55090997	0.00793481	1.34891800
7.55590997	0.00793481	0.23804440
7.56090997	0.00793481	0.21362960
7.56590997	0.00793481	1.23294800
7.57090997	0.00805689	1.70293300
7.57590997	0.00851466	1.61137700
7.58090997	0.00616474	1.58696200
7.58590997	0.00106815	1.58696200
7.59090997	0.00106815	1.58696200
7.59590997	0.00616474	1.58696200
7.60090997	0.00851466	1.58696200
7.60590997	0.00805689	1.58696200
7.61090997	0.00793481	1.58696200
7.61590997	0.00793481	1.58696200
7.62090997	0.00805689	1.56254800
7.62590997	0.00851466	1.47099200
7.63090997	0.00628681	1.91656200
7.63590997	0.00164800	2.84432500
7.64090997	-0.00070193	3.28989500
7.64590997	-0.00070193	3.19834000
7.65090997	0.00177007	3.14951000
7.65590997	0.00686667	3.05795500
7.66090997	0.00674459	3.55235400
7.66590997	0.00119022	4.66322800
7.67090997	0.00119022	4.19324400
7.67590996	0.00674459	2.15460700
7.68090996	0.00686667	1.70903700
7.68590996	0.00177007	2.91146600
7.69090996	-0.00057985	2.96029500
7.69590996	-0.00012207	1.94097700
7.70090996	0.00000000	1.47099200
7.70590996	0.00000000	1.56254800
7.71090996	0.00000000	1.56254800
7.71590996	0.00000000	1.47099200
7.72090996	0.00000000	1.91656200
7.72590996	0.00000000	2.84432500
7.73090996	-0.00012207	3.28989500
7.73590996	-0.00057985	3.19834000
7.74090996	0.00164800	3.17392500
7.74590996	0.00628681	3.17392500
7.75090996	0.00851466	3.17392500
7.75590996	0.00805689	3.17392500
7.76090996	0.00805689	3.14951000
7.76590996	0.00851466	3.05795500
7.77090996	0.00628681	3.52794000
7.77590996	0.00164800	4.54725700
7.78090996	-0.00057985	4.52284300
7.78590996	-0.00012207	3.41196900
7.79090996	0.00000000	3.38755500
7.79590996	0.00000000	4.40687300
7.80090996	0.00000000	4.87685800
7.80590996	0.00000000	4.78530200
7.81090996	0.00000000	4.78530200
7.81590996	0.00000000	4.87685800
7.82090996	0.00000000	4.45570200
7.82590996	0.00000000	3.61949500
7.83090996	0.00000000	2.72835500
7.83590996	0.00000000	1.89214800
7.84090996	0.00000000	1.49540700
7.84590996	0.00000000	1.67851800
7.85090996	0.00000000	1.23294800
7.85590996	0.00000000	0.21362960
7.86090996	-0.00012207	0.23804440
7.86590996	-0.00057985	1.34891800
7.87090996	0.00177007	1.37333300
7.87590996	0.00686667	0.35401470
7.88090996	0.00686667	-0.11597030
7.88590996	0.00177007	-0.02441481
7.89090996	-0.00057985	0.00000000
7.89590996	-0.00012207	0.00000000
7.90090996	0.00000000	0.00000000
7.90590996	0.00000000	0.00000000
7.91090996	0.00000000	0.00000000
7.91590996	0.00000000	0.00000000
7.92090996	0.00000000	0.00000000
7.92590996	0.00000000	0.00000000
7.93090996	0.00000000	-0.02441481
7.93590996	0.00000000	-0.11597030
7.94090996	0.00000000	0.32959990
7.94590996	0.00000000	1.25736300
7.95090996	0.00000000	1.70293300
7.95590996	0.00000000	1.61137700
7.96090996	0.00000000	1.58696200
7.96590996	0.00000000	1.58696200
7.97090996	0.00000000	1.58696200
7.97590996	0.00000000	1.58696200
7.98090996	0.00000000	1.61137700
7.98590996	0.00000000	1.70293300
7.99090996	0.00000000	1.23294800
7.99590996	0.00000000	0.21362960
8.00090996	0.00000000	0.21362960
8.00590996	0.00000000	1.23294800
8.01090996	0.00000000	1.70293300
8.01590996	0.00000000	1.61137700
8.02090996	0.00000000	1.58696200
8.02590996	0.00000000	1.58696200
8.03090996	0.00000000	1.58696200
8.03590996	0.00000000	1.58696200
8.04090996	0.00000000	1.58696200
8.04590996	0.00000000	1.58696200
8.05090996	0.00000000	1.58696200
8.05590996	0.00000000	1.58696200
8.06090996	0.00000000	1.58696200
8.06590996	0.00000000	1.58696200
8.07090996	0.00000000	1.61137700
8.07590996	0.00000000	1.70293300
8.08090996	0.00000000	1.25736300
8.08590996	0.00000000	0.32959990
8.09090996	0.00000000	-0.11597030
8.09590996	0.00000000	-0.02441481
8.10090996	0.00000000	0.00000000
8.10590996	0.00000000	0.00000000
8.11090996	0.00000000	0.00000000
8.11590996	0.00000000	0.00000000
8.12090996	0.00000000	-0.02441481
8.12590996	0.00000000	-0.11597030
8.13090996	0.00000000	0.32959990
8.13590996	0.00000000	1.25736300
8.14090996	0.00000000	1.72734800
8.14590996	0.00000000	1.72734800
8.15090996	0.00000000	1.25736300
8.15590996	0.00000000	0.32959990
8.16090996	0.00000000	-0.09155553
8.16590996	0.00000000	0.09155553
8.17090996	0.00000000	-0.35401470
8.17590996	0.00000000	-1.37333300
8.18090996	0.00000000	-1.39774800
8.18590996	0.00000000	-0.46998500
8.19090996	0.00000000	0.46998500
8.19590996	0.00000000	1.39774800
8.20090996	0.00000000	1.37333300
8.20590996	0.00000000	0.35401470
8.21090996	0.00000000	-0.14038510
8.21590996	0.00000000	-0.14038510
8.22090996	0.00000000	0.32959990
8.22590996	0.00000000	1.25736300
8.23090996	0.00000000	1.70293300
8.23590996	0.00000000	1.61137700
8.24090996	0.00000000	1.58696200
8.24590996	0.00000000	1.58696200
8.25090996	0.00000000	1.58696200
8.25590996	0.00000000	1.58696200
8.26090996	0.00000000	1.58696200
8.26590996	0.00000000	1.58696200
8.27090996	0.00000000	1.61137700
8.27590996	0.00000000	1.70293300
8.28090996	0.00000000	1.25736300
8.28590996	0.00000000	0.32959990
8.29090996	0.00000000	-0.14038510
8.29590996	0.00000000	-0.14038510
8.30090996	0.00000000	0.35401470
8.30590996	0.00000000	1.37333300
8.31090996	0.00000000	1.34891800
8.31590996	0.00000000	0.23804440
8.32090996	0.00000000	0.18921480
8.32590996	0.00000000	1.11697700
8.33090996	0.00000000	2.05694700
8.33590996	0.00000000	2.98471000
8.34090996	0.00000000	2.96029500
8.34590996	0.00000000	1.94097700
8.35090996	0.00000000	1.47099200
8.35590996	0.00000000	1.56254800
8.36090996	0.00000000	1.58696200
8.36590996	0.00000000	1.58696200
8.37090996	0.00000000	1.61137700
8.37590996	0.00000000	1.70293300
8.38090996	0.00000000	1.25736300
8.38590996	0.00000000	0.32959990
8.39090996	0.00000000	-0.11597030
8.39590996	0.00000000	-0.02441481
8.40090996	0.00000000	0.00000000
8.40590996	0.00000000	0.00000000
8.41090996	0.00000000	0.00000000
8.41590996	0.00000000	0.00000000
8.42090996	0.00000000	0.00000000
8.42590996	0.00000000	0.00000000
8.43090996	0.00000000	0.00000000
8.43590996	0.00000000	0.00000000
8.44090996	0.00000000	0.00000000
8.44590996	0.00000000	0.00000000
8.45090996	0.00000000	0.00000000
8.45590996	0.00000000	0.00000000
8.46090996	0.00000000	0.02441481
8.46590996	0.00000000	0.11597030
8.47090996	0.00000000	-0.35401470
8.47590996	0.00000000	-1.37333300
8.48090996	0.00000000	-1.37333300
8.48590996	0.00000000	-0.35401470
8.49090996	0.00000000	0.11597030
8.49590996	0.00000000	0.02441481
8.50090996	0.00000000	0.00000000
8.50590996	0.00000000	0.00000000
8.51090996	0.00000000	0.02441481
8.51590996	0.00000000	0.11597030
8.52090996	0.00000000	-0.32959990
8.52590996	0.00000000	-1.25736300
8.53090996	0.00000000	-1.72734800
8.53590996	0.00000000	-1.72734800
8.54090996	0.00000000	-1.25736300
8.54590996	0.00000000	-0.32959990
8.55090996	0.00000000	0.11597030
8.55590996	0.00000000	0.02441481
8.56090996	0.00000000	0.00000000
8.56590996	0.00000000	0.00000000
8.57090996	0.00000000	-0.02441481
8.57590996	0.00000000	-0.11597030
8.58090996	0.00000000	0.32959990
8.58590996	0.00000000	1.25736300
8.59090996	0.00000000	1.70293300
8.59590996	0.00000000	1.61137700
8.60090996	0.00000000	1.58696200
8.60590996	0.00000000	1.58696200
8.61090996	0.00000000	1.58696200
8.61590996	0.00000000	1.58696200
8.62090996	0.00000000	1.56254800
8.62590996	0.00000000	1.47099200
8.63090996	0.00000000	1.91656200
8.63590996	0.00000000	2.84432500
8.64090996	0.00000000	3.31431000
8.64590996	0.00000000	3.31431000
8.65090996	0.00000000	2.84432500
8.65590996	0.00000000	1.91656200
8.66090996	0.00000000	1.47099200
8.66590996	0.00000000	1.56254800
8.67090996	0.00000000	1.58696200
8.67590996	0.00000000	1.58696200
8.68090996	0.00000000	1.61137700
8.68590996	0.00000000	1.70293300
8.69090996	0.00000000	1.23294800
8.69590996	0.00000000	0.21362960
8.70090996	0.00000000	0.23804440
8.70590996	0.00000000	1.34891800
8.71090996	0.00000000	1.37333300
8.71590996	0.00000000	0.35401470
8.72090996	0.00000000	-0.11597030
8.72590996	0.00000000	-0.02441481
8.73090996	0.00000000	0.00000000
8.73590996	0.00000000	0.00000000
8.74090996	0.00000000	-0.02441481
8.74590996	0.00000000	-0.11597030
8.75090996	0.00000000	0.32959990
8.75590996	0.00000000	1.25736300
8.76090996	0.00000000	1.70293300
8.76590996	0.00000000	1.61137700
8.77090996	0.00000000	1.58696200
8.77590996	0.00000000	1.58696200
8.78090996	0.00000000	1.58696200
8.78590996	0.00000000	1.58696200
8.79090996	0.00000000	1.58696200
8.79590996	0.00000000	1.58696200
8.80090996	0.00000000	1.58696200
8.80590996	0.00000000	1.58696200
8.81090996	0.00000000	1.58696200
8.81590996	0.00000000	1.58696200
8.82090996	0.00000000	1.58696200
8.82590996	0.00000000	1.58696200
8.83090996	0.00000000	1.58696200
8.83590996	0.00000000	1.58696200
8.84090996	0.00000000	1.58696200
8.84590996	0.00000000	1.58696200
8.85090996	0.00000000	1.58696200
8.85590996	0.00000000	1.58696200
8.86090996	0.00000000	1.58696200
8.86590996	0.00000000	1.58696200
8.87090996	0.00000000	1.58696200
8.87590996	0.00000000	1.58696200
8.88090996	0.00000000	1.58696200
8.88590996	0.00000000	1.58696200
8.89090996	0.00000000	1.61137700
8.89590996	0.00000000	1.70293300
8.90090996	0.00000000	1.25736300
8.90590996	0.00000000	0.32959990
8.91090996	0.00000000	-0.14038510
8.91590996	0.00000000	-0.14038510
8.92090996	0.00000000	0.35401470
8.92590996	0.00000000	1.37333300
8.93090996	0.00000000	1.37333300
8.93590996	0.00000000	0.35401470
8.94090996	0.00000000	-0.11597030
8.94590996	0.00000000	-0.02441481
8.95090996	0.00000000	0.00000000
8.95590996	0.00000000	0.00000000
8.96090996	0.00000000	0.00000000
8.96590996	0.00000000	0.00000000
8.97090996	0.00000000	-0.02441481
8.97590996	0.00000000	-0.11597030
8.98090996	0.00000000	0.32959990
8.98590996	0.00000000	1.25736300
8.99090996	0.00000000	1.70293300
8.99590996	0.00000000	1.61137700
9.00090996	0.00000000	1.58696200
9.00590996	0.00000000	1.58696200
9.01090996	0.00000000	1.58696200
9.01590996	0.00000000	1.58696200
9.02090996	0.00000000	1.58696200
9.02590996	0.00000000	1.58696200
