Time	Channel A	Channel B
(us)	(V)	(mV)

-1.00509798	0.00000000	1.91656200
-1.00009798	0.00000000	2.84432500
-0.99509798	0.00000000	3.31431000
-0.99009798	0.00000000	3.31431000
-0.98509798	0.00000000	2.81991000
-0.98009798	0.00000000	1.80059200
-0.97509798	0.00000000	1.80059200
-0.97009798	0.00000000	2.81991000
-0.96509798	0.00000000	3.31431000
-0.96009798	0.00000000	3.31431000
-0.95509798	0.00000000	2.81991000
-0.95009798	0.00000000	1.80059200
-0.94509798	0.00000000	1.80059200
-0.94009798	0.00000000	2.81991000
-0.93509798	0.00000000	3.28989500
-0.93009798	0.00000000	3.19834000
-0.92509798	0.00000000	3.17392500
-0.92009798	0.00000000	3.17392500
-0.91509798	0.00000000	3.17392500
-0.91009798	0.00000000	3.17392500
-0.90509798	0.00000000	3.17392500
-0.90009798	0.00000000	3.17392500
-0.89509798	0.00000000	3.19834000
-0.89009798	0.00000000	3.28989500
-0.88509798	0.00000000	2.81991000
-0.88009798	0.00000000	1.80059200
-0.87509798	0.00000000	1.77617700
-0.87009798	0.00000000	2.70394000
-0.86509798	0.00000000	3.64391000
-0.86009798	0.00000000	4.57167300
-0.85509798	0.00000000	4.57167300
-0.85009798	0.00000000	3.64391000
-0.84509798	0.00000000	2.67952500
-0.84009798	0.00000000	1.66020700
-0.83509798	0.00000000	2.13019200
-0.83009798	0.00000000	4.07727300
-0.82509798	0.00000000	5.01724300
-0.82009798	0.00000000	4.92568700
-0.81509798	0.00000000	4.43128700
-0.81009798	0.00000000	3.50352500
-0.80509798	0.00000000	3.03354000
-0.80009798	0.00000000	3.03354000
-0.79509798	0.00000000	3.50352500
-0.79009798	0.00000000	4.43128700
-0.78509798	0.00000000	4.87685800
-0.78009798	0.00000000	4.78530200
-0.77509798	0.00000000	4.76088700
-0.77009798	0.00000000	4.76088700
-0.76509798	0.00000000	4.76088700
-0.76009798	0.00000000	4.76088700
-0.75509798	0.00000000	4.78530200
-0.75009798	0.00000000	4.87685800
-0.74509798	0.00000000	4.43128700
-0.74009798	0.00000000	3.50352500
-0.73509798	0.00000000	3.08237000
-0.73009798	0.00000000	3.26548100
-0.72509798	0.00000000	2.84432500
-0.72009798	0.00000000	1.91656200
-0.71509798	0.00000000	1.49540700
-0.71009798	0.00000000	1.67851800
-0.70509798	0.00000000	1.23294800
-0.70009798	0.00000000	0.21362960
-0.69509798	0.00000000	0.21362960
-0.69009798	0.00000000	1.23294800
-0.68509798	0.00000000	1.70293300
-0.68009798	0.00000000	1.61137700
-0.67509798	0.00000000	1.56254800
-0.67009798	0.00000000	1.47099200
-0.66509798	0.00000000	1.96539200
-0.66009798	0.00000000	3.07626600
-0.65509798	0.00000000	2.60628100
-0.65009798	0.00000000	0.56764430
-0.64509798	0.00000000	0.07324442
-0.64009798	0.00000000	1.09256300
-0.63509798	0.00000000	2.03253300
-0.63009798	0.00000000	2.86874000
-0.62509798	0.00000000	3.31431000
-0.62009798	0.00000000	3.31431000
-0.61509798	0.00000000	2.84432500
-0.61009799	0.00000000	1.91656200
-0.60509799	0.00000000	1.49540700
-0.60009799	0.00000000	1.67851800
-0.59509799	0.00000000	1.23294800
-0.59009799	0.00000000	0.21362960
-0.58509799	0.00000000	0.21362960
-0.58009799	0.00000000	1.23294800
-0.57509799	0.00000000	1.70293300
-0.57009799	0.00000000	1.61137700
-0.56509799	0.00000000	1.58696200
-0.56009799	0.00000000	1.58696200
-0.55509799	0.00000000	1.56254800
-0.55009799	0.00000000	1.47099200
-0.54509799	0.00000000	1.94097700
-0.54009799	0.00000000	2.96029500
-0.53509799	0.00000000	2.96029500
-0.53009799	0.00000000	1.94097700
-0.52509799	0.00000000	1.47099200
-0.52009799	0.00000000	1.56254800
-0.51509799	0.00000000	1.58696200
-0.51009799	0.00000000	1.58696200
-0.50509799	0.00000000	1.58696200
-0.50009799	0.00000000	1.58696200
-0.49509799	0.00000000	1.58696200
-0.49009799	0.00000000	1.58696200
-0.48509799	0.00000000	1.58696200
-0.48009799	0.00000000	1.58696200
-0.47509799	0.00000000	1.61137700
-0.47009799	0.00000000	1.70293300
-0.46509799	0.00000000	1.23294800
-0.46009799	0.00000000	0.21362960
-0.45509799	0.00000000	0.21362960
-0.45009799	0.00000000	1.23294800
-0.44509799	0.00000000	1.70293300
-0.44009799	0.00000000	1.61137700
-0.43509799	0.00000000	1.56254800
-0.43009799	0.00000000	1.47099200
-0.42509799	0.00000000	1.94097700
-0.42009799	0.00000000	2.96029500
-0.41509799	0.00000000	2.93588100
-0.41009799	0.00000000	1.82500700
-0.40509799	0.00000000	1.80059200
-0.40009799	0.00000000	2.81991000
-0.39509799	0.00000000	3.31431000
-0.39009799	0.00000000	3.31431000
-0.38509799	0.00000000	2.81991000
-0.38009799	0.00000000	1.80059200
-0.37509799	0.00000000	1.80059200
-0.37009799	0.00000000	2.81991000
-0.36509799	0.00000000	3.28989500
-0.36009799	0.00000000	3.19834000
-0.35509799	0.00000000	3.17392500
-0.35009799	0.00000000	3.17392500
-0.34509799	0.00000000	3.19834000
-0.34009799	0.00000000	3.28989500
-0.33509799	0.00000000	2.84432500
-0.33009799	0.00000000	1.91656200
-0.32509799	0.00000000	1.47099200
-0.32009799	0.00000000	1.56254800
-0.31509799	0.00000000	1.61137700
-0.31009799	0.00000000	1.70293300
-0.30509799	0.00000000	1.25736300
-0.30009799	0.00000000	0.32959990
-0.29509799	0.00000000	-0.11597030
-0.29009799	0.00000000	-0.02441481
-0.28509799	0.00000000	0.00000000
-0.28009799	0.00000000	0.00000000
-0.27509799	0.00000000	-0.02441481
-0.27009799	0.00000000	-0.11597030
-0.26509799	0.00000000	0.32959990
-0.26009799	0.00000000	1.25736300
-0.25509799	0.00000000	1.70293300
-0.25009799	0.00000000	1.61137700
-0.24509799	0.00000000	1.58696200
-0.24009799	0.00000000	1.58696200
-0.23509799	0.00000000	1.56254800
-0.23009799	0.00000000	1.47099200
-0.22509799	0.00000000	1.91656200
-0.22009799	0.00000000	2.84432500
-0.21509799	0.00000000	3.28989500
-0.21009799	0.00000000	3.19834000
-0.20509799	0.00000000	3.17392500
-0.20009799	0.00000000	3.17392500
-0.19509799	0.00000000	3.17392500
-0.19009799	0.00000000	3.17392500
-0.18509799	0.00000000	3.17392500
-0.18009799	0.00000000	3.17392500
-0.17509799	0.00000000	3.17392500
-0.17009799	0.00000000	3.17392500
-0.16509799	0.00000000	3.14951000
-0.16009799	0.00000000	3.05795500
-0.15509799	0.00000000	3.50352500
-0.15009799	0.00000000	4.43128700
-0.14509799	0.00000000	4.87685800
-0.14009799	0.00000000	4.78530200
-0.13509799	0.00000000	4.76088700
-0.13009799	0.00000000	4.76088700
-0.12509799	0.00000000	4.76088700
-0.12009799	0.00000000	4.76088700
-0.11509799	0.00000000	4.78530200
-0.11009799	0.00000000	4.87685800
-0.10509799	-0.00012207	4.45570200
-0.10009799	-0.00057985	3.61949500
-0.09509799	0.00152593	2.77108000
-0.09009799	0.00570696	2.13019200
-0.08509799	0.01004059	0.83010340
-0.08009799	0.01376385	-0.83010340
-0.07509799	0.01788385	-2.13019200
-0.07009799	0.02108829	-2.77108000
-0.06509799	0.02758873	-3.59508000
-0.06009799	0.03588977	-4.33973200
-0.05509799	0.04226813	-5.18204300
-0.05009799	0.04501480	-5.92669400
-0.04509799	0.05139317	-6.75069400
-0.04009799	0.05969420	-7.39158200
-0.03509799	0.06619465	-8.73439700
-0.03009799	0.06939909	-10.58992000
-0.02509799	0.07342754	-10.96225000
-0.02009799	0.07663198	-9.66826400
-0.01509799	0.08313242	-10.08942000
-0.01009799	0.09143345	-12.12806000
-0.00509799	0.09793390	-12.59804000
-0.00009799	0.10113830	-11.48717000
0.00490201	0.10525830	-10.99277000
0.00990201	0.10898160	-11.08432000
0.01490201	0.11310160	-11.13315000
0.01990201	0.11630600	-11.22471000
0.02490201	0.12280650	-10.77914000
0.02990201	0.13110750	-9.85137500
0.03490201	0.13760800	-9.43021900
0.03990201	0.14084290	-9.61333000
0.04490201	0.14499340	-9.19217500
0.04990201	0.14868620	-8.26441300
0.05490201	0.15289770	-7.81884200
0.05990201	0.15662100	-7.91039800
0.06490201	0.16083250	-7.93481200
0.06990201	0.16455580	-7.93481200
0.07490201	0.16876740	-7.91039800
0.07990201	0.17249060	-7.81884200
0.08490201	0.17670220	-8.28882700
0.08990201	0.18042540	-9.30814500
0.09490201	0.18463700	-9.25931500
0.09990201	0.18836020	-8.05688600
0.10490201	0.19257180	-8.47804300
0.10990201	0.19629510	-10.42512000
0.11490201	0.20050660	-11.34068000
0.11990201	0.20422990	-11.15757000
0.12490201	0.20856350	-11.10874000
0.12990201	0.21274450	-11.10874000
0.13490201	0.21472820	-11.10874000
0.13990201	0.21381270	-11.10874000
0.14490201	0.21591850	-11.08432000
0.14990201	0.22055730	-10.99277000
0.15490201	0.22266300	-11.46275000
0.15990201	0.22174750	-12.48207000
0.16490201	0.22373120	-12.50648000
0.16990201	0.22791220	-11.57872000
0.17490201	0.23236790	-10.66317000
0.17990201	0.23654900	-9.82696000
0.18490201	0.23853270	-9.40580500
0.18990201	0.23761710	-9.49735900
0.19490201	0.23972290	-9.54619000
0.19990201	0.24436170	-9.63774600
0.20490201	0.24658960	-9.19217500
0.20990201	0.24613180	-8.26441300
0.21490201	0.24588760	-7.81884200
0.21990201	0.24542990	-7.91039800
0.22490201	0.24765770	-7.93481200
0.22990201	0.25229650	-7.93481200
0.23490201	0.25452440	-7.93481200
0.23990201	0.25406660	-7.93481200
0.24490201	0.25394450	-7.93481200
0.24990201	0.25394450	-7.93481200
0.25490201	0.25382240	-7.95922800
0.25990201	0.25336470	-8.05078300
0.26490201	0.25559250	-7.58079800
0.26990201	0.26023130	-6.56148000
0.27490201	0.26245920	-6.56148000
0.27990201	0.26200140	-7.58079800
0.28490201	0.26187930	-8.05078300
0.28990201	0.26187930	-7.95922800
0.29490201	0.26175730	-7.93481200
0.29990201	0.26129950	-7.93481200
0.30490201	0.26352730	-7.91039800
0.30990201	0.26816620	-7.81884200
0.31490201	0.27039400	-8.26441300
0.31990201	0.26993620	-9.19217500
0.32490201	0.26981410	-9.63774600
0.32990201	0.26981410	-9.54619000
0.33490201	0.26981410	-9.52177400
0.33990201	0.26981410	-9.52177400
0.34490201	0.26981410	-9.52177400
0.34990201	0.26981410	-9.52177400
0.35490201	0.26981410	-9.52177400
0.35990201	0.26981410	-9.52177400
0.36490201	0.26993620	-9.52177400
0.36990201	0.27039400	-9.52177400
0.37490201	0.26804410	-9.52177400
0.37990201	0.26294750	-9.52177400
0.38490201	0.26306950	-9.54619000
0.38990201	0.26862390	-9.63774600
0.39490201	0.26874600	-9.21658900
0.39990201	0.26364940	-8.38038300
0.40490201	0.26117740	-7.48924200
0.40990201	0.26117740	-6.65303500
0.41490201	0.26364940	-6.20746500
0.41990201	0.26874600	-6.20746500
0.42490201	0.26874600	-6.70186400
0.42990201	0.26364940	-7.72118300
0.43490201	0.26129950	-7.72118300
0.43990201	0.26175730	-6.70186400
0.44490201	0.26187930	-6.23187900
0.44990201	0.26187930	-6.32343500
0.45490201	0.26175730	-6.34785000
0.45990201	0.26129950	-6.34785000
0.46490201	0.26364940	-6.34785000
0.46990201	0.26874600	-6.34785000
0.47490201	0.26874600	-6.34785000
0.47990201	0.26364940	-6.34785000
0.48490201	0.26129950	-6.34785000
0.48990201	0.26175730	-6.34785000
0.49490201	0.26187930	-6.34785000
0.49990201	0.26187930	-6.34785000
0.50490201	0.26187930	-6.34785000
0.50990201	0.26187930	-6.34785000
0.51490201	0.26187930	-6.34785000
0.51990201	0.26187930	-6.34785000
0.52490201	0.26187930	-6.34785000
0.52990201	0.26187930	-6.34785000
0.53490201	0.26187930	-6.37226500
0.53990201	0.26187930	-6.46382000
0.54490201	0.26187930	-6.01825000
0.54990201	0.26187930	-5.09048700
0.55490201	0.26187930	-4.62050200
0.55990201	0.26187930	-4.62050200
0.56490201	0.26200140	-5.09048700
0.56990201	0.26245920	-6.01825000
0.57490201	0.26023130	-6.46382000
0.57990201	0.25559250	-6.37226500
0.58490201	0.25336470	-6.37226500
0.58990201	0.25382240	-6.46382000
0.59490201	0.25394450	-6.01825000
0.59990201	0.25394450	-5.09048700
0.60490201	0.25406660	-4.64491700
0.60990201	0.25452440	-4.73647300
0.61490201	0.25229650	-4.76088700
0.61990201	0.24765770	-4.76088700
0.62490201	0.24542990	-4.78530200
0.62990201	0.24588760	-4.87685800
0.63490201	0.24613180	-4.40687300
0.63990201	0.24658960	-3.38755500
0.64490201	0.24436170	-3.41196900
0.64990201	0.23972290	-4.52284300
0.65490201	0.23749500	-4.54725700
0.65990201	0.23795280	-3.52794000
0.66490201	0.23807490	-3.05795500
0.66990201	0.23807490	-3.14951000
0.67490201	0.23819700	-3.17392500
0.67990201	0.23865470	-3.17392500
0.68490201	0.23642690	-3.17392500
0.68990201	0.23178810	-3.17392500
0.69490201	0.22956020	-3.17392500
0.69990201	0.23001800	-3.17392500
0.70490201	0.23026220	-3.17392500
0.70990201	0.23071990	-3.17392500
0.71490201	0.22849210	-3.14951000
0.71990201	0.22385330	-3.05795500
0.72490201	0.22162540	-3.52794000
0.72990201	0.22208320	-4.54725700
0.73490201	0.22220530	-4.52284300
0.73990201	0.22220530	-3.41196900
0.74490201	0.22220530	-3.41196900
0.74990201	0.22220530	-4.52284300
0.75490201	0.22232730	-4.54725700
0.75990201	0.22278510	-3.52794000
0.76490201	0.22055730	-3.05795500
0.76990201	0.21591850	-3.14951000
0.77490201	0.21369060	-3.19834000
0.77990201	0.21414840	-3.28989500
0.78490201	0.21427050	-2.81991000
0.78990201	0.21427050	-1.80059200
0.79490201	0.21427050	-1.82500700
0.79990201	0.21427050	-2.93588100
0.80490201	0.21427050	-2.96029500
0.80990201	0.21427050	-1.94097700
0.81490201	0.21427050	-1.47099200
0.81990201	0.21427050	-1.56254800
0.82490201	0.21427050	-1.58696200
0.82990201	0.21427050	-1.58696200
0.83490201	0.21439250	-1.58696200
0.83990201	0.21485030	-1.58696200
0.84490201	0.21262240	-1.58696200
0.84990201	0.20798360	-1.58696200
0.85490201	0.20575580	-1.58696200
0.85990201	0.20621360	-1.58696200
0.86490201	0.20633560	-1.58696200
0.86990201	0.20633560	-1.58696200
0.87490201	0.20633560	-1.58696200
0.87990201	0.20633560	-1.58696200
0.88490201	0.20633560	-1.58696200
0.88990201	0.20633560	-1.58696200
0.89490201	0.20633560	-1.58696200
0.89990201	0.20633560	-1.58696200
0.90490201	0.20645770	-1.58696200
0.90990201	0.20691550	-1.58696200
0.91490201	0.20468760	-1.58696200
0.91990201	0.20004880	-1.58696200
0.92490201	0.19782100	-1.61137700
0.92990201	0.19827880	-1.70293300
0.93490201	0.19840080	-1.23294800
0.93990201	0.19840080	-0.21362960
0.94490201	0.19840080	-0.21362960
0.94990201	0.19840080	-1.23294800
0.95490201	0.19840080	-1.72734800
0.95990201	0.19840080	-1.72734800
0.96490201	0.19840080	-1.28177700
0.96990201	0.19840080	-0.44557020
0.97490201	0.19852290	0.44557020
0.97990201	0.19898070	1.28177700
0.98490201	0.19675280	1.72734800
0.98990201	0.19211400	1.72734800
0.99490201	0.18988620	1.25736300
0.99990201	0.19034390	0.32959990
1.00490201	0.19046600	-0.11597030
1.00990201	0.19046600	-0.02441481
1.01490201	0.19046600	-0.02441481
1.01990201	0.19046600	-0.11597030
1.02490201	0.19046600	0.32959990
1.02990201	0.19046600	1.25736300
1.03490200	0.19046600	1.72734800
1.03990200	0.19046600	1.72734800
1.04490200	0.19046600	1.23294800
1.04990200	0.19046600	0.21362960
1.05490200	0.19058810	0.21362960
1.05990200	0.19104590	1.23294800
1.06490200	0.18881800	1.67851800
1.06990200	0.18417920	1.49540700
1.07490200	0.18195140	1.94097700
1.07990200	0.18240910	2.96029500
1.08490200	0.18253120	2.96029500
1.08990200	0.18253120	1.94097700
1.09490200	0.18253120	1.47099200
1.09990200	0.18253120	1.56254800
1.10490200	0.18253120	1.58696200
1.10990200	0.18253120	1.58696200
1.11490200	0.18253120	1.58696200
1.11990200	0.18253120	1.58696200
1.12490200	0.18253120	1.61137700
1.12990200	0.18253120	1.70293300
1.13490200	0.18265330	1.25736300
1.13990200	0.18311110	0.32959990
1.14490200	0.18088320	-0.11597030
1.14990200	0.17624440	-0.02441481
1.15490200	0.17401650	0.00000000
1.15990200	0.17447430	0.00000000
1.16490200	0.17459640	0.00000000
1.16990200	0.17459640	0.00000000
1.17490200	0.17459640	0.00000000
1.17990200	0.17459640	0.00000000
1.18490200	0.17459640	0.00000000
1.18990200	0.17459640	0.00000000
1.19490200	0.17459640	0.00000000
1.19990200	0.17459640	0.00000000
1.20490200	0.17459640	0.00000000
1.20990200	0.17459640	0.00000000
1.21490200	0.17459640	-0.02441481
1.21990200	0.17459640	-0.11597030
1.22490200	0.17471850	0.32959990
1.22990200	0.17517620	1.25736300
1.23490200	0.17294840	1.70293300
1.23990200	0.16830960	1.61137700
1.24490200	0.16608170	1.56254800
1.24990200	0.16653950	1.47099200
1.25490200	0.16666160	1.94097700
1.25990200	0.16666160	2.96029500
1.26490200	0.16666160	2.96029500
1.26990200	0.16666160	1.94097700
1.27490200	0.16666160	1.47099200
1.27990200	0.16666160	1.56254800
1.28490200	0.16666160	1.56254800
1.28990200	0.16666160	1.47099200
1.29490200	0.16666160	1.91656200
1.29990200	0.16666160	2.84432500
1.30490200	0.16666160	3.28989500
1.30990200	0.16666160	3.19834000
1.31490200	0.16666160	3.17392500
1.31990200	0.16666160	3.17392500
1.32490200	0.16678370	3.17392500
1.32990200	0.16724140	3.17392500
1.33490200	0.16501360	3.17392500
1.33990200	0.16037480	3.17392500
1.34490200	0.15814690	3.17392500
1.34990200	0.15860470	3.17392500
1.35490200	0.15872680	3.17392500
1.35990200	0.15872680	3.17392500
1.36490200	0.15872680	3.14951000
1.36990200	0.15872680	3.05795500
1.37490200	0.15872680	3.50352500
1.37990200	0.15872680	4.43128700
1.38490200	0.15872680	4.90127200
1.38990200	0.15872680	4.90127200
1.39490200	0.15872680	4.43128700
1.39990200	0.15872680	3.50352500
1.40490200	0.15884880	3.05795500
1.40990200	0.15930660	3.14951000
1.41490200	0.15695670	3.17392500
1.41990200	0.15186010	3.17392500
1.42490200	0.15198220	3.17392500
1.42990200	0.15753660	3.17392500
1.43490200	0.15765860	3.14951000
1.43990200	0.15256200	3.05795500
1.44490200	0.15021210	3.52794000
1.44990200	0.15066990	4.54725700
1.45490200	0.15079200	4.54725700
1.45990200	0.15079200	3.52794000
1.46490200	0.15079200	3.08237000
1.46990200	0.15079200	3.26548100
1.47490200	0.15079200	2.79549500
1.47990200	0.15079200	1.68462200
1.48490200	0.15079200	2.17902200
1.48990200	0.15079200	4.30921400
1.49490200	0.15079200	4.30921400
1.49990200	0.15079200	2.17902200
1.50490200	0.15079200	1.70903700
1.50990200	0.15079200	2.91146600
1.51490200	0.15091400	2.96029500
1.51990200	0.15137180	1.94097700
1.52490200	0.14914390	1.47099200
1.52990200	0.14450510	1.56254800
1.53490200	0.14227730	1.58696200
1.53990200	0.14273510	1.58696200
1.54490200	0.14285710	1.56254800
1.54990200	0.14285710	1.47099200
1.55490200	0.14285710	1.91656200
1.55990200	0.14285710	2.84432500
1.56490200	0.14285710	3.28989500
1.56990200	0.14285710	3.19834000
1.57490200	0.14285710	3.17392500
1.57990200	0.14285710	3.17392500
1.58490200	0.14285710	3.14951000
1.58990200	0.14285710	3.05795500
1.59490200	0.14285710	3.50352500
1.59990200	0.14285710	4.43128700
1.60490200	0.14285710	4.85244300
1.60990200	0.14285710	4.66933200
1.61490200	0.14297920	5.11490200
1.61990200	0.14343700	6.13422100
1.62490200	0.14120910	6.13422100
1.62990200	0.13653980	5.11490200
1.63490200	0.13431200	4.64491700
1.63990200	0.13476970	4.73647300
1.64490200	0.13489180	4.76088700
1.64990200	0.13489180	4.76088700
1.65490200	0.13489180	4.73647300
1.65990200	0.13489180	4.64491700
1.66490200	0.13489180	5.09048700
1.66990200	0.13489180	6.01825000
1.67490200	0.13489180	6.48823500
1.67990200	0.13489180	6.48823500
1.68490200	0.13489180	5.99383500
1.68990200	0.13489180	4.97451700
1.69490200	0.13489180	5.02334600
1.69990200	0.13489180	6.22577600
1.70490200	0.13489180	5.78020600
1.70990200	0.13489180	3.74156900
1.71490200	0.13501390	3.29599900
1.71990200	0.13547170	4.49842800
1.72490200	0.13312170	4.52284300
1.72990200	0.12802510	3.41196900
1.73490200	0.12814720	3.41196900
1.73990200	0.13370160	4.52284300
1.74490200	0.13382370	4.54725700
1.74990200	0.12872710	3.52794000
1.75490200	0.12637720	3.05795500
1.75990200	0.12683490	3.14951000
1.76490200	0.12695700	3.17392500
1.76990200	0.12695700	3.17392500
1.77490200	0.12695700	3.19834000
1.77990200	0.12695700	3.28989500
1.78490200	0.12695700	2.84432500
1.78990200	0.12695700	1.91656200
1.79490200	0.12695700	1.47099200
1.79990200	0.12695700	1.56254800
1.80490200	0.12695700	1.58696200
1.80990200	0.12695700	1.58696200
1.81490200	0.12695700	1.58696200
1.81990200	0.12695700	1.58696200
1.82490200	0.12695700	1.56254800
1.82990200	0.12695700	1.47099200
1.83490200	0.12695700	1.91656200
1.83990200	0.12695700	2.84432500
1.84490200	0.12695700	3.28989500
1.84990200	0.12695700	3.19834000
1.85490200	0.12707910	3.17392500
1.85990200	0.12753680	3.17392500
1.86490200	0.12530900	3.17392500
1.86990200	0.12067020	3.17392500
1.87490200	0.11844230	3.17392500
1.87990200	0.11890010	3.17392500
1.88490200	0.11902220	3.17392500
1.88990200	0.11902220	3.17392500
1.89490200	0.11902220	3.17392500
1.89990200	0.11902220	3.17392500
1.90490200	0.11902220	3.17392500
1.90990200	0.11902220	3.17392500
1.91490200	0.11902220	3.19834000
1.91990200	0.11902220	3.28989500
1.92490200	0.11902220	2.84432500
1.92990200	0.11902220	1.91656200
1.93490200	0.11902220	1.47099200
1.93990200	0.11902220	1.56254800
1.94490200	0.11902220	1.58696200
1.94990200	0.11902220	1.58696200
1.95490200	0.11902220	1.58696200
1.95990200	0.11902220	1.58696200
1.96490200	0.11902220	1.58696200
1.96990200	0.11902220	1.58696200
1.97490200	0.11902220	1.56254800
1.97990200	0.11902220	1.47099200
1.98490200	0.11902220	1.94097700
1.98990200	0.11902220	2.96029500
1.99490200	0.11914430	2.93588100
1.99990200	0.11960200	1.82500700
2.00490200	0.11737420	1.80059200
2.00990200	0.11273540	2.81991000
2.01490200	0.11050750	3.26548100
2.01990200	0.11096530	3.08237000
2.02490200	0.11108740	3.52794000
2.02990200	0.11108740	4.54725700
2.03490200	0.11108740	4.54725700
2.03990200	0.11108740	3.52794000
2.04490200	0.11108740	3.05795500
2.04990200	0.11108740	3.14951000
2.05490200	0.11108740	3.19834000
2.05990200	0.11108740	3.28989500
2.06490200	0.11108740	2.84432500
2.06990200	0.11108740	1.91656200
2.07490200	0.11108740	1.47099200
2.07990200	0.11108740	1.56254800
2.08490200	0.11108740	1.56254800
2.08990200	0.11108740	1.47099200
2.09490200	0.11108740	1.94097700
2.09990200	0.11108740	2.96029500
2.10490200	0.11108740	2.96029500
2.10990200	0.11108740	1.94097700
2.11490200	0.11108740	1.42216300
2.11990200	0.11108740	1.33060700
2.12490200	0.11120950	2.24616200
2.12990200	0.11166720	4.10168800
2.13490200	0.10943940	4.99282800
2.13990200	0.10480060	4.80971700
2.14490200	0.10257270	4.76088700
2.14990200	0.10303050	4.76088700
2.15490200	0.10315260	4.76088700
2.15990200	0.10315260	4.76088700
2.16490200	0.10315260	4.76088700
2.16990200	0.10315260	4.76088700
2.17490200	0.10315260	4.76088700
2.17990200	0.10315260	4.76088700
2.18490200	0.10315260	4.76088700
2.18990200	0.10315260	4.76088700
2.19490200	0.10315260	4.73647300
2.19990200	0.10315260	4.64491700
2.20490200	0.10315260	5.09048700
2.20990200	0.10315260	6.01825000
2.21490200	0.10315260	6.48823500
2.21990200	0.10315260	6.48823500
2.22490200	0.10315260	6.01825000
2.22990200	0.10315260	5.09048700
2.23490200	0.10315260	4.62050200
2.23990200	0.10315260	4.62050200
2.24490200	0.10315260	5.09048700
2.24990200	0.10315260	6.01825000
2.25490200	0.10327460	6.46382000
2.25990200	0.10373240	6.37226500
2.26490200	0.10150460	6.37226500
2.26990200	0.09686575	6.46382000
2.27490200	0.09463790	5.99383500
2.27990200	0.09509568	4.97451700
2.28490200	0.09521775	4.97451700
2.28990200	0.09521775	5.99383500
2.29490200	0.09521775	6.46382000
2.29990200	0.09521775	6.37226500
2.30490200	0.09521775	6.37226500
2.30990200	0.09521775	6.46382000
2.31490200	0.09521775	6.01825000
2.31990200	0.09521775	5.09048700
2.32490200	0.09521775	4.62050200
2.32990200	0.09521775	4.62050200
2.33490200	0.09521775	5.11490200
2.33990200	0.09521775	6.13422100
2.34490200	0.09521775	6.15863500
2.34990200	0.09521775	5.23087300
2.35490200	0.09521775	4.29090200
2.35990200	0.09521775	3.36314000
2.36490200	0.09521775	3.38755500
2.36990200	0.09521775	4.40687300
2.37490200	0.09521775	4.87685800
2.37990200	0.09521775	4.78530200
2.38490200	0.09521775	4.78530200
2.38990200	0.09521775	4.87685800
2.39490200	0.09521775	4.43128700
2.39990200	0.09521775	3.50352500
2.40490200	0.09533982	3.05795500
2.40990200	0.09579760	3.14951000
2.41490200	0.09356975	3.17392500
2.41990200	0.08893093	3.17392500
2.42490200	0.08670308	3.17392500
2.42990200	0.08716086	3.17392500
2.43490200	0.08728294	3.17392500
2.43990200	0.08728294	3.17392500
2.44490200	0.08728294	3.14951000
2.44990200	0.08728294	3.05795500
2.45490200	0.08728294	3.52794000
2.45990200	0.08728294	4.54725700
2.46490200	0.08728294	4.54725700
2.46990200	0.08728294	3.52794000
2.47490200	0.08728294	3.05795500
2.47990200	0.08728294	3.14951000
2.48490200	0.08728294	3.19834000
2.48990200	0.08728294	3.28989500
2.49490200	0.08728294	2.81991000
2.49990200	0.08728294	1.80059200
2.50490200	0.08728294	1.77617700
2.50990200	0.08728294	2.70394000
2.51490200	0.08728294	3.66832500
2.51990200	0.08728294	4.68764300
2.52490200	0.08728294	4.21765800
2.52990200	0.08728294	2.27057700
2.53490200	0.08728294	1.35502200
2.53990200	0.08728294	1.53813300
2.54490200	0.08728294	1.56254800
2.54990200	0.08728294	1.47099200
2.55490200	0.08728294	1.91656200
2.55990200	0.08728294	2.84432500
2.56490200	0.08728294	3.28989500
2.56990200	0.08728294	3.19834000
2.57490200	0.08740501	3.17392500
2.57990200	0.08786279	3.17392500
2.58490200	0.08563494	3.19834000
2.58990200	0.08099613	3.28989500
2.59490200	0.07876828	2.84432500
2.59990200	0.07922605	1.91656200
2.60490200	0.07934812	1.44657700
2.60990200	0.07934812	1.44657700
2.61490200	0.07934812	1.94097700
2.61990200	0.07934812	2.96029500
2.62490200	0.07934812	2.96029500
2.62990200	0.07934812	1.94097700
2.63490200	0.07934812	1.47099200
2.63990200	0.07934812	1.56254800
2.64490200	0.07934812	1.58696200
2.64990200	0.07934812	1.58696200
2.65490200	0.07934812	1.58696200
2.65990200	0.07934812	1.58696200
2.66490200	0.07934812	1.58696200
2.66990200	0.07934812	1.58696200
2.67490200	0.07934812	1.58696200
2.67990199	0.07934812	1.58696200
2.68490199	0.07934812	1.58696200
2.68990199	0.07934812	1.58696200
2.69490199	0.07934812	1.58696200
2.69990199	0.07934812	1.58696200
2.70490199	0.07934812	1.58696200
2.70990199	0.07934812	1.58696200
2.71490199	0.07934812	1.58696200
2.71990199	0.07934812	1.58696200
2.72490199	0.07934812	1.58696200
2.72990199	0.07934812	1.58696200
2.73490199	0.07934812	1.56254800
2.73990199	0.07934812	1.47099200
2.74490199	0.07934812	1.91656200
2.74990199	0.07934812	2.84432500
2.75490199	0.07934812	3.28989500
2.75990199	0.07934812	3.19834000
2.76490199	0.07934812	3.17392500
2.76990199	0.07934812	3.17392500
2.77490199	0.07947020	3.17392500
2.77990199	0.07992797	3.17392500
2.78490199	0.07770012	3.17392500
2.78990199	0.07306131	3.17392500
2.79490199	0.07083346	3.17392500
2.79990199	0.07129124	3.17392500
2.80490199	0.07141331	3.17392500
2.80990199	0.07141331	3.17392500
2.81490199	0.07141331	3.17392500
2.81990199	0.07141331	3.17392500
2.82490199	0.07141331	3.17392500
2.82990199	0.07141331	3.17392500
2.83490199	0.07141331	3.17392500
2.83990199	0.07141331	3.17392500
2.84490199	0.07141331	3.17392500
2.84990199	0.07141331	3.17392500
2.85490199	0.07141331	3.17392500
2.85990199	0.07141331	3.17392500
2.86490199	0.07141331	3.17392500
2.86990199	0.07141331	3.17392500
2.87490199	0.07141331	3.17392500
2.87990199	0.07141331	3.17392500
2.88490199	0.07141331	3.14951000
2.88990199	0.07141331	3.05795500
2.89490199	0.07141331	3.50352500
2.89990199	0.07141331	4.43128700
2.90490199	0.07141331	4.87685800
2.90990199	0.07141331	4.78530200
2.91490199	0.07141331	4.76088700
2.91990199	0.07141331	4.76088700
2.92490199	0.07141331	4.76088700
2.92990199	0.07141331	4.76088700
2.93490199	0.07141331	4.76088700
2.93990199	0.07141331	4.76088700
2.94490199	0.07141331	4.76088700
2.94990199	0.07141331	4.76088700
2.95490199	0.07141331	4.76088700
2.95990199	0.07141331	4.76088700
2.96490199	0.07141331	4.78530200
2.96990199	0.07141331	4.87685800
2.97490199	0.07153539	4.43128700
2.97990199	0.07199316	3.50352500
2.98490199	0.06976531	3.05795500
2.98990199	0.06512650	3.14951000
2.99490199	0.06289865	3.17392500
2.99990199	0.06335643	3.17392500
3.00490199	0.06347850	3.17392500
3.00990199	0.06347850	3.17392500
3.01490199	0.06347850	3.14951000
3.01990199	0.06347850	3.05795500
3.02490199	0.06347850	3.50352500
3.02990199	0.06347850	4.43128700
3.03490199	0.06347850	4.87685800
3.03990199	0.06347850	4.78530200
3.04490199	0.06347850	4.76088700
3.04990199	0.06347850	4.76088700
3.05490199	0.06347850	4.73647300
3.05990199	0.06347850	4.64491700
3.06490199	0.06347850	5.11490200
3.06990199	0.06347850	6.13422100
3.07490199	0.06347850	6.13422100
3.07990199	0.06347850	5.11490200
3.08490199	0.06347850	4.64491700
3.08990199	0.06347850	4.73647300
3.09490199	0.06347850	4.76088700
3.09990199	0.06347850	4.76088700
3.10490199	0.06347850	4.76088700
3.10990199	0.06347850	4.76088700
3.11490199	0.06347850	4.76088700
3.11990199	0.06347850	4.76088700
3.12490199	0.06347850	4.80971700
3.12990199	0.06347850	4.99282800
3.13490199	0.06347850	4.07727300
3.13990199	0.06347850	2.13019200
3.14490199	0.06347850	1.66020700
3.14990199	0.06347850	2.67952500
3.15490199	0.06347850	3.64391000
3.15990199	0.06347850	4.57167300
3.16490199	0.06347850	4.54725700
3.16990199	0.06347850	3.52794000
3.17490199	0.06347850	3.05795500
3.17990199	0.06347850	3.14951000
3.18490199	0.06347850	3.17392500
3.18990199	0.06347850	3.17392500
3.19490199	0.06347850	3.17392500
3.19990199	0.06347850	3.17392500
3.20490199	0.06347850	3.19834000
3.20990199	0.06347850	3.28989500
3.21490199	0.06360057	2.81991000
3.21990199	0.06405835	1.80059200
3.22490199	0.06183050	1.80059200
3.22990199	0.05719168	2.81991000
3.23490199	0.05496383	3.28989500
3.23990199	0.05542161	3.19834000
3.24490199	0.05554369	3.14951000
3.24990199	0.05554369	3.05795500
3.25490199	0.05554369	3.50352500
3.25990199	0.05554369	4.43128700
3.26490199	0.05554369	4.90127200
3.26990199	0.05554369	4.90127200
3.27490199	0.05554369	4.40687300
3.27990199	0.05554369	3.38755500
3.28490199	0.05554369	3.41196900
3.28990199	0.05554369	4.52284300
3.29490199	0.05554369	4.52284300
3.29990199	0.05554369	3.41196900
3.30490199	0.05554369	3.38755500
3.30990199	0.05554369	4.40687300
3.31490199	0.05554369	4.87685800
3.31990199	0.05554369	4.78530200
3.32490199	0.05554369	4.73647300
3.32990199	0.05554369	4.64491700
3.33490199	0.05554369	5.09048700
3.33990199	0.05554369	6.01825000
3.34490199	0.05554369	6.48823500
3.34990199	0.05554369	6.48823500
3.35490199	0.05554369	5.99383500
3.35990199	0.05554369	4.97451700
3.36490199	0.05554369	4.99893200
3.36990199	0.05554369	6.10980600
3.37490199	0.05554369	6.13422100
3.37990199	0.05554369	5.11490200
3.38490199	0.05554369	4.64491700
3.38990199	0.05554369	4.73647300
3.39490199	0.05554369	4.78530200
3.39990199	0.05554369	4.87685800
3.40490199	0.05554369	4.40687300
3.40990199	0.05554369	3.38755500
3.41490199	0.05554369	3.38755500
3.41990199	0.05554369	4.40687300
3.42490199	0.05554369	4.90127200
3.42990199	0.05554369	4.90127200
3.43490199	0.05554369	4.40687300
3.43990199	0.05554369	3.38755500
3.44490199	0.05554369	3.38755500
3.44990199	0.05554369	4.40687300
3.45490199	0.05554369	4.87685800
3.45990199	0.05554369	4.78530200
3.46490199	0.05554369	4.76088700
3.46990199	0.05554369	4.76088700
3.47490199	0.05554369	4.76088700
3.47990199	0.05554369	4.76088700
3.48490199	0.05554369	4.73647300
3.48990199	0.05554369	4.64491700
3.49490199	0.05554369	5.11490200
3.49990199	0.05554369	6.13422100
3.50490199	0.05554369	6.13422100
3.50990199	0.05554369	5.11490200
3.51490199	0.05566576	4.64491700
3.51990199	0.05612354	4.73647300
3.52490199	0.05377361	4.78530200
3.52990199	0.04867702	4.87685800
3.53490199	0.04879910	4.40687300
3.53990199	0.05435346	3.38755500
3.54490199	0.05447554	3.41196900
3.54990199	0.04937895	4.52284300
3.55490199	0.04702902	4.54725700
3.55990199	0.04748680	3.52794000
3.56490199	0.04760887	3.05795500
3.56990199	0.04760887	3.14951000
3.57490199	0.04760887	3.17392500
3.57990199	0.04760887	3.17392500
3.58490199	0.04760887	3.17392500
3.58990199	0.04760887	3.17392500
3.59490199	0.04760887	3.17392500
3.59990199	0.04760887	3.17392500
3.60490199	0.04760887	3.17392500
3.60990199	0.04760887	3.17392500
3.61490199	0.04760887	3.17392500
3.61990199	0.04760887	3.17392500
3.62490199	0.04760887	3.14951000
3.62990199	0.04760887	3.05795500
3.63490199	0.04760887	3.52794000
3.63990199	0.04760887	4.54725700
3.64490199	0.04760887	4.52284300
3.64990199	0.04760887	3.41196900
3.65490199	0.04760887	3.38755500
3.65990199	0.04760887	4.40687300
3.66490199	0.04760887	4.87685800
3.66990199	0.04760887	4.78530200
3.67490199	0.04760887	4.78530200
3.67990199	0.04760887	4.87685800
3.68490199	0.04760887	4.43128700
3.68990199	0.04760887	3.50352500
3.69490199	0.04760887	3.05795500
3.69990199	0.04760887	3.14951000
3.70490199	0.04760887	3.14951000
3.70990199	0.04760887	3.05795500
3.71490199	0.04760887	3.52794000
3.71990199	0.04760887	4.54725700
3.72490199	0.04760887	4.54725700
3.72990199	0.04760887	3.52794000
3.73490199	0.04760887	3.05795500
3.73990199	0.04760887	3.14951000
3.74490199	0.04760887	3.17392500
3.74990199	0.04760887	3.17392500
3.75490199	0.04760887	3.17392500
3.75990199	0.04760887	3.17392500
3.76490199	0.04760887	3.14951000
3.76990199	0.04760887	3.05795500
3.77490199	0.04760887	3.50352500
3.77990199	0.04760887	4.43128700
3.78490199	0.04760887	4.90127200
3.78990199	0.04760887	4.90127200
3.79490199	0.04760887	4.43128700
3.79990199	0.04760887	3.50352500
3.80490199	0.04760887	3.08237000
3.80990199	0.04760887	3.26548100
3.81490199	0.04760887	2.84432500
3.81990199	0.04760887	1.91656200
3.82490199	0.04760887	1.44657700
3.82990199	0.04760887	1.44657700
3.83490199	0.04760887	1.91656200
3.83990199	0.04760887	2.84432500
3.84490199	0.04760887	3.28989500
3.84990199	0.04760887	3.19834000
3.85490199	0.04773095	3.17392500
3.85990199	0.04818873	3.17392500
3.86490199	0.04583880	3.17392500
3.86990199	0.04074221	3.17392500
3.87490199	0.04086429	3.17392500
3.87990199	0.04641865	3.17392500
3.88490199	0.04654073	3.14951000
3.88990199	0.04144414	3.05795500
3.89490199	0.03909421	3.50352500
3.89990199	0.03955199	4.43128700
3.90490199	0.03967406	4.87685800
3.90990199	0.03967406	4.78530200
3.91490199	0.03967406	4.76088700
3.91990199	0.03967406	4.76088700
3.92490199	0.03967406	4.76088700
3.92990199	0.03967406	4.76088700
3.93490199	0.03967406	4.78530200
3.93990199	0.03967406	4.87685800
3.94490199	0.03967406	4.43128700
3.94990199	0.03967406	3.50352500
3.95490199	0.03967406	3.03354000
3.95990199	0.03967406	3.03354000
3.96490199	0.03967406	3.50352500
3.96990199	0.03967406	4.43128700
3.97490199	0.03967406	4.90127200
3.97990199	0.03967406	4.90127200
3.98490199	0.03967406	4.43128700
3.98990199	0.03967406	3.50352500
3.99490199	0.03967406	3.05795500
3.99990199	0.03967406	3.14951000
4.00490199	0.03967406	3.17392500
4.00990199	0.03967406	3.17392500
4.01490199	0.03967406	3.14951000
4.01990199	0.03967406	3.05795500
4.02490199	0.03967406	3.52794000
4.02990199	0.03967406	4.54725700
4.03490199	0.03967406	4.54725700
4.03990199	0.03967406	3.52794000
4.04490199	0.03967406	3.05795500
4.04990199	0.03967406	3.14951000
4.05490199	0.03967406	3.17392500
4.05990199	0.03967406	3.17392500
4.06490199	0.03967406	3.19834000
4.06990199	0.03967406	3.28989500
4.07490199	0.03967406	2.81991000
4.07990199	0.03967406	1.80059200
4.08490199	0.03967406	1.80059200
4.08990199	0.03967406	2.81991000
4.09490199	0.03967406	3.31431000
4.09990199	0.03967406	3.31431000
4.10490199	0.03967406	2.84432500
4.10990199	0.03967406	1.91656200
4.11490199	0.03967406	1.44657700
4.11990199	0.03967406	1.44657700
4.12490199	0.03967406	1.94097700
4.12990199	0.03967406	2.96029500
4.13490199	0.03967406	2.93588100
4.13990199	0.03967406	1.82500700
4.14490199	0.03967406	1.82500700
4.14990199	0.03967406	2.93588100
4.15490199	0.03967406	2.93588100
4.15990199	0.03967406	1.82500700
4.16490199	0.03967406	1.80059200
4.16990199	0.03967406	2.81991000
4.17490199	0.03967406	3.28989500
4.17990199	0.03967406	3.19834000
4.18490199	0.03967406	3.17392500
4.18990199	0.03967406	3.17392500
4.19490199	0.03967406	3.17392500
4.19990199	0.03967406	3.17392500
4.20490199	0.03967406	3.17392500
4.20990199	0.03967406	3.17392500
4.21490199	0.03967406	3.17392500
4.21990199	0.03967406	3.17392500
4.22490199	0.03967406	3.14951000
4.22990199	0.03967406	3.05795500
4.23490199	0.03967406	3.50352500
4.23990199	0.03967406	4.43128700
4.24490199	0.03979614	4.90127200
4.24990199	0.04025391	4.90127200
4.25490199	0.03802606	4.43128700
4.25990199	0.03338725	3.50352500
4.26490199	0.03103732	3.03354000
4.26990199	0.03103732	3.03354000
4.27490199	0.03350932	3.52794000
4.27990199	0.03860591	4.54725700
4.28490199	0.03860591	4.52284300
4.28990199	0.03350932	3.41196900
4.29490199	0.03115940	3.38755500
4.29990199	0.03161718	4.40687300
4.30490199	0.03173925	4.90127200
4.30990199	0.03173925	4.90127200
4.31490199	0.03173925	4.43128700
4.31990199	0.03173925	3.50352500
4.32490198	0.03173925	3.05795500
4.32990198	0.03173925	3.14951000
4.33490198	0.03173925	3.14951000
4.33990198	0.03173925	3.05795500
4.34490198	0.03173925	3.50352500
4.34990198	0.03173925	4.43128700
4.35490198	0.03173925	4.90127200
4.35990198	0.03173925	4.90127200
4.36490198	0.03173925	4.43128700
4.36990198	0.03173925	3.50352500
4.37490198	0.03173925	3.05795500
4.37990198	0.03173925	3.14951000
4.38490198	0.03173925	3.17392500
4.38990198	0.03173925	3.17392500
4.39490198	0.03173925	3.17392500
4.39990198	0.03173925	3.17392500
4.40490198	0.03173925	3.17392500
4.40990198	0.03173925	3.17392500
4.41490198	0.03173925	3.17392500
4.41990198	0.03173925	3.17392500
4.42490198	0.03173925	3.17392500
4.42990198	0.03173925	3.17392500
4.43490198	0.03173925	3.17392500
4.43990198	0.03173925	3.17392500
4.44490198	0.03173925	3.14951000
4.44990198	0.03173925	3.05795500
4.45490198	0.03173925	3.52794000
4.45990198	0.03173925	4.54725700
4.46490198	0.03173925	4.52284300
4.46990198	0.03173925	3.41196900
4.47490198	0.03173925	3.41196900
4.47990198	0.03173925	4.52284300
4.48490198	0.03173925	4.52284300
4.48990198	0.03173925	3.41196900
4.49490198	0.03173925	3.38755500
4.49990198	0.03173925	4.40687300
4.50490198	0.03173925	4.82802800
4.50990198	0.03173925	4.55336100
4.51490198	0.03173925	5.35294700
4.51990198	0.03173925	6.92159800
4.52490198	0.03173925	9.06399600
4.52990198	0.03173925	11.28574000
4.53490198	0.03173925	14.20331000
4.53990198	0.03173925	16.97439000
4.54490198	0.03173925	21.61321000
4.54990198	0.03173925	26.88681000
4.55490198	0.03173925	33.69243000
4.55990198	0.03173925	40.34547000
4.56490198	0.03173925	48.87234000
4.56990198	0.03173925	57.19168000
4.57490198	0.03173925	66.56697000
4.57990198	0.03173925	74.69711000
4.58490198	0.03173925	84.02356000
4.58990198	0.03173925	92.15980000
4.59490198	0.03173925	101.55950000
4.59990198	0.03173925	109.97650000
4.60490198	0.03173925	118.05170000
4.60990198	0.03173925	123.77700000
4.61490198	0.03173925	130.08820000
4.61990198	0.03173925	135.26410000
4.62490198	0.03173925	140.77580000
4.62990198	0.03173925	145.21320000
4.63490198	0.03173925	149.90080000
4.63990198	0.03173925	153.69120000
4.64490198	0.03173925	157.06050000
4.64990198	0.03173925	159.08690000
4.65490198	0.03173925	161.65660000
4.65990198	0.03173925	164.15300000
4.66490198	0.03173925	165.40420000
4.66990198	0.03173925	165.02580000
4.67490198	0.03173925	165.42860000
4.67990198	0.03173925	166.44790000
4.68490198	0.03173925	166.52120000
4.68990198	0.03173925	165.78270000
4.69490198	0.03173925	164.03700000
4.69990198	0.03173925	161.63210000
4.70490198	0.03173925	159.01970000
4.70990198	0.03173925	156.70640000
4.71490198	0.03186132	154.66170000
4.71990198	0.03231910	153.55690000
4.72490198	0.02996918	150.59050000
4.72990198	0.02487259	146.51940000
4.73490198	0.02487259	142.63130000
4.73990198	0.02996918	139.76260000
4.74490198	0.03231910	136.39330000
4.74990198	0.03186132	133.43910000
4.75490198	0.03186132	130.02110000
4.75990198	0.03231910	126.97530000
4.76490198	0.03009125	124.05160000
4.76990198	0.02545244	122.11680000
4.77490198	0.02322458	118.69870000
4.77990198	0.02368236	114.62750000
4.78490198	0.02380444	111.20940000
4.78990198	0.02380444	109.27460000
4.79490198	0.02380444	106.33260000
4.79990198	0.02380444	103.18310000
4.80490198	0.02380444	100.21670000
4.80990198	0.02380444	98.19025000
4.81490198	0.02380444	95.22385000
4.81990198	0.02380444	92.07434000
4.82490198	0.02380444	89.08964000
4.82990198	0.02380444	86.95944000
4.83490198	0.02380444	84.44471000
4.83990198	0.02380444	82.21686000
4.84490198	0.02380444	79.67773000
4.84990198	0.02380444	77.45598000
4.85490198	0.02380444	74.89242000
4.85990198	0.02380444	72.57912000
4.86490198	0.02380444	70.46114000
4.86990198	0.02380444	69.07559000
4.87490198	0.02380444	67.40318000
4.87990198	0.02380444	65.92609000
4.88490198	0.02380444	64.22926000
4.88990198	0.02380444	62.75216000
4.89490198	0.02380444	61.05533000
4.89990198	0.02380444	59.57823000
4.90490198	0.02380444	57.85699000
4.90990198	0.02380444	56.28223000
4.91490198	0.02380444	55.00656000
4.91990198	0.02380444	54.36567000
4.92490198	0.02380444	53.54167000
4.92990198	0.02380444	52.79702000
4.93490198	0.02380444	51.95471000
4.93990198	0.02380444	51.21006000
4.94490198	0.02380444	50.36775000
4.94990198	0.02380444	49.62310000
4.95490198	0.02380444	48.75637000
4.95990198	0.02380444	47.92017000
4.96490198	0.02380444	47.54784000
4.96990198	0.02380444	47.82250000
4.97490198	0.02380444	46.95578000
4.97990198	0.02380444	45.10025000
4.98490198	0.02380444	44.23353000
4.98990198	0.02380444	44.50819000
4.99490198	0.02380444	44.13586000
4.99990198	0.02380444	43.29966000
5.00490198	0.02380444	42.43293000
5.00990198	0.02380444	41.68828000
5.01490198	0.02380444	40.82156000
5.01990198	0.02380444	39.98535000
5.02490198	0.02380444	39.58861000
5.02990198	0.02380444	39.77172000
5.03490198	0.02380444	39.37498000
5.03990198	0.02380444	38.53877000
5.04490198	0.02380444	37.64763000
5.04990198	0.02380444	36.81142000
5.05490198	0.02380444	36.43910000
5.05990198	0.02380444	36.71376000
5.06490198	0.02380444	35.82262000
5.06990198	0.02380444	33.87555000
5.07490198	0.02380444	33.45439000
5.07990198	0.02380444	34.65682000
5.08490198	0.02380444	34.73006000
5.08990198	0.02380444	33.80230000
5.09490198	0.02380444	32.86233000
5.09990198	0.02380444	31.93457000
5.10490198	0.02380444	32.00781000
5.10990198	0.02380444	33.21024000
5.11490198	0.02380444	32.78909000
5.11990198	0.02380444	30.84200000
5.12490198	0.02380444	29.95086000
5.12990198	0.02380444	30.22553000
5.13490198	0.02380444	29.85321000
5.13990198	0.02380444	29.01700000
5.14490198	0.02380444	28.14417000
5.14990198	0.02380444	27.40562000
5.15490198	0.02380444	26.53279000
5.15990198	0.02380444	25.69658000
5.16490198	0.02380444	25.29984000
5.16990198	0.02380444	25.48295000
5.17490198	0.02380444	25.06180000
5.17990198	0.02380444	24.13404000
5.18490198	0.02380444	23.71288000
5.18990198	0.02380444	23.89599000
5.19490198	0.02380444	23.45042000
5.19990198	0.02380444	22.43110000
5.20490198	0.02380444	22.45552000
5.20990198	0.02380444	23.56639000
5.21490198	0.02380444	23.61522000
5.21990198	0.02380444	22.68746000
5.22490198	0.02380444	21.77190000
5.22990198	0.02380444	20.93570000
5.23490198	0.02380444	20.51454000
5.23990198	0.02380444	20.60610000
5.24490198	0.02380444	20.63051000
5.24990198	0.02380444	20.63051000
5.25490198	0.02380444	20.63051000
5.25990198	0.02380444	20.63051000
5.26490198	0.02380444	20.63051000
5.26990198	0.02380444	20.63051000
5.27490198	0.02380444	20.63051000
5.27990198	0.02380444	20.63051000
5.28490198	0.02380444	20.60610000
5.28990198	0.02380444	20.51454000
5.29490198	0.02380444	20.98453000
5.29990198	0.02380444	22.00385000
5.30490198	0.02380444	21.97943000
5.30990198	0.02380444	20.86856000
5.31490198	0.02380444	20.86856000
5.31990198	0.02380444	21.97943000
5.32490198	0.02380444	22.00385000
5.32990198	0.02380444	20.98453000
5.33490198	0.02380444	20.53896000
5.33990198	0.02380444	20.72207000
5.34490198	0.02380444	20.27650000
5.34990198	0.02380444	19.25718000
5.35490198	0.02380444	19.28160000
5.35990198	0.02380444	20.39247000
5.36490198	0.02380444	20.39247000
5.36990198	0.02380444	19.28160000
5.37490198	0.02380444	19.28160000
5.37990198	0.02380444	20.39247000
5.38490198	0.02380444	20.44130000
5.38990198	0.02380444	19.51353000
5.39490198	0.02380444	18.59798000
5.39990198	0.02380444	17.76177000
5.40490198	0.02380444	17.34062000
5.40990198	0.02380444	17.43217000
5.41490198	0.02380444	17.45659000
5.41990198	0.02380444	17.45659000
5.42490198	0.02380444	17.45659000
5.42990198	0.02380444	17.45659000
5.43490198	0.02380444	17.48100000
5.43990198	0.02380444	17.57256000
5.44490198	0.02380444	17.15140000
5.44990198	0.02380444	16.31520000
5.45490198	0.02380444	15.39964000
5.45990198	0.02380444	14.47188000
5.46490198	0.02380444	14.49629000
5.46990198	0.02380444	15.51561000
5.47490198	0.02380444	15.98559000
5.47990198	0.02380444	15.89404000
5.48490198	0.02392651	15.86962000
5.48990198	0.02438429	15.86962000
5.49490198	0.02203436	15.86962000
5.49990198	0.01693777	15.86962000
5.50490198	0.01705985	15.89404000
5.50990198	0.02261421	15.98559000
5.51490198	0.02273629	15.51561000
5.51990198	0.01763970	14.49629000
5.52490198	0.01528977	14.49629000
5.52990198	0.01574755	15.51561000
5.53490198	0.01586962	16.01001000
5.53990198	0.01586962	16.01001000
5.54490198	0.01586962	15.51561000
5.54990198	0.01586962	14.49629000
5.55490198	0.01586962	14.49629000
5.55990198	0.01586962	15.51561000
5.56490198	0.01586962	15.98559000
5.56990198	0.01586962	15.89404000
5.57490198	0.01586962	15.86962000
5.57990198	0.01586962	15.86962000
5.58490198	0.01586962	15.86962000
5.58990198	0.01586962	15.86962000
5.59490198	0.01586962	15.86962000
5.59990198	0.01586962	15.86962000
5.60490198	0.01586962	15.86962000
5.60990198	0.01586962	15.86962000
5.61490198	0.01586962	15.86962000
5.61990198	0.01586962	15.86962000
5.62490198	0.01586962	15.89404000
5.62990198	0.01586962	15.98559000
5.63490198	0.01586962	15.56444000
5.63990198	0.01586962	14.72823000
5.64490198	0.01586962	13.81268000
5.64990198	0.01586962	12.88491000
5.65490198	0.01586962	12.90933000
5.65990198	0.01586962	13.92865000
5.66490198	0.01586962	14.39863000
5.66990198	0.01586962	14.30708000
5.67490198	0.01586962	14.30708000
5.67990198	0.01586962	14.39863000
5.68490198	0.01586962	13.92865000
5.68990198	0.01586962	12.90933000
5.69490198	0.01586962	12.90933000
5.69990198	0.01586962	13.92865000
5.70490198	0.01586962	14.37422000
5.70990198	0.01586962	14.19111000
5.71490198	0.01586962	14.61226000
5.71990198	0.01586962	15.54002000
5.72490198	0.01586962	15.98559000
5.72990198	0.01586962	15.89404000
5.73490198	0.01586962	15.86962000
5.73990198	0.01586962	15.86962000
5.74490198	0.01586962	15.86962000
5.74990198	0.01586962	15.86962000
5.75490198	0.01586962	15.89404000
5.75990198	0.01586962	15.98559000
5.76490198	0.01586962	15.51561000
5.76990198	0.01586962	14.49629000
5.77490198	0.01586962	14.52071000
5.77990198	0.01586962	15.63158000
5.78490198	0.01586962	15.65600000
5.78990198	0.01586962	14.63668000
5.79490198	0.01586962	14.19111000
5.79990198	0.01586962	14.37422000
5.80490198	0.01586962	13.95306000
5.80990198	0.01586962	13.02530000
5.81490198	0.01586962	12.60414000
5.81990198	0.01586962	12.78726000
5.82490198	0.01586962	12.36610000
5.82990198	0.01586962	11.43834000
5.83490198	0.01586962	10.99277000
5.83990198	0.01586962	11.08432000
5.84490198	0.01586962	11.10874000
5.84990198	0.01586962	11.10874000
5.85490198	0.01586962	11.10874000
5.85990198	0.01586962	11.10874000
5.86490198	0.01586962	11.10874000
5.86990198	0.01586962	11.10874000
5.87490198	0.01586962	11.08432000
5.87990198	0.01586962	10.99277000
5.88490198	0.01586962	11.43834000
5.88990198	0.01586962	12.36610000
5.89490198	0.01586962	12.81167000
5.89990198	0.01586962	12.72011000
5.90490198	0.01586962	12.69570000
5.90990198	0.01586962	12.69570000
5.91490198	0.01586962	12.72011000
5.91990198	0.01586962	12.81167000
5.92490198	0.01586962	12.36610000
5.92990198	0.01586962	11.43834000
5.93490198	0.01586962	10.99277000
5.93990198	0.01586962	11.08432000
5.94490198	0.01586962	11.10874000
5.94990198	0.01586962	11.10874000
5.95490198	0.01586962	11.13315000
5.95990198	0.01586962	11.22471000
5.96490198	0.01586962	10.77914000
5.96990197	0.01586962	9.85137500
5.97490197	0.01586962	9.40580500
5.97990197	0.01586962	9.49735900
5.98490197	0.01586962	9.52177400
5.98990197	0.01586962	9.52177400
5.99490197	0.01586962	9.52177400
5.99990197	0.01586962	9.52177400
6.00490197	0.01586962	9.52177400
6.00990197	0.01586962	9.52177400
6.01490197	0.01586962	9.49735900
6.01990197	0.01586962	9.40580500
6.02490197	0.01586962	9.87579000
6.02990197	0.01586962	10.89511000
6.03490197	0.01586962	10.84628000
6.03990197	0.01586962	9.64384800
6.04490197	0.01586962	10.08942000
6.04990197	0.01586962	12.12806000
6.05490197	0.01586962	12.64687000
6.05990197	0.01586962	11.71911000
6.06490197	0.01586962	10.30915000
6.06990197	0.01586962	8.45362700
6.07490197	0.01586962	8.00805700
6.07990197	0.01586962	9.02737500
6.08490197	0.01586962	9.96734500
6.08990197	0.01586962	10.80355000
6.09490197	0.01586962	11.24912000
6.09990197	0.01586962	11.24912000
6.10490197	0.01586962	10.77914000
6.10990197	0.01586962	9.85137500
6.11490197	0.01586962	9.40580500
6.11990197	0.01586962	9.49735900
6.12490197	0.01586962	9.49735900
6.12990197	0.01586962	9.40580500
6.13490197	0.01586962	9.85137500
6.13990197	0.01586962	10.77914000
6.14490197	0.01586962	11.20029000
6.14990197	0.01586962	11.01718000
6.15490197	0.01586962	11.46275000
6.15990197	0.01586962	12.48207000
6.16490197	0.01586962	12.48207000
6.16990197	0.01586962	11.46275000
6.17490197	0.01586962	10.99277000
6.17990197	0.01586962	11.08432000
6.18490197	0.01586962	11.10874000
6.18990197	0.01586962	11.10874000
6.19490197	0.01586962	11.10874000
6.19990197	0.01586962	11.10874000
6.20490197	0.01586962	11.13315000
6.20990197	0.01586962	11.22471000
6.21490197	0.01586962	10.77914000
6.21990197	0.01586962	9.85137500
6.22490197	0.01586962	9.40580500
6.22990197	0.01586962	9.49735900
6.23490197	0.01586962	9.52177400
6.23990197	0.01586962	9.52177400
6.24490197	0.01586962	9.52177400
6.24990197	0.01586962	9.52177400
6.25490197	0.01586962	9.52177400
6.25990197	0.01586962	9.52177400
6.26490197	0.01586962	9.52177400
6.26990197	0.01586962	9.52177400
6.27490197	0.01586962	9.52177400
6.27990197	0.01586962	9.52177400
6.28490197	0.01586962	9.49735900
6.28990197	0.01586962	9.40580500
6.29490197	0.01586962	9.85137500
6.29990197	0.01586962	10.77914000
6.30490197	0.01586962	11.24912000
6.30990197	0.01586962	11.24912000
6.31490197	0.01586962	10.77914000
6.31990197	0.01586962	9.85137500
6.32490197	0.01586962	9.40580500
6.32990197	0.01586962	9.49735900
6.33490197	0.01586962	9.49735900
6.33990197	0.01586962	9.40580500
6.34490197	0.01586962	9.87579000
6.34990197	0.01586962	10.89511000
6.35490197	0.01586962	10.89511000
6.35990197	0.01586962	9.87579000
6.36490197	0.01586962	9.38139000
6.36990197	0.01586962	9.38139000
6.37490197	0.01586962	9.87579000
6.37990197	0.01586962	10.89511000
6.38490197	0.01586962	10.87069000
6.38990197	0.01586962	9.75981900
6.39490197	0.01586962	9.73540400
6.39990197	0.01586962	10.75472000
6.40490197	0.01586962	11.22471000
6.40990197	0.01586962	11.13315000
6.41490197	0.01586962	11.13315000
6.41990197	0.01586962	11.22471000
6.42490197	0.01586962	10.75472000
6.42990197	0.01586962	9.73540400
6.43490197	0.01586962	9.73540400
6.43990197	0.01586962	10.75472000
6.44490197	0.01586962	11.24912000
6.44990197	0.01586962	11.24912000
6.45490197	0.01586962	10.77914000
6.45990197	0.01586962	9.85137500
6.46490197	0.01586962	9.40580500
6.46990197	0.01586962	9.49735900
6.47490197	0.01599170	9.52177400
6.47990197	0.01644948	9.52177400
6.48490197	0.01409955	9.54619000
6.48990197	0.00900296	9.63774600
6.49490197	0.00900296	9.19217500
6.49990197	0.01409955	8.26441300
6.50490197	0.01644948	7.79442700
6.50990197	0.01599170	7.79442700
6.51490197	0.01586962	8.26441300
6.51990197	0.01586962	9.19217500
6.52490197	0.01586962	9.61333000
6.52990197	0.01586962	9.43021900
6.53490197	0.01586962	9.87579000
6.53990197	0.01586962	10.89511000
6.54490197	0.01586962	10.89511000
6.54990197	0.01586962	9.87579000
6.55490197	0.01586962	9.40580500
6.55990197	0.01586962	9.49735900
6.56490197	0.01586962	9.52177400
6.56990197	0.01586962	9.52177400
6.57490197	0.01586962	9.52177400
6.57990197	0.01586962	9.52177400
6.58490197	0.01586962	9.52177400
6.58990197	0.01586962	9.52177400
6.59490197	0.01586962	9.52177400
6.59990197	0.01586962	9.52177400
6.60490197	0.01599170	9.54619000
6.60990197	0.01644948	9.63774600
6.61490197	0.01409955	9.19217500
6.61990197	0.00900296	8.26441300
6.62490197	0.00912503	7.79442700
6.62990197	0.01467940	7.79442700
6.63490197	0.01467940	8.26441300
6.63990197	0.00912503	9.19217500
6.64490197	0.00900296	9.63774600
6.64990197	0.01409955	9.54619000
6.65490197	0.01657155	9.52177400
6.65990197	0.01657155	9.52177400
6.66490197	0.01409955	9.52177400
6.66990197	0.00900296	9.52177400
6.67490197	0.00912503	9.49735900
6.67990197	0.01467940	9.40580500
6.68490197	0.01467940	9.87579000
6.68990197	0.00912503	10.89511000
6.69490197	0.00912503	10.89511000
6.69990197	0.01467940	9.87579000
6.70490197	0.01480148	9.40580500
6.70990197	0.00970489	9.49735900
6.71490197	0.00735496	9.52177400
6.71990197	0.00781274	9.52177400
6.72490197	0.00793481	9.52177400
6.72990197	0.00793481	9.52177400
6.73490197	0.00793481	9.52177400
6.73990197	0.00793481	9.52177400
6.74490197	0.00793481	9.54619000
6.74990197	0.00793481	9.63774600
6.75490197	0.00793481	9.16776000
6.75990197	0.00793481	8.14844100
6.76490197	0.00793481	8.17285700
6.76990197	0.00793481	9.28373100
6.77490197	0.00793481	9.28373100
6.77990197	0.00793481	8.17285700
6.78490197	0.00793481	8.14844100
6.78990197	0.00793481	9.16776000
6.79490197	0.00793481	9.66216000
6.79990197	0.00793481	9.66216000
6.80490197	0.00793481	9.19217500
6.80990197	0.00793481	8.26441300
6.81490197	0.00793481	7.81884200
6.81990197	0.00793481	7.91039800
6.82490197	0.00793481	7.95922800
6.82990197	0.00793481	8.05078300
6.83490197	0.00793481	7.60521200
6.83990197	0.00793481	6.67745000
6.84490197	0.00793481	6.23187900
6.84990197	0.00793481	6.32343500
6.85490197	0.00793481	6.34785000
6.85990197	0.00793481	6.34785000
6.86490197	0.00793481	6.34785000
6.86990197	0.00793481	6.34785000
6.87490197	0.00793481	6.34785000
6.87990197	0.00793481	6.34785000
6.88490197	0.00793481	6.32343500
6.88990197	0.00793481	6.23187900
6.89490197	0.00793481	6.67745000
6.89990197	0.00793481	7.60521200
6.90490197	0.00793481	8.05078300
6.90990197	0.00793481	7.95922800
6.91490197	0.00793481	7.91039800
6.91990197	0.00793481	7.81884200
6.92490197	0.00793481	8.26441300
6.92990197	0.00793481	9.19217500
6.93490197	0.00793481	9.66216000
6.93990197	0.00793481	9.66216000
6.94490197	0.00793481	9.16776000
6.94990197	0.00793481	8.14844100
6.95490197	0.00793481	8.14844100
6.95990197	0.00793481	9.16776000
6.96490197	0.00793481	9.66216000
6.96990197	0.00793481	9.66216000
6.97490197	0.00793481	9.19217500
6.97990197	0.00793481	8.26441300
6.98490197	0.00793481	7.84325600
6.98990197	0.00793481	8.02636700
6.99490197	0.00793481	7.60521200
6.99990197	0.00793481	6.67745000
7.00490197	0.00793481	6.20746500
7.00990197	0.00793481	6.20746500
7.01490197	0.00793481	6.67745000
7.01990197	0.00793481	7.60521200
7.02490197	0.00793481	8.05078300
7.02990197	0.00793481	7.95922800
7.03490197	0.00793481	7.93481200
7.03990197	0.00793481	7.93481200
7.04490197	0.00793481	7.93481200
7.04990197	0.00793481	7.93481200
7.05490197	0.00793481	7.93481200
7.05990197	0.00793481	7.93481200
7.06490197	0.00793481	7.93481200
7.06990197	0.00793481	7.93481200
7.07490197	0.00793481	7.93481200
7.07990197	0.00793481	7.93481200
7.08490197	0.00793481	7.93481200
7.08990197	0.00793481	7.93481200
7.09490197	0.00793481	7.93481200
7.09990197	0.00793481	7.93481200
7.10490197	0.00793481	7.93481200
7.10990197	0.00793481	7.93481200
7.11490197	0.00793481	7.93481200
7.11990197	0.00793481	7.93481200
7.12490197	0.00793481	7.93481200
7.12990197	0.00793481	7.93481200
7.13490197	0.00793481	7.93481200
7.13990197	0.00793481	7.93481200
7.14490197	0.00793481	7.93481200
7.14990197	0.00793481	7.93481200
7.15490197	0.00793481	7.93481200
7.15990197	0.00793481	7.93481200
7.16490197	0.00793481	7.93481200
7.16990197	0.00793481	7.93481200
7.17490197	0.00793481	7.93481200
7.17990197	0.00793481	7.93481200
7.18490197	0.00793481	7.93481200
7.18990197	0.00793481	7.93481200
7.19490197	0.00793481	7.93481200
7.19990197	0.00793481	7.93481200
7.20490197	0.00793481	7.93481200
7.20990197	0.00793481	7.93481200
7.21490197	0.00793481	7.93481200
7.21990197	0.00793481	7.93481200
7.22490197	0.00793481	7.93481200
7.22990197	0.00793481	7.93481200
7.23490197	0.00793481	7.95922800
7.23990197	0.00793481	8.05078300
7.24490197	0.00793481	7.58079800
7.24990197	0.00793481	6.56148000
7.25490197	0.00793481	6.56148000
7.25990197	0.00793481	7.58079800
7.26490197	0.00793481	8.07519700
7.26990197	0.00793481	8.07519700
7.27490197	0.00793481	7.58079800
7.27990197	0.00793481	6.56148000
7.28490197	0.00793481	6.58589400
7.28990197	0.00793481	7.69676800
7.29490197	0.00793481	7.72118300
7.29990197	0.00793481	6.70186400
7.30490197	0.00793481	6.20746500
7.30990197	0.00793481	6.20746500
7.31490197	0.00793481	6.67745000
7.31990197	0.00793481	7.60521200
7.32490197	0.00793481	8.05078300
7.32990197	0.00793481	7.95922800
7.33490197	0.00793481	7.93481200
7.33990197	0.00793481	7.93481200
7.34490197	0.00793481	7.93481200
7.34990197	0.00793481	7.93481200
7.35490197	0.00793481	7.93481200
7.35990197	0.00793481	7.93481200
7.36490197	0.00793481	7.93481200
7.36990197	0.00793481	7.93481200
7.37490197	0.00793481	7.93481200
7.37990197	0.00793481	7.93481200
7.38490197	0.00793481	7.93481200
7.38990197	0.00793481	7.93481200
7.39490197	0.00793481	7.93481200
7.39990197	0.00793481	7.93481200
7.40490197	0.00793481	7.95922800
7.40990197	0.00793481	8.05078300
7.41490197	0.00793481	7.60521200
7.41990197	0.00793481	6.67745000
7.42490197	0.00793481	6.23187900
7.42990197	0.00793481	6.32343500
7.43490197	0.00793481	6.37226500
7.43990197	0.00793481	6.46382000
7.44490197	0.00793481	6.01825000
7.44990197	0.00793481	5.09048700
7.45490197	0.00793481	4.64491700
7.45990197	0.00793481	4.73647300
7.46490197	0.00793481	4.76088700
7.46990197	0.00793481	4.76088700
7.47490197	0.00793481	4.76088700
7.47990197	0.00793481	4.76088700
7.48490197	0.00793481	4.76088700
7.48990197	0.00793481	4.76088700
7.49490197	0.00793481	4.73647300
7.49990197	0.00793481	4.64491700
7.50490197	0.00793481	5.09048700
7.50990197	0.00793481	6.01825000
7.51490197	0.00793481	6.46382000
7.51990197	0.00793481	6.37226500
7.52490197	0.00793481	6.37226500
7.52990197	0.00793481	6.46382000
7.53490197	0.00793481	5.99383500
7.53990197	0.00793481	4.97451700
7.54490197	0.00793481	4.97451700
7.54990197	0.00793481	5.99383500
7.55490197	0.00793481	6.48823500
7.55990197	0.00793481	6.48823500
7.56490197	0.00793481	5.99383500
7.56990197	0.00793481	4.97451700
7.57490197	0.00793481	4.97451700
7.57990197	0.00793481	5.99383500
7.58490197	0.00793481	6.46382000
7.58990197	0.00793481	6.37226500
7.59490197	0.00793481	6.34785000
7.59990197	0.00793481	6.34785000
7.60490197	0.00793481	6.34785000
7.60990197	0.00793481	6.34785000
7.61490196	0.00793481	6.32343500
7.61990196	0.00793481	6.23187900
7.62490196	0.00793481	6.70186400
7.62990196	0.00793481	7.72118300
7.63490196	0.00793481	7.72118300
7.63990196	0.00793481	6.70186400
7.64490196	0.00793481	6.23187900
7.64990196	0.00793481	6.32343500
7.65490196	0.00793481	6.34785000
7.65990196	0.00793481	6.34785000
7.66490196	0.00793481	6.34785000
7.66990196	0.00793481	6.34785000
7.67490196	0.00793481	6.37226500
7.67990196	0.00793481	6.46382000
7.68490196	0.00793481	6.01825000
7.68990196	0.00793481	5.09048700
7.69490196	0.00793481	4.62050200
7.69990196	0.00793481	4.62050200
7.70490196	0.00793481	5.11490200
7.70990196	0.00793481	6.13422100
7.71490196	0.00793481	6.10980600
7.71990196	0.00793481	4.99893200
7.72490196	0.00793481	4.97451700
7.72990196	0.00793481	5.99383500
7.73490196	0.00793481	6.43940500
7.73990196	0.00793481	6.25629500
7.74490196	0.00793481	6.70186400
7.74990196	0.00793481	7.72118300
7.75490196	0.00793481	7.72118300
7.75990196	0.00793481	6.70186400
7.76490196	0.00793481	6.23187900
7.76990196	0.00793481	6.32343500
7.77490196	0.00793481	6.34785000
7.77990196	0.00793481	6.34785000
7.78490196	0.00793481	6.34785000
7.78990196	0.00793481	6.34785000
7.79490196	0.00793481	6.34785000
7.79990196	0.00793481	6.34785000
7.80490196	0.00793481	6.34785000
7.80990196	0.00793481	6.34785000
7.81490196	0.00793481	6.34785000
7.81990196	0.00793481	6.34785000
7.82490196	0.00793481	6.34785000
7.82990196	0.00793481	6.34785000
7.83490196	0.00793481	6.32343500
7.83990196	0.00793481	6.23187900
7.84490196	0.00793481	6.70186400
7.84990196	0.00793481	7.72118300
7.85490196	0.00793481	7.72118300
7.85990196	0.00793481	6.70186400
7.86490196	0.00793481	6.23187900
7.86990196	0.00793481	6.32343500
7.87490196	0.00793481	6.34785000
7.87990196	0.00793481	6.34785000
7.88490196	0.00793481	6.32343500
7.88990196	0.00793481	6.23187900
7.89490196	0.00793481	6.67745000
7.89990196	0.00793481	7.60521200
7.90490196	0.00793481	8.05078300
7.90990196	0.00793481	7.95922800
7.91490196	0.00793481	7.93481200
7.91990196	0.00793481	7.93481200
7.92490196	0.00793481	7.93481200
7.92990196	0.00793481	7.93481200
7.93490196	0.00793481	7.93481200
7.93990196	0.00793481	7.93481200
7.94490196	0.00793481	7.95922800
7.94990196	0.00793481	8.05078300
7.95490196	0.00793481	7.58079800
7.95990196	0.00793481	6.56148000
7.96490196	0.00793481	6.56148000
7.96990196	0.00793481	7.58079800
7.97490196	0.00793481	8.05078300
7.97990196	0.00793481	7.95922800
7.98490196	0.00793481	7.93481200
7.98990196	0.00793481	7.93481200
7.99490196	0.00793481	7.93481200
7.99990196	0.00793481	7.93481200
8.00490196	0.00793481	7.95922800
8.00990196	0.00793481	8.05078300
8.01490196	0.00793481	7.60521200
8.01990196	0.00793481	6.67745000
8.02490196	0.00793481	6.23187900
8.02990196	0.00793481	6.32343500
8.03490196	0.00793481	6.34785000
8.03990196	0.00793481	6.34785000
8.04490196	0.00793481	6.34785000
8.04990196	0.00793481	6.34785000
8.05490196	0.00793481	6.34785000
8.05990196	0.00793481	6.34785000
8.06490196	0.00793481	6.37226500
8.06990196	0.00793481	6.46382000
8.07490196	0.00793481	6.01825000
8.07990196	0.00793481	5.09048700
8.08490196	0.00793481	4.62050200
8.08990196	0.00793481	4.62050200
8.09490196	0.00793481	5.09048700
8.09990196	0.00793481	6.01825000
8.10490196	0.00793481	6.46382000
8.10990196	0.00793481	6.37226500
8.11490196	0.00793481	6.34785000
8.11990196	0.00793481	6.34785000
8.12490196	0.00793481	6.32343500
8.12990196	0.00793481	6.23187900
8.13490196	0.00793481	6.67745000
8.13990196	0.00793481	7.60521200
8.14490196	0.00793481	8.02636700
8.14990196	0.00793481	7.84325600
8.15490196	0.00793481	8.26441300
8.15990196	0.00793481	9.19217500
8.16490196	0.00793481	9.63774600
8.16990196	0.00793481	9.54619000
8.17490196	0.00793481	9.54619000
8.17990196	0.00793481	9.63774600
8.18490196	0.00793481	9.16776000
8.18990196	0.00793481	8.14844100
8.19490196	0.00793481	8.17285700
8.19990196	0.00793481	9.28373100
8.20490196	0.00793481	9.30814500
8.20990196	0.00793481	8.28882700
8.21490196	0.00793481	7.81884200
8.21990196	0.00793481	7.91039800
8.22490196	0.00793481	7.95922800
8.22990196	0.00793481	8.05078300
8.23490196	0.00793481	7.58079800
8.23990196	0.00793481	6.56148000
8.24490196	0.00793481	6.56148000
8.24990196	0.00793481	7.58079800
8.25490196	0.00793481	8.05078300
8.25990196	0.00793481	7.95922800
8.26490196	0.00793481	7.93481200
8.26990196	0.00793481	7.93481200
8.27490196	0.00793481	7.93481200
8.27990196	0.00793481	7.93481200
8.28490196	0.00793481	7.95922800
8.28990196	0.00793481	8.05078300
8.29490196	0.00793481	7.60521200
8.29990196	0.00793481	6.67745000
8.30490196	0.00793481	6.23187900
8.30990196	0.00793481	6.32343500
8.31490196	0.00793481	6.34785000
8.31990196	0.00793481	6.34785000
8.32490196	0.00793481	6.34785000
8.32990196	0.00793481	6.34785000
8.33490196	0.00793481	6.34785000
8.33990196	0.00793481	6.34785000
8.34490196	0.00793481	6.34785000
8.34990196	0.00793481	6.34785000
8.35490196	0.00793481	6.34785000
8.35990196	0.00793481	6.34785000
8.36490196	0.00793481	6.34785000
8.36990196	0.00793481	6.34785000
8.37490196	0.00793481	6.34785000
8.37990196	0.00793481	6.34785000
8.38490196	0.00793481	6.32343500
8.38990196	0.00793481	6.23187900
8.39490196	0.00793481	6.67745000
8.39990196	0.00793481	7.60521200
8.40490196	0.00793481	8.02636700
8.40990196	0.00793481	7.84325600
8.41490196	0.00793481	8.28882700
8.41990196	0.00793481	9.30814500
8.42490196	0.00793481	9.30814500
8.42990196	0.00793481	8.28882700
8.43490196	0.00793481	7.81884200
8.43990196	0.00793481	7.91039800
8.44490196	0.00793481	7.93481200
8.44990196	0.00793481	7.93481200
8.45490196	0.00793481	7.93481200
8.45990196	0.00793481	7.93481200
8.46490196	0.00793481	7.93481200
8.46990196	0.00793481	7.93481200
8.47490196	0.00793481	7.93481200
8.47990196	0.00793481	7.93481200
8.48490196	0.00793481	7.93481200
8.48990196	0.00793481	7.93481200
8.49490196	0.00793481	7.95922800
8.49990196	0.00793481	8.05078300
8.50490196	0.00793481	7.58079800
8.50990196	0.00793481	6.56148000
8.51490196	0.00793481	6.56148000
8.51990196	0.00793481	7.58079800
8.52490196	0.00793481	8.05078300
8.52990196	0.00793481	7.95922800
8.53490196	0.00793481	7.93481200
8.53990196	0.00793481	7.93481200
8.54490196	0.00793481	7.95922800
8.54990196	0.00793481	8.05078300
8.55490196	0.00793481	7.58079800
8.55990196	0.00793481	6.56148000
8.56490196	0.00793481	6.58589400
8.56990196	0.00793481	7.69676800
8.57490196	0.00793481	7.69676800
8.57990196	0.00793481	6.58589400
8.58490196	0.00793481	6.56148000
8.58990196	0.00793481	7.58079800
8.59490196	0.00793481	8.07519700
8.59990196	0.00793481	8.07519700
8.60490196	0.00793481	7.60521200
8.60990196	0.00793481	6.67745000
8.61490196	0.00793481	6.20746500
8.61990196	0.00793481	6.20746500
8.62490196	0.00793481	6.70186400
8.62990196	0.00793481	7.72118300
8.63490196	0.00793481	7.69676800
8.63990196	0.00793481	6.58589400
8.64490196	0.00793481	6.58589400
8.64990196	0.00793481	7.69676800
8.65490196	0.00793481	7.72118300
8.65990196	0.00793481	6.70186400
8.66490196	0.00793481	6.23187900
8.66990196	0.00793481	6.32343500
8.67490196	0.00793481	6.34785000
8.67990196	0.00793481	6.34785000
8.68490196	0.00793481	6.34785000
8.68990196	0.00793481	6.34785000
8.69490196	0.00793481	6.32343500
8.69990196	0.00793481	6.23187900
8.70490196	0.00793481	6.70186400
8.70990196	0.00793481	7.72118300
8.71490196	0.00793481	7.74559700
8.71990196	0.00793481	6.81783500
8.72490196	0.00793481	5.87786500
8.72990196	0.00793481	4.95010200
8.73490196	0.00793481	4.95010200
8.73990196	0.00793481	5.87786500
8.74490196	0.00793481	6.81783500
8.74990196	0.00793481	7.74559700
8.75490196	0.00793481	7.72118300
8.75990196	0.00793481	6.70186400
8.76490196	0.00793481	6.23187900
8.76990196	0.00793481	6.32343500
8.77490196	0.00793481	6.32343500
8.77990196	0.00793481	6.23187900
8.78490196	0.00793481	6.70186400
8.78990196	0.00793481	7.72118300
8.79490196	0.00793481	7.69676800
8.79990196	0.00793481	6.58589400
8.80490196	0.00793481	6.58589400
8.80990196	0.00793481	7.69676800
8.81490196	0.00793481	7.72118300
8.81990196	0.00793481	6.70186400
8.82490196	0.00793481	6.23187900
8.82990196	0.00793481	6.32343500
8.83490196	0.00793481	6.34785000
8.83990196	0.00793481	6.34785000
8.84490196	0.00793481	6.34785000
8.84990196	0.00793481	6.34785000
8.85490196	0.00793481	6.34785000
8.85990196	0.00793481	6.34785000
8.86490196	0.00793481	6.34785000
8.86990196	0.00793481	6.34785000
8.87490196	0.00793481	6.34785000
8.87990196	0.00793481	6.34785000
8.88490196	0.00793481	6.34785000
8.88990196	0.00793481	6.34785000
8.89490196	0.00793481	6.34785000
8.89990196	0.00793481	6.34785000
8.90490196	0.00793481	6.34785000
8.90990196	0.00793481	6.34785000
8.91490196	0.00793481	6.34785000
8.91990196	0.00793481	6.34785000
8.92490196	0.00793481	6.37226500
8.92990196	0.00793481	6.46382000
8.93490196	0.00793481	5.99383500
8.93990196	0.00793481	4.97451700
8.94490196	0.00793481	4.97451700
8.94990196	0.00793481	5.99383500
8.95490196	0.00793481	6.48823500
8.95990196	0.00793481	6.48823500
8.96490196	0.00793481	6.01825000
8.96990196	0.00793481	5.09048700
8.97490196	0.00793481	4.64491700
8.97990196	0.00793481	4.73647300
8.98490196	0.00793481	4.76088700
8.98990196	0.00793481	4.76088700
8.99490196	0.00793481	4.73647300
8.99990196	0.00793481	4.64491700
9.00490196	0.00793481	5.09048700
9.00990196	0.00793481	6.01825000
9.01490196	0.00793481	6.48823500
9.01990196	0.00793481	6.48823500
9.02490196	0.00793481	5.99383500
9.02990196	0.00793481	4.97451700
