Time	Channel A	Channel B
(us)	(V)	(mV)

-1.00314496	-0.00793481	-4.95010200
-0.99814496	-0.00793481	-5.87786500
-0.99314496	-0.00793481	-6.79342000
-0.98814496	-0.00793481	-7.62962700
-0.98314496	-0.00793481	-8.07519700
-0.97814496	-0.00793481	-8.07519700
-0.97314496	-0.00793481	-7.60521200
-0.96814496	-0.00793481	-6.67745000
-0.96314496	-0.00793481	-6.23187900
-0.95814496	-0.00793481	-6.32343500
-0.95314496	-0.00793481	-6.34785000
-0.94814496	-0.00793481	-6.34785000
-0.94314496	-0.00793481	-6.34785000
-0.93814496	-0.00793481	-6.34785000
-0.93314496	-0.00793481	-6.34785000
-0.92814496	-0.00793481	-6.34785000
-0.92314496	-0.00793481	-6.34785000
-0.91814496	-0.00793481	-6.34785000
-0.91314496	-0.00793481	-6.34785000
-0.90814496	-0.00793481	-6.34785000
-0.90314496	-0.00793481	-6.34785000
-0.89814496	-0.00793481	-6.34785000
-0.89314496	-0.00793481	-6.37226500
-0.88814496	-0.00793481	-6.46382000
-0.88314496	-0.00793481	-5.99383500
-0.87814496	-0.00793481	-4.97451700
-0.87314496	-0.00793481	-4.97451700
-0.86814496	-0.00793481	-5.99383500
-0.86314496	-0.00793481	-6.46382000
-0.85814496	-0.00793481	-6.37226500
-0.85314496	-0.00793481	-6.37226500
-0.84814496	-0.00793481	-6.46382000
-0.84314496	-0.00793481	-6.01825000
-0.83814496	-0.00793481	-5.09048700
-0.83314496	-0.00793481	-4.62050200
-0.82814496	-0.00793481	-4.62050200
-0.82314496	-0.00793481	-5.11490200
-0.81814496	-0.00793481	-6.13422100
-0.81314496	-0.00793481	-6.13422100
-0.80814496	-0.00793481	-5.11490200
-0.80314496	-0.00793481	-4.62050200
-0.79814496	-0.00793481	-4.62050200
-0.79314496	-0.00793481	-5.09048700
-0.78814496	-0.00793481	-6.01825000
-0.78314496	-0.00793481	-6.48823500
-0.77814496	-0.00793481	-6.48823500
-0.77314496	-0.00793481	-5.99383500
-0.76814496	-0.00793481	-4.97451700
-0.76314496	-0.00793481	-4.99893200
-0.75814496	-0.00793481	-6.10980600
-0.75314496	-0.00793481	-6.10980600
-0.74814496	-0.00793481	-4.99893200
-0.74314496	-0.00793481	-4.97451700
-0.73814496	-0.00793481	-5.99383500
-0.73314496	-0.00793481	-6.46382000
-0.72814496	-0.00793481	-6.37226500
-0.72314496	-0.00793481	-6.34785000
-0.71814496	-0.00793481	-6.34785000
-0.71314496	-0.00793481	-6.34785000
-0.70814496	-0.00793481	-6.34785000
-0.70314496	-0.00793481	-6.34785000
-0.69814496	-0.00793481	-6.34785000
-0.69314496	-0.00793481	-6.37226500
-0.68814496	-0.00793481	-6.46382000
-0.68314496	-0.00793481	-6.01825000
-0.67814496	-0.00793481	-5.09048700
-0.67314496	-0.00793481	-4.64491700
-0.66814496	-0.00793481	-4.73647300
-0.66314496	-0.00793481	-4.76088700
-0.65814496	-0.00793481	-4.76088700
-0.65314496	-0.00793481	-4.76088700
-0.64814496	-0.00793481	-4.76088700
-0.64314496	-0.00793481	-4.76088700
-0.63814496	-0.00793481	-4.76088700
-0.63314496	-0.00793481	-4.71205800
-0.62814496	-0.00793481	-4.52894700
-0.62314496	-0.00793481	-5.44450200
-0.61814496	-0.00793481	-7.39158200
-0.61314496	-0.00793481	-7.83715300
-0.60814496	-0.00793481	-6.72627900
-0.60314496	-0.00793481	-6.20746500
-0.59814496	-0.00793481	-6.20746500
-0.59314496	-0.00793481	-6.67745000
-0.58814496	-0.00793481	-7.60521200
-0.58314496	-0.00793481	-8.05078300
-0.57814496	-0.00793481	-7.95922800
-0.57314496	-0.00793481	-7.93481200
-0.56814496	-0.00793481	-7.93481200
-0.56314496	-0.00793481	-7.93481200
-0.55814496	-0.00793481	-7.93481200
-0.55314496	-0.00793481	-7.93481200
-0.54814496	-0.00793481	-7.93481200
-0.54314496	-0.00793481	-7.93481200
-0.53814496	-0.00793481	-7.93481200
-0.53314496	-0.00793481	-7.93481200
-0.52814496	-0.00793481	-7.93481200
-0.52314496	-0.00793481	-7.93481200
-0.51814496	-0.00793481	-7.93481200
-0.51314496	-0.00793481	-7.93481200
-0.50814496	-0.00793481	-7.93481200
-0.50314496	-0.00793481	-7.95922800
-0.49814496	-0.00793481	-8.05078300
-0.49314496	-0.00793481	-7.58079800
-0.48814496	-0.00793481	-6.56148000
-0.48314496	-0.00793481	-6.58589400
-0.47814496	-0.00793481	-7.69676800
-0.47314496	-0.00793481	-7.74559700
-0.46814496	-0.00793481	-6.81783500
-0.46314496	-0.00793481	-5.82903500
-0.45814496	-0.00793481	-4.71816200
-0.45314496	-0.00793481	-5.65813200
-0.44814496	-0.00793481	-8.62453100
-0.44314496	-0.00793481	-9.54008600
-0.43814496	-0.00793481	-8.33765600
-0.43314496	-0.00793481	-7.84325600
-0.42814496	-0.00793481	-8.02636700
-0.42314496	-0.00793481	-7.58079800
-0.41814496	-0.00793481	-6.56148000
-0.41314496	-0.00793481	-6.56148000
-0.40814496	-0.00793481	-7.58079800
-0.40314496	-0.00793481	-8.05078300
-0.39814496	-0.00793481	-7.95922800
-0.39314496	-0.00793481	-7.93481200
-0.38814496	-0.00793481	-7.93481200
-0.38314496	-0.00793481	-7.95922800
-0.37814496	-0.00793481	-8.05078300
-0.37314496	-0.00793481	-7.58079800
-0.36814496	-0.00793481	-6.56148000
-0.36314496	-0.00793481	-6.56148000
-0.35814496	-0.00793481	-7.58079800
-0.35314496	-0.00793481	-8.05078300
-0.34814496	-0.00793481	-7.95922800
-0.34314496	-0.00793481	-7.93481200
-0.33814496	-0.00793481	-7.93481200
-0.33314496	-0.00793481	-7.93481200
-0.32814496	-0.00793481	-7.93481200
-0.32314496	-0.00793481	-7.93481200
-0.31814496	-0.00793481	-7.93481200
-0.31314496	-0.00793481	-7.95922800
-0.30814496	-0.00793481	-8.05078300
-0.30314496	-0.00793481	-7.60521200
-0.29814496	-0.00793481	-6.67745000
-0.29314496	-0.00793481	-6.23187900
-0.28814496	-0.00793481	-6.32343500
-0.28314496	-0.00793481	-6.34785000
-0.27814496	-0.00793481	-6.34785000
-0.27314496	-0.00793481	-6.34785000
-0.26814496	-0.00793481	-6.34785000
-0.26314496	-0.00793481	-6.37226500
-0.25814496	-0.00793481	-6.46382000
-0.25314496	-0.00793481	-6.01825000
-0.24814496	-0.00793481	-5.09048700
-0.24314496	-0.00793481	-4.62050200
-0.23814496	-0.00793481	-4.62050200
-0.23314496	-0.00793481	-5.09048700
-0.22814496	-0.00793481	-6.01825000
-0.22314496	-0.00793481	-6.46382000
-0.21814496	-0.00793481	-6.37226500
-0.21314496	-0.00793481	-6.34785000
-0.20814496	-0.00793481	-6.34785000
-0.20314496	-0.00793481	-6.34785000
-0.19814496	-0.00793481	-6.34785000
-0.19314496	-0.00793481	-6.34785000
-0.18814496	-0.00793481	-6.34785000
-0.18314496	-0.00793481	-6.32343500
-0.17814496	-0.00793481	-6.23187900
-0.17314496	-0.00793481	-6.67745000
-0.16814496	-0.00793481	-7.60521200
-0.16314496	-0.00793481	-8.05078300
-0.15814496	-0.00793481	-7.95922800
-0.15314496	-0.00793481	-7.95922800
-0.14814496	-0.00793481	-8.05078300
-0.14314496	-0.00793481	-7.60521200
-0.13814496	-0.00793481	-6.67745000
-0.13314496	-0.00793481	-6.23187900
-0.12814496	-0.00793481	-6.32343500
-0.12314496	-0.00793481	-6.34785000
-0.11814496	-0.00793481	-6.34785000
-0.11314496	-0.00805689	-6.32343500
-0.10814496	-0.00851466	-6.23187900
-0.10314496	-0.00640889	-6.65303500
-0.09814496	-0.00222785	-7.48924200
-0.09314496	0.00210578	-8.35596800
-0.08814496	0.00582904	-9.10061900
-0.08314496	0.01004059	-9.94293000
-0.07814496	0.01376385	-10.68758000
-0.07314496	0.01788385	-11.51158000
-0.06814496	0.02108829	-12.15247000
-0.06314496	0.02758873	-13.45256000
-0.05814496	0.03588977	-15.11277000
-0.05314496	0.04226813	-16.43117000
-0.04814496	0.04501480	-17.17582000
-0.04314496	0.05139317	-17.57256000
-0.03814496	0.05969420	-17.48100000
-0.03314496	0.06607258	-17.45659000
-0.02814496	0.06881924	-17.45659000
-0.02314496	0.07519761	-17.45659000
-0.01814496	0.08349864	-17.45659000
-0.01314496	0.08999909	-17.45659000
-0.00814496	0.09320353	-17.45659000
-0.00314496	0.09723197	-17.45659000
0.00185504	0.10043640	-17.45659000
0.00685504	0.10693690	-17.45659000
0.01185504	0.11523790	-17.45659000
0.01685504	0.12173830	-17.45659000
0.02185504	0.12494280	-17.45659000
0.02685504	0.12906280	-17.48100000
0.03185504	0.13275550	-17.57256000
0.03685504	0.13690600	-17.15140000
0.04185504	0.14014100	-16.31520000
0.04685504	0.14664140	-15.42405000
0.05185504	0.15494250	-14.58785000
0.05685504	0.16144290	-14.16669000
0.06185504	0.16464740	-14.25825000
0.06685504	0.16876740	-14.28266000
0.07185504	0.17249060	-14.28266000
0.07685504	0.17670220	-14.25825000
0.08185504	0.18042540	-14.16669000
0.08685504	0.18463700	-14.61226000
0.09185504	0.18836020	-15.54002000
0.09685504	0.19257180	-15.96118000
0.10185504	0.19629510	-15.77807000
0.10685504	0.20050660	-16.17481000
0.11185504	0.20422990	-17.01102000
0.11685504	0.20844140	-17.92657000
0.12185504	0.21216470	-18.85434000
0.12685504	0.21649830	-18.80550000
0.13185504	0.22067930	-17.69463000
0.13685504	0.22266300	-17.67022000
0.14185504	0.22174750	-18.68954000
0.14685504	0.22385330	-19.15952000
0.15185504	0.22849210	-19.06796000
0.15685504	0.23059790	-19.06796000
0.16185504	0.22968230	-19.15952000
0.16685504	0.23178810	-18.68954000
0.17185504	0.23642690	-17.67022000
0.17685504	0.23853270	-17.69463000
0.18185504	0.23761710	-18.80550000
0.18685504	0.23972290	-18.80550000
0.19185504	0.24436170	-17.69463000
0.19685504	0.24646750	-17.67022000
0.20185504	0.24555190	-18.68954000
0.20685504	0.24765770	-19.15952000
0.21185504	0.25229650	-19.06796000
0.21685504	0.25440230	-19.04355000
0.22185504	0.25348680	-19.04355000
0.22685504	0.25559250	-19.04355000
0.23185504	0.26023130	-19.04355000
0.23685504	0.26245920	-19.04355000
0.24185504	0.26200140	-19.04355000
0.24685504	0.26175730	-19.04355000
0.25185504	0.26129950	-19.04355000
0.25685504	0.26352730	-19.04355000
0.26185504	0.26816620	-19.04355000
0.26685504	0.27039400	-19.06796000
0.27185504	0.26993620	-19.15952000
0.27685504	0.26981410	-18.71395000
0.28185504	0.26981410	-17.78619000
0.28685504	0.26981410	-17.34062000
0.29185504	0.26981410	-17.43217000
0.29685504	0.26969210	-17.43217000
0.30185504	0.26923430	-17.34062000
0.30685504	0.27158420	-17.81060000
0.31185504	0.27668080	-18.82992000
0.31685504	0.27668080	-18.82992000
0.32185504	0.27158420	-17.81060000
0.32685504	0.26911220	-17.31620000
0.33185504	0.26911220	-17.31620000
0.33685504	0.27146210	-17.81060000
0.34185504	0.27610100	-18.82992000
0.34685504	0.27845090	-18.80550000
0.35185504	0.27845090	-17.69463000
0.35685504	0.27597890	-17.69463000
0.36185504	0.27088230	-18.80550000
0.36685504	0.27088230	-18.80550000
0.37185504	0.27597890	-17.69463000
0.37685504	0.27845090	-17.67022000
0.38185504	0.27845090	-18.68954000
0.38685504	0.27610100	-19.18394000
0.39185504	0.27146210	-19.18394000
0.39685504	0.26923430	-18.73836000
0.40185504	0.26969210	-17.90216000
0.40685503	0.26969210	-16.96219000
0.41185503	0.26923430	-15.94287000
0.41685503	0.27158420	-16.41285000
0.42185503	0.27668080	-18.35994000
0.42685503	0.27668080	-19.27549000
0.43185503	0.27158420	-19.09238000
0.43685503	0.26923430	-19.04355000
0.44185503	0.26969210	-19.04355000
0.44685503	0.26981410	-19.06796000
0.45185503	0.26981410	-19.15952000
0.45685503	0.26981410	-18.73836000
0.46185503	0.26981410	-17.90216000
0.46685503	0.26981410	-16.98660000
0.47185503	0.26981410	-16.05884000
0.47685503	0.26981410	-16.10767000
0.48185503	0.26981410	-17.21854000
0.48685503	0.26993620	-17.24296000
0.49185503	0.27039400	-16.22364000
0.49685503	0.26816620	-15.75365000
0.50185503	0.26352730	-15.84521000
0.50685503	0.26129950	-15.86962000
0.51185503	0.26175730	-15.86962000
0.51685503	0.26187930	-15.89404000
0.52185503	0.26187930	-15.98559000
0.52685503	0.26200140	-15.56444000
0.53185503	0.26245920	-14.72823000
0.53685503	0.26023130	-13.83709000
0.54185503	0.25559250	-13.00089000
0.54685503	0.25336470	-12.57973000
0.55185503	0.25382240	-12.67128000
0.55685503	0.25406660	-12.69570000
0.56185503	0.25452440	-12.69570000
0.56685503	0.25229650	-12.69570000
0.57185503	0.24765770	-12.69570000
0.57685503	0.24542990	-12.72011000
0.58185503	0.24588760	-12.81167000
0.58685503	0.24613180	-12.34169000
0.59185503	0.24658960	-11.32237000
0.59685503	0.24436170	-11.32237000
0.60185503	0.23972290	-12.34169000
0.60685503	0.23749500	-12.83609000
0.61185503	0.23795280	-12.83609000
0.61685503	0.23819700	-12.36610000
0.62185503	0.23865470	-11.43834000
0.62685503	0.23642690	-10.99277000
0.63185503	0.23178810	-11.08432000
0.63685503	0.22956020	-11.10874000
0.64185503	0.23001800	-11.10874000
0.64685503	0.23014010	-11.10874000
0.65185503	0.23014010	-11.10874000
0.65685503	0.23026220	-11.10874000
0.66185503	0.23071990	-11.10874000
0.66685503	0.22849210	-11.10874000
0.67185503	0.22385330	-11.10874000
0.67685503	0.22162540	-11.13315000
0.68185503	0.22208320	-11.22471000
0.68685503	0.22220530	-10.75472000
0.69185503	0.22220530	-9.73540400
0.69685503	0.22220530	-9.73540400
0.70185503	0.22220530	-10.75472000
0.70685503	0.22232730	-11.24912000
0.71185503	0.22278510	-11.24912000
0.71685503	0.22055730	-10.75472000
0.72185503	0.21591850	-9.73540400
0.72685503	0.21369060	-9.73540400
0.73185503	0.21414840	-10.75472000
0.73685503	0.21427050	-11.22471000
0.74185503	0.21427050	-11.13315000
0.74685503	0.21427050	-11.10874000
0.75185503	0.21427050	-11.10874000
0.75685503	0.21427050	-11.10874000
0.76185503	0.21427050	-11.10874000
0.76685503	0.21427050	-11.10874000
0.77185503	0.21427050	-11.10874000
0.77685503	0.21439250	-11.10874000
0.78185503	0.21485030	-11.10874000
0.78685503	0.21262240	-11.10874000
0.79185503	0.20798360	-11.10874000
0.79685503	0.20575580	-11.10874000
0.80185503	0.20621360	-11.10874000
0.80685503	0.20633560	-11.10874000
0.81185503	0.20633560	-11.10874000
0.81685503	0.20633560	-11.13315000
0.82185503	0.20633560	-11.22471000
0.82685503	0.20633560	-10.75472000
0.83185503	0.20633560	-9.73540400
0.83685503	0.20633560	-9.75981900
0.84185503	0.20633560	-10.87069000
0.84685503	0.20645770	-10.89511000
0.85185503	0.20691550	-9.87579000
0.85685503	0.20468760	-9.43021900
0.86185503	0.20004880	-9.61333000
0.86685503	0.19782100	-9.16776000
0.87185503	0.19827880	-8.14844100
0.87685503	0.19840080	-8.17285700
0.88185503	0.19840080	-9.28373100
0.88685503	0.19840080	-9.30814500
0.89185503	0.19840080	-8.28882700
0.89685503	0.19852290	-7.81884200
0.90185503	0.19898070	-7.91039800
0.90685503	0.19675280	-7.93481200
0.91185503	0.19211400	-7.93481200
0.91685503	0.18988620	-7.95922800
0.92185503	0.19034390	-8.05078300
0.92685503	0.19046600	-7.58079800
0.93185503	0.19046600	-6.56148000
0.93685503	0.19046600	-6.56148000
0.94185503	0.19046600	-7.58079800
0.94685503	0.19046600	-8.07519700
0.95185503	0.19046600	-8.07519700
0.95685503	0.19046600	-7.60521200
0.96185503	0.19046600	-6.67745000
0.96685503	0.19058810	-6.23187900
0.97185503	0.19104590	-6.32343500
0.97685503	0.18881800	-6.34785000
0.98185503	0.18417920	-6.34785000
0.98685503	0.18195140	-6.32343500
0.99185503	0.18240910	-6.23187900
0.99685503	0.18253120	-6.67745000
1.00185503	0.18253120	-7.60521200
1.00685503	0.18253120	-8.02636700
1.01185503	0.18253120	-7.84325600
1.01685503	0.18253120	-8.26441300
1.02185503	0.18253120	-9.19217500
1.02685503	0.18253120	-9.63774600
1.03185503	0.18253120	-9.54619000
1.03685503	0.18253120	-9.52177400
1.04185503	0.18253120	-9.52177400
1.04685503	0.18253120	-9.52177400
1.05185503	0.18253120	-9.52177400
1.05685503	0.18253120	-9.52177400
1.06185503	0.18253120	-9.52177400
1.06685503	0.18265330	-9.52177400
1.07185503	0.18311110	-9.52177400
1.07685503	0.18088320	-9.52177400
1.08185503	0.17624440	-9.52177400
1.08685503	0.17401650	-9.52177400
1.09185503	0.17447430	-9.52177400
1.09685503	0.17459640	-9.54619000
1.10185503	0.17459640	-9.63774600
1.10685503	0.17459640	-9.19217500
1.11185503	0.17459640	-8.26441300
1.11685503	0.17459640	-7.81884200
1.12185503	0.17459640	-7.91039800
1.12685503	0.17459640	-7.93481200
1.13185503	0.17459640	-7.93481200
1.13685503	0.17471850	-7.93481200
1.14185503	0.17517620	-7.93481200
1.14685503	0.17294840	-7.93481200
1.15185503	0.16830960	-7.93481200
1.15685503	0.16608170	-7.93481200
1.16185503	0.16653950	-7.93481200
1.16685503	0.16666160	-7.93481200
1.17185503	0.16666160	-7.93481200
1.17685503	0.16666160	-7.93481200
1.18185503	0.16666160	-7.93481200
1.18685503	0.16666160	-7.93481200
1.19185503	0.16666160	-7.93481200
1.19685503	0.16666160	-7.95922800
1.20185503	0.16666160	-8.05078300
1.20685503	0.16666160	-7.58079800
1.21185503	0.16666160	-6.56148000
1.21685503	0.16678370	-6.58589400
1.22185503	0.16724140	-7.69676800
1.22685503	0.16501360	-7.69676800
1.23185503	0.16037480	-6.58589400
1.23685503	0.15814690	-6.58589400
1.24185503	0.15860470	-7.69676800
1.24685503	0.15872680	-7.72118300
1.25185503	0.15872680	-6.70186400
1.25685503	0.15872680	-6.20746500
1.26185503	0.15872680	-6.20746500
1.26685503	0.15872680	-6.67745000
1.27185503	0.15872680	-7.60521200
1.27685503	0.15872680	-8.05078300
1.28185503	0.15872680	-7.95922800
1.28685503	0.15872680	-7.93481200
1.29185503	0.15872680	-7.93481200
1.29685503	0.15872680	-7.93481200
1.30185503	0.15872680	-7.93481200
1.30685503	0.15872680	-7.95922800
1.31185503	0.15872680	-8.05078300
1.31685503	0.15884880	-7.58079800
1.32185503	0.15930660	-6.56148000
1.32685503	0.15707880	-6.58589400
1.33185503	0.15244000	-7.69676800
1.33685503	0.15021210	-7.72118300
1.34185503	0.15066990	-6.70186400
1.34685503	0.15079200	-6.23187900
1.35185503	0.15079200	-6.32343500
1.35685503	0.15079200	-6.34785000
1.36185503	0.15079200	-6.34785000
1.36685503	0.15079200	-6.34785000
1.37185503	0.15079200	-6.34785000
1.37685503	0.15079200	-6.37226500
1.38185503	0.15079200	-6.46382000
1.38685503	0.15079200	-5.99383500
1.39185503	0.15079200	-4.97451700
1.39685503	0.15091400	-4.97451700
1.40185503	0.15137180	-5.99383500
1.40685503	0.14902190	-6.48823500
1.41185503	0.14392530	-6.48823500
1.41685503	0.14404740	-5.99383500
1.42185503	0.14960170	-4.97451700
1.42685503	0.14972380	-4.99893200
1.43185503	0.14462720	-6.10980600
1.43685503	0.14227730	-6.13422100
1.44185503	0.14273510	-5.11490200
1.44685503	0.14285710	-4.62050200
1.45185503	0.14285710	-4.62050200
1.45685503	0.14285710	-5.09048700
1.46185503	0.14285710	-6.01825000
1.46685503	0.14285710	-6.46382000
1.47185503	0.14285710	-6.37226500
1.47685503	0.14285710	-6.34785000
1.48185503	0.14285710	-6.34785000
1.48685503	0.14285710	-6.34785000
1.49185503	0.14285710	-6.34785000
1.49685503	0.14285710	-6.34785000
1.50185503	0.14285710	-6.34785000
1.50685503	0.14285710	-6.37226500
1.51185503	0.14285710	-6.46382000
1.51685503	0.14297920	-5.99383500
1.52185503	0.14343700	-4.97451700
1.52685503	0.14120910	-4.99893200
1.53185503	0.13653980	-6.10980600
1.53685503	0.13431200	-6.13422100
1.54185503	0.13476970	-5.11490200
1.54685503	0.13489180	-4.62050200
1.55185503	0.13489180	-4.62050200
1.55685503	0.13489180	-5.09048700
1.56185503	0.13489180	-6.01825000
1.56685503	0.13489180	-6.48823500
1.57185503	0.13489180	-6.48823500
1.57685503	0.13489180	-5.99383500
1.58185503	0.13489180	-4.97451700
1.58685503	0.13489180	-4.97451700
1.59185503	0.13489180	-5.99383500
1.59685503	0.13489180	-6.48823500
1.60185503	0.13489180	-6.48823500
1.60685503	0.13501390	-6.01825000
1.61185503	0.13547170	-5.09048700
1.61685503	0.13324380	-4.64491700
1.62185503	0.12860500	-4.73647300
1.62685503	0.12637720	-4.76088700
1.63185503	0.12683490	-4.76088700
1.63685503	0.12695700	-4.76088700
1.64185503	0.12695700	-4.76088700
1.64685503	0.12695700	-4.73647300
1.65185503	0.12695700	-4.64491700
1.65685503	0.12695700	-5.11490200
1.66185503	0.12695700	-6.13422100
1.66685503	0.12695700	-6.10980600
1.67185503	0.12695700	-4.99893200
1.67685503	0.12695700	-4.99893200
1.68185503	0.12695700	-6.10980600
1.68685503	0.12695700	-6.13422100
1.69185503	0.12695700	-5.11490200
1.69685503	0.12695700	-4.64491700
1.70185503	0.12695700	-4.73647300
1.70685503	0.12695700	-4.76088700
1.71185503	0.12695700	-4.76088700
1.71685503	0.12707910	-4.76088700
1.72185503	0.12753680	-4.76088700
1.72685503	0.12530900	-4.76088700
1.73185503	0.12067020	-4.76088700
1.73685503	0.11844230	-4.76088700
1.74185503	0.11890010	-4.76088700
1.74685503	0.11902220	-4.76088700
1.75185503	0.11902220	-4.76088700
1.75685503	0.11902220	-4.76088700
1.76185503	0.11902220	-4.76088700
1.76685503	0.11902220	-4.76088700
1.77185503	0.11902220	-4.76088700
1.77685503	0.11902220	-4.76088700
1.78185503	0.11902220	-4.76088700
1.78685503	0.11902220	-4.76088700
1.79185503	0.11902220	-4.76088700
1.79685503	0.11902220	-4.73647300
1.80185503	0.11902220	-4.64491700
1.80685503	0.11902220	-5.09048700
1.81185503	0.11902220	-6.01825000
1.81685503	0.11902220	-6.46382000
1.82185503	0.11902220	-6.37226500
1.82685503	0.11902220	-6.34785000
1.83185503	0.11902220	-6.34785000
1.83685503	0.11902220	-6.34785000
1.84185503	0.11902220	-6.34785000
1.84685503	0.11914430	-6.34785000
1.85185503	0.11960200	-6.34785000
1.85685503	0.11737420	-6.34785000
1.86185503	0.11273540	-6.34785000
1.86685503	0.11050750	-6.34785000
1.87185503	0.11096530	-6.34785000
1.87685503	0.11108740	-6.34785000
1.88185503	0.11108740	-6.34785000
1.88685503	0.11108740	-6.34785000
1.89185503	0.11108740	-6.34785000
1.89685503	0.11108740	-6.34785000
1.90185503	0.11108740	-6.34785000
1.90685503	0.11108740	-6.34785000
1.91185503	0.11108740	-6.34785000
1.91685503	0.11108740	-6.32343500
1.92185503	0.11108740	-6.23187900
1.92685503	0.11108740	-6.70186400
1.93185503	0.11108740	-7.72118300
1.93685503	0.11108740	-7.74559700
1.94185503	0.11108740	-6.81783500
1.94685503	0.11108740	-5.87786500
1.95185503	0.11108740	-4.95010200
1.95685503	0.11120950	-4.97451700
1.96185503	0.11166720	-5.99383500
1.96685503	0.10943940	-6.46382000
1.97185503	0.10480060	-6.37226500
1.97685503	0.10257270	-6.37226500
1.98185503	0.10303050	-6.46382000
1.98685503	0.10315260	-6.01825000
1.99185503	0.10315260	-5.09048700
1.99685503	0.10315260	-4.64491700
2.00185503	0.10315260	-4.73647300
2.00685503	0.10315260	-4.76088700
2.01185503	0.10315260	-4.76088700
2.01685503	0.10315260	-4.73647300
2.02185503	0.10315260	-4.64491700
2.02685503	0.10315260	-5.11490200
2.03185503	0.10315260	-6.13422100
2.03685503	0.10315260	-6.13422100
2.04185503	0.10315260	-5.11490200
2.04685503	0.10315260	-4.64491700
2.05185502	0.10315260	-4.73647300
2.05685502	0.10315260	-4.76088700
2.06185502	0.10315260	-4.76088700
2.06685502	0.10315260	-4.76088700
2.07185502	0.10315260	-4.76088700
2.07685502	0.10315260	-4.76088700
2.08185502	0.10315260	-4.76088700
2.08685502	0.10315260	-4.76088700
2.09185502	0.10315260	-4.76088700
2.09685502	0.10327460	-4.76088700
2.10185502	0.10373240	-4.76088700
2.10685502	0.10150460	-4.76088700
2.11185502	0.09686575	-4.76088700
2.11685502	0.09463790	-4.76088700
2.12185502	0.09509568	-4.76088700
2.12685502	0.09521775	-4.76088700
2.13185502	0.09521775	-4.76088700
2.13685502	0.09521775	-4.76088700
2.14185502	0.09521775	-4.76088700
2.14685502	0.09521775	-4.76088700
2.15185502	0.09521775	-4.76088700
2.15685502	0.09521775	-4.76088700
2.16185502	0.09521775	-4.76088700
2.16685502	0.09521775	-4.73647300
2.17185502	0.09521775	-4.64491700
2.17685502	0.09521775	-5.11490200
2.18185502	0.09521775	-6.13422100
2.18685502	0.09521775	-6.10980600
2.19185502	0.09521775	-4.99893200
2.19685502	0.09521775	-4.97451700
2.20185502	0.09521775	-5.99383500
2.20685502	0.09521775	-6.46382000
2.21185502	0.09521775	-6.37226500
2.21685502	0.09521775	-6.34785000
2.22185502	0.09521775	-6.34785000
2.22685502	0.09521775	-6.32343500
2.23185502	0.09521775	-6.23187900
2.23685502	0.09533982	-6.70186400
2.24185502	0.09579760	-7.72118300
2.24685502	0.09356975	-7.72118300
2.25185502	0.08893093	-6.70186400
2.25685502	0.08670308	-6.23187900
2.26185502	0.08716086	-6.32343500
2.26685502	0.08728294	-6.34785000
2.27185502	0.08728294	-6.34785000
2.27685502	0.08728294	-6.34785000
2.28185502	0.08728294	-6.34785000
2.28685502	0.08728294	-6.34785000
2.29185502	0.08728294	-6.34785000
2.29685502	0.08728294	-6.34785000
2.30185502	0.08728294	-6.34785000
2.30685502	0.08728294	-6.34785000
2.31185502	0.08728294	-6.34785000
2.31685502	0.08728294	-6.37226500
2.32185502	0.08728294	-6.46382000
2.32685502	0.08728294	-6.01825000
2.33185502	0.08728294	-5.09048700
2.33685502	0.08728294	-4.66933200
2.34185502	0.08728294	-4.85244300
2.34685502	0.08728294	-4.43128700
2.35185502	0.08728294	-3.50352500
2.35685502	0.08728294	-3.05795500
2.36185502	0.08728294	-3.14951000
2.36685502	0.08728294	-3.14951000
2.37185502	0.08728294	-3.05795500
2.37685502	0.08728294	-3.52794000
2.38185502	0.08728294	-4.54725700
2.38685502	0.08740501	-4.54725700
2.39185502	0.08786279	-3.52794000
2.39685502	0.08563494	-3.08237000
2.40185502	0.08099613	-3.26548100
2.40685502	0.07876828	-2.81991000
2.41185502	0.07922605	-1.80059200
2.41685502	0.07934812	-1.80059200
2.42185502	0.07934812	-2.81991000
2.42685502	0.07934812	-3.28989500
2.43185502	0.07934812	-3.19834000
2.43685502	0.07934812	-3.14951000
2.44185502	0.07934812	-3.05795500
2.44685502	0.07934812	-3.50352500
2.45185502	0.07934812	-4.43128700
2.45685502	0.07934812	-4.85244300
2.46185502	0.07934812	-4.66933200
2.46685502	0.07934812	-5.09048700
2.47185502	0.07934812	-6.01825000
2.47685502	0.07934812	-6.46382000
2.48185502	0.07934812	-6.37226500
2.48685502	0.07934812	-6.37226500
2.49185502	0.07934812	-6.46382000
2.49685502	0.07934812	-5.99383500
2.50185502	0.07934812	-4.97451700
2.50685502	0.07934812	-4.99893200
2.51185502	0.07934812	-6.10980600
2.51685502	0.07934812	-6.13422100
2.52185502	0.07934812	-5.11490200
2.52685502	0.07934812	-4.64491700
2.53185502	0.07934812	-4.73647300
2.53685502	0.07934812	-4.76088700
2.54185502	0.07934812	-4.76088700
2.54685502	0.07947020	-4.76088700
2.55185502	0.07992797	-4.76088700
2.55685502	0.07770012	-4.76088700
2.56185502	0.07306131	-4.76088700
2.56685502	0.07071139	-4.76088700
2.57185502	0.07071139	-4.76088700
2.57685502	0.07318339	-4.76088700
2.58185502	0.07827998	-4.76088700
2.58685502	0.07827998	-4.78530200
2.59185502	0.07318339	-4.87685800
2.59685502	0.07083346	-4.40687300
2.60185502	0.07129124	-3.38755500
2.60685502	0.07141331	-3.41196900
2.61185502	0.07141331	-4.52284300
2.61685502	0.07141331	-4.54725700
2.62185502	0.07141331	-3.52794000
2.62685502	0.07141331	-3.03354000
2.63185502	0.07141331	-3.03354000
2.63685502	0.07141331	-3.50352500
2.64185502	0.07141331	-4.43128700
2.64685502	0.07141331	-4.87685800
2.65185502	0.07141331	-4.78530200
2.65685502	0.07141331	-4.78530200
2.66185502	0.07141331	-4.87685800
2.66685502	0.07141331	-4.40687300
2.67185502	0.07141331	-3.38755500
2.67685502	0.07141331	-3.41196900
2.68185502	0.07141331	-4.52284300
2.68685502	0.07141331	-4.54725700
2.69185502	0.07141331	-3.52794000
2.69685502	0.07141331	-3.03354000
2.70185502	0.07141331	-3.03354000
2.70685502	0.07141331	-3.50352500
2.71185502	0.07141331	-4.43128700
2.71685502	0.07141331	-4.92568700
2.72185502	0.07141331	-5.01724300
2.72685502	0.07141331	-4.07727300
2.73185502	0.07141331	-2.13019200
2.73685502	0.07141331	-1.66020700
2.74185502	0.07141331	-2.67952500
2.74685502	0.07153539	-3.61949500
2.75185502	0.07199316	-4.45570200
2.75685502	0.06976531	-4.87685800
2.76185502	0.06512650	-4.78530200
2.76685502	0.06289865	-4.78530200
2.77185502	0.06335643	-4.87685800
2.77685502	0.06347850	-4.43128700
2.78185502	0.06347850	-3.50352500
2.78685502	0.06347850	-3.05795500
2.79185502	0.06347850	-3.14951000
2.79685502	0.06347850	-3.17392500
2.80185502	0.06347850	-3.17392500
2.80685502	0.06347850	-3.14951000
2.81185502	0.06347850	-3.05795500
2.81685502	0.06347850	-3.50352500
2.82185502	0.06347850	-4.43128700
2.82685502	0.06347850	-4.87685800
2.83185502	0.06347850	-4.78530200
2.83685502	0.06347850	-4.76088700
2.84185502	0.06347850	-4.76088700
2.84685502	0.06347850	-4.76088700
2.85185502	0.06347850	-4.76088700
2.85685502	0.06347850	-4.76088700
2.86185502	0.06347850	-4.76088700
2.86685502	0.06347850	-4.73647300
2.87185502	0.06347850	-4.64491700
2.87685502	0.06347850	-5.11490200
2.88185502	0.06347850	-6.13422100
2.88685502	0.06347850	-6.10980600
2.89185502	0.06347850	-4.99893200
2.89685502	0.06347850	-4.99893200
2.90185502	0.06347850	-6.10980600
2.90685502	0.06347850	-6.13422100
2.91185502	0.06347850	-5.11490200
2.91685502	0.06347850	-4.64491700
2.92185502	0.06347850	-4.73647300
2.92685502	0.06347850	-4.76088700
2.93185502	0.06347850	-4.76088700
2.93685502	0.06347850	-4.76088700
2.94185502	0.06347850	-4.76088700
2.94685502	0.06360057	-4.78530200
2.95185502	0.06405835	-4.87685800
2.95685502	0.06170843	-4.38245800
2.96185502	0.05661184	-3.27158400
2.96685502	0.05661184	-3.74156900
2.97185502	0.06170843	-5.78020600
2.97685502	0.06405835	-6.27460500
2.98185502	0.06360057	-5.25528700
2.98685502	0.06360057	-4.29090200
2.99185502	0.06405835	-3.36314000
2.99685502	0.06183050	-3.36314000
3.00185502	0.05719168	-4.29090200
3.00685502	0.05496383	-5.20645800
3.01185502	0.05542161	-6.04266500
3.01685502	0.05554369	-6.48823500
3.02185502	0.05554369	-6.48823500
3.02685502	0.05554369	-6.01825000
3.03185502	0.05554369	-5.09048700
3.03685502	0.05554369	-4.64491700
3.04185502	0.05554369	-4.73647300
3.04685502	0.05554369	-4.76088700
3.05185502	0.05554369	-4.76088700
3.05685502	0.05554369	-4.78530200
3.06185502	0.05554369	-4.87685800
3.06685502	0.05554369	-4.40687300
3.07185502	0.05554369	-3.38755500
3.07685502	0.05554369	-3.38755500
3.08185502	0.05554369	-4.40687300
3.08685502	0.05554369	-4.87685800
3.09185502	0.05554369	-4.78530200
3.09685502	0.05554369	-4.76088700
3.10185502	0.05554369	-4.76088700
3.10685502	0.05554369	-4.73647300
3.11185502	0.05554369	-4.64491700
3.11685502	0.05554369	-5.11490200
3.12185502	0.05554369	-6.13422100
3.12685502	0.05554369	-6.13422100
3.13185502	0.05554369	-5.11490200
3.13685502	0.05554369	-4.64491700
3.14185502	0.05554369	-4.73647300
3.14685502	0.05554369	-4.76088700
3.15185502	0.05554369	-4.76088700
3.15685502	0.05554369	-4.76088700
3.16185502	0.05554369	-4.76088700
3.16685502	0.05554369	-4.76088700
3.17185502	0.05554369	-4.76088700
3.17685502	0.05554369	-4.78530200
3.18185502	0.05554369	-4.87685800
3.18685502	0.05566576	-4.40687300
3.19185502	0.05612354	-3.38755500
3.19685502	0.05389569	-3.38755500
3.20185502	0.04925688	-4.40687300
3.20685502	0.04702902	-4.90127200
3.21185502	0.04748680	-4.90127200
3.21685502	0.04760887	-4.43128700
3.22185502	0.04760887	-3.50352500
3.22685502	0.04760887	-3.03354000
3.23185502	0.04760887	-3.03354000
3.23685502	0.04760887	-3.50352500
3.24185502	0.04760887	-4.43128700
3.24685502	0.04760887	-4.87685800
3.25185502	0.04760887	-4.78530200
3.25685502	0.04760887	-4.73647300
3.26185502	0.04760887	-4.64491700
3.26685502	0.04760887	-5.11490200
3.27185502	0.04760887	-6.13422100
3.27685502	0.04760887	-6.13422100
3.28185502	0.04760887	-5.11490200
3.28685502	0.04760887	-4.62050200
3.29185502	0.04760887	-4.62050200
3.29685502	0.04760887	-5.11490200
3.30185502	0.04760887	-6.13422100
3.30685502	0.04760887	-6.13422100
3.31185502	0.04760887	-5.11490200
3.31685502	0.04760887	-4.64491700
3.32185502	0.04760887	-4.73647300
3.32685502	0.04760887	-4.76088700
3.33185502	0.04760887	-4.76088700
3.33685502	0.04760887	-4.76088700
3.34185502	0.04760887	-4.76088700
3.34685502	0.04760887	-4.76088700
3.35185502	0.04760887	-4.76088700
3.35685502	0.04760887	-4.76088700
3.36185502	0.04760887	-4.76088700
3.36685502	0.04760887	-4.78530200
3.37185502	0.04760887	-4.87685800
3.37685502	0.04760887	-4.43128700
3.38185502	0.04760887	-3.50352500
3.38685502	0.04760887	-3.05795500
3.39185502	0.04760887	-3.14951000
3.39685502	0.04760887	-3.19834000
3.40185502	0.04760887	-3.28989500
3.40685502	0.04760887	-2.81991000
3.41185502	0.04760887	-1.80059200
3.41685502	0.04760887	-1.80059200
3.42185502	0.04760887	-2.81991000
3.42685502	0.04760887	-3.28989500
3.43185502	0.04760887	-3.19834000
3.43685502	0.04760887	-3.17392500
3.44185502	0.04760887	-3.17392500
3.44685502	0.04760887	-3.19834000
3.45185502	0.04760887	-3.28989500
3.45685502	0.04760887	-2.84432500
3.46185502	0.04760887	-1.91656200
3.46685502	0.04760887	-1.47099200
3.47185502	0.04760887	-1.56254800
3.47685502	0.04760887	-1.56254800
3.48185502	0.04760887	-1.47099200
3.48685502	0.04760887	-1.91656200
3.49185502	0.04760887	-2.84432500
3.49685502	0.04773095	-3.28989500
3.50185502	0.04818873	-3.19834000
3.50685502	0.04596087	-3.14951000
3.51185502	0.04132206	-3.05795500
3.51685502	0.03909421	-3.50352500
3.52185502	0.03955199	-4.43128700
3.52685502	0.03967406	-4.87685800
3.53185502	0.03967406	-4.78530200
3.53685502	0.03967406	-4.76088700
3.54185502	0.03967406	-4.76088700
3.54685502	0.03967406	-4.76088700
3.55185502	0.03967406	-4.76088700
3.55685502	0.03967406	-4.76088700
3.56185502	0.03967406	-4.76088700
3.56685502	0.03967406	-4.78530200
3.57185502	0.03967406	-4.87685800
3.57685502	0.03967406	-4.40687300
3.58185502	0.03967406	-3.38755500
3.58685502	0.03967406	-3.38755500
3.59185502	0.03967406	-4.40687300
3.59685502	0.03967406	-4.90127200
3.60185502	0.03967406	-4.90127200
3.60685502	0.03967406	-4.43128700
3.61185502	0.03967406	-3.50352500
3.61685502	0.03967406	-3.03354000
3.62185502	0.03967406	-3.03354000
3.62685502	0.03967406	-3.50352500
3.63185502	0.03967406	-4.43128700
3.63685502	0.03967406	-4.90127200
3.64185502	0.03967406	-4.90127200
3.64685502	0.03967406	-4.40687300
3.65185502	0.03967406	-3.38755500
3.65685502	0.03967406	-3.41196900
3.66185502	0.03967406	-4.52284300
3.66685502	0.03967406	-4.54725700
3.67185502	0.03967406	-3.52794000
3.67685502	0.03967406	-3.05795500
3.68185502	0.03967406	-3.14951000
3.68685502	0.03967406	-3.17392500
3.69185502	0.03967406	-3.17392500
3.69685502	0.03967406	-3.17392500
3.70185501	0.03967406	-3.17392500
3.70685501	0.03967406	-3.17392500
3.71185501	0.03967406	-3.17392500
3.71685501	0.03967406	-3.17392500
3.72185501	0.03967406	-3.17392500
3.72685501	0.03967406	-3.19834000
3.73185501	0.03967406	-3.28989500
3.73685501	0.03967406	-2.84432500
3.74185501	0.03967406	-1.91656200
3.74685501	0.03967406	-1.47099200
3.75185501	0.03967406	-1.56254800
3.75685501	0.03967406	-1.58696200
3.76185501	0.03967406	-1.58696200
3.76685501	0.03967406	-1.58696200
3.77185501	0.03967406	-1.58696200
3.77685501	0.03967406	-1.56254800
3.78185501	0.03967406	-1.47099200
3.78685501	0.03979614	-1.91656200
3.79185501	0.04025391	-2.84432500
3.79685501	0.03790399	-3.28989500
3.80185501	0.03280740	-3.19834000
3.80685501	0.03292947	-3.19834000
3.81185501	0.03848384	-3.28989500
3.81685501	0.03860591	-2.84432500
3.82185501	0.03350932	-1.91656200
3.82685501	0.03115940	-1.44657700
3.83185501	0.03161718	-1.44657700
3.83685501	0.03173925	-1.91656200
3.84185501	0.03173925	-2.84432500
3.84685501	0.03173925	-3.26548100
3.85185501	0.03173925	-3.08237000
3.85685501	0.03173925	-3.52794000
3.86185501	0.03173925	-4.54725700
3.86685501	0.03173925	-4.54725700
3.87185501	0.03173925	-3.52794000
3.87685501	0.03173925	-3.03354000
3.88185501	0.03173925	-3.03354000
3.88685501	0.03173925	-3.52794000
3.89185501	0.03173925	-4.54725700
3.89685501	0.03173925	-4.52284300
3.90185501	0.03173925	-3.41196900
3.90685501	0.03173925	-3.38755500
3.91185501	0.03173925	-4.40687300
3.91685501	0.03173925	-4.87685800
3.92185501	0.03173925	-4.78530200
3.92685501	0.03173925	-4.76088700
3.93185501	0.03173925	-4.76088700
3.93685501	0.03173925	-4.78530200
3.94185501	0.03173925	-4.87685800
3.94685501	0.03173925	-4.43128700
3.95185501	0.03173925	-3.50352500
3.95685501	0.03173925	-3.05795500
3.96185501	0.03173925	-3.14951000
3.96685501	0.03173925	-3.17392500
3.97185501	0.03173925	-3.17392500
3.97685501	0.03173925	-3.17392500
3.98185501	0.03173925	-3.17392500
3.98685501	0.03173925	-3.17392500
3.99185501	0.03173925	-3.17392500
3.99685501	0.03173925	-3.17392500
4.00185501	0.03173925	-3.17392500
4.00685501	0.03173925	-3.17392500
4.01185501	0.03173925	-3.17392500
4.01685501	0.03173925	-3.17392500
4.02185501	0.03173925	-3.17392500
4.02685501	0.03173925	-3.17392500
4.03185501	0.03173925	-3.17392500
4.03685501	0.03173925	-3.17392500
4.04185501	0.03173925	-3.17392500
4.04685501	0.03173925	-3.17392500
4.05185501	0.03173925	-3.17392500
4.05685501	0.03173925	-3.17392500
4.06185501	0.03173925	-3.17392500
4.06685501	0.03173925	-3.19834000
4.07185501	0.03173925	-3.28989500
4.07685501	0.03173925	-2.81991000
4.08185501	0.03173925	-1.80059200
4.08685501	0.03173925	-1.82500700
4.09185501	0.03173925	-2.93588100
4.09685501	0.03173925	-2.96029500
4.10185501	0.03173925	-1.94097700
4.10685501	0.03173925	-1.44657700
4.11185501	0.03173925	-1.44657700
4.11685501	0.03173925	-1.91656200
4.12185501	0.03173925	-2.84432500
4.12685501	0.03173925	-3.28989500
4.13185501	0.03173925	-3.19834000
4.13685501	0.03173925	-3.14951000
4.14185501	0.03173925	-3.05795500
4.14685501	0.03173925	-3.52794000
4.15185501	0.03173925	-4.54725700
4.15685501	0.03173925	-4.52284300
4.16185501	0.03173925	-3.41196900
4.16685501	0.03173925	-3.36314000
4.17185501	0.03173925	-4.29090200
4.17685501	0.03173925	-5.23087300
4.18185501	0.03173925	-6.15863500
4.18685501	0.03173925	-6.13422100
4.19185501	0.03173925	-5.11490200
4.19685501	0.03173925	-4.66933200
4.20185501	0.03173925	-4.85244300
4.20685501	0.03173925	-4.43128700
4.21185501	0.03173925	-3.50352500
4.21685501	0.03173925	-3.05795500
4.22185501	0.03173925	-3.14951000
4.22685501	0.03173925	-3.17392500
4.23185501	0.03173925	-3.17392500
4.23685501	0.03186132	-3.17392500
4.24185501	0.03231910	-3.17392500
4.24685501	0.02996918	-3.19834000
4.25185501	0.02487259	-3.28989500
4.25685501	0.02499466	-2.91756900
4.26185501	0.03054903	-2.27057700
4.26685501	0.03067110	-0.50050350
4.27185501	0.02557451	2.08746600
4.27685501	0.02322458	3.75988000
4.28185501	0.02368236	4.03454700
4.28685501	0.02380444	6.05487300
4.29185501	0.02380444	9.10672300
4.29685501	0.02380444	13.39152000
4.30185501	0.02380444	17.92047000
4.30685501	0.02380444	23.43211000
4.31185501	0.02380444	28.52260000
4.31685501	0.02380444	35.30381000
4.32185501	0.02380444	42.04840000
4.32685501	0.02380444	50.14801000
4.33185501	0.02380444	57.64336000
4.33685501	0.02380444	66.13971000
4.34185501	0.02380444	73.53740000
4.34685501	0.02380444	82.00934000
4.35185501	0.02380444	89.41313000
4.35685501	0.02380444	97.93390000
4.36185501	0.02380444	105.51470000
4.36685501	0.02380444	113.16870000
4.37185501	0.02380444	118.99170000
4.37685501	0.02380444	125.35170000
4.38185501	0.02380444	130.61920000
4.38685501	0.02380444	135.70360000
4.39185501	0.02380444	139.31090000
4.39685501	0.02380444	143.15010000
4.40185501	0.02380444	146.29350000
4.40685501	0.02380444	148.39320000
4.41185501	0.02380444	148.85100000
4.41685501	0.02380444	149.65060000
4.42185501	0.02380444	150.48680000
4.42685501	0.02380444	150.93230000
4.43185501	0.02380444	150.93230000
4.43685501	0.02380444	150.51120000
4.44185501	0.02380444	149.76650000
4.44685501	0.02380444	148.47250000
4.45185501	0.02380444	146.90390000
4.45685501	0.02380444	145.23150000
4.46185501	0.02380444	143.93750000
4.46685501	0.02380444	141.37390000
4.47185501	0.02380444	138.13290000
4.47685501	0.02380444	135.13600000
4.48185501	0.02380444	133.10950000
4.48685501	0.02380444	130.16140000
4.49185501	0.02380444	127.11570000
4.49685501	0.02380444	123.69760000
4.50185501	0.02380444	120.74340000
4.50685501	0.02380444	117.34980000
4.51185501	0.02380444	114.38950000
4.51685501	0.02380444	110.99580000
4.52185501	0.02380444	108.04160000
4.52685501	0.02380444	104.64800000
4.53185501	0.02380444	101.69380000
4.53685501	0.02380444	98.27570000
4.54185501	0.02380444	95.22996000
4.54685501	0.02380444	92.28187000
4.55185501	0.02380444	90.25544000
4.55685501	0.02380444	87.25852000
4.56185501	0.02380444	84.01746000
4.56685501	0.02380444	81.49663000
4.57185501	0.02380444	80.39185000
4.57685501	0.02380444	77.87713000
4.58185501	0.02380444	74.63607000
4.58685501	0.02380444	71.60252000
4.59185501	0.02380444	69.38078000
4.59685501	0.02380444	67.28721000
4.60185501	0.02380444	65.90167000
4.60685501	0.02380444	64.25367000
4.61185501	0.02380444	62.86813000
4.61685501	0.02380444	60.72573000
4.62185501	0.02380444	58.32087000
4.62685501	0.02380444	56.17847000
4.63185501	0.02380444	54.78683000
4.63685501	0.02380444	53.11441000
4.64185501	0.02380444	51.63732000
4.64685501	0.02380444	49.94049000
4.65185501	0.02380444	48.46339000
4.65685501	0.02380444	46.74215000
4.66185501	0.02380444	45.17350000
4.66685501	0.02380444	43.87951000
4.67185501	0.02380444	43.13486000
4.67685501	0.02392651	42.78695000
4.68185501	0.02438429	43.06161000
4.68685501	0.02203436	42.23762000
4.69185501	0.01693777	40.57741000
4.69685501	0.01693777	38.80734000
4.70185501	0.02203436	37.23869000
4.70685501	0.02438429	35.94470000
4.71185501	0.02392651	35.20005000
4.71685501	0.02380444	34.85214000
4.72185501	0.02380444	35.12680000
4.72685501	0.02380444	34.28449000
4.73185501	0.02380444	32.52052000
4.73685501	0.02380444	31.20212000
4.74185501	0.02380444	30.56124000
4.74685501	0.02380444	29.71282000
4.75185501	0.02380444	28.87661000
4.75685501	0.02392651	28.47987000
4.76185501	0.02438429	28.66298000
4.76685501	0.02215644	28.26624000
4.77185501	0.01751762	27.43003000
4.77685501	0.01528977	26.53279000
4.78185501	0.01574755	25.69658000
4.78685501	0.01586962	25.27543000
4.79185501	0.01586962	25.36699000
4.79685501	0.01586962	25.41581000
4.80185501	0.01586962	25.50737000
4.80685501	0.01586962	25.06180000
4.81185501	0.01586962	24.13404000
4.81685501	0.01586962	23.71288000
4.82185501	0.01586962	23.89599000
4.82685501	0.01586962	23.49925000
4.83185501	0.01586962	22.66304000
4.83685501	0.01586962	21.79632000
4.84185501	0.01586962	21.05167000
4.84685501	0.01586962	20.18494000
4.85185501	0.01586962	19.34873000
4.85685501	0.01586962	18.90317000
4.86185501	0.01586962	18.90317000
4.86685501	0.01586962	19.42198000
4.87185501	0.01586962	20.53285000
4.87685501	0.01586962	20.06287000
4.88185501	0.01586962	18.02423000
4.88685501	0.01586962	17.57866000
4.89185501	0.01586962	18.78109000
4.89685501	0.01586962	18.85434000
4.90185501	0.01586962	17.92657000
4.90685501	0.01586962	17.01102000
4.91185501	0.01586962	16.17481000
4.91685501	0.01586962	15.72924000
4.92185501	0.01586962	15.72924000
4.92685501	0.01586962	16.24805000
4.93185501	0.01586962	17.35893000
4.93685501	0.01586962	16.88894000
4.94185501	0.01586962	14.85031000
4.94685501	0.01586962	14.40474000
4.95185501	0.01586962	15.60717000
4.95685501	0.01586962	15.65600000
4.96185501	0.01586962	14.63668000
4.96685501	0.01586962	14.16669000
4.97185501	0.01586962	14.25825000
4.97685501	0.01586962	14.28266000
4.98185501	0.01586962	14.28266000
4.98685501	0.01586962	14.28266000
4.99185501	0.01586962	14.28266000
4.99685501	0.01586962	14.28266000
5.00185501	0.01586962	14.28266000
5.00685501	0.01586962	14.30708000
5.01185501	0.01586962	14.39863000
5.01685501	0.01586962	13.92865000
5.02185501	0.01586962	12.90933000
5.02685501	0.01586962	12.93374000
5.03185501	0.01586962	14.04462000
5.03685501	0.01586962	14.06903000
5.04185501	0.01586962	13.04971000
5.04685501	0.01586962	12.57973000
5.05185501	0.01586962	12.67128000
5.05685501	0.01586962	12.69570000
5.06185501	0.01586962	12.69570000
5.06685501	0.01586962	12.69570000
5.07185501	0.01586962	12.69570000
5.07685501	0.01586962	12.72011000
5.08185501	0.01586962	12.81167000
5.08685501	0.01586962	12.36610000
5.09185501	0.01586962	11.43834000
5.09685501	0.01586962	10.99277000
5.10185501	0.01586962	11.08432000
5.10685501	0.01586962	11.10874000
5.11185501	0.01586962	11.10874000
5.11685501	0.01586962	11.10874000
5.12185501	0.01586962	11.10874000
5.12685501	0.01586962	11.10874000
5.13185501	0.01586962	11.10874000
5.13685501	0.01586962	11.10874000
5.14185501	0.01586962	11.10874000
5.14685501	0.01586962	11.10874000
5.15185501	0.01586962	11.10874000
5.15685501	0.01586962	11.10874000
5.16185501	0.01586962	11.10874000
5.16685501	0.01586962	11.10874000
5.17185501	0.01586962	11.10874000
5.17685501	0.01586962	11.10874000
5.18185501	0.01586962	11.10874000
5.18685501	0.01586962	11.13315000
5.19185501	0.01586962	11.22471000
5.19685501	0.01586962	10.75472000
5.20185501	0.01586962	9.73540400
5.20685501	0.01586962	9.73540400
5.21185501	0.01586962	10.75472000
5.21685501	0.01586962	11.22471000
5.22185501	0.01586962	11.13315000
5.22685501	0.01586962	11.13315000
5.23185501	0.01586962	11.22471000
5.23685501	0.01586962	10.80355000
5.24185501	0.01586962	9.96734500
5.24685501	0.01586962	9.07620400
5.25185501	0.01586962	8.23999700
5.25685501	0.01586962	7.81884200
5.26185501	0.01586962	7.91039800
5.26685501	0.01586962	7.93481200
5.27185501	0.01586962	7.93481200
5.27685501	0.01586962	7.93481200
5.28185501	0.01586962	7.93481200
5.28685501	0.01586962	7.93481200
5.29185501	0.01586962	7.93481200
5.29685501	0.01586962	7.95922800
5.30185501	0.01586962	8.05078300
5.30685501	0.01586962	7.60521200
5.31185501	0.01586962	6.67745000
5.31685501	0.01586962	6.23187900
5.32185501	0.01586962	6.32343500
5.32685501	0.01586962	6.34785000
5.33185501	0.01586962	6.34785000
5.33685501	0.01586962	6.34785000
5.34185501	0.01586962	6.34785000
5.34685500	0.01586962	6.34785000
5.35185500	0.01586962	6.34785000
5.35685500	0.01586962	6.34785000
5.36185500	0.01586962	6.34785000
5.36685500	0.01586962	6.34785000
5.37185500	0.01586962	6.34785000
5.37685500	0.01586962	6.37226500
5.38185500	0.01586962	6.46382000
5.38685500	0.01586962	5.99383500
5.39185500	0.01586962	4.97451700
5.39685500	0.01586962	4.99893200
5.40185500	0.01586962	6.10980600
5.40685500	0.01586962	6.13422100
5.41185500	0.01586962	5.11490200
5.41685500	0.01599170	4.62050200
5.42185500	0.01644948	4.62050200
5.42685500	0.01409955	5.09048700
5.43185500	0.00900296	6.01825000
5.43685500	0.00912503	6.46382000
5.44185500	0.01467940	6.37226500
5.44685500	0.01467940	6.34785000
5.45185500	0.00912503	6.34785000
5.45685500	0.00912503	6.34785000
5.46185500	0.01467940	6.34785000
5.46685500	0.01467940	6.34785000
5.47185500	0.00912503	6.34785000
5.47685500	0.00912503	6.34785000
5.48185500	0.01467940	6.34785000
5.48685500	0.01480148	6.37226500
5.49185500	0.00970489	6.46382000
5.49685500	0.00723289	6.01825000
5.50185500	0.00723289	5.09048700
5.50685500	0.00970489	4.66933200
5.51185500	0.01480148	4.85244300
5.51685500	0.01480148	4.43128700
5.52185500	0.00970489	3.50352500
5.52685500	0.00735496	3.05795500
5.53185500	0.00781274	3.14951000
5.53685500	0.00781274	3.17392500
5.54185500	0.00735496	3.17392500
5.54685500	0.00958281	3.17392500
5.55185500	0.01422163	3.17392500
5.55685500	0.01657155	3.14951000
5.56185500	0.01657155	3.05795500
5.56685500	0.01422163	3.50352500
5.57185500	0.00958281	4.43128700
5.57685500	0.00735496	4.87685800
5.58185500	0.00781274	4.78530200
5.58685500	0.00793481	4.76088700
5.59185500	0.00793481	4.76088700
5.59685500	0.00793481	4.76088700
5.60185500	0.00793481	4.76088700
5.60685500	0.00793481	4.76088700
5.61185500	0.00793481	4.76088700
5.61685500	0.00793481	4.76088700
5.62185500	0.00793481	4.76088700
5.62685500	0.00793481	4.73647300
5.63185500	0.00793481	4.64491700
5.63685500	0.00793481	5.11490200
5.64185500	0.00793481	6.13422100
5.64685500	0.00793481	6.10980600
5.65185500	0.00793481	4.99893200
5.65685500	0.00793481	4.99893200
5.66185500	0.00793481	6.10980600
5.66685500	0.00793481	6.10980600
5.67185500	0.00793481	4.99893200
5.67685500	0.00793481	4.99893200
5.68185500	0.00793481	6.10980600
5.68685500	0.00793481	6.13422100
5.69185500	0.00793481	5.11490200
5.69685500	0.00793481	4.64491700
5.70185500	0.00793481	4.73647300
5.70685500	0.00793481	4.73647300
5.71185500	0.00793481	4.64491700
5.71685500	0.00793481	5.11490200
5.72185500	0.00793481	6.13422100
5.72685500	0.00793481	6.15863500
5.73185500	0.00793481	5.23087300
5.73685500	0.00793481	4.29090200
5.74185500	0.00793481	3.36314000
5.74685500	0.00793481	3.38755500
5.75185500	0.00793481	4.40687300
5.75685500	0.00793481	4.87685800
5.76185500	0.00793481	4.78530200
5.76685500	0.00793481	4.78530200
5.77185500	0.00793481	4.87685800
5.77685500	0.00793481	4.43128700
5.78185500	0.00793481	3.50352500
5.78685500	0.00793481	3.05795500
5.79185500	0.00793481	3.14951000
5.79685500	0.00793481	3.17392500
5.80185500	0.00793481	3.17392500
5.80685500	0.00793481	3.17392500
5.81185500	0.00793481	3.17392500
5.81685500	0.00793481	3.17392500
5.82185500	0.00793481	3.17392500
5.82685500	0.00793481	3.17392500
5.83185500	0.00793481	3.17392500
5.83685500	0.00793481	3.17392500
5.84185500	0.00793481	3.17392500
5.84685500	0.00793481	3.19834000
5.85185500	0.00793481	3.28989500
5.85685500	0.00793481	2.81991000
5.86185500	0.00793481	1.80059200
5.86685500	0.00793481	1.80059200
5.87185500	0.00793481	2.81991000
5.87685500	0.00793481	3.28989500
5.88185500	0.00793481	3.19834000
5.88685500	0.00793481	3.17392500
5.89185500	0.00793481	3.17392500
5.89685500	0.00793481	3.17392500
5.90185500	0.00793481	3.17392500
5.90685500	0.00793481	3.17392500
5.91185500	0.00793481	3.17392500
5.91685500	0.00793481	3.17392500
5.92185500	0.00793481	3.17392500
5.92685500	0.00793481	3.17392500
5.93185500	0.00793481	3.17392500
5.93685500	0.00793481	3.17392500
5.94185500	0.00793481	3.17392500
5.94685500	0.00793481	3.17392500
5.95185500	0.00793481	3.17392500
5.95685500	0.00793481	3.19834000
5.96185500	0.00793481	3.28989500
5.96685500	0.00793481	2.84432500
5.97185500	0.00793481	1.91656200
5.97685500	0.00793481	1.47099200
5.98185500	0.00793481	1.56254800
5.98685500	0.00793481	1.56254800
5.99185500	0.00793481	1.47099200
5.99685500	0.00793481	1.89214800
6.00185500	0.00793481	2.72835500
6.00685500	0.00793481	3.64391000
6.01185500	0.00793481	4.57167300
6.01685500	0.00793481	4.52284300
6.02185500	0.00793481	3.41196900
6.02685500	0.00793481	3.38755500
6.03185500	0.00793481	4.40687300
6.03685500	0.00793481	4.87685800
6.04185500	0.00793481	4.78530200
6.04685500	0.00793481	4.76088700
6.05185500	0.00793481	4.76088700
6.05685500	0.00793481	4.76088700
6.06185500	0.00793481	4.76088700
6.06685500	0.00793481	4.78530200
6.07185500	0.00793481	4.87685800
6.07685500	0.00793481	4.43128700
6.08185500	0.00793481	3.50352500
6.08685500	0.00793481	3.08237000
6.09185500	0.00793481	3.26548100
6.09685500	0.00793481	2.81991000
6.10185500	0.00793481	1.80059200
6.10685500	0.00793481	1.82500700
6.11185500	0.00793481	2.93588100
6.11685500	0.00793481	2.96029500
6.12185500	0.00793481	1.94097700
6.12685500	0.00793481	1.47099200
6.13185500	0.00793481	1.56254800
6.13685500	0.00793481	1.56254800
6.14185500	0.00793481	1.47099200
6.14685500	0.00793481	1.91656200
6.15185500	0.00793481	2.84432500
6.15685500	0.00793481	3.31431000
6.16185500	0.00793481	3.31431000
6.16685500	0.00793481	2.81991000
6.17185500	0.00793481	1.80059200
6.17685500	0.00793481	1.80059200
6.18185500	0.00793481	2.81991000
6.18685500	0.00793481	3.28989500
6.19185500	0.00793481	3.19834000
6.19685500	0.00793481	3.19834000
6.20185500	0.00793481	3.28989500
6.20685500	0.00793481	2.84432500
6.21185500	0.00793481	1.91656200
6.21685500	0.00793481	1.44657700
6.22185500	0.00793481	1.44657700
6.22685500	0.00793481	1.94097700
6.23185500	0.00793481	2.96029500
6.23685500	0.00793481	2.96029500
6.24185500	0.00793481	1.94097700
6.24685500	0.00793481	1.47099200
6.25185500	0.00793481	1.56254800
6.25685500	0.00793481	1.56254800
6.26185500	0.00793481	1.47099200
6.26685500	0.00793481	1.91656200
6.27185500	0.00793481	2.84432500
6.27685500	0.00793481	3.28989500
6.28185500	0.00793481	3.19834000
6.28685500	0.00793481	3.17392500
6.29185500	0.00793481	3.17392500
6.29685500	0.00793481	3.17392500
6.30185500	0.00793481	3.17392500
6.30685500	0.00793481	3.17392500
6.31185500	0.00793481	3.17392500
6.31685500	0.00793481	3.17392500
6.32185500	0.00793481	3.17392500
6.32685500	0.00793481	3.19834000
6.33185500	0.00793481	3.28989500
6.33685500	0.00793481	2.84432500
6.34185500	0.00793481	1.91656200
6.34685500	0.00793481	1.42216300
6.35185500	0.00793481	1.33060700
6.35685500	0.00793481	2.31940700
6.36185500	0.00793481	4.44959900
6.36685500	0.00793481	3.97961400
6.37185500	0.00793481	0.92165900
6.37685500	0.00793481	-0.06714072
6.38185500	0.00793481	0.95217750
6.38685500	0.00793481	2.38654800
6.39185500	0.00793481	4.24207300
6.39685500	0.00793481	4.68764300
6.40185500	0.00793481	3.66832500
6.40685500	0.00793481	2.72835500
6.41185500	0.00793481	1.89214800
6.41685500	0.00793481	1.44657700
6.42185500	0.00793481	1.44657700
6.42685500	0.00793481	1.91656200
6.43185500	0.00793481	2.84432500
6.43685500	0.00793481	3.28989500
6.44185500	0.00793481	3.19834000
6.44685500	0.00793481	3.19834000
6.45185500	0.00793481	3.28989500
6.45685500	0.00793481	2.84432500
6.46185500	0.00793481	1.91656200
6.46685500	0.00793481	1.47099200
6.47185500	0.00793481	1.56254800
6.47685500	0.00793481	1.58696200
6.48185500	0.00793481	1.58696200
6.48685500	0.00793481	1.58696200
6.49185500	0.00793481	1.58696200
6.49685500	0.00793481	1.58696200
6.50185500	0.00793481	1.58696200
6.50685500	0.00793481	1.58696200
6.51185500	0.00793481	1.58696200
6.51685500	0.00793481	1.58696200
6.52185500	0.00793481	1.58696200
6.52685500	0.00793481	1.58696200
6.53185500	0.00793481	1.58696200
6.53685500	0.00793481	1.61137700
6.54185500	0.00793481	1.70293300
6.54685500	0.00793481	1.25736300
6.55185500	0.00793481	0.32959990
6.55685500	0.00793481	-0.14038510
6.56185500	0.00793481	-0.14038510
6.56685500	0.00793481	0.30518510
6.57185500	0.00793481	1.14139200
6.57685500	0.00793481	2.05694700
6.58185500	0.00793481	2.98471000
6.58685500	0.00793481	2.96029500
6.59185500	0.00793481	1.94097700
6.59685500	0.00793481	1.49540700
6.60185500	0.00793481	1.67851800
6.60685500	0.00793481	1.25736300
6.61185500	0.00793481	0.32959990
6.61685500	0.00793481	-0.14038510
6.62185500	0.00793481	-0.14038510
6.62685500	0.00793481	0.32959990
6.63185500	0.00793481	1.25736300
6.63685500	0.00793481	1.70293300
6.64185500	0.00793481	1.61137700
6.64685500	0.00793481	1.58696200
6.65185500	0.00793481	1.58696200
6.65685500	0.00793481	1.58696200
6.66185500	0.00793481	1.58696200
6.66685500	0.00793481	1.58696200
6.67185500	0.00793481	1.58696200
6.67685500	0.00805689	1.58696200
6.68185500	0.00851466	1.58696200
6.68685500	0.00628681	1.58696200
6.69185500	0.00164800	1.58696200
6.69685500	-0.00070193	1.58696200
6.70185500	-0.00070193	1.58696200
6.70685500	0.00164800	1.61137700
6.71185500	0.00628681	1.70293300
6.71685500	0.00851466	1.25736300
6.72185500	0.00805689	0.32959990
6.72685500	0.00793481	-0.11597030
6.73185500	0.00793481	-0.02441481
6.73685500	0.00793481	0.00000000
6.74185500	0.00793481	0.00000000
6.74685500	0.00793481	0.00000000
6.75185500	0.00793481	0.00000000
6.75685500	0.00793481	0.00000000
6.76185500	0.00793481	0.00000000
6.76685500	0.00793481	0.02441481
6.77185500	0.00793481	0.11597030
6.77685500	0.00793481	-0.32959990
6.78185500	0.00793481	-1.25736300
6.78685500	0.00793481	-1.72734800
6.79185500	0.00793481	-1.72734800
6.79685500	0.00793481	-1.28177700
6.80185500	0.00793481	-0.44557020
6.80685500	0.00805689	0.44557020
6.81185500	0.00851466	1.28177700
6.81685500	0.00616474	1.72734800
6.82185500	0.00106815	1.72734800
6.82685500	0.00106815	1.25736300
6.83185500	0.00616474	0.32959990
6.83685500	0.00863674	-0.14038510
6.84185500	0.00863674	-0.14038510
6.84685500	0.00628681	0.35401470
6.85185500	0.00164800	1.37333300
6.85685500	-0.00070193	1.34891800
6.86185500	-0.00070193	0.23804440
6.86685500	0.00164800	0.21362960
6.87185500	0.00628681	1.23294800
6.87685500	0.00863674	1.72734800
6.88185500	0.00863674	1.72734800
6.88685500	0.00628681	1.23294800
6.89185500	0.00164800	0.21362960
6.89685500	-0.00057985	0.21362960
6.90185500	-0.00012207	1.23294800
6.90685500	-0.00012207	1.70293300
6.91185500	-0.00057985	1.61137700
6.91685500	0.00177007	1.61137700
6.92185500	0.00686667	1.70293300
6.92685500	0.00686667	1.23294800
6.93185500	0.00177007	0.21362960
6.93685500	-0.00057985	0.21362960
6.94185500	-0.00012207	1.23294800
6.94685500	-0.00012207	1.70293300
6.95185500	-0.00057985	1.61137700
6.95685500	0.00164800	1.58696200
6.96185500	0.00628681	1.58696200
6.96685500	0.00851466	1.61137700
6.97185500	0.00805689	1.70293300
6.97685500	0.00805689	1.25736300
6.98185500	0.00851466	0.32959990
6.98685500	0.00616474	-0.11597030
6.99185499	0.00106815	-0.02441481
6.99685499	0.00106815	-0.02441481
7.00185499	0.00616474	-0.11597030
7.00685499	0.00863674	0.35401470
7.01185499	0.00863674	1.37333300
7.01685499	0.00616474	1.37333300
7.02185499	0.00106815	0.35401470
7.02685499	0.00119022	-0.11597030
7.03185499	0.00674459	-0.02441481
7.03685499	0.00674459	0.00000000
7.04185499	0.00119022	0.00000000
7.04685499	0.00106815	0.00000000
7.05185499	0.00616474	0.00000000
7.05685499	0.00863674	0.00000000
7.06185499	0.00863674	0.00000000
7.06685499	0.00628681	0.00000000
7.07185499	0.00164800	0.00000000
7.07685499	-0.00057985	0.00000000
7.08185499	-0.00012207	0.00000000
7.08685499	0.00000000	0.02441481
7.09185499	0.00000000	0.11597030
7.09685499	0.00000000	-0.32959990
7.10185499	0.00000000	-1.25736300
7.10685499	-0.00012207	-1.70293300
7.11185499	-0.00057985	-1.61137700
7.11685499	0.00177007	-1.58696200
7.12185499	0.00686667	-1.58696200
7.12685499	0.00686667	-1.58696200
7.13185499	0.00177007	-1.58696200
7.13685499	-0.00057985	-1.58696200
7.14185499	-0.00012207	-1.58696200
7.14685499	0.00000000	-1.58696200
7.15185499	0.00000000	-1.58696200
7.15685499	0.00000000	-1.61137700
7.16185499	0.00000000	-1.70293300
7.16685499	0.00000000	-1.23294800
7.17185499	0.00000000	-0.21362960
7.17685499	0.00000000	-0.23804440
7.18185499	0.00000000	-1.34891800
7.18685499	0.00000000	-1.37333300
7.19185499	0.00000000	-0.35401470
7.19685499	0.00000000	0.11597030
7.20185499	0.00000000	0.02441481
7.20685499	0.00000000	0.00000000
7.21185499	0.00000000	0.00000000
7.21685499	0.00000000	0.00000000
7.22185499	0.00000000	0.00000000
7.22685499	0.00000000	-0.02441481
7.23185499	0.00000000	-0.11597030
7.23685499	0.00000000	0.32959990
7.24185499	0.00000000	1.25736300
7.24685499	0.00000000	1.72734800
7.25185499	0.00000000	1.72734800
7.25685499	0.00000000	1.25736300
7.26185499	0.00000000	0.32959990
7.26685499	0.00000000	-0.11597030
7.27185499	0.00000000	-0.02441481
7.27685499	0.00000000	0.00000000
7.28185499	0.00000000	0.00000000
7.28685499	0.00000000	0.00000000
7.29185499	0.00000000	0.00000000
7.29685499	0.00000000	0.00000000
7.30185499	0.00000000	0.00000000
7.30685499	0.00000000	0.00000000
7.31185499	0.00000000	0.00000000
7.31685499	0.00000000	0.00000000
7.32185499	0.00000000	0.00000000
7.32685499	0.00000000	0.00000000
7.33185499	0.00000000	0.00000000
7.33685499	0.00000000	0.00000000
7.34185499	0.00000000	0.00000000
7.34685499	0.00000000	0.02441481
7.35185499	0.00000000	0.11597030
7.35685499	0.00000000	-0.32959990
7.36185499	0.00000000	-1.25736300
7.36685499	0.00000000	-1.70293300
7.37185499	0.00000000	-1.61137700
7.37685499	0.00000000	-1.61137700
7.38185499	0.00000000	-1.70293300
7.38685499	0.00000000	-1.23294800
7.39185499	0.00000000	-0.21362960
7.39685499	0.00000000	-0.21362960
7.40185499	0.00000000	-1.23294800
7.40685499	0.00000000	-1.70293300
7.41185499	0.00000000	-1.61137700
7.41685499	0.00000000	-1.61137700
7.42185499	0.00000000	-1.70293300
7.42685499	0.00000000	-1.25736300
7.43185499	0.00000000	-0.32959990
7.43685499	0.00000000	0.14038510
7.44185499	0.00000000	0.14038510
7.44685499	0.00000000	-0.32959990
7.45185499	0.00000000	-1.25736300
7.45685499	0.00000000	-1.75176200
7.46185499	0.00000000	-1.84331800
7.46685499	0.00000000	-0.90334780
7.47185499	0.00000000	1.04373300
7.47685499	0.00000000	1.48930300
7.48185499	0.00000000	0.37842950
7.48685499	0.00000000	-0.14038510
7.49185499	0.00000000	-0.14038510
7.49685499	0.00000000	0.35401470
7.50185499	0.00000000	1.37333300
7.50685499	0.00000000	1.34891800
7.51185499	0.00000000	0.23804440
7.51685499	0.00000000	0.23804440
7.52185499	0.00000000	1.34891800
7.52685499	0.00000000	1.37333300
7.53185499	0.00000000	0.35401470
7.53685499	0.00000000	-0.11597030
7.54185499	0.00000000	-0.02441481
7.54685499	0.00000000	0.00000000
7.55185499	0.00000000	0.00000000
7.55685499	0.00000000	0.02441481
7.56185499	0.00000000	0.11597030
7.56685499	0.00000000	-0.35401470
7.57185499	0.00000000	-1.37333300
7.57685499	0.00000000	-1.37333300
7.58185499	0.00000000	-0.35401470
7.58685499	0.00000000	0.14038510
7.59185499	0.00000000	0.14038510
7.59685499	0.00000000	-0.35401470
7.60185499	0.00000000	-1.37333300
7.60685499	0.00000000	-1.37333300
7.61185499	0.00000000	-0.35401470
7.61685499	0.00000000	0.11597030
7.62185499	0.00000000	0.02441481
7.62685499	0.00000000	0.00000000
7.63185499	0.00000000	0.00000000
7.63685499	0.00000000	0.00000000
7.64185499	0.00000000	0.00000000
7.64685499	0.00000000	0.00000000
7.65185499	0.00000000	0.00000000
7.65685499	0.00000000	0.02441481
7.66185499	0.00000000	0.11597030
7.66685499	0.00000000	-0.35401470
7.67185499	0.00000000	-1.37333300
7.67685499	0.00000000	-1.37333300
7.68185499	0.00000000	-0.35401470
7.68685499	0.00000000	0.11597030
7.69185499	0.00000000	0.02441481
7.69685499	0.00000000	-0.02441481
7.70185499	0.00000000	-0.11597030
7.70685499	0.00000000	0.37842950
7.71185499	0.00000000	1.48930300
7.71685499	0.00000000	1.04373300
7.72185499	0.00000000	-0.90334780
7.72685499	0.00000000	-1.81890300
7.73185499	0.00000000	-1.63579200
7.73685499	0.00000000	-1.61137700
7.74185499	0.00000000	-1.70293300
7.74685499	0.00000000	-1.25736300
7.75185499	0.00000000	-0.32959990
7.75685499	0.00000000	0.11597030
7.76185499	0.00000000	0.02441481
7.76685499	0.00000000	0.00000000
7.77185499	0.00000000	0.00000000
7.77685499	0.00000000	-0.02441481
7.78185499	0.00000000	-0.11597030
7.78685499	0.00000000	0.32959990
7.79185499	0.00000000	1.25736300
7.79685499	0.00000000	1.72734800
7.80185499	0.00000000	1.72734800
7.80685499	0.00000000	1.25736300
7.81185499	0.00000000	0.32959990
7.81685499	0.00000000	-0.14038510
7.82185499	0.00000000	-0.14038510
7.82685499	0.00000000	0.32959990
7.83185499	0.00000000	1.25736300
7.83685499	0.00000000	1.70293300
7.84185499	0.00000000	1.61137700
7.84685499	0.00000000	1.58696200
7.85185499	0.00000000	1.58696200
7.85685499	0.00000000	1.58696200
7.86185499	0.00000000	1.58696200
7.86685499	0.00000000	1.61137700
7.87185499	0.00000000	1.70293300
7.87685499	0.00000000	1.23294800
7.88185499	0.00000000	0.21362960
7.88685499	0.00000000	0.23804440
7.89185499	0.00000000	1.34891800
7.89685499	0.00000000	1.37333300
7.90185499	0.00000000	0.35401470
7.90685499	0.00000000	-0.09155553
7.91185499	0.00000000	0.09155553
7.91685499	0.00000000	-0.32959990
7.92185499	0.00000000	-1.25736300
7.92685499	0.00000000	-1.72734800
7.93185499	0.00000000	-1.72734800
7.93685499	0.00000000	-1.25736300
7.94185499	0.00000000	-0.32959990
7.94685499	0.00000000	0.11597030
7.95185499	0.00000000	0.02441481
7.95685499	0.00000000	0.00000000
7.96185499	0.00000000	0.00000000
7.96685499	0.00000000	0.00000000
7.97185499	0.00000000	0.00000000
7.97685499	0.00000000	0.00000000
7.98185499	0.00000000	0.00000000
7.98685499	0.00000000	0.00000000
7.99185499	0.00000000	0.00000000
7.99685499	0.00000000	0.00000000
8.00185499	0.00000000	0.00000000
8.00685499	0.00000000	-0.02441481
8.01185499	0.00000000	-0.11597030
8.01685499	0.00000000	0.30518510
8.02185499	0.00000000	1.14139200
8.02685499	0.00000000	2.03253300
8.03185499	0.00000000	2.86874000
8.03685499	0.00000000	3.28989500
8.04185499	0.00000000	3.19834000
8.04685499	0.00000000	3.19834000
8.05185499	0.00000000	3.28989500
8.05685499	0.00000000	2.84432500
8.06185499	0.00000000	1.91656200
8.06685499	0.00000000	1.47099200
8.07185499	0.00000000	1.56254800
8.07685499	0.00000000	1.58696200
8.08185499	0.00000000	1.58696200
8.08685499	0.00000000	1.56254800
8.09185499	0.00000000	1.47099200
8.09685499	0.00000000	1.94097700
8.10185499	0.00000000	2.96029500
8.10685499	0.00000000	2.96029500
8.11185499	0.00000000	1.94097700
8.11685499	0.00000000	1.47099200
8.12185499	0.00000000	1.56254800
8.12685499	0.00000000	1.58696200
8.13185499	0.00000000	1.58696200
8.13685499	0.00000000	1.61137700
8.14185499	0.00000000	1.70293300
8.14685499	0.00000000	1.23294800
8.15185499	0.00000000	0.21362960
8.15685499	0.00000000	0.21362960
8.16185499	0.00000000	1.23294800
8.16685499	0.00000000	1.70293300
8.17185499	0.00000000	1.61137700
8.17685499	0.00000000	1.61137700
8.18185499	0.00000000	1.70293300
8.18685499	0.00000000	1.25736300
8.19185499	0.00000000	0.32959990
8.19685499	0.00000000	-0.11597030
8.20185499	0.00000000	-0.02441481
8.20685499	0.00000000	0.00000000
8.21185499	0.00000000	0.00000000
8.21685499	0.00000000	-0.02441481
8.22185499	0.00000000	-0.11597030
8.22685499	0.00000000	0.32959990
8.23185499	0.00000000	1.25736300
8.23685499	0.00000000	1.72734800
8.24185499	0.00000000	1.72734800
8.24685499	0.00000000	1.23294800
8.25185499	0.00000000	0.21362960
8.25685499	0.00000000	0.21362960
8.26185499	0.00000000	1.23294800
8.26685499	0.00000000	1.70293300
8.27185499	0.00000000	1.61137700
8.27685499	0.00000000	1.58696200
8.28185499	0.00000000	1.58696200
8.28685499	0.00000000	1.58696200
8.29185499	0.00000000	1.58696200
8.29685499	0.00000000	1.58696200
8.30185499	0.00000000	1.58696200
8.30685499	0.00000000	1.58696200
8.31185499	0.00000000	1.58696200
8.31685499	0.00000000	1.61137700
8.32185499	0.00000000	1.70293300
8.32685499	0.00000000	1.23294800
8.33185499	0.00000000	0.21362960
8.33685499	0.00000000	0.21362960
8.34185499	0.00000000	1.23294800
8.34685499	0.00000000	1.70293300
8.35185499	0.00000000	1.61137700
8.35685499	0.00000000	1.58696200
8.36185499	0.00000000	1.58696200
8.36685499	0.00000000	1.58696200
8.37185499	0.00000000	1.58696200
8.37685499	0.00000000	1.58696200
8.38185499	0.00000000	1.58696200
8.38685499	0.00000000	1.61137700
8.39185499	0.00000000	1.70293300
8.39685499	0.00000000	1.25736300
8.40185499	0.00000000	0.32959990
8.40685499	0.00000000	-0.14038510
8.41185499	0.00000000	-0.14038510
8.41685499	0.00000000	0.35401470
8.42185499	0.00000000	1.37333300
8.42685499	0.00000000	1.37333300
8.43185499	0.00000000	0.35401470
8.43685499	0.00000000	-0.11597030
8.44185499	0.00000000	-0.02441481
8.44685499	0.00000000	0.00000000
8.45185499	0.00000000	0.00000000
8.45685499	0.00000000	0.00000000
8.46185499	0.00000000	0.00000000
8.46685499	0.00000000	0.00000000
8.47185499	0.00000000	0.00000000
8.47685499	0.00000000	0.00000000
8.48185499	0.00000000	0.00000000
8.48685499	0.00000000	0.00000000
8.49185499	0.00000000	0.00000000
8.49685499	0.00000000	0.00000000
8.50185499	0.00000000	0.00000000
8.50685499	0.00000000	0.02441481
8.51185499	0.00000000	0.11597030
8.51685499	0.00000000	-0.32959990
8.52185499	0.00000000	-1.25736300
8.52685499	0.00000000	-1.72734800
8.53185499	0.00000000	-1.72734800
8.53685499	0.00000000	-1.23294800
8.54185499	0.00000000	-0.21362960
8.54685499	0.00000000	-0.23804440
8.55185499	0.00000000	-1.34891800
8.55685499	0.00000000	-1.37333300
8.56185499	0.00000000	-0.35401470
8.56685499	0.00000000	0.14038510
8.57185499	0.00000000	0.14038510
8.57685499	0.00000000	-0.37842950
8.58185499	0.00000000	-1.48930300
8.58685499	0.00000000	-1.01931800
8.59185499	0.00000000	1.01931800
8.59685499	0.00000000	1.46488800
8.60185499	0.00000000	0.26245920
8.60685499	0.00000000	0.23804440
8.61185499	0.00000000	1.34891800
8.61685499	0.00000000	1.37333300
8.62185499	0.00000000	0.35401470
8.62685499	0.00000000	-0.11597030
8.63185499	0.00000000	-0.02441481
8.63685498	0.00000000	0.00000000
8.64185498	0.00000000	0.00000000
8.64685498	0.00000000	0.00000000
8.65185498	0.00000000	0.00000000
8.65685498	0.00000000	0.00000000
8.66185498	0.00000000	0.00000000
8.66685498	0.00000000	0.00000000
8.67185498	0.00000000	0.00000000
8.67685498	0.00000000	0.00000000
8.68185498	0.00000000	0.00000000
8.68685498	0.00000000	-0.02441481
8.69185498	0.00000000	-0.11597030
8.69685498	0.00000000	0.35401470
8.70185498	0.00000000	1.37333300
8.70685498	0.00000000	1.37333300
8.71185498	0.00000000	0.35401470
8.71685498	0.00000000	-0.09155553
8.72185498	0.00000000	0.09155553
8.72685498	0.00000000	-0.32959990
8.73185498	0.00000000	-1.25736300
8.73685498	0.00000000	-1.70293300
8.74185498	0.00000000	-1.61137700
8.74685498	0.00000000	-1.58696200
8.75185498	0.00000000	-1.58696200
8.75685498	0.00000000	-1.58696200
8.76185498	0.00000000	-1.58696200
8.76685498	0.00000000	-1.56254800
8.77185498	0.00000000	-1.47099200
8.77685498	0.00000000	-1.91656200
8.78185498	0.00000000	-2.84432500
8.78685498	0.00000000	-3.28989500
8.79185498	0.00000000	-3.19834000
8.79685498	0.00000000	-3.17392500
8.80185498	0.00000000	-3.17392500
8.80685498	0.00000000	-3.19834000
8.81185498	0.00000000	-3.28989500
8.81685498	0.00000000	-2.84432500
8.82185498	0.00000000	-1.91656200
8.82685498	0.00000000	-1.49540700
8.83185498	0.00000000	-1.67851800
8.83685498	0.00000000	-1.23294800
8.84185498	0.00000000	-0.21362960
8.84685498	0.00000000	-0.23804440
8.85185498	0.00000000	-1.34891800
8.85685498	0.00000000	-1.34891800
8.86185498	0.00000000	-0.23804440
8.86685498	0.00000000	-0.21362960
8.87185498	0.00000000	-1.23294800
8.87685498	0.00000000	-1.72734800
8.88185498	0.00000000	-1.72734800
8.88685498	0.00000000	-1.25736300
8.89185498	0.00000000	-0.32959990
8.89685498	0.00000000	0.11597030
8.90185498	0.00000000	0.02441481
8.90685498	0.00000000	0.02441481
8.91185498	0.00000000	0.11597030
8.91685498	0.00000000	-0.35401470
8.92185498	0.00000000	-1.37333300
8.92685498	0.00000000	-1.37333300
8.93185498	0.00000000	-0.35401470
8.93685498	0.00000000	0.11597030
8.94185498	0.00000000	0.02441481
8.94685498	0.00000000	0.00000000
8.95185498	0.00000000	0.00000000
8.95685498	0.00000000	0.02441481
8.96185498	0.00000000	0.11597030
8.96685498	0.00000000	-0.35401470
8.97185498	0.00000000	-1.37333300
8.97685498	0.00000000	-1.37333300
8.98185498	0.00000000	-0.35401470
8.98685498	0.00000000	0.14038510
8.99185498	0.00000000	0.14038510
8.99685498	0.00000000	-0.35401470
9.00185498	0.00000000	-1.37333300
9.00685498	0.00000000	-1.34891800
9.01185498	0.00000000	-0.23804440
9.01685498	0.00000000	-0.23804440
9.02185498	0.00000000	-1.34891800
9.02685498	0.00000000	-1.37333300
9.03185498	0.00000000	-0.35401470
