Time	Channel A	Channel B
(us)	(V)	(mV)

-1.00709501	0.00000000	2.93588100
-1.00209501	0.00000000	1.82500700
-0.99709501	0.00000000	1.82500700
-0.99209501	0.00000000	2.93588100
-0.98709501	0.00000000	2.96029500
-0.98209501	0.00000000	1.94097700
-0.97709501	0.00000000	1.47099200
-0.97209501	0.00000000	1.56254800
-0.96709501	0.00000000	1.56254800
-0.96209501	0.00000000	1.47099200
-0.95709501	0.00000000	1.94097700
-0.95209501	0.00000000	2.96029500
-0.94709501	0.00000000	2.96029500
-0.94209501	0.00000000	1.94097700
-0.93709501	0.00000000	1.44657700
-0.93209501	0.00000000	1.44657700
-0.92709501	0.00000000	1.94097700
-0.92209501	0.00000000	2.96029500
-0.91709501	0.00000000	2.96029500
-0.91209501	0.00000000	1.94097700
-0.90709501	0.00000000	1.49540700
-0.90209501	0.00000000	1.67851800
-0.89709501	0.00000000	1.23294800
-0.89209501	0.00000000	0.21362960
-0.88709501	0.00000000	0.23804440
-0.88209501	0.00000000	1.34891800
-0.87709501	0.00000000	1.34891800
-0.87209501	0.00000000	0.23804440
-0.86709501	0.00000000	0.21362960
-0.86209501	0.00000000	1.23294800
-0.85709501	0.00000000	1.70293300
-0.85209501	0.00000000	1.61137700
-0.84709501	0.00000000	1.58696200
-0.84209501	0.00000000	1.58696200
-0.83709501	0.00000000	1.56254800
-0.83209501	0.00000000	1.47099200
-0.82709501	0.00000000	1.91656200
-0.82209501	0.00000000	2.84432500
-0.81709501	0.00000000	3.28989500
-0.81209501	0.00000000	3.19834000
-0.80709501	0.00000000	3.19834000
-0.80209501	0.00000000	3.28989500
-0.79709501	0.00000000	2.84432500
-0.79209501	0.00000000	1.91656200
-0.78709501	0.00000000	1.47099200
-0.78209501	0.00000000	1.56254800
-0.77709501	0.00000000	1.58696200
-0.77209501	0.00000000	1.58696200
-0.76709501	0.00000000	1.58696200
-0.76209501	0.00000000	1.58696200
-0.75709501	0.00000000	1.61137700
-0.75209501	0.00000000	1.70293300
-0.74709501	0.00000000	1.25736300
-0.74209501	0.00000000	0.32959990
-0.73709501	0.00000000	-0.11597030
-0.73209501	0.00000000	-0.02441481
-0.72709501	0.00000000	-0.02441481
-0.72209501	0.00000000	-0.11597030
-0.71709501	0.00000000	0.32959990
-0.71209501	0.00000000	1.25736300
-0.70709501	0.00000000	1.67851800
-0.70209501	0.00000000	1.49540700
-0.69709501	0.00000000	1.94097700
-0.69209501	0.00000000	2.96029500
-0.68709501	0.00000000	2.93588100
-0.68209501	0.00000000	1.82500700
-0.67709501	0.00000000	1.82500700
-0.67209501	0.00000000	2.93588100
-0.66709501	0.00000000	2.96029500
-0.66209501	0.00000000	1.94097700
-0.65709501	0.00000000	1.44657700
-0.65209501	0.00000000	1.44657700
-0.64709501	0.00000000	1.94097700
-0.64209501	0.00000000	2.96029500
-0.63709501	0.00000000	2.96029500
-0.63209501	0.00000000	1.94097700
-0.62709501	0.00000000	1.44657700
-0.62209501	0.00000000	1.44657700
-0.61709501	0.00000000	1.94097700
-0.61209501	0.00000000	2.96029500
-0.60709501	0.00000000	2.96029500
-0.60209501	0.00000000	1.94097700
-0.59709501	0.00000000	1.44657700
-0.59209501	0.00000000	1.44657700
-0.58709501	0.00000000	1.91656200
-0.58209501	0.00000000	2.84432500
-0.57709501	0.00000000	3.28989500
-0.57209501	0.00000000	3.19834000
-0.56709501	0.00000000	3.17392500
-0.56209501	0.00000000	3.17392500
-0.55709501	0.00000000	3.17392500
-0.55209501	0.00000000	3.17392500
-0.54709501	0.00000000	3.17392500
-0.54209501	0.00000000	3.17392500
-0.53709501	0.00000000	3.19834000
-0.53209501	0.00000000	3.28989500
-0.52709501	0.00000000	2.81991000
-0.52209501	0.00000000	1.80059200
-0.51709501	0.00000000	1.80059200
-0.51209501	0.00000000	2.81991000
-0.50709501	0.00000000	3.31431000
-0.50209501	0.00000000	3.31431000
-0.49709501	0.00000000	2.84432500
-0.49209501	0.00000000	1.91656200
-0.48709501	0.00000000	1.47099200
-0.48209501	0.00000000	1.56254800
-0.47709501	0.00000000	1.58696200
-0.47209501	0.00000000	1.58696200
-0.46709501	0.00000000	1.58696200
-0.46209501	0.00000000	1.58696200
-0.45709501	0.00000000	1.56254800
-0.45209501	0.00000000	1.47099200
-0.44709501	0.00000000	1.94097700
-0.44209501	0.00000000	2.96029500
-0.43709501	0.00000000	2.91146600
-0.43209501	0.00000000	1.70903700
-0.42709501	0.00000000	2.13019200
-0.42209501	0.00000000	4.07727300
-0.41709501	0.00000000	4.99282800
-0.41209501	0.00000000	4.80971700
-0.40709501	0.00000000	4.78530200
-0.40209501	0.00000000	4.87685800
-0.39709501	0.00000000	4.40687300
-0.39209501	0.00000000	3.38755500
-0.38709501	0.00000000	3.38755500
-0.38209501	0.00000000	4.40687300
-0.37709501	0.00000000	4.87685800
-0.37209501	0.00000000	4.78530200
-0.36709501	0.00000000	4.78530200
-0.36209501	0.00000000	4.87685800
-0.35709501	0.00000000	4.40687300
-0.35209501	0.00000000	3.38755500
-0.34709501	0.00000000	3.41196900
-0.34209501	0.00000000	4.52284300
-0.33709501	0.00000000	4.54725700
-0.33209501	0.00000000	3.52794000
-0.32709501	0.00000000	3.05795500
-0.32209501	0.00000000	3.14951000
-0.31709501	0.00000000	3.19834000
-0.31209501	0.00000000	3.28989500
-0.30709501	0.00000000	2.84432500
-0.30209501	0.00000000	1.91656200
-0.29709501	0.00000000	1.47099200
-0.29209501	0.00000000	1.56254800
-0.28709501	0.00000000	1.58696200
-0.28209501	0.00000000	1.58696200
-0.27709501	0.00000000	1.56254800
-0.27209501	0.00000000	1.47099200
-0.26709501	0.00000000	1.91656200
-0.26209501	0.00000000	2.84432500
-0.25709501	0.00000000	3.31431000
-0.25209501	0.00000000	3.31431000
-0.24709501	0.00000000	2.84432500
-0.24209501	0.00000000	1.91656200
-0.23709501	0.00000000	1.47099200
-0.23209501	0.00000000	1.56254800
-0.22709501	0.00000000	1.58696200
-0.22209501	0.00000000	1.58696200
-0.21709501	0.00000000	1.58696200
-0.21209501	0.00000000	1.58696200
-0.20709501	0.00000000	1.58696200
-0.20209501	0.00000000	1.58696200
-0.19709501	0.00000000	1.58696200
-0.19209501	0.00000000	1.58696200
-0.18709501	0.00000000	1.58696200
-0.18209501	0.00000000	1.58696200
-0.17709501	0.00000000	1.56254800
-0.17209501	0.00000000	1.47099200
-0.16709501	0.00000000	1.91656200
-0.16209501	0.00000000	2.84432500
-0.15709501	0.00000000	3.28989500
-0.15209501	0.00000000	3.19834000
-0.14709501	0.00000000	3.19834000
-0.14209501	0.00000000	3.28989500
-0.13709501	0.00000000	2.81991000
-0.13209501	0.00000000	1.80059200
-0.12709501	0.00000000	1.82500700
-0.12209501	0.00000000	2.93588100
-0.11709501	0.00000000	2.96029500
-0.11209501	0.00000000	1.94097700
-0.10709501	-0.00012207	1.49540700
-0.10209501	-0.00057985	1.67851800
-0.09709501	0.00152593	1.28177700
-0.09209501	0.00570696	0.44557020
-0.08709501	0.01004059	-0.40284430
-0.08209501	0.01376385	-1.04373300
-0.07709501	0.01788385	-2.34382200
-0.07209501	0.02108829	-4.00402800
-0.06709501	0.02758873	-5.27970200
-0.06209501	0.03588977	-5.82903500
-0.05709501	0.04239021	-7.12302000
-0.05209501	0.04559465	-8.88699000
-0.04709501	0.04962309	-9.72930000
-0.04209501	0.05282754	-9.45463500
-0.03709501	0.05932798	-9.82696000
-0.03209501	0.06762902	-10.66317000
-0.02709501	0.07412946	-11.57872000
-0.02209501	0.07733390	-12.50648000
-0.01709501	0.08136234	-12.48207000
-0.01209501	0.08456679	-11.46275000
-0.00709501	0.09106723	-10.99277000
-0.00209501	0.09936827	-11.08432000
0.00290499	0.10586870	-11.13315000
0.00790499	0.10907320	-11.22471000
0.01290499	0.11319320	-10.80355000
0.01790499	0.11691640	-9.96734500
0.02290499	0.12103640	-9.07620400
0.02790499	0.12424090	-8.23999700
0.03290499	0.13074130	-7.81884200
0.03790499	0.13907290	-7.91039800
0.04290499	0.14557330	-7.93481200
0.04790499	0.14877770	-7.93481200
0.05290499	0.15289770	-7.93481200
0.05790499	0.15662100	-7.93481200
0.06290499	0.16083250	-7.93481200
0.06790499	0.16455580	-7.93481200
0.07290499	0.16876740	-7.93481200
0.07790499	0.17249060	-7.93481200
0.08290499	0.17670220	-7.91039800
0.08790499	0.18042540	-7.81884200
0.09290499	0.18463700	-8.26441300
0.09790499	0.18836020	-9.19217500
0.10290499	0.19257180	-9.63774600
0.10790499	0.19629510	-9.54619000
0.11290499	0.20062870	-9.49735900
0.11790499	0.20480970	-9.40580500
0.12290499	0.20679340	-9.85137500
0.12790499	0.20587790	-10.77914000
0.13290499	0.20786160	-11.22471000
0.13790499	0.21204260	-11.13315000
0.14290499	0.21637620	-11.13315000
0.14790499	0.22009950	-11.22471000
0.15290499	0.22443310	-10.77914000
0.15790499	0.22861420	-9.85137500
0.16290499	0.23059790	-9.38139000
0.16790499	0.22968230	-9.38139000
0.17290499	0.23178810	-9.87579000
0.17790499	0.23642690	-10.89511000
0.18290499	0.23853270	-10.87069000
0.18790499	0.23761710	-9.75981900
0.19290499	0.23972290	-9.75981900
0.19790499	0.24436170	-10.87069000
0.20290499	0.24646750	-10.89511000
0.20790499	0.24555190	-9.87579000
0.21290499	0.24765770	-9.43021900
0.21790499	0.25229650	-9.61333000
0.22290499	0.25452440	-9.16776000
0.22790499	0.25406660	-8.14844100
0.23290499	0.25394450	-8.14844100
0.23790499	0.25394450	-9.16776000
0.24290499	0.25382240	-9.63774600
0.24790499	0.25336470	-9.54619000
0.25290499	0.25559250	-9.52177400
0.25790499	0.26023130	-9.52177400
0.26290499	0.26245920	-9.52177400
0.26790499	0.26200140	-9.52177400
0.27290499	0.26187930	-9.52177400
0.27790499	0.26187930	-9.52177400
0.28290499	0.26187930	-9.49735900
0.28790499	0.26187930	-9.40580500
0.29290499	0.26187930	-9.85137500
0.29790499	0.26187930	-10.77914000
0.30290499	0.26175730	-11.22471000
0.30790499	0.26129950	-11.13315000
0.31290499	0.26352730	-11.10874000
0.31790499	0.26816620	-11.10874000
0.32290499	0.27039400	-11.08432000
0.32790499	0.26993620	-10.99277000
0.33290499	0.26981410	-11.46275000
0.33790499	0.26981410	-12.48207000
0.34290499	0.26981410	-12.48207000
0.34790499	0.26981410	-11.46275000
0.35290499	0.26981410	-10.99277000
0.35790499	0.26981410	-11.08432000
0.36290499	0.26981410	-11.10874000
0.36790499	0.26981410	-11.10874000
0.37290499	0.26981410	-11.13315000
0.37790499	0.26981410	-11.22471000
0.38290499	0.26981410	-10.77914000
0.38790499	0.26981410	-9.85137500
0.39290499	0.26981410	-9.43021900
0.39790499	0.26981410	-9.61333000
0.40290499	0.26981410	-9.16776000
0.40790499	0.26981410	-8.14844100
0.41290499	0.26981410	-8.14844100
0.41790499	0.26981410	-9.16776000
0.42290499	0.26981410	-9.66216000
0.42790499	0.26981410	-9.66216000
0.43290499	0.26981410	-9.21658900
0.43790499	0.26981410	-8.38038300
0.44290499	0.26981410	-7.46482800
0.44790499	0.26981410	-6.53706500
0.45290499	0.26981410	-6.58589400
0.45790499	0.26981410	-7.69676800
0.46290499	0.26981410	-7.72118300
0.46790499	0.26981410	-6.70186400
0.47290499	0.26993620	-6.23187900
0.47790499	0.27039400	-6.32343500
0.48290499	0.26816620	-6.37226500
0.48790499	0.26352730	-6.46382000
0.49290499	0.26129950	-6.01825000
0.49790499	0.26175730	-5.09048700
0.50290499	0.26187930	-4.66933200
0.50790499	0.26187930	-4.85244300
0.51290499	0.26187930	-4.40687300
0.51790499	0.26187930	-3.38755500
0.52290499	0.26200140	-3.38755500
0.52790499	0.26245920	-4.40687300
0.53290499	0.26023130	-4.87685800
0.53790498	0.25559250	-4.78530200
0.54290498	0.25336470	-4.78530200
0.54790498	0.25382240	-4.87685800
0.55290498	0.25406660	-4.43128700
0.55790498	0.25452440	-3.50352500
0.56290498	0.25229650	-3.03354000
0.56790498	0.24765770	-3.03354000
0.57290498	0.24542990	-3.50352500
0.57790498	0.24588760	-4.43128700
0.58290498	0.24600970	-4.87685800
0.58790498	0.24600970	-4.78530200
0.59290498	0.24613180	-4.78530200
0.59790498	0.24658960	-4.87685800
0.60290498	0.24436170	-4.43128700
0.60790498	0.23972290	-3.50352500
0.61290498	0.23749500	-3.05795500
0.61790498	0.23795280	-3.14951000
0.62290498	0.23819700	-3.17392500
0.62790498	0.23865470	-3.17392500
0.63290498	0.23642690	-3.17392500
0.63790498	0.23178810	-3.17392500
0.64290498	0.22956020	-3.17392500
0.64790498	0.23001800	-3.17392500
0.65290498	0.23014010	-3.17392500
0.65790498	0.23014010	-3.17392500
0.66290498	0.23026220	-3.17392500
0.66790498	0.23071990	-3.17392500
0.67290498	0.22849210	-3.19834000
0.67790498	0.22385330	-3.28989500
0.68290498	0.22162540	-2.84432500
0.68790498	0.22208320	-1.91656200
0.69290498	0.22220530	-1.44657700
0.69790498	0.22220530	-1.44657700
0.70290498	0.22220530	-1.89214800
0.70790498	0.22220530	-2.72835500
0.71290498	0.22232730	-3.64391000
0.71790498	0.22278510	-4.57167300
0.72290498	0.22055730	-4.57167300
0.72790498	0.21591850	-3.64391000
0.73290498	0.21369060	-2.72835500
0.73790498	0.21414840	-1.89214800
0.74290498	0.21427050	-1.47099200
0.74790498	0.21427050	-1.56254800
0.75290498	0.21427050	-1.56254800
0.75790498	0.21427050	-1.47099200
0.76290498	0.21427050	-1.94097700
0.76790498	0.21427050	-2.96029500
0.77290498	0.21439250	-2.96029500
0.77790498	0.21485030	-1.94097700
0.78290498	0.21262240	-1.49540700
0.78790498	0.20798360	-1.67851800
0.79290498	0.20575580	-1.25736300
0.79790498	0.20621360	-0.32959990
0.80290498	0.20633560	0.14038510
0.80790498	0.20633560	0.14038510
0.81290498	0.20633560	-0.35401470
0.81790498	0.20633560	-1.37333300
0.82290498	0.20633560	-1.34891800
0.82790498	0.20633560	-0.23804440
0.83290498	0.20633560	-0.21362960
0.83790498	0.20633560	-1.23294800
0.84290498	0.20633560	-1.70293300
0.84790498	0.20633560	-1.61137700
0.85290498	0.20645770	-1.58696200
0.85790498	0.20691550	-1.58696200
0.86290498	0.20468760	-1.56254800
0.86790498	0.20004880	-1.47099200
0.87290498	0.19782100	-1.91656200
0.87790498	0.19827880	-2.84432500
0.88290498	0.19840080	-3.31431000
0.88790498	0.19840080	-3.31431000
0.89290498	0.19840080	-2.84432500
0.89790498	0.19840080	-1.91656200
0.90290498	0.19840080	-1.49540700
0.90790498	0.19840080	-1.67851800
0.91290498	0.19840080	-1.25736300
0.91790498	0.19840080	-0.32959990
0.92290498	0.19852290	0.14038510
0.92790498	0.19898070	0.14038510
0.93290498	0.19675280	-0.35401470
0.93790498	0.19211400	-1.37333300
0.94290498	0.18988620	-1.37333300
0.94790498	0.19034390	-0.35401470
0.95290498	0.19046600	0.11597030
0.95790498	0.19046600	0.02441481
0.96290498	0.19046600	0.04882962
0.96790498	0.19046600	0.23194070
0.97290498	0.19046600	-0.68361460
0.97790498	0.19046600	-2.63069600
0.98290498	0.19046600	-3.07626600
0.98790498	0.19046600	-1.96539200
0.99290498	0.19046600	-1.47099200
0.99790498	0.19046600	-1.56254800
1.00290498	0.19058810	-1.61137700
1.00790498	0.19104590	-1.70293300
1.01290498	0.18881800	-1.25736300
1.01790498	0.18417920	-0.32959990
1.02290498	0.18195140	0.11597030
1.02790498	0.18240910	0.02441481
1.03290498	0.18253120	0.00000000
1.03790498	0.18253120	0.00000000
1.04290498	0.18253120	0.00000000
1.04790498	0.18253120	0.00000000
1.05290498	0.18253120	0.00000000
1.05790498	0.18253120	0.00000000
1.06290498	0.18253120	-0.02441481
1.06790498	0.18253120	-0.11597030
1.07290498	0.18253120	0.35401470
1.07790498	0.18253120	1.37333300
1.08290498	0.18265330	1.34891800
1.08790498	0.18311110	0.23804440
1.09290498	0.18088320	0.23804440
1.09790498	0.17624440	1.34891800
1.10290498	0.17401650	1.37333300
1.10790498	0.17447430	0.35401470
1.11290498	0.17459640	-0.11597030
1.11790498	0.17459640	-0.02441481
1.12290498	0.17459640	0.00000000
1.12790498	0.17459640	0.00000000
1.13290498	0.17459640	0.00000000
1.13790498	0.17459640	0.00000000
1.14290498	0.17459640	0.00000000
1.14790498	0.17459640	0.00000000
1.15290498	0.17459640	0.00000000
1.15790498	0.17459640	0.00000000
1.16290498	0.17471850	-0.02441481
1.16790498	0.17517620	-0.11597030
1.17290498	0.17294840	0.35401470
1.17790498	0.16830960	1.37333300
1.18290498	0.16608170	1.34891800
1.18790498	0.16653950	0.23804440
1.19290498	0.16666160	0.21362960
1.19790498	0.16666160	1.23294800
1.20290498	0.16666160	1.70293300
1.20790498	0.16666160	1.61137700
1.21290498	0.16666160	1.58696200
1.21790498	0.16666160	1.58696200
1.22290498	0.16666160	1.61137700
1.22790498	0.16666160	1.70293300
1.23290498	0.16666160	1.23294800
1.23790498	0.16666160	0.21362960
1.24290498	0.16666160	0.23804440
1.24790498	0.16666160	1.34891800
1.25290498	0.16666160	1.34891800
1.25790498	0.16666160	0.23804440
1.26290498	0.16678370	0.21362960
1.26790498	0.16724140	1.23294800
1.27290498	0.16501360	1.67851800
1.27790498	0.16037480	1.49540700
1.28290498	0.15814690	1.94097700
1.28790498	0.15860470	2.96029500
1.29290498	0.15872680	2.93588100
1.29790498	0.15872680	1.82500700
1.30290498	0.15872680	1.80059200
1.30790498	0.15872680	2.81991000
1.31290498	0.15872680	3.28989500
1.31790498	0.15872680	3.19834000
1.32290498	0.15872680	3.19834000
1.32790498	0.15872680	3.28989500
1.33290498	0.15872680	2.84432500
1.33790498	0.15872680	1.91656200
1.34290498	0.15872680	1.47099200
1.34790498	0.15872680	1.56254800
1.35290498	0.15872680	1.58696200
1.35790498	0.15872680	1.58696200
1.36290498	0.15884880	1.58696200
1.36790498	0.15930660	1.58696200
1.37290498	0.15707880	1.61137700
1.37790498	0.15244000	1.70293300
1.38290498	0.15021210	1.23294800
1.38790498	0.15066990	0.21362960
1.39290498	0.15079200	0.21362960
1.39790498	0.15079200	1.23294800
1.40290498	0.15079200	1.72734800
1.40790498	0.15079200	1.72734800
1.41290498	0.15079200	1.25736300
1.41790498	0.15079200	0.32959990
1.42290498	0.15079200	-0.11597030
1.42790498	0.15079200	-0.02441481
1.43290498	0.15079200	-0.02441481
1.43790498	0.15079200	-0.11597030
1.44290498	0.15079200	0.32959990
1.44790498	0.15079200	1.25736300
1.45290498	0.15091400	1.72734800
1.45790498	0.15137180	1.72734800
1.46290498	0.14914390	1.25736300
1.46790498	0.14450510	0.32959990
1.47290498	0.14227730	-0.11597030
1.47790498	0.14273510	-0.02441481
1.48290498	0.14285710	0.00000000
1.48790498	0.14285710	0.00000000
1.49290498	0.14285710	0.00000000
1.49790498	0.14285710	0.00000000
1.50290498	0.14285710	0.00000000
1.50790498	0.14285710	0.00000000
1.51290498	0.14285710	0.00000000
1.51790498	0.14285710	0.00000000
1.52290498	0.14285710	-0.02441481
1.52790498	0.14285710	-0.11597030
1.53290498	0.14285710	0.32959990
1.53790498	0.14285710	1.25736300
1.54290498	0.14285710	1.70293300
1.54790498	0.14285710	1.61137700
1.55290498	0.14285710	1.58696200
1.55790498	0.14285710	1.58696200
1.56290498	0.14285710	1.56254800
1.56790498	0.14285710	1.47099200
1.57290498	0.14297920	1.96539200
1.57790498	0.14343700	3.07626600
1.58290498	0.14120910	2.60628100
1.58790498	0.13653980	0.56764430
1.59290498	0.13431200	0.09765923
1.59790498	0.13476970	1.20853300
1.60290498	0.13489180	1.70293300
1.60790498	0.13489180	1.61137700
1.61290498	0.13489180	1.58696200
1.61790498	0.13489180	1.58696200
1.62290498	0.13489180	1.58696200
1.62790498	0.13489180	1.58696200
1.63290498	0.13489180	1.56254800
1.63790498	0.13489180	1.47099200
1.64290498	0.13489180	1.94097700
1.64790498	0.13489180	2.96029500
1.65290498	0.13501390	2.93588100
1.65790498	0.13547170	1.82500700
1.66290498	0.13312170	1.80059200
1.66790498	0.12802510	2.81991000
1.67290498	0.12814720	3.26548100
1.67790498	0.13370160	3.08237000
1.68290498	0.13382370	3.52794000
1.68790498	0.12872710	4.54725700
1.69290498	0.12637720	4.54725700
1.69790498	0.12683490	3.52794000
1.70290498	0.12695700	3.05795500
1.70790498	0.12695700	3.14951000
1.71290498	0.12695700	3.17392500
1.71790498	0.12695700	3.17392500
1.72290498	0.12695700	3.17392500
1.72790498	0.12695700	3.17392500
1.73290498	0.12695700	3.19834000
1.73790498	0.12695700	3.28989500
1.74290498	0.12695700	2.84432500
1.74790498	0.12695700	1.91656200
1.75290498	0.12695700	1.47099200
1.75790498	0.12695700	1.56254800
1.76290498	0.12707910	1.58696200
1.76790498	0.12753680	1.58696200
1.77290498	0.12530900	1.58696200
1.77790498	0.12067020	1.58696200
1.78290498	0.11844230	1.58696200
1.78790498	0.11890010	1.58696200
1.79290498	0.11902220	1.58696200
1.79790498	0.11902220	1.58696200
1.80290498	0.11902220	1.58696200
1.80790498	0.11902220	1.58696200
1.81290498	0.11902220	1.58696200
1.81790498	0.11902220	1.58696200
1.82290498	0.11902220	1.58696200
1.82790498	0.11902220	1.58696200
1.83290498	0.11902220	1.58696200
1.83790498	0.11902220	1.58696200
1.84290498	0.11902220	1.56254800
1.84790498	0.11902220	1.47099200
1.85290498	0.11902220	1.91656200
1.85790498	0.11902220	2.84432500
1.86290498	0.11902220	3.28989500
1.86790498	0.11902220	3.19834000
1.87290498	0.11902220	3.19834000
1.87790498	0.11902220	3.28989500
1.88290498	0.11902220	2.84432500
1.88790498	0.11902220	1.91656200
1.89290498	0.11914430	1.44657700
1.89790498	0.11960200	1.44657700
1.90290498	0.11725210	1.94097700
1.90790498	0.11215550	2.96029500
1.91290498	0.11227760	2.93588100
1.91790498	0.11783200	1.82500700
1.92290498	0.11795400	1.82500700
1.92790498	0.11285740	2.93588100
1.93290498	0.11050750	2.96029500
1.93790498	0.11096530	1.94097700
1.94290498	0.11108740	1.47099200
1.94790498	0.11108740	1.56254800
1.95290498	0.11108740	1.58696200
1.95790498	0.11108740	1.58696200
1.96290498	0.11108740	1.56254800
1.96790498	0.11108740	1.47099200
1.97290498	0.11108740	1.94097700
1.97790498	0.11108740	2.96029500
1.98290498	0.11108740	2.93588100
1.98790498	0.11108740	1.82500700
1.99290498	0.11108740	1.82500700
1.99790498	0.11108740	2.93588100
2.00290498	0.11108740	2.93588100
2.00790498	0.11108740	1.82500700
2.01290498	0.11120950	1.82500700
2.01790498	0.11166720	2.93588100
2.02290498	0.10931730	2.93588100
2.02790498	0.10422070	1.82500700
2.03290498	0.10422070	1.80059200
2.03790498	0.10931730	2.81991000
2.04290498	0.11178930	3.31431000
2.04790498	0.11178930	3.31431000
2.05290498	0.10943940	2.84432500
2.05790498	0.10480060	1.91656200
2.06290498	0.10257270	1.47099200
2.06790498	0.10303050	1.56254800
2.07290498	0.10315260	1.58696200
2.07790498	0.10315260	1.58696200
2.08290498	0.10315260	1.56254800
2.08790498	0.10315260	1.47099200
2.09290498	0.10315260	1.91656200
2.09790498	0.10315260	2.84432500
2.10290498	0.10315260	3.31431000
2.10790498	0.10315260	3.31431000
2.11290498	0.10315260	2.84432500
2.11790498	0.10315260	1.91656200
2.12290498	0.10315260	1.47099200
2.12790498	0.10315260	1.56254800
2.13290498	0.10315260	1.56254800
2.13790498	0.10315260	1.47099200
2.14290498	0.10315260	1.91656200
2.14790498	0.10315260	2.84432500
2.15290498	0.10315260	3.31431000
2.15790498	0.10315260	3.31431000
2.16290498	0.10315260	2.84432500
2.16790498	0.10315260	1.91656200
2.17290498	0.10315260	1.47099200
2.17790498	0.10315260	1.56254800
2.18290498	0.10315260	1.58696200
2.18790497	0.10315260	1.58696200
2.19290497	0.10327460	1.56254800
2.19790497	0.10373240	1.47099200
2.20290497	0.10150460	1.91656200
2.20790497	0.09686575	2.84432500
2.21290497	0.09463790	3.28989500
2.21790497	0.09509568	3.19834000
2.22290497	0.09521775	3.17392500
2.22790497	0.09521775	3.17392500
2.23290497	0.09521775	3.17392500
2.23790497	0.09521775	3.17392500
2.24290497	0.09521775	3.17392500
2.24790497	0.09521775	3.17392500
2.25290497	0.09521775	3.17392500
2.25790497	0.09521775	3.17392500
2.26290497	0.09521775	3.17392500
2.26790497	0.09521775	3.17392500
2.27290497	0.09521775	3.17392500
2.27790497	0.09521775	3.17392500
2.28290497	0.09521775	3.17392500
2.28790497	0.09521775	3.17392500
2.29290497	0.09521775	3.19834000
2.29790497	0.09521775	3.28989500
2.30290497	0.09521775	2.81991000
2.30790497	0.09521775	1.80059200
2.31290497	0.09521775	1.82500700
2.31790497	0.09521775	2.93588100
2.32290497	0.09521775	2.93588100
2.32790497	0.09521775	1.82500700
2.33290497	0.09521775	1.82500700
2.33790497	0.09521775	2.93588100
2.34290497	0.09521775	2.96029500
2.34790497	0.09521775	1.94097700
2.35290497	0.09521775	1.47099200
2.35790497	0.09521775	1.56254800
2.36290497	0.09533982	1.56254800
2.36790497	0.09579760	1.47099200
2.37290497	0.09356975	1.91656200
2.37790497	0.08893093	2.84432500
2.38290497	0.08670308	3.28989500
2.38790497	0.08716086	3.19834000
2.39290497	0.08728294	3.14951000
2.39790497	0.08728294	3.05795500
2.40290497	0.08728294	3.52794000
2.40790497	0.08728294	4.54725700
2.41290497	0.08728294	4.54725700
2.41790497	0.08728294	3.52794000
2.42290497	0.08728294	3.05795500
2.42790497	0.08728294	3.14951000
2.43290497	0.08728294	3.17392500
2.43790497	0.08728294	3.17392500
2.44290497	0.08728294	3.14951000
2.44790497	0.08728294	3.05795500
2.45290497	0.08728294	3.52794000
2.45790497	0.08728294	4.54725700
2.46290497	0.08728294	4.54725700
2.46790497	0.08728294	3.52794000
2.47290497	0.08728294	3.08237000
2.47790497	0.08728294	3.26548100
2.48290497	0.08728294	2.81991000
2.48790497	0.08728294	1.80059200
2.49290497	0.08728294	1.82500700
2.49790497	0.08728294	2.93588100
2.50290497	0.08740501	2.96029500
2.50790497	0.08786279	1.94097700
2.51290497	0.08563494	1.44657700
2.51790497	0.08099613	1.44657700
2.52290497	0.07864620	1.91656200
2.52790497	0.07864620	2.84432500
2.53290497	0.08111820	3.31431000
2.53790497	0.08621479	3.31431000
2.54290497	0.08621479	2.84432500
2.54790497	0.08111820	1.91656200
2.55290497	0.07876828	1.44657700
2.55790497	0.07922605	1.44657700
2.56290497	0.07934812	1.91656200
2.56790497	0.07934812	2.84432500
2.57290497	0.07934812	3.28989500
2.57790497	0.07934812	3.19834000
2.58290497	0.07934812	3.17392500
2.58790497	0.07934812	3.17392500
2.59290497	0.07934812	3.17392500
2.59790497	0.07934812	3.17392500
2.60290497	0.07934812	3.14951000
2.60790497	0.07934812	3.05795500
2.61290497	0.07934812	3.50352500
2.61790497	0.07934812	4.43128700
2.62290497	0.07934812	4.87685800
2.62790497	0.07934812	4.78530200
2.63290497	0.07934812	4.73647300
2.63790497	0.07934812	4.64491700
2.64290497	0.07934812	5.09048700
2.64790497	0.07934812	6.01825000
2.65290497	0.07934812	6.46382000
2.65790497	0.07934812	6.37226500
2.66290497	0.07934812	6.34785000
2.66790497	0.07934812	6.34785000
2.67290497	0.07934812	6.34785000
2.67790497	0.07934812	6.34785000
2.68290497	0.07934812	6.34785000
2.68790497	0.07934812	6.34785000
2.69290497	0.07934812	6.34785000
2.69790497	0.07934812	6.34785000
2.70290497	0.07934812	6.37226500
2.70790497	0.07934812	6.46382000
2.71290497	0.07947020	5.99383500
2.71790497	0.07992797	4.97451700
2.72290497	0.07757805	4.97451700
2.72790497	0.07248146	5.99383500
2.73290497	0.07248146	6.48823500
2.73790497	0.07757805	6.48823500
2.74290497	0.08005005	6.01825000
2.74790497	0.08005005	5.09048700
2.75290497	0.07770012	4.64491700
2.75790497	0.07306131	4.73647300
2.76290497	0.07083346	4.76088700
2.76790497	0.07129124	4.76088700
2.77290497	0.07141331	4.78530200
2.77790497	0.07141331	4.87685800
2.78290497	0.07141331	4.40687300
2.78790497	0.07141331	3.38755500
2.79290497	0.07141331	3.41196900
2.79790497	0.07141331	4.52284300
2.80290497	0.07141331	4.52284300
2.80790497	0.07141331	3.41196900
2.81290497	0.07141331	3.41196900
2.81790497	0.07141331	4.52284300
2.82290497	0.07141331	4.52284300
2.82790497	0.07141331	3.41196900
2.83290497	0.07141331	3.41196900
2.83790497	0.07141331	4.52284300
2.84290497	0.07141331	4.54725700
2.84790497	0.07141331	3.52794000
2.85290497	0.07141331	3.05795500
2.85790497	0.07141331	3.14951000
2.86290497	0.07141331	3.17392500
2.86790497	0.07141331	3.17392500
2.87290497	0.07141331	3.17392500
2.87790497	0.07141331	3.17392500
2.88290497	0.07141331	3.14951000
2.88790497	0.07141331	3.05795500
2.89290497	0.07141331	3.52794000
2.89790497	0.07141331	4.54725700
2.90290497	0.07141331	4.52284300
2.90790497	0.07141331	3.41196900
2.91290497	0.07141331	3.41196900
2.91790497	0.07141331	4.52284300
2.92290497	0.07153539	4.52284300
2.92790497	0.07199316	3.41196900
2.93290497	0.06976531	3.41196900
2.93790497	0.06512650	4.52284300
2.94290497	0.06289865	4.57167300
2.94790497	0.06335643	3.64391000
2.95290497	0.06347850	2.72835500
2.95790497	0.06347850	1.89214800
2.96290497	0.06347850	1.47099200
2.96790497	0.06347850	1.56254800
2.97290497	0.06347850	1.58696200
2.97790497	0.06347850	1.58696200
2.98290497	0.06347850	1.56254800
2.98790497	0.06347850	1.47099200
2.99290497	0.06347850	1.91656200
2.99790497	0.06347850	2.84432500
3.00290497	0.06347850	3.28989500
3.00790497	0.06347850	3.19834000
3.01290497	0.06347850	3.17392500
3.01790497	0.06347850	3.17392500
3.02290497	0.06347850	3.17392500
3.02790497	0.06347850	3.17392500
3.03290497	0.06347850	3.14951000
3.03790497	0.06347850	3.05795500
3.04290497	0.06347850	3.50352500
3.04790497	0.06347850	4.43128700
3.05290497	0.06347850	4.87685800
3.05790497	0.06347850	4.78530200
3.06290497	0.06347850	4.73647300
3.06790497	0.06347850	4.64491700
3.07290497	0.06347850	5.11490200
3.07790497	0.06347850	6.13422100
3.08290497	0.06347850	6.18305000
3.08790497	0.06347850	5.34684300
3.09290497	0.06347850	3.96130300
3.09790497	0.06347850	2.10577700
3.10290497	0.06347850	1.68462200
3.10790497	0.06347850	2.79549500
3.11290497	0.06347850	3.28989500
3.11790497	0.06347850	3.19834000
3.12290497	0.06347850	3.17392500
3.12790497	0.06347850	3.17392500
3.13290497	0.06347850	3.17392500
3.13790497	0.06347850	3.17392500
3.14290497	0.06347850	3.17392500
3.14790497	0.06347850	3.17392500
3.15290497	0.06347850	3.17392500
3.15790497	0.06347850	3.17392500
3.16290497	0.06360057	3.17392500
3.16790497	0.06405835	3.17392500
3.17290497	0.06183050	3.17392500
3.17790497	0.05719168	3.17392500
3.18290497	0.05496383	3.14951000
3.18790497	0.05542161	3.05795500
3.19290497	0.05554369	3.52794000
3.19790497	0.05554369	4.54725700
3.20290497	0.05554369	4.52284300
3.20790497	0.05554369	3.41196900
3.21290497	0.05554369	3.38755500
3.21790497	0.05554369	4.40687300
3.22290497	0.05554369	4.87685800
3.22790497	0.05554369	4.78530200
3.23290497	0.05554369	4.78530200
3.23790497	0.05554369	4.87685800
3.24290497	0.05554369	4.40687300
3.24790497	0.05554369	3.38755500
3.25290497	0.05554369	3.41196900
3.25790497	0.05554369	4.52284300
3.26290497	0.05554369	4.52284300
3.26790497	0.05554369	3.41196900
3.27290497	0.05554369	3.38755500
3.27790497	0.05554369	4.40687300
3.28290497	0.05554369	4.87685800
3.28790497	0.05554369	4.78530200
3.29290497	0.05554369	4.76088700
3.29790497	0.05554369	4.76088700
3.30290497	0.05554369	4.76088700
3.30790497	0.05554369	4.76088700
3.31290497	0.05554369	4.73647300
3.31790497	0.05554369	4.64491700
3.32290497	0.05554369	5.09048700
3.32790497	0.05554369	6.01825000
3.33290497	0.05554369	6.48823500
3.33790497	0.05554369	6.48823500
3.34290497	0.05554369	6.04266500
3.34790497	0.05554369	5.20645800
3.35290497	0.05554369	4.31531700
3.35790497	0.05554369	3.47911000
3.36290497	0.05554369	3.03354000
3.36790497	0.05554369	3.03354000
3.37290497	0.05554369	3.52794000
3.37790497	0.05554369	4.54725700
3.38290497	0.05554369	4.54725700
3.38790497	0.05554369	3.52794000
3.39290497	0.05554369	3.05795500
3.39790497	0.05554369	3.14951000
3.40290497	0.05554369	3.17392500
3.40790497	0.05554369	3.17392500
3.41290497	0.05554369	3.17392500
3.41790497	0.05554369	3.17392500
3.42290497	0.05554369	3.17392500
3.42790497	0.05554369	3.17392500
3.43290497	0.05566576	3.17392500
3.43790497	0.05612354	3.17392500
3.44290497	0.05377361	3.14951000
3.44790497	0.04867702	3.05795500
3.45290497	0.04879910	3.52794000
3.45790497	0.05435346	4.54725700
3.46290497	0.05447554	4.57167300
3.46790497	0.04937895	3.64391000
3.47290497	0.04702902	2.72835500
3.47790497	0.04748680	1.89214800
3.48290497	0.04760887	1.47099200
3.48790497	0.04760887	1.56254800
3.49290497	0.04760887	1.56254800
3.49790497	0.04760887	1.47099200
3.50290497	0.04760887	1.91656200
3.50790497	0.04760887	2.84432500
3.51290497	0.04760887	3.28989500
3.51790497	0.04760887	3.19834000
3.52290497	0.04760887	3.17392500
3.52790497	0.04760887	3.17392500
3.53290497	0.04760887	3.19834000
3.53790497	0.04760887	3.28989500
3.54290497	0.04760887	2.81991000
3.54790497	0.04760887	1.80059200
3.55290497	0.04760887	1.80059200
3.55790497	0.04760887	2.81991000
3.56290497	0.04760887	3.26548100
3.56790497	0.04760887	3.08237000
3.57290497	0.04760887	3.50352500
3.57790497	0.04760887	4.43128700
3.58290497	0.04760887	4.87685800
3.58790497	0.04760887	4.78530200
3.59290497	0.04760887	4.78530200
3.59790497	0.04760887	4.87685800
3.60290497	0.04760887	4.38245800
3.60790497	0.04760887	3.27158400
3.61290497	0.04760887	3.71715500
3.61790497	0.04760887	5.66423500
3.62290497	0.04760887	6.57979000
3.62790497	0.04760887	6.39667900
3.63290497	0.04760887	6.34785000
3.63790497	0.04760887	6.34785000
3.64290497	0.04760887	6.34785000
3.64790497	0.04760887	6.34785000
3.65290497	0.04760887	6.34785000
3.65790497	0.04760887	6.34785000
3.66290497	0.04760887	6.32343500
3.66790497	0.04760887	6.23187900
3.67290497	0.04760887	6.70186400
3.67790497	0.04760887	7.72118300
3.68290497	0.04760887	7.72118300
3.68790497	0.04760887	6.70186400
3.69290497	0.04760887	6.25629500
3.69790497	0.04760887	6.43940500
3.70290497	0.04760887	6.01825000
3.70790497	0.04760887	5.09048700
3.71290497	0.04760887	4.62050200
3.71790497	0.04760887	4.62050200
3.72290497	0.04760887	5.11490200
3.72790497	0.04760887	6.13422100
3.73290497	0.04760887	6.13422100
3.73790497	0.04760887	5.11490200
3.74290497	0.04760887	4.62050200
3.74790497	0.04760887	4.62050200
3.75290497	0.04760887	5.11490200
3.75790497	0.04760887	6.13422100
3.76290497	0.04760887	6.15863500
3.76790497	0.04760887	5.23087300
3.77290497	0.04773095	4.31531700
3.77790497	0.04818873	3.47911000
3.78290497	0.04583880	3.08237000
3.78790497	0.04074221	3.26548100
3.79290497	0.04086429	2.81991000
3.79790497	0.04641865	1.80059200
3.80290497	0.04654073	1.82500700
3.80790497	0.04144414	2.93588100
3.81290497	0.03909421	2.93588100
3.81790497	0.03955199	1.82500700
3.82290497	0.03967406	1.77617700
3.82790497	0.03967406	2.70394000
3.83290496	0.03967406	3.61949500
3.83790496	0.03967406	4.45570200
3.84290496	0.03967406	4.87685800
3.84790496	0.03967406	4.78530200
3.85290496	0.03967406	4.76088700
3.85790496	0.03967406	4.76088700
3.86290496	0.03967406	4.76088700
3.86790496	0.03967406	4.76088700
3.87290496	0.03967406	4.76088700
3.87790496	0.03967406	4.76088700
3.88290496	0.03967406	4.73647300
3.88790496	0.03967406	4.64491700
3.89290496	0.03967406	5.09048700
3.89790496	0.03967406	6.01825000
3.90290496	0.03967406	6.48823500
3.90790496	0.03967406	6.48823500
3.91290496	0.03967406	5.99383500
3.91790496	0.03967406	4.97451700
3.92290496	0.03967406	4.99893200
3.92790496	0.03967406	6.10980600
3.93290496	0.03967406	6.15863500
3.93790496	0.03967406	5.23087300
3.94290496	0.03967406	4.31531700
3.94790496	0.03967406	3.47911000
3.95290496	0.03967406	3.03354000
3.95790496	0.03967406	3.03354000
3.96290496	0.03967406	3.50352500
3.96790496	0.03967406	4.43128700
3.97290496	0.03967406	4.90127200
3.97790496	0.03967406	4.90127200
3.98290496	0.03967406	4.40687300
3.98790496	0.03967406	3.38755500
3.99290496	0.03967406	3.38755500
3.99790496	0.03967406	4.40687300
4.00290496	0.03967406	4.90127200
4.00790496	0.03967406	4.90127200
4.01290496	0.03967406	4.40687300
4.01790496	0.03967406	3.38755500
4.02290496	0.03967406	3.38755500
4.02790496	0.03967406	4.40687300
4.03290496	0.03967406	4.87685800
4.03790496	0.03967406	4.78530200
4.04290496	0.03967406	4.76088700
4.04790496	0.03967406	4.76088700
4.05290496	0.03967406	4.78530200
4.05790496	0.03967406	4.87685800
4.06290496	0.03967406	4.43128700
4.06790496	0.03967406	3.50352500
4.07290496	0.03967406	3.03354000
4.07790496	0.03967406	3.03354000
4.08290496	0.03967406	3.50352500
4.08790496	0.03967406	4.43128700
4.09290496	0.03967406	4.87685800
4.09790496	0.03967406	4.78530200
4.10290496	0.03967406	4.76088700
4.10790496	0.03967406	4.76088700
4.11290496	0.03967406	4.76088700
4.11790496	0.03967406	4.76088700
4.12290496	0.03967406	4.76088700
4.12790496	0.03967406	4.76088700
4.13290496	0.03979614	4.78530200
4.13790496	0.04025391	4.87685800
4.14290496	0.03802606	4.40687300
4.14790496	0.03338725	3.38755500
4.15290496	0.03115940	3.38755500
4.15790496	0.03161718	4.40687300
4.16290496	0.03161718	4.90127200
4.16790496	0.03115940	4.90127200
4.17290496	0.03338725	4.43128700
4.17790496	0.03802606	3.50352500
4.18290496	0.04037599	3.03354000
4.18790496	0.04037599	3.03354000
4.19290496	0.03802606	3.52794000
4.19790496	0.03338725	4.54725700
4.20290496	0.03115940	4.54725700
4.20790496	0.03161718	3.52794000
4.21290496	0.03173925	3.05795500
4.21790496	0.03173925	3.14951000
4.22290496	0.03173925	3.17392500
4.22790496	0.03173925	3.17392500
4.23290496	0.03173925	3.14951000
4.23790496	0.03173925	3.05795500
4.24290496	0.03173925	3.50352500
4.24790496	0.03173925	4.43128700
4.25290496	0.03173925	4.87685800
4.25790496	0.03173925	4.78530200
4.26290496	0.03173925	4.73647300
4.26790496	0.03173925	4.64491700
4.27290496	0.03173925	5.06607200
4.27790496	0.03173925	5.90228000
4.28290496	0.03173925	6.75069400
4.28790496	0.03173925	7.39158200
4.29290496	0.03173925	8.59401200
4.29790496	0.03173925	9.88799700
4.30290496	0.03173925	12.87881000
4.30790496	0.03173925	16.85232000
4.31290496	0.03173925	21.08829000
4.31790496	0.03173925	24.50636000
4.32290496	0.03173925	30.01801000
4.32790496	0.03173925	36.21937000
4.33290496	0.03173925	43.02499000
4.33790496	0.03173925	48.75027000
4.34290496	0.03173925	56.35548000
4.34790496	0.03173925	63.84472000
4.35290496	0.03173925	72.79885000
4.35790496	0.03173925	81.02664000
4.36290496	0.03173925	90.40192000
4.36790496	0.03173925	98.62361000
4.37290496	0.03173925	107.55330000
4.37790496	0.03173925	114.95100000
4.38290496	0.03173925	123.02620000
4.38790496	0.03173925	129.77080000
4.39290496	0.03173925	136.55200000
4.39790496	0.03173925	141.64250000
4.40290496	0.03173925	147.12970000
4.40790496	0.03173925	151.56100000
4.41290496	0.03173925	156.27310000
4.41790496	0.03173925	160.15500000
4.42290496	0.03173925	163.12140000
4.42790496	0.03173925	164.41540000
4.43290496	0.03173925	165.61780000
4.43790496	0.03173925	166.25870000
4.44290496	0.03173925	167.13160000
4.44790496	0.03173925	168.05930000
4.45290496	0.03173925	168.10820000
4.45790496	0.03173925	167.36960000
4.46290496	0.03173925	165.62390000
4.46790496	0.03173925	163.21910000
4.47290496	0.03173925	160.63110000
4.47790496	0.03173925	158.40940000
4.48290496	0.03173925	155.87020000
4.48790496	0.03173925	153.64850000
4.49290496	0.03173925	151.10930000
4.49790496	0.03173925	148.88760000
4.50290496	0.03173925	146.39120000
4.50790496	0.03173925	144.36470000
4.51290496	0.03173925	140.92230000
4.51790496	0.03173925	136.85110000
4.52290496	0.03173925	133.45740000
4.52790496	0.03173925	131.61410000
4.53290496	0.03173925	128.24490000
4.53790496	0.03173925	124.27140000
4.54290496	0.03173925	120.40770000
4.54790496	0.03173925	117.54510000
4.55290496	0.03173925	114.17580000
4.55790496	0.03173925	111.21550000
4.56290496	0.03173925	107.82190000
4.56790496	0.03173925	104.86770000
4.57290496	0.03173925	101.47400000
4.57790496	0.03173925	98.51985000
4.58290496	0.03173925	95.10178000
4.58790496	0.03173925	92.05603000
4.59290496	0.03173925	89.08964000
4.59790496	0.03173925	86.95944000
4.60290496	0.03173925	84.42030000
4.60790496	0.03173925	82.10089000
4.61290496	0.03173925	80.00732000
4.61790496	0.03173925	78.71334000
4.62290496	0.03173925	76.57094000
4.62790496	0.03173925	74.07452000
4.63290496	0.03173925	72.40211000
4.63790496	0.03173925	72.03589000
4.64290496	0.03173925	70.36347000
4.64790496	0.03173925	67.86706000
4.65290496	0.03173925	65.70024000
4.65790496	0.03173925	64.31470000
4.66290496	0.03173925	62.64230000
4.66790496	0.03173925	61.16520000
4.67290496	0.03186132	59.44395000
4.67790496	0.03231910	57.87530000
4.68290496	0.02996918	56.59963000
4.68790496	0.02487259	55.95264000
4.69290496	0.02499466	55.14695000
4.69790496	0.03054903	54.50606000
4.70290496	0.03054903	53.23038000
4.70790496	0.02499466	51.66173000
4.71290496	0.02499466	49.91607000
4.71790496	0.03054903	48.34742000
4.72290496	0.03067110	47.07175000
4.72790496	0.02557451	46.43086000
4.73290496	0.02322458	45.60686000
4.73790496	0.02368236	44.86221000
4.74290496	0.02380444	43.99548000
4.74790496	0.02380444	43.15928000
4.75290496	0.02380444	42.78695000
4.75790496	0.02380444	43.06161000
4.76290496	0.02380444	42.21930000
4.76790496	0.02380444	40.45533000
4.77290496	0.02380444	39.13694000
4.77790496	0.02380444	38.49605000
4.78290496	0.02380444	37.67205000
4.78790496	0.02380444	36.92739000
4.79290496	0.02380444	36.08509000
4.79790496	0.02380444	35.34044000
4.80290496	0.02380444	34.47371000
4.80790496	0.02380444	33.63750000
4.81290496	0.02380444	33.21634000
4.81790496	0.02380444	33.30790000
4.82290496	0.02380444	33.38114000
4.82790496	0.02380444	33.56425000
4.83290496	0.02380444	32.67311000
4.83790496	0.02380444	30.81759000
4.84290496	0.02380444	29.96918000
4.84790496	0.02380444	30.34761000
4.85290496	0.02380444	29.51750000
4.85790496	0.02380444	27.75964000
4.86290496	0.02380444	26.41072000
4.86790496	0.02380444	25.67217000
4.87290496	0.02380444	25.27543000
4.87790496	0.02380444	25.36699000
4.88290496	0.02380444	25.39140000
4.88790496	0.02380444	25.39140000
4.89290496	0.02380444	25.39140000
4.89790496	0.02380444	25.39140000
4.90290496	0.02380444	25.41581000
4.90790496	0.02380444	25.50737000
4.91290496	0.02380444	25.06180000
4.91790496	0.02380444	24.13404000
4.92290496	0.02380444	23.71288000
4.92790496	0.02380444	23.89599000
4.93290496	0.02380444	23.47484000
4.93790496	0.02380444	22.54707000
4.94290496	0.02380444	22.10150000
4.94790496	0.02380444	22.19306000
4.95290496	0.02380444	22.21748000
4.95790496	0.02380444	22.21748000
4.96290496	0.02380444	22.24189000
4.96790496	0.02380444	22.33344000
4.97290496	0.02380444	21.86346000
4.97790496	0.02380444	20.84414000
4.98290496	0.02380444	20.86856000
4.98790496	0.02380444	21.97943000
4.99290496	0.02380444	22.00385000
4.99790496	0.02380444	20.98453000
5.00290496	0.02380444	20.51454000
5.00790496	0.02380444	20.60610000
5.01290496	0.02380444	20.63051000
5.01790496	0.02380444	20.63051000
5.02290496	0.02380444	20.63051000
5.02790496	0.02380444	20.63051000
5.03290496	0.02380444	20.63051000
5.03790496	0.02380444	20.63051000
5.04290496	0.02380444	20.63051000
5.04790496	0.02380444	20.63051000
5.05290496	0.02380444	20.63051000
5.05790496	0.02380444	20.63051000
5.06290496	0.02380444	20.63051000
5.06790496	0.02380444	20.63051000
5.07290496	0.02380444	20.60610000
5.07790496	0.02380444	20.51454000
5.08290496	0.02380444	20.96011000
5.08790496	0.02380444	21.88787000
5.09290496	0.02380444	22.35786000
5.09790496	0.02380444	22.35786000
5.10290496	0.02380444	21.88787000
5.10790496	0.02380444	20.96011000
5.11290496	0.02380444	20.51454000
5.11790496	0.02380444	20.60610000
5.12290496	0.02380444	20.65493000
5.12790496	0.02380444	20.74648000
5.13290496	0.02380444	20.30091000
5.13790496	0.02380444	19.37315000
5.14290496	0.02380444	18.90317000
5.14790496	0.02380444	18.90317000
5.15290496	0.02380444	19.39757000
5.15790496	0.02380444	20.41688000
5.16290496	0.02380444	20.41688000
5.16790496	0.02380444	19.39757000
5.17290496	0.02380444	18.92758000
5.17790496	0.02380444	19.01913000
5.18290496	0.02380444	19.04355000
5.18790496	0.02380444	19.04355000
5.19290496	0.02380444	19.04355000
5.19790496	0.02380444	19.04355000
5.20290496	0.02380444	19.06796000
5.20790496	0.02380444	19.15952000
5.21290496	0.02380444	18.71395000
5.21790496	0.02380444	17.78619000
5.22290496	0.02380444	17.34062000
5.22790496	0.02380444	17.43217000
5.23290496	0.02380444	17.45659000
5.23790496	0.02380444	17.45659000
5.24290496	0.02380444	17.45659000
5.24790496	0.02380444	17.45659000
5.25290496	0.02380444	17.45659000
5.25790496	0.02380444	17.45659000
5.26290496	0.02380444	17.45659000
5.26790496	0.02380444	17.45659000
5.27290496	0.02380444	17.45659000
5.27790496	0.02380444	17.45659000
5.28290496	0.02380444	17.45659000
5.28790496	0.02380444	17.45659000
5.29290496	0.02392651	17.48100000
5.29790496	0.02438429	17.57256000
5.30290496	0.02203436	17.12699000
5.30790496	0.01693777	16.19922000
5.31290496	0.01693777	15.72924000
5.31790496	0.02203436	15.72924000
5.32290496	0.02438429	16.22364000
5.32790496	0.02392651	17.24296000
5.33290496	0.02392651	17.24296000
5.33790496	0.02438429	16.22364000
5.34290496	0.02203436	15.75365000
5.34790496	0.01693777	15.84521000
5.35290496	0.01693777	15.86962000
5.35790496	0.02203436	15.86962000
5.36290496	0.02438429	15.86962000
5.36790496	0.02392651	15.86962000
5.37290496	0.02380444	15.86962000
5.37790496	0.02380444	15.86962000
5.38290496	0.02380444	15.86962000
5.38790496	0.02380444	15.86962000
5.39290496	0.02392651	15.86962000
5.39790496	0.02438429	15.86962000
5.40290496	0.02203436	15.86962000
5.40790496	0.01693777	15.86962000
5.41290496	0.01705985	15.86962000
5.41790496	0.02261421	15.86962000
5.42290496	0.02261421	15.86962000
5.42790496	0.01705985	15.86962000
5.43290496	0.01705985	15.86962000
5.43790496	0.02261421	15.86962000
5.44290496	0.02273629	15.89404000
5.44790496	0.01763970	15.98559000
5.45290496	0.01528977	15.54002000
5.45790496	0.01574755	14.61226000
5.46290496	0.01586962	14.16669000
5.46790496	0.01586962	14.25825000
5.47290496	0.01586962	14.28266000
5.47790495	0.01586962	14.28266000
5.48290495	0.01586962	14.28266000
5.48790495	0.01586962	14.28266000
5.49290495	0.01586962	14.30708000
5.49790495	0.01586962	14.39863000
5.50290495	0.01574755	13.92865000
5.50790495	0.01528977	12.90933000
5.51290495	0.01763970	12.90933000
5.51790495	0.02273629	13.92865000
5.52290495	0.02273629	14.42305000
5.52790495	0.01763970	14.42305000
5.53290495	0.01528977	13.95306000
5.53790495	0.01574755	13.02530000
5.54290495	0.01586962	12.57973000
5.54790495	0.01586962	12.67128000
5.55290495	0.01586962	12.69570000
5.55790495	0.01586962	12.69570000
5.56290495	0.01586962	12.69570000
5.56790495	0.01586962	12.69570000
5.57290495	0.01586962	12.69570000
5.57790495	0.01586962	12.69570000
5.58290495	0.01586962	12.69570000
5.58790495	0.01586962	12.69570000
5.59290495	0.01586962	12.69570000
5.59790495	0.01586962	12.69570000
5.60290495	0.01586962	12.72011000
5.60790495	0.01586962	12.81167000
5.61290495	0.01586962	12.36610000
5.61790495	0.01586962	11.43834000
5.62290495	0.01586962	11.01718000
5.62790495	0.01586962	11.20029000
5.63290495	0.01586962	10.77914000
5.63790495	0.01586962	9.85137500
5.64290495	0.01586962	9.40580500
5.64790495	0.01586962	9.49735900
5.65290495	0.01586962	9.52177400
5.65790495	0.01586962	9.52177400
5.66290495	0.01586962	9.49735900
5.66790495	0.01586962	9.40580500
5.67290495	0.01586962	9.85137500
5.67790495	0.01586962	10.77914000
5.68290495	0.01586962	11.24912000
5.68790495	0.01586962	11.24912000
5.69290495	0.01586962	10.75472000
5.69790495	0.01586962	9.73540400
5.70290495	0.01586962	9.73540400
5.70790495	0.01586962	10.75472000
5.71290495	0.01586962	11.22471000
5.71790495	0.01586962	11.13315000
5.72290495	0.01586962	11.08432000
5.72790495	0.01586962	10.99277000
5.73290495	0.01586962	11.43834000
5.73790495	0.01586962	12.36610000
5.74290495	0.01586962	12.83609000
5.74790495	0.01586962	12.83609000
5.75290495	0.01586962	12.34169000
5.75790495	0.01586962	11.32237000
5.76290495	0.01586962	11.34678000
5.76790495	0.01586962	12.45765000
5.77290495	0.01586962	12.48207000
5.77790495	0.01586962	11.46275000
5.78290495	0.01586962	10.99277000
5.78790495	0.01586962	11.08432000
5.79290495	0.01586962	11.10874000
5.79790495	0.01586962	11.10874000
5.80290495	0.01586962	11.10874000
5.80790495	0.01586962	11.10874000
5.81290495	0.01586962	11.13315000
5.81790495	0.01586962	11.22471000
5.82290495	0.01586962	10.75472000
5.82790495	0.01586962	9.73540400
5.83290495	0.01586962	9.71098900
5.83790495	0.01586962	10.63875000
5.84290495	0.01586962	11.55431000
5.84790495	0.01586962	12.39052000
5.85290495	0.01586962	12.81167000
5.85790495	0.01586962	12.72011000
5.86290495	0.01586962	12.69570000
5.86790495	0.01586962	12.69570000
5.87290495	0.01586962	12.69570000
5.87790495	0.01586962	12.69570000
5.88290495	0.01586962	12.72011000
5.88790495	0.01586962	12.81167000
5.89290495	0.01586962	12.36610000
5.89790495	0.01586962	11.43834000
5.90290495	0.01586962	10.99277000
5.90790495	0.01586962	11.08432000
5.91290495	0.01586962	11.10874000
5.91790495	0.01586962	11.10874000
5.92290495	0.01586962	11.10874000
5.92790495	0.01586962	11.10874000
5.93290495	0.01586962	11.10874000
5.93790495	0.01586962	11.10874000
5.94290495	0.01586962	11.10874000
5.94790495	0.01586962	11.10874000
5.95290495	0.01586962	11.10874000
5.95790495	0.01586962	11.10874000
5.96290495	0.01586962	11.10874000
5.96790495	0.01586962	11.10874000
5.97290495	0.01586962	11.10874000
5.97790495	0.01586962	11.10874000
5.98290495	0.01586962	11.13315000
5.98790495	0.01586962	11.22471000
5.99290495	0.01586962	10.75472000
5.99790495	0.01586962	9.73540400
6.00290495	0.01586962	9.73540400
6.00790495	0.01586962	10.75472000
6.01290495	0.01586962	11.22471000
6.01790495	0.01586962	11.13315000
6.02290495	0.01586962	11.10874000
6.02790495	0.01586962	11.10874000
6.03290495	0.01586962	11.10874000
6.03790495	0.01586962	11.10874000
6.04290495	0.01586962	11.10874000
6.04790495	0.01586962	11.10874000
6.05290495	0.01586962	11.10874000
6.05790495	0.01586962	11.10874000
6.06290495	0.01586962	11.10874000
6.06790495	0.01586962	11.10874000
6.07290495	0.01586962	11.10874000
6.07790495	0.01586962	11.10874000
6.08290495	0.01586962	11.10874000
6.08790495	0.01586962	11.10874000
6.09290495	0.01586962	11.10874000
6.09790495	0.01586962	11.10874000
6.10290495	0.01586962	11.10874000
6.10790495	0.01586962	11.10874000
6.11290495	0.01586962	11.10874000
6.11790495	0.01586962	11.10874000
6.12290495	0.01586962	11.08432000
6.12790495	0.01586962	10.99277000
6.13290495	0.01586962	11.43834000
6.13790495	0.01586962	12.36610000
6.14290495	0.01586962	12.81167000
6.14790495	0.01586962	12.72011000
6.15290495	0.01586962	12.69570000
6.15790495	0.01586962	12.69570000
6.16290495	0.01586962	12.69570000
6.16790495	0.01586962	12.69570000
6.17290495	0.01586962	12.69570000
6.17790495	0.01586962	12.69570000
6.18290495	0.01586962	12.69570000
6.18790495	0.01586962	12.69570000
6.19290495	0.01586962	12.72011000
6.19790495	0.01586962	12.81167000
6.20290495	0.01586962	12.36610000
6.20790495	0.01586962	11.43834000
6.21290495	0.01586962	10.99277000
6.21790495	0.01586962	11.08432000
6.22290495	0.01586962	11.10874000
6.22790495	0.01586962	11.10874000
6.23290495	0.01586962	11.13315000
6.23790495	0.01586962	11.22471000
6.24290495	0.01586962	10.77914000
6.24790495	0.01586962	9.85137500
6.25290495	0.01586962	9.40580500
6.25790495	0.01586962	9.49735900
6.26290495	0.01586962	9.52177400
6.26790495	0.01586962	9.52177400
6.27290495	0.01586962	9.49735900
6.27790495	0.01586962	9.40580500
6.28290495	0.01586962	9.87579000
6.28790495	0.01586962	10.89511000
6.29290495	0.01586962	10.89511000
6.29790495	0.01586962	9.87579000
6.30290495	0.01586962	9.38139000
6.30790495	0.01586962	9.38139000
6.31290495	0.01586962	9.85137500
6.31790495	0.01586962	10.77914000
6.32290495	0.01586962	11.24912000
6.32790495	0.01586962	11.24912000
6.33290495	0.01586962	10.77914000
6.33790495	0.01586962	9.85137500
6.34290495	0.01586962	9.40580500
6.34790495	0.01586962	9.49735900
6.35290495	0.01586962	9.52177400
6.35790495	0.01586962	9.52177400
6.36290495	0.01586962	9.52177400
6.36790495	0.01586962	9.52177400
6.37290495	0.01586962	9.49735900
6.37790495	0.01586962	9.40580500
6.38290495	0.01586962	9.87579000
6.38790495	0.01586962	10.89511000
6.39290495	0.01586962	10.89511000
6.39790495	0.01586962	9.87579000
6.40290495	0.01586962	9.40580500
6.40790495	0.01586962	9.49735900
6.41290495	0.01586962	9.52177400
6.41790495	0.01586962	9.52177400
6.42290495	0.01586962	9.52177400
6.42790495	0.01586962	9.52177400
6.43290495	0.01586962	9.52177400
6.43790495	0.01586962	9.52177400
6.44290495	0.01586962	9.54619000
6.44790495	0.01586962	9.63774600
6.45290495	0.01586962	9.19217500
6.45790495	0.01586962	8.26441300
6.46290495	0.01586962	7.79442700
6.46790495	0.01586962	7.79442700
6.47290495	0.01586962	8.26441300
6.47790495	0.01586962	9.19217500
6.48290495	0.01586962	9.66216000
6.48790495	0.01586962	9.66216000
6.49290495	0.01586962	9.16776000
6.49790495	0.01586962	8.14844100
6.50290495	0.01586962	8.14844100
6.50790495	0.01586962	9.16776000
6.51290495	0.01586962	9.63774600
6.51790495	0.01586962	9.54619000
6.52290495	0.01586962	9.52177400
6.52790495	0.01586962	9.52177400
6.53290495	0.01586962	9.49735900
6.53790495	0.01586962	9.40580500
6.54290495	0.01586962	9.85137500
6.54790495	0.01586962	10.77914000
6.55290495	0.01586962	11.22471000
6.55790495	0.01586962	11.13315000
6.56290495	0.01586962	11.13315000
6.56790495	0.01586962	11.22471000
6.57290495	0.01586962	10.80355000
6.57790495	0.01586962	9.96734500
6.58290495	0.01599170	9.07620400
6.58790495	0.01644948	8.23999700
6.59290495	0.01422163	7.81884200
6.59790495	0.00958281	7.91039800
6.60290495	0.00723289	7.93481200
6.60790495	0.00723289	7.93481200
6.61290495	0.00958281	7.93481200
6.61790495	0.01422163	7.93481200
6.62290495	0.01644948	7.93481200
6.62790495	0.01599170	7.93481200
6.63290495	0.01586962	7.93481200
6.63790495	0.01586962	7.93481200
6.64290495	0.01586962	7.93481200
6.64790495	0.01586962	7.93481200
6.65290495	0.01586962	7.93481200
6.65790495	0.01586962	7.93481200
6.66290495	0.01586962	7.91039800
6.66790495	0.01586962	7.81884200
6.67290495	0.01586962	8.26441300
6.67790495	0.01586962	9.19217500
6.68290495	0.01586962	9.63774600
6.68790495	0.01586962	9.54619000
6.69290495	0.01586962	9.52177400
6.69790495	0.01586962	9.52177400
6.70290495	0.01599170	9.52177400
6.70790495	0.01644948	9.52177400
6.71290495	0.01422163	9.52177400
6.71790495	0.00958281	9.52177400
6.72290495	0.00723289	9.52177400
6.72790495	0.00723289	9.52177400
6.73290495	0.00970489	9.52177400
6.73790495	0.01480148	9.52177400
6.74290495	0.01480148	9.52177400
6.74790495	0.00970489	9.52177400
6.75290495	0.00735496	9.52177400
6.75790495	0.00781274	9.52177400
6.76290495	0.00793481	9.52177400
6.76790495	0.00793481	9.52177400
6.77290495	0.00781274	9.49735900
6.77790495	0.00735496	9.40580500
6.78290495	0.00970489	9.85137500
6.78790495	0.01480148	10.77914000
6.79290495	0.01480148	11.22471000
6.79790495	0.00970489	11.13315000
6.80290495	0.00735496	11.10874000
6.80790495	0.00781274	11.10874000
6.81290495	0.00793481	11.13315000
6.81790495	0.00793481	11.22471000
6.82290495	0.00793481	10.77914000
6.82790495	0.00793481	9.85137500
6.83290495	0.00793481	9.40580500
6.83790495	0.00793481	9.49735900
6.84290495	0.00793481	9.54619000
6.84790495	0.00793481	9.63774600
6.85290495	0.00793481	9.16776000
6.85790495	0.00793481	8.14844100
6.86290495	0.00793481	8.17285700
6.86790495	0.00793481	9.28373100
6.87290495	0.00793481	9.28373100
6.87790495	0.00793481	8.17285700
6.88290495	0.00793481	8.14844100
6.88790495	0.00793481	9.16776000
6.89290495	0.00793481	9.63774600
6.89790495	0.00793481	9.54619000
6.90290495	0.00793481	9.52177400
6.90790495	0.00793481	9.52177400
6.91290495	0.00793481	9.49735900
6.91790495	0.00793481	9.40580500
6.92290495	0.00793481	9.87579000
6.92790495	0.00793481	10.89511000
6.93290495	0.00793481	10.89511000
6.93790495	0.00793481	9.87579000
6.94290495	0.00793481	9.40580500
6.94790495	0.00793481	9.49735900
6.95290495	0.00793481	9.52177400
6.95790495	0.00793481	9.52177400
6.96290495	0.00793481	9.52177400
6.96790495	0.00793481	9.52177400
6.97290495	0.00793481	9.52177400
6.97790495	0.00793481	9.52177400
6.98290495	0.00793481	9.52177400
6.98790495	0.00793481	9.52177400
6.99290495	0.00793481	9.52177400
6.99790495	0.00793481	9.52177400
7.00290495	0.00793481	9.52177400
7.00790495	0.00793481	9.52177400
7.01290495	0.00793481	9.52177400
7.01790495	0.00793481	9.52177400
7.02290495	0.00793481	9.54619000
7.02790495	0.00793481	9.63774600
7.03290495	0.00793481	9.19217500
7.03790495	0.00793481	8.26441300
7.04290495	0.00793481	7.79442700
7.04790495	0.00793481	7.79442700
7.05290495	0.00793481	8.26441300
7.05790495	0.00793481	9.19217500
7.06290495	0.00793481	9.66216000
7.06790495	0.00793481	9.66216000
7.07290495	0.00793481	9.16776000
7.07790495	0.00793481	8.14844100
7.08290495	0.00793481	8.17285700
7.08790495	0.00793481	9.28373100
7.09290495	0.00793481	9.30814500
7.09790495	0.00793481	8.28882700
7.10290495	0.00793481	7.81884200
7.10790495	0.00793481	7.91039800
7.11290495	0.00793481	7.95922800
7.11790495	0.00793481	8.05078300
7.12290494	0.00793481	7.58079800
7.12790494	0.00793481	6.56148000
7.13290494	0.00793481	6.56148000
7.13790494	0.00793481	7.58079800
7.14290494	0.00793481	8.07519700
7.14790494	0.00793481	8.07519700
7.15290494	0.00793481	7.60521200
7.15790494	0.00793481	6.67745000
7.16290494	0.00793481	6.23187900
7.16790494	0.00793481	6.32343500
7.17290494	0.00793481	6.32343500
7.17790494	0.00793481	6.23187900
7.18290494	0.00793481	6.70186400
7.18790494	0.00793481	7.72118300
7.19290494	0.00793481	7.69676800
7.19790494	0.00793481	6.58589400
7.20290494	0.00793481	6.56148000
7.20790494	0.00793481	7.58079800
7.21290494	0.00793481	8.07519700
7.21790494	0.00793481	8.07519700
7.22290494	0.00793481	7.58079800
7.22790494	0.00793481	6.56148000
7.23290494	0.00793481	6.53706500
7.23790494	0.00793481	7.46482800
7.24290494	0.00793481	8.40479800
7.24790494	0.00793481	9.33256100
7.25290494	0.00793481	9.33256100
7.25790494	0.00793481	8.40479800
7.26290494	0.00793481	7.44041300
7.26790494	0.00793481	6.42109400
7.27290494	0.00793481	6.89107900
7.27790494	0.00793481	8.83816100
7.28290494	0.00793481	9.80254500
7.28790494	0.00793481	9.80254500
7.29290494	0.00793481	8.81374500
7.29790494	0.00793481	6.77510900
7.30290494	0.00793481	6.75069400
7.30790494	0.00793481	8.69777500
7.31290494	0.00793481	10.10773000
7.31790494	0.00793481	10.94394000
7.32290494	0.00793481	10.89511000
7.32790494	0.00793481	9.87579000
7.33290494	0.00793481	9.40580500
7.33790494	0.00793481	9.49735900
7.34290494	0.00793481	9.52177400
7.34790494	0.00793481	9.52177400
7.35290494	0.00793481	9.52177400
7.35790494	0.00793481	9.52177400
7.36290494	0.00793481	9.52177400
7.36790494	0.00793481	9.52177400
7.37290494	0.00793481	9.54619000
7.37790494	0.00793481	9.63774600
7.38290494	0.00793481	9.19217500
7.38790494	0.00793481	8.26441300
7.39290494	0.00793481	7.84325600
7.39790494	0.00793481	8.02636700
7.40290494	0.00793481	7.58079800
7.40790494	0.00793481	6.56148000
7.41290494	0.00793481	6.58589400
7.41790494	0.00793481	7.69676800
7.42290494	0.00793481	7.72118300
7.42790494	0.00793481	6.70186400
7.43290494	0.00793481	6.23187900
7.43790494	0.00793481	6.32343500
7.44290494	0.00793481	6.34785000
7.44790494	0.00793481	6.34785000
7.45290494	0.00793481	6.34785000
7.45790494	0.00793481	6.34785000
7.46290494	0.00793481	6.34785000
7.46790494	0.00793481	6.34785000
7.47290494	0.00793481	6.34785000
7.47790494	0.00793481	6.34785000
7.48290494	0.00793481	6.34785000
7.48790494	0.00793481	6.34785000
7.49290494	0.00793481	6.34785000
7.49790494	0.00793481	6.34785000
7.50290494	0.00793481	6.34785000
7.50790494	0.00793481	6.34785000
7.51290494	0.00793481	6.34785000
7.51790494	0.00793481	6.34785000
7.52290494	0.00793481	6.34785000
7.52790494	0.00793481	6.34785000
7.53290494	0.00793481	6.32343500
7.53790494	0.00793481	6.23187900
7.54290494	0.00793481	6.67745000
7.54790494	0.00793481	7.60521200
7.55290494	0.00793481	8.02636700
7.55790494	0.00793481	7.84325600
7.56290494	0.00793481	8.26441300
7.56790494	0.00793481	9.19217500
7.57290494	0.00793481	9.63774600
7.57790494	0.00793481	9.54619000
7.58290494	0.00793481	9.54619000
7.58790494	0.00793481	9.63774600
7.59290494	0.00793481	9.16776000
7.59790494	0.00793481	8.14844100
7.60290494	0.00793481	8.14844100
7.60790494	0.00793481	9.16776000
7.61290494	0.00793481	9.63774600
7.61790494	0.00793481	9.54619000
7.62290494	0.00793481	9.52177400
7.62790494	0.00793481	9.52177400
7.63290494	0.00793481	9.52177400
7.63790494	0.00793481	9.52177400
7.64290494	0.00793481	9.52177400
7.64790494	0.00793481	9.52177400
7.65290494	0.00793481	9.54619000
7.65790494	0.00793481	9.63774600
7.66290494	0.00793481	9.19217500
7.66790494	0.00793481	8.26441300
7.67290494	0.00793481	7.79442700
7.67790494	0.00793481	7.79442700
7.68290494	0.00793481	8.28882700
7.68790494	0.00793481	9.30814500
7.69290494	0.00793481	9.30814500
7.69790494	0.00793481	8.28882700
7.70290494	0.00793481	7.81884200
7.70790494	0.00793481	7.91039800
7.71290494	0.00793481	7.93481200
7.71790494	0.00793481	7.93481200
7.72290494	0.00793481	7.93481200
7.72790494	0.00793481	7.93481200
7.73290494	0.00793481	7.93481200
7.73790494	0.00793481	7.93481200
7.74290494	0.00793481	7.93481200
7.74790494	0.00793481	7.93481200
7.75290494	0.00793481	7.93481200
7.75790494	0.00793481	7.93481200
7.76290494	0.00793481	7.93481200
7.76790494	0.00793481	7.93481200
7.77290494	0.00793481	7.93481200
7.77790494	0.00793481	7.93481200
7.78290494	0.00793481	7.93481200
7.78790494	0.00793481	7.93481200
7.79290494	0.00793481	7.93481200
7.79790494	0.00793481	7.93481200
7.80290494	0.00793481	7.93481200
7.80790494	0.00793481	7.93481200
7.81290494	0.00793481	7.91039800
7.81790494	0.00793481	7.81884200
7.82290494	0.00793481	8.28882700
7.82790494	0.00793481	9.30814500
7.83290494	0.00793481	9.30814500
7.83790494	0.00793481	8.28882700
7.84290494	0.00793481	7.81884200
7.84790494	0.00793481	7.91039800
7.85290494	0.00793481	7.93481200
7.85790494	0.00793481	7.93481200
7.86290494	0.00793481	7.93481200
7.86790494	0.00793481	7.93481200
7.87290494	0.00793481	7.91039800
7.87790494	0.00793481	7.81884200
7.88290494	0.00793481	8.28882700
7.88790494	0.00793481	9.30814500
7.89290494	0.00793481	9.30814500
7.89790494	0.00793481	8.28882700
7.90290494	0.00793481	7.79442700
7.90790494	0.00793481	7.79442700
7.91290494	0.00793481	8.28882700
7.91790494	0.00793481	9.30814500
7.92290494	0.00793481	9.28373100
7.92790494	0.00793481	8.17285700
7.93290494	0.00793481	8.14844100
7.93790494	0.00793481	9.16776000
7.94290494	0.00793481	9.63774600
7.94790494	0.00793481	9.54619000
7.95290494	0.00793481	9.52177400
7.95790494	0.00793481	9.52177400
7.96290494	0.00793481	9.54619000
7.96790494	0.00793481	9.63774600
7.97290494	0.00793481	9.19217500
7.97790494	0.00793481	8.26441300
7.98290494	0.00793481	7.81884200
7.98790494	0.00793481	7.91039800
7.99290494	0.00793481	7.93481200
7.99790494	0.00793481	7.93481200
8.00290494	0.00793481	7.93481200
8.00790494	0.00793481	7.93481200
8.01290494	0.00793481	7.93481200
8.01790494	0.00793481	7.93481200
8.02290494	0.00793481	7.93481200
8.02790494	0.00793481	7.93481200
8.03290494	0.00793481	7.93481200
8.03790494	0.00793481	7.93481200
8.04290494	0.00793481	7.93481200
8.04790494	0.00793481	7.93481200
8.05290494	0.00793481	7.93481200
8.05790494	0.00793481	7.93481200
8.06290494	0.00793481	7.93481200
8.06790494	0.00793481	7.93481200
8.07290494	0.00793481	7.93481200
8.07790494	0.00793481	7.93481200
8.08290494	0.00793481	7.91039800
8.08790494	0.00793481	7.81884200
8.09290494	0.00793481	8.28882700
8.09790494	0.00793481	9.30814500
8.10290494	0.00793481	9.30814500
8.10790494	0.00793481	8.28882700
8.11290494	0.00793481	7.81884200
8.11790494	0.00793481	7.91039800
8.12290494	0.00793481	7.93481200
8.12790494	0.00793481	7.93481200
8.13290494	0.00793481	7.93481200
8.13790494	0.00793481	7.93481200
8.14290494	0.00793481	7.93481200
8.14790494	0.00793481	7.93481200
8.15290494	0.00793481	7.93481200
8.15790494	0.00793481	7.93481200
8.16290494	0.00793481	7.93481200
8.16790494	0.00793481	7.93481200
8.17290494	0.00793481	7.93481200
8.17790494	0.00793481	7.93481200
8.18290494	0.00793481	7.91039800
8.18790494	0.00793481	7.81884200
8.19290494	0.00793481	8.28882700
8.19790494	0.00793481	9.30814500
8.20290494	0.00793481	9.28373100
8.20790494	0.00793481	8.17285700
8.21290494	0.00793481	8.17285700
8.21790494	0.00793481	9.28373100
8.22290494	0.00793481	9.30814500
8.22790494	0.00793481	8.28882700
8.23290494	0.00793481	7.81884200
8.23790494	0.00793481	7.91039800
8.24290494	0.00793481	7.93481200
8.24790494	0.00793481	7.93481200
8.25290494	0.00793481	7.93481200
8.25790494	0.00793481	7.93481200
8.26290494	0.00793481	7.93481200
8.26790494	0.00793481	7.93481200
8.27290494	0.00793481	7.93481200
8.27790494	0.00793481	7.93481200
8.28290494	0.00793481	7.93481200
8.28790494	0.00793481	7.93481200
8.29290494	0.00793481	7.95922800
8.29790494	0.00793481	8.05078300
8.30290494	0.00793481	7.58079800
8.30790494	0.00793481	6.56148000
8.31290494	0.00793481	6.56148000
8.31790494	0.00793481	7.58079800
8.32290494	0.00793481	8.05078300
8.32790494	0.00793481	7.95922800
8.33290494	0.00793481	7.91039800
8.33790494	0.00793481	7.81884200
8.34290494	0.00793481	8.26441300
8.34790494	0.00793481	9.19217500
8.35290494	0.00793481	9.66216000
8.35790494	0.00793481	9.66216000
8.36290494	0.00793481	9.16776000
8.36790494	0.00793481	8.14844100
8.37290494	0.00793481	8.17285700
8.37790494	0.00793481	9.28373100
8.38290494	0.00793481	9.30814500
8.38790494	0.00793481	8.28882700
8.39290494	0.00793481	7.79442700
8.39790494	0.00793481	7.79442700
8.40290494	0.00793481	8.28882700
8.40790494	0.00793481	9.30814500
8.41290494	0.00793481	9.30814500
8.41790494	0.00793481	8.28882700
8.42290494	0.00793481	7.79442700
8.42790494	0.00793481	7.79442700
8.43290494	0.00793481	8.26441300
8.43790494	0.00793481	9.19217500
8.44290494	0.00793481	9.63774600
8.44790494	0.00793481	9.54619000
8.45290494	0.00793481	9.54619000
8.45790494	0.00793481	9.63774600
8.46290494	0.00793481	9.19217500
8.46790494	0.00793481	8.26441300
8.47290494	0.00793481	7.81884200
8.47790494	0.00793481	7.91039800
8.48290494	0.00793481	7.91039800
8.48790494	0.00793481	7.81884200
8.49290494	0.00793481	8.28882700
8.49790494	0.00793481	9.30814500
8.50290494	0.00793481	9.28373100
8.50790494	0.00793481	8.17285700
8.51290494	0.00793481	8.14844100
8.51790494	0.00793481	9.16776000
8.52290494	0.00793481	9.63774600
8.52790494	0.00793481	9.54619000
8.53290494	0.00793481	9.49735900
8.53790494	0.00793481	9.40580500
8.54290494	0.00793481	9.85137500
8.54790494	0.00793481	10.77914000
8.55290494	0.00793481	11.22471000
8.55790494	0.00793481	11.13315000
8.56290494	0.00793481	11.10874000
8.56790494	0.00793481	11.10874000
8.57290494	0.00793481	11.10874000
8.57790494	0.00793481	11.10874000
8.58290494	0.00793481	11.13315000
8.58790494	0.00793481	11.22471000
8.59290494	0.00793481	10.77914000
8.59790494	0.00793481	9.85137500
8.60290494	0.00793481	9.40580500
8.60790494	0.00793481	9.49735900
8.61290494	0.00793481	9.52177400
8.61790494	0.00793481	9.52177400
8.62290494	0.00793481	9.52177400
8.62790494	0.00793481	9.52177400
8.63290494	0.00793481	9.52177400
8.63790494	0.00793481	9.52177400
8.64290494	0.00793481	9.52177400
8.64790494	0.00793481	9.52177400
8.65290494	0.00793481	9.52177400
8.65790494	0.00793481	9.52177400
8.66290494	0.00793481	9.52177400
8.66790494	0.00793481	9.52177400
8.67290494	0.00793481	9.52177400
8.67790494	0.00793481	9.52177400
8.68290494	0.00793481	9.49735900
8.68790494	0.00793481	9.40580500
8.69290494	0.00793481	9.85137500
8.69790494	0.00793481	10.77914000
8.70290494	0.00793481	11.24912000
8.70790494	0.00793481	11.24912000
8.71290494	0.00793481	10.77914000
8.71790494	0.00793481	9.85137500
8.72290494	0.00793481	9.38139000
8.72790494	0.00793481	9.38139000
8.73290494	0.00793481	9.85137500
8.73790494	0.00793481	10.77914000
8.74290494	0.00793481	11.22471000
8.74790494	0.00793481	11.13315000
8.75290494	0.00793481	11.10874000
8.75790494	0.00793481	11.10874000
8.76290494	0.00793481	11.13315000
8.76790493	0.00793481	11.22471000
8.77290493	0.00793481	10.75472000
8.77790493	0.00793481	9.73540400
8.78290493	0.00793481	9.73540400
8.78790493	0.00793481	10.75472000
8.79290493	0.00793481	11.24912000
8.79790493	0.00793481	11.24912000
8.80290493	0.00793481	10.77914000
8.80790493	0.00793481	9.85137500
8.81290493	0.00793481	9.40580500
8.81790493	0.00793481	9.49735900
8.82290493	0.00793481	9.54619000
8.82790493	0.00793481	9.63774600
8.83290493	0.00793481	9.19217500
8.83790493	0.00793481	8.26441300
8.84290493	0.00793481	7.81884200
8.84790493	0.00793481	7.91039800
8.85290493	0.00793481	7.93481200
8.85790493	0.00793481	7.93481200
8.86290493	0.00793481	7.93481200
8.86790493	0.00793481	7.93481200
8.87290493	0.00793481	7.93481200
8.87790493	0.00793481	7.93481200
8.88290493	0.00793481	7.93481200
8.88790493	0.00793481	7.93481200
8.89290493	0.00793481	7.93481200
8.89790493	0.00793481	7.93481200
8.90290493	0.00793481	7.93481200
8.90790493	0.00793481	7.93481200
8.91290493	0.00793481	7.93481200
8.91790493	0.00793481	7.93481200
8.92290493	0.00793481	7.93481200
8.92790493	0.00793481	7.93481200
8.93290493	0.00793481	7.93481200
8.93790493	0.00793481	7.93481200
8.94290493	0.00793481	7.91039800
8.94790493	0.00793481	7.81884200
8.95290493	0.00793481	8.26441300
8.95790493	0.00793481	9.19217500
8.96290493	0.00793481	9.66216000
8.96790493	0.00793481	9.66216000
8.97290493	0.00793481	9.19217500
8.97790493	0.00793481	8.26441300
8.98290493	0.00793481	7.79442700
8.98790493	0.00793481	7.79442700
8.99290493	0.00793481	8.26441300
8.99790493	0.00793481	9.19217500
9.00290493	0.00793481	9.63774600
9.00790493	0.00793481	9.54619000
9.01290493	0.00793481	9.54619000
9.01790493	0.00793481	9.63774600
9.02290493	0.00793481	9.19217500
9.02790493	0.00793481	8.26441300
