Time	Channel A	Channel B
(us)	(mV)	(mV)

-1.00798904	0.00000000	0.00000000
-1.00298904	0.00000000	0.00000000
-0.99798904	0.00000000	0.00000000
-0.99298904	0.00000000	0.00000000
-0.98798904	0.00000000	0.00000000
-0.98298904	0.00000000	0.00000000
-0.97798904	0.00000000	0.00000000
-0.97298904	0.00000000	0.00000000
-0.96798904	0.00000000	0.00000000
-0.96298904	0.00000000	0.00000000
-0.95798904	0.00000000	0.00000000
-0.95298904	0.00000000	0.00000000
-0.94798904	0.00000000	0.06103702
-0.94298904	0.00000000	0.28992580
-0.93798904	0.00000000	-0.82399970
-0.93298904	0.00000000	-3.14340600
-0.92798904	0.00000000	-4.25733200
-0.92298904	0.00000000	-4.02844300
-0.91798904	0.00000000	-4.02844300
-0.91298904	0.00000000	-4.25733200
-0.90798904	0.00000000	-3.14340600
-0.90298904	0.00000000	-0.82399970
-0.89798904	0.00000000	0.35096280
-0.89298904	0.00000000	0.35096280
-0.88798904	0.00000000	-0.82399970
-0.88298904	0.00000000	-3.14340600
-0.87798904	0.00000000	-4.31836900
-0.87298904	0.00000000	-4.31836900
-0.86798904	0.00000000	-3.14340600
-0.86298904	0.00000000	-0.82399970
-0.85798904	0.00000000	0.28992580
-0.85298904	0.00000000	0.06103702
-0.84798904	0.00000000	0.00000000
-0.84298904	0.00000000	0.00000000
-0.83798904	0.00000000	0.00000000
-0.83298904	0.00000000	0.00000000
-0.82798904	0.00000000	0.00000000
-0.82298904	0.00000000	0.00000000
-0.81798904	0.00000000	0.00000000
-0.81298904	0.00000000	0.00000000
-0.80798904	0.00000000	0.00000000
-0.80298904	0.00000000	0.00000000
-0.79798904	0.00000000	0.00000000
-0.79298904	0.00000000	0.00000000
-0.78798904	0.00000000	0.00000000
-0.78298904	0.00000000	0.00000000
-0.77798904	0.00000000	0.00000000
-0.77298904	0.00000000	0.00000000
-0.76798904	0.00000000	0.00000000
-0.76298904	0.00000000	0.00000000
-0.75798904	0.00000000	0.00000000
-0.75298904	0.00000000	0.00000000
-0.74798904	0.00000000	0.00000000
-0.74298904	0.00000000	0.00000000
-0.73798904	0.00000000	0.00000000
-0.73298904	0.00000000	0.00000000
-0.72798904	0.00000000	0.00000000
-0.72298904	0.00000000	0.00000000
-0.71798904	0.00000000	0.00000000
-0.71298904	0.00000000	0.00000000
-0.70798904	0.00000000	0.00000000
-0.70298904	0.00000000	0.00000000
-0.69798904	0.00000000	0.00000000
-0.69298904	0.00000000	0.00000000
-0.68798904	0.00000000	0.00000000
-0.68298904	0.00000000	0.00000000
-0.67798904	0.00000000	0.00000000
-0.67298904	0.00000000	0.00000000
-0.66798904	0.00000000	0.00000000
-0.66298904	0.00000000	0.00000000
-0.65798904	0.00000000	0.00000000
-0.65298904	0.00000000	0.00000000
-0.64798904	0.00000000	0.00000000
-0.64298904	0.00000000	0.00000000
-0.63798904	0.00000000	0.00000000
-0.63298904	0.00000000	0.00000000
-0.62798904	0.00000000	0.00000000
-0.62298904	0.00000000	0.00000000
-0.61798904	0.00000000	0.00000000
-0.61298904	0.00000000	0.00000000
-0.60798904	0.00000000	0.00000000
-0.60298904	0.00000000	0.00000000
-0.59798904	0.00000000	0.00000000
-0.59298904	0.00000000	0.00000000
-0.58798904	0.00000000	0.00000000
-0.58298904	0.00000000	0.00000000
-0.57798904	0.00000000	0.00000000
-0.57298904	0.00000000	0.00000000
-0.56798904	0.00000000	0.00000000
-0.56298904	0.00000000	0.00000000
-0.55798904	0.00000000	0.00000000
-0.55298904	0.00000000	0.00000000
-0.54798904	0.00000000	0.00000000
-0.54298904	0.00000000	0.00000000
-0.53798904	0.00000000	0.00000000
-0.53298904	0.00000000	0.00000000
-0.52798904	0.00000000	0.00000000
-0.52298904	0.00000000	0.00000000
-0.51798904	0.00000000	0.00000000
-0.51298904	0.00000000	0.00000000
-0.50798904	0.00000000	0.00000000
-0.50298904	0.00000000	0.00000000
-0.49798904	0.00000000	0.00000000
-0.49298904	0.00000000	0.00000000
-0.48798904	0.00000000	0.00000000
-0.48298904	0.00000000	0.00000000
-0.47798904	0.00000000	0.00000000
-0.47298904	0.00000000	0.00000000
-0.46798904	0.00000000	0.00000000
-0.46298904	0.00000000	0.00000000
-0.45798904	0.00000000	0.00000000
-0.45298904	0.00000000	0.00000000
-0.44798904	0.00000000	0.00000000
-0.44298904	0.00000000	0.00000000
-0.43798904	0.00000000	0.00000000
-0.43298904	0.00000000	0.00000000
-0.42798904	0.00000000	0.00000000
-0.42298904	0.00000000	0.00000000
-0.41798904	0.00000000	0.00000000
-0.41298904	0.00000000	0.00000000
-0.40798904	0.00000000	0.00000000
-0.40298904	0.00000000	0.00000000
-0.39798904	0.00000000	0.00000000
-0.39298904	0.00000000	0.00000000
-0.38798904	0.00000000	0.00000000
-0.38298904	0.00000000	0.00000000
-0.37798904	0.00000000	0.00000000
-0.37298904	0.00000000	0.00000000
-0.36798904	0.00000000	0.00000000
-0.36298904	0.00000000	0.00000000
-0.35798904	0.00000000	0.00000000
-0.35298904	0.00000000	0.00000000
-0.34798904	0.00000000	0.00000000
-0.34298904	0.00000000	0.00000000
-0.33798904	0.00000000	0.00000000
-0.33298904	0.00000000	0.00000000
-0.32798904	0.00000000	0.00000000
-0.32298904	0.00000000	0.00000000
-0.31798904	0.00000000	0.00000000
-0.31298904	0.00000000	0.00000000
-0.30798904	0.00000000	0.00000000
-0.30298904	0.00000000	0.00000000
-0.29798904	0.00000000	0.00000000
-0.29298904	0.00000000	0.00000000
-0.28798904	0.00000000	0.00000000
-0.28298904	0.00000000	0.00000000
-0.27798904	0.00000000	0.00000000
-0.27298904	0.00000000	0.00000000
-0.26798904	0.00000000	0.00000000
-0.26298904	0.00000000	0.00000000
-0.25798904	0.00000000	0.00000000
-0.25298904	0.00000000	0.00000000
-0.24798904	0.00000000	0.00000000
-0.24298904	0.00000000	0.00000000
-0.23798904	0.00000000	0.00000000
-0.23298904	0.00000000	0.00000000
-0.22798904	0.00000000	0.00000000
-0.22298904	0.00000000	0.00000000
-0.21798904	0.00000000	0.00000000
-0.21298904	0.00000000	0.00000000
-0.20798904	0.00000000	0.00000000
-0.20298904	0.00000000	0.00000000
-0.19798904	0.00000000	0.00000000
-0.19298904	0.00000000	0.00000000
-0.18798904	0.00000000	0.00000000
-0.18298904	0.00000000	0.00000000
-0.17798904	0.00000000	0.00000000
-0.17298904	0.00000000	0.00000000
-0.16798904	0.00000000	0.00000000
-0.16298904	0.00000000	0.00000000
-0.15798904	0.00000000	0.00000000
-0.15298904	0.00000000	0.00000000
-0.14798904	0.00000000	0.00000000
-0.14298904	0.00000000	0.00000000
-0.13798904	0.00000000	0.00000000
-0.13298904	0.00000000	0.00000000
-0.12798904	0.00000000	0.00000000
-0.12298904	0.00000000	0.00000000
-0.11798904	0.00000000	0.00000000
-0.11298904	0.00000000	0.00000000
-0.10798904	-0.06103702	0.06103702
-0.10298904	-0.28992580	0.28992580
-0.09798904	0.76296270	-0.82399970
-0.09298904	2.85348100	-3.14340600
-0.08798904	4.91348000	-4.19629500
-0.08298904	6.28681300	-3.73851700
-0.07798904	10.52888000	-4.79140600
-0.07298904	16.54103000	-7.11081200
-0.06798904	23.01095000	-8.16370100
-0.06298904	28.56532000	-7.70592300
-0.05798904	34.91317000	-8.75881200
-0.05298904	40.46754000	-11.07822000
-0.04798904	46.81539000	-12.13111000
-0.04298904	52.36976000	-11.67333000
-0.03798904	58.71761000	-12.72622000
-0.03298904	64.27197000	-15.04562000
-0.02798904	70.61983000	-16.15955000
-0.02298904	76.18945000	-15.93066000
-0.01798904	82.59834000	-15.86962000
-0.01298904	88.38160000	-15.86962000
-0.00798904	93.61552000	-15.86962000
-0.00298905	96.85049000	-15.86962000
0.00201095	102.08440000	-15.93066000
0.00701095	107.86770000	-16.15955000
0.01201095	114.33760000	-15.04562000
0.01701095	120.12080000	-12.72622000
0.02201095	125.41580000	-11.61229000
0.02701095	128.87970000	-11.84118000
0.03201095	133.06070000	-11.90222000
0.03701095	136.75340000	-11.90222000
0.04201095	140.93450000	-11.90222000
0.04701095	144.41360000	-11.90222000
0.05201095	149.76960000	-11.90222000
0.05701095	155.78170000	-11.90222000
0.06201095	161.13770000	-11.96325000
0.06701095	164.60160000	-12.19214000
0.07201095	168.78260000	-11.01718000
0.07701095	172.47530000	-8.46888600
0.08201095	176.71740000	-8.46888600
0.08701095	180.41020000	-11.01718000
0.09201095	184.65220000	-12.19214000
0.09701095	188.34500000	-11.96325000
0.10201095	192.58700000	-11.90222000
0.10701095	196.27980000	-11.90222000
0.11201095	200.58290000	-11.90222000
0.11701095	204.50450000	-11.90222000
0.12201095	207.69370000	-11.90222000
0.12701095	209.29590000	-11.90222000
0.13201095	211.37120000	-11.90222000
0.13701095	213.21760000	-11.90222000
0.14201095	215.35390000	-11.90222000
0.14701095	217.20020000	-11.90222000
0.15201095	219.30600000	-11.90222000
0.15701095	221.16760000	-11.90222000
0.16201095	223.27340000	-11.90222000
0.16701095	225.13500000	-11.90222000
0.17201095	227.30180000	-11.90222000
0.17701095	229.39240000	-11.90222000
0.18201095	230.44530000	-11.90222000
0.18701095	230.21640000	-11.90222000
0.19201095	230.15530000	-11.96325000
0.19701095	230.15530000	-12.19214000
0.20201095	230.21640000	-11.07822000
0.20701095	230.44530000	-8.75881200
0.21201095	229.39240000	-7.64488600
0.21701095	227.30180000	-7.87377500
0.22201095	225.13500000	-7.93481200
0.22701095	223.27340000	-7.93481200
0.23201095	221.16760000	-7.99584900
0.23701095	219.30600000	-8.22473800
0.24201095	217.20020000	-7.11081200
0.24701095	215.35390000	-4.79140600
0.25201095	213.27860000	-3.67748000
0.25701095	211.66110000	-3.90636900
0.26201095	208.41090000	-3.96740600
0.26701095	204.26040000	-3.96740600
0.27201095	201.01020000	-3.96740600
0.27701095	199.40790000	-3.96740600
0.28201095	197.34790000	-3.96740600
0.28701095	195.48630000	-3.96740600
0.29201095	193.38050000	-3.96740600
0.29701095	191.51890000	-3.96740600
0.30201095	189.41310000	-3.90636900
0.30701095	187.55150000	-3.67748000
0.31201095	185.38470000	-4.79140600
0.31701095	183.29410000	-7.11081200
0.32201095	182.30230000	-8.22473800
0.32701095	182.76010000	-7.99584900
0.33201095	181.76820000	-7.93481200
0.33701095	179.67770000	-7.93481200
0.34201095	177.44990000	-7.93481200
0.34701095	175.35930000	-7.93481200
0.35201095	174.36750000	-7.87377500
0.35701095	174.82530000	-7.64488600
0.36201095	173.77240000	-8.75881200
0.36701095	171.45300000	-11.07822000
0.37201095	170.40010000	-12.25318000
0.37701095	170.85790000	-12.25318000
0.38201095	169.80500000	-11.01718000
0.38701095	167.48560000	-8.46888600
0.39201095	166.37160000	-8.46888600
0.39701095	166.60050000	-11.01718000
0.40201095	166.72260000	-12.25318000
0.40701095	166.95150000	-12.25318000
0.41201095	165.83760000	-11.07822000
0.41701095	163.51820000	-8.75881200
0.42201095	162.40430000	-7.64488600
0.42701095	162.63310000	-7.87377500
0.43201095	162.69420000	-7.93481200
0.43701095	162.69420000	-7.93481200
0.44201095	162.75520000	-7.99584900
0.44701095	162.98410000	-8.22473800
0.45201095	161.87020000	-7.11081200
0.45701095	159.55080000	-4.79140600
0.46201095	158.43680000	-3.61644300
0.46701095	158.66570000	-3.61644300
0.47201095	158.72680000	-4.79140600
0.47701095	158.72680000	-7.11081200
0.48201095	158.72680000	-8.22473800
0.48701095	158.72680000	-7.99584900
0.49201095	158.78780000	-7.93481200
0.49701095	159.01670000	-7.93481200
0.50201095	157.90280000	-7.93481200
0.50701095	155.58340000	-7.93481200
0.51201095	154.46940000	-7.93481200
0.51701095	154.69830000	-7.93481200
0.52201095	154.75940000	-7.93481200
0.52701095	154.75940000	-7.93481200
0.53201095	154.75940000	-7.93481200
0.53701095	154.75940000	-7.93481200
0.54201095	154.82040000	-7.93481200
0.54701095	155.04930000	-7.93481200
0.55201095	153.93530000	-7.93481200
0.55701095	151.61590000	-7.93481200
0.56201095	150.50200000	-7.93481200
0.56701095	150.73090000	-7.93481200
0.57201095	150.79190000	-7.93481200
0.57701095	150.79190000	-7.93481200
0.58201095	150.79190000	-7.93481200
0.58701095	150.79190000	-7.93481200
0.59201095	150.85300000	-7.99584900
0.59701095	151.08190000	-8.22473800
0.60201095	149.96790000	-7.11081200
0.60701095	147.64850000	-4.79140600
0.61201095	146.53460000	-3.67748000
0.61701095	146.76350000	-3.90636900
0.62201095	146.82450000	-3.96740600
0.62701095	146.82450000	-3.96740600
0.63201095	146.82450000	-3.96740600
0.63701095	146.82450000	-3.96740600
0.64201095	146.82450000	-3.96740600
0.64701095	146.82450000	-3.96740600
0.65201095	146.88560000	-3.96740600
0.65701095	147.11450000	-3.96740600
0.66201095	146.00050000	-3.96740600
0.66701095	143.68110000	-3.96740600
0.67201095	142.56720000	-3.96740600
0.67701095	142.79610000	-3.96740600
0.68201095	142.85710000	-3.96740600
0.68701095	142.85710000	-3.96740600
0.69201095	142.91820000	-3.96740600
0.69701095	143.14710000	-3.96740600
0.70201095	142.03310000	-3.96740600
0.70701095	139.69850000	-3.96740600
0.71201095	138.58450000	-3.96740600
0.71701095	138.81340000	-3.96740600
0.72201095	138.87450000	-3.96740600
0.72701095	138.87450000	-3.96740600
0.73201095	138.87450000	-3.96740600
0.73701095	138.87450000	-3.96740600
0.74201095	138.93550000	-3.96740600
0.74701095	139.16440000	-3.96740600
0.75201095	138.05050000	-3.90636900
0.75701095	135.73110000	-3.67748000
0.76201095	134.61710000	-4.85244300
0.76701095	134.84600000	-7.40073800
0.77201095	134.90710000	-7.40073800
0.77701095	134.90710000	-4.85244300
0.78201095	134.90710000	-3.67748000
0.78701095	134.90710000	-3.90636900
0.79201095	134.90710000	-3.96740600
0.79701095	134.90710000	-3.96740600
0.80201095	134.90710000	-3.96740600
0.80701095	134.90710000	-3.96740600
0.81201095	134.96810000	-3.96740600
0.81701095	135.19700000	-3.96740600
0.82201095	134.08310000	-3.96740600
0.82701095	131.76370000	-3.96740600
0.83201095	130.64970000	-3.96740600
0.83701095	130.87860000	-3.96740600
0.84201095	130.93970000	-3.96740600
0.84701095	130.93970000	-3.96740600
0.85201095	130.93970000	-3.96740600
0.85701095	130.93970000	-3.96740600
0.86201095	131.00070000	-3.96740600
0.86701095	131.22960000	-3.96740600
0.87201095	130.11560000	-3.96740600
0.87701095	127.79630000	-3.96740600
0.88201095	126.68230000	-4.02844300
0.88701095	126.91120000	-4.25733200
0.89201095	126.97230000	-3.08236900
0.89701095	126.97230000	-0.53407390
0.90201095	126.97230000	-0.53407390
0.90701095	126.97230000	-3.08236900
0.91201095	126.97230000	-4.31836900
0.91701095	126.97230000	-4.31836900
0.92201095	127.03330000	-3.14340600
0.92701095	127.26220000	-0.82399970
0.93201095	126.14820000	0.35096280
0.93701095	123.82880000	0.35096280
0.94201095	122.71490000	-0.88503670
0.94701095	122.94380000	-3.43333200
0.95201095	123.00480000	-3.37229500
0.95701095	123.00480000	-0.59511090
0.96201095	123.00480000	-0.53407390
0.96701095	123.00480000	-3.08236900
0.97201095	123.06590000	-4.25733200
0.97701095	123.29480000	-4.02844300
0.98201095	122.11980000	-4.02844300
0.98701095	119.57150000	-4.25733200
0.99201095	119.63260000	-3.08236900
0.99701095	122.40970000	-0.53407390
1.00201095	122.40970000	-0.53407390
1.00701095	119.63260000	-3.08236900
1.01201095	119.63260000	-4.25733200
1.01701095	122.40970000	-4.02844300
1.02201095	122.47080000	-4.02844300
1.02701095	119.92250000	-4.25733200
1.03201095	118.74750000	-3.08236900
1.03701095	118.97640000	-0.53407390
1.04201095	119.03740000	-0.53407390
1.04701095	119.03740000	-3.08236900
1.05201095	119.09850000	-4.31836900
1.05701095	119.32740000	-4.31836900
1.06201095	118.21340000	-3.14340600
1.06701095	115.89400000	-0.82399970
1.07201095	114.78010000	0.28992580
1.07701095	115.00900000	0.06103702
1.08201095	115.07000000	0.06103702
1.08701095	115.07000000	0.28992580
1.09201095	115.07000000	-0.88503670
1.09701095	115.07000000	-3.43333200
1.10201095	115.07000000	-3.43333200
1.10701095	115.07000000	-0.88503670
1.11201095	115.13110000	0.28992580
1.11701095	115.36000000	0.06103702
1.12201095	114.24600000	0.00000000
1.12701095	111.92660000	0.00000000
1.13201095	110.81270000	0.00000000
1.13701095	111.04160000	0.00000000
1.14201095	111.10260000	0.06103702
1.14701095	111.10260000	0.28992580
1.15201095	111.10260000	-0.82399970
1.15701095	111.10260000	-3.14340600
1.16201095	111.10260000	-4.31836900
1.16701095	111.10260000	-4.31836900
1.17201095	111.10260000	-3.08236900
1.17701095	111.10260000	-0.53407390
1.18201095	111.10260000	-0.59511090
1.18701095	111.10260000	-3.37229500
1.19201095	111.10260000	-3.37229500
1.19701095	111.10260000	-0.59511090
1.20201095	111.16370000	-0.59511090
1.20701095	111.39250000	-3.37229500
1.21201095	110.27860000	-3.37229500
1.21701095	107.95920000	-0.59511090
1.22201095	106.84530000	-0.59511090
1.22701095	107.07420000	-3.37229500
1.23201095	107.13520000	-3.37229500
1.23701095	107.13520000	-0.59511090
1.24201095	107.13520000	-0.53407390
1.24701095	107.13520000	-3.08236900
1.25201095	107.19630000	-4.25733200
1.25701095	107.42510000	-4.02844300
1.26201095	106.31120000	-3.96740600
1.26701095	103.99180000	-3.96740600
1.27201095	102.87790000	-3.96740600
1.27701095	103.10680000	-3.96740600
1.28201095	103.16780000	-3.96740600
1.28701095	103.16780000	-3.96740600
1.29201095	103.16780000	-3.96740600
1.29701095	103.16780000	-3.96740600
1.30201095	103.16780000	-3.96740600
1.30701095	103.16780000	-3.96740600
1.31201095	103.16780000	-3.96740600
1.31701095	103.16780000	-3.96740600
1.32201095	103.16780000	-3.96740600
1.32701095	103.16780000	-3.96740600
1.33201095	103.22890000	-3.96740600
1.33701095	103.45770000	-3.96740600
1.34201095	102.34380000	-3.96740600
1.34701095	100.02440000	-3.96740600
1.35201095	98.91048000	-3.96740600
1.35701095	99.13937000	-3.96740600
1.36201095	99.20041000	-3.96740600
1.36701095	99.20041000	-3.96740600
1.37201095	99.20041000	-3.96740600
1.37701095	99.20041000	-3.96740600
1.38201095	99.20041000	-3.96740600
1.38701095	99.20041000	-3.96740600
1.39201095	99.20041000	-3.96740600
1.39701095	99.20041000	-3.96740600
1.40201095	99.26145000	-3.96740600
1.40701095	99.49034000	-3.96740600
1.41201095	98.37641000	-3.96740600
1.41701095	96.05700000	-3.96740600
1.42201095	94.94308000	-4.02844300
1.42701095	95.17197000	-4.25733200
1.43201095	95.23300000	-3.14340600
1.43701095	95.23300000	-0.82399970
1.44201095	95.23300000	0.28992580
1.44701095	95.23300000	0.06103702
1.45201095	95.23300000	0.00000000
1.45701095	95.23300000	0.00000000
1.46201095	95.23300000	0.00000000
1.46701095	95.23300000	0.00000000
1.47201095	95.23300000	0.00000000
1.47701095	95.23300000	0.00000000
1.48201095	95.23300000	0.00000000
1.48701095	95.23300000	0.00000000
1.49201095	95.29404000	0.00000000
1.49701095	95.52293000	0.00000000
1.50201095	94.40900000	0.00000000
1.50701095	92.08959000	0.00000000
1.51201095	90.97568000	0.00000000
1.51701095	91.20457000	0.00000000
1.52201095	91.26560000	0.00000000
1.52701095	91.26560000	0.00000000
1.53201095	91.26560000	0.00000000
1.53701095	91.26560000	0.00000000
1.54201095	91.26560000	0.00000000
1.54701095	91.26560000	0.00000000
1.55201095	91.26560000	0.00000000
1.55701095	91.26560000	0.00000000
1.56201095	91.26560000	0.00000000
1.56701095	91.26560000	0.00000000
1.57201095	91.26560000	0.00000000
1.57701095	91.26560000	0.00000000
1.58201095	91.32664000	0.00000000
1.58701095	91.55552000	0.00000000
1.59201095	90.44160000	0.06103702
1.59701095	88.12219000	0.28992580
1.60201095	87.00826000	-0.88503670
1.60701095	87.23715000	-3.43333200
1.61201095	87.29819000	-3.43333200
1.61701095	87.29819000	-0.88503670
1.62201095	87.29819000	0.28992580
1.62701095	87.29819000	0.06103702
1.63201095	87.29819000	0.00000000
1.63701095	87.29819000	0.00000000
1.64201094	87.29819000	0.00000000
1.64701094	87.29819000	0.00000000
1.65201094	87.35923000	0.00000000
1.65701094	87.58812000	0.00000000
1.66201094	86.47419000	0.00000000
1.66701094	84.15479000	0.00000000
1.67201094	83.04086000	0.00000000
1.67701094	83.26974000	0.00000000
1.68201094	83.33078000	0.00000000
1.68701094	83.33078000	0.00000000
1.69201094	83.33078000	0.00000000
1.69701094	83.33078000	0.00000000
1.70201094	83.33078000	0.00000000
1.70701094	83.33078000	0.00000000
1.71201094	83.33078000	0.06103702
1.71701094	83.33078000	0.28992580
1.72201094	83.33078000	-0.88503670
1.72701094	83.33078000	-3.43333200
1.73201094	83.33078000	-3.43333200
1.73701094	83.33078000	-0.88503670
1.74201094	83.39182000	0.28992580
1.74701094	83.62070000	0.06103702
1.75201094	82.44575000	0.00000000
1.75701094	79.89745000	0.00000000
1.76201094	79.95850000	0.00000000
1.76701094	82.73567000	0.00000000
1.77201094	82.79671000	0.00000000
1.77701094	80.24842000	0.00000000
1.78201094	79.07346000	0.00000000
1.78701094	79.30235000	0.00000000
1.79201094	79.36338000	0.00000000
1.79701094	79.36338000	0.00000000
1.80201094	79.36338000	0.00000000
1.80701094	79.36338000	0.00000000
1.81201094	79.36338000	0.00000000
1.81701094	79.36338000	0.00000000
1.82201094	79.36338000	0.00000000
1.82701094	79.36338000	0.00000000
1.83201094	79.36338000	0.00000000
1.83701094	79.36338000	0.00000000
1.84201094	79.36338000	0.06103702
1.84701094	79.36338000	0.28992580
1.85201094	79.42442000	-0.82399970
1.85701094	79.65331000	-3.14340600
1.86201094	78.53938000	-4.31836900
1.86701094	76.21997000	-4.31836900
1.87201094	75.04501000	-3.08236900
1.87701094	75.04501000	-0.53407390
1.88201094	76.28101000	-0.59511090
1.88701094	78.82931000	-3.37229500
1.89201094	78.82931000	-3.37229500
1.89701094	76.28101000	-0.59511090
1.90201094	75.10605000	-0.59511090
1.90701094	75.33494000	-3.37229500
1.91201094	75.39597000	-3.43333200
1.91701094	75.39597000	-0.88503670
1.92201094	75.39597000	0.35096280
1.92701094	75.39597000	0.35096280
1.93201094	75.45701000	-0.82399970
1.93701094	75.68590000	-3.14340600
1.94201094	74.51093000	-4.25733200
1.94701094	71.96265000	-4.02844300
1.95201094	71.96265000	-3.96740600
1.95701094	74.51093000	-3.96740600
1.96201094	75.68590000	-3.96740600
1.96701094	75.45701000	-3.96740600
1.97201094	75.45701000	-3.96740600
1.97701094	75.68590000	-3.96740600
1.98201094	74.57197000	-3.96740600
1.98701094	72.25256000	-3.96740600
1.99201094	71.13864000	-3.96740600
1.99701094	71.36753000	-3.96740600
2.00201094	71.42857000	-4.02844300
2.00701094	71.42857000	-4.25733200
2.01201094	71.42857000	-3.08236900
2.01701094	71.42857000	-0.53407390
2.02201094	71.42857000	-0.59511090
2.02701094	71.42857000	-3.37229500
2.03201094	71.42857000	-3.43333200
2.03701094	71.42857000	-0.88503670
2.04201094	71.42857000	0.28992580
2.04701094	71.42857000	0.06103702
2.05201094	71.42857000	0.00000000
2.05701094	71.42857000	0.00000000
2.06201094	71.48961000	0.00000000
2.06701094	71.71850000	0.00000000
2.07201094	70.60457000	0.00000000
2.07701094	68.26991000	0.00000000
2.08201094	67.15598000	0.00000000
2.08701094	67.38486000	0.00000000
2.09201094	67.44590000	0.00000000
2.09701094	67.44590000	0.00000000
2.10201094	67.44590000	0.00000000
2.10701094	67.44590000	0.00000000
2.11201094	67.44590000	0.00000000
2.11701094	67.44590000	0.00000000
2.12201094	67.44590000	0.00000000
2.12701094	67.44590000	0.00000000
2.13201094	67.44590000	0.00000000
2.13701094	67.44590000	0.00000000
2.14201094	67.44590000	0.06103702
2.14701094	67.44590000	0.28992580
2.15201094	67.44590000	-0.82399970
2.15701094	67.44590000	-3.14340600
2.16201094	67.44590000	-4.31836900
2.16701094	67.44590000	-4.31836900
2.17201094	67.44590000	-3.14340600
2.17701094	67.44590000	-0.82399970
2.18201094	67.50694000	0.28992580
2.18701094	67.73582000	0.06103702
2.19201094	66.56087000	0.00000000
2.19701094	64.01257000	0.00000000
2.20201094	64.07360000	0.00000000
2.20701094	66.85079000	0.00000000
2.21201094	66.91183000	0.00000000
2.21701094	64.36353000	0.00000000
2.22201094	63.18857000	0.00000000
2.22701094	63.41746000	0.00000000
2.23201094	63.47850000	0.00000000
2.23701094	63.47850000	0.00000000
2.24201094	63.47850000	0.00000000
2.24701094	63.47850000	0.00000000
2.25201094	63.47850000	0.00000000
2.25701094	63.47850000	0.00000000
2.26201094	63.47850000	0.00000000
2.26701094	63.47850000	0.00000000
2.27201094	63.47850000	0.00000000
2.27701094	63.47850000	0.00000000
2.28201094	63.47850000	0.00000000
2.28701094	63.47850000	0.00000000
2.29201094	63.47850000	0.00000000
2.29701094	63.47850000	0.00000000
2.30201094	63.53953000	0.00000000
2.30701094	63.76842000	0.00000000
2.31201094	62.65450000	0.00000000
2.31701094	60.33509000	0.00000000
2.32201094	59.22116000	0.00000000
2.32701094	59.45005000	0.00000000
2.33201094	59.51109000	0.00000000
2.33701094	59.51109000	0.00000000
2.34201094	59.51109000	0.00000000
2.34701094	59.51109000	0.00000000
2.35201094	59.51109000	0.00000000
2.35701094	59.51109000	0.00000000
2.36201094	59.51109000	0.00000000
2.36701094	59.51109000	0.00000000
2.37201094	59.51109000	0.06103702
2.37701094	59.51109000	0.28992580
2.38201094	59.51109000	-0.82399970
2.38701094	59.51109000	-3.14340600
2.39201094	59.51109000	-4.31836900
2.39701094	59.51109000	-4.31836900
2.40201094	59.51109000	-3.08236900
2.40701094	59.51109000	-0.53407390
2.41201094	59.51109000	-0.59511090
2.41701094	59.51109000	-3.37229500
2.42201094	59.57213000	-3.37229500
2.42701094	59.80102000	-0.59511090
2.43201094	58.68709000	-0.53407390
2.43701094	56.36768000	-3.08236900
2.44201094	55.25376000	-4.31836900
2.44701094	55.48264000	-4.31836900
2.45201094	55.54368000	-3.14340600
2.45701094	55.54368000	-0.82399970
2.46201094	55.54368000	0.28992580
2.46701094	55.54368000	0.06103702
2.47201094	55.54368000	0.06103702
2.47701094	55.54368000	0.28992580
2.48201094	55.54368000	-0.82399970
2.48701094	55.54368000	-3.14340600
2.49201094	55.54368000	-4.25733200
2.49701094	55.54368000	-4.02844300
2.50201094	55.54368000	-4.02844300
2.50701094	55.54368000	-4.25733200
2.51201094	55.54368000	-3.08236900
2.51701094	55.54368000	-0.53407390
2.52201094	55.54368000	-0.53407390
2.52701094	55.54368000	-3.08236900
2.53201094	55.54368000	-4.31836900
2.53701094	55.54368000	-4.31836900
2.54201094	55.54368000	-3.08236900
2.54701094	55.54368000	-0.53407390
2.55201094	55.54368000	-0.59511090
2.55701094	55.54368000	-3.37229500
2.56201094	55.54368000	-3.43333200
2.56701094	55.54368000	-0.88503670
2.57201094	55.54368000	0.28992580
2.57701094	55.54368000	0.06103702
2.58201094	55.60472000	0.00000000
2.58701094	55.83361000	0.00000000
2.59201094	54.65865000	0.06103702
2.59701094	52.11035000	0.28992580
2.60201094	52.17139000	-0.82399970
2.60701094	54.94857000	-3.14340600
2.61201094	55.00961000	-4.25733200
2.61701094	52.46132000	-4.02844300
2.62201094	51.28635000	-3.96740600
2.62701094	51.51524000	-3.96740600
2.63201094	51.57627000	-4.02844300
2.63701094	51.57627000	-4.25733200
2.64201094	51.57627000	-3.08236900
2.64701094	51.57627000	-0.53407390
2.65201094	51.57627000	-0.53407390
2.65701094	51.57627000	-3.08236900
2.66201094	51.57627000	-4.25733200
2.66701094	51.57627000	-4.02844300
2.67201094	51.57627000	-3.96740600
2.67701094	51.57627000	-3.96740600
2.68201094	51.57627000	-4.02844300
2.68701094	51.57627000	-4.25733200
2.69201094	51.57627000	-3.14340600
2.69701094	51.57627000	-0.82399970
2.70201094	51.57627000	0.28992580
2.70701094	51.57627000	0.06103702
2.71201094	51.57627000	0.00000000
2.71701094	51.57627000	0.00000000
2.72201094	51.63731000	0.00000000
2.72701094	51.86620000	0.00000000
2.73201094	50.69124000	0.00000000
2.73701094	48.14294000	0.00000000
2.74201094	48.20398000	0.00000000
2.74701094	50.98117000	0.00000000
2.75201094	51.04220000	0.00000000
2.75701094	48.49391000	0.00000000
2.76201094	47.31895000	0.00000000
2.76701094	47.54784000	0.00000000
2.77201094	47.60887000	0.00000000
2.77701094	47.60887000	0.00000000
2.78201094	47.60887000	0.00000000
2.78701094	47.60887000	0.00000000
2.79201094	47.60887000	0.00000000
2.79701094	47.60887000	0.00000000
2.80201094	47.60887000	0.00000000
2.80701094	47.60887000	0.00000000
2.81201094	47.60887000	0.00000000
2.81701094	47.60887000	0.00000000
2.82201094	47.60887000	0.00000000
2.82701094	47.60887000	0.00000000
2.83201094	47.60887000	0.00000000
2.83701094	47.60887000	0.00000000
2.84201094	47.60887000	0.00000000
2.84701094	47.60887000	0.00000000
2.85201094	47.60887000	0.00000000
2.85701094	47.60887000	0.00000000
2.86201094	47.60887000	0.00000000
2.86701094	47.60887000	0.00000000
2.87201094	47.60887000	0.00000000
2.87701094	47.60887000	0.00000000
2.88201094	47.66991000	0.00000000
2.88701094	47.89880000	0.00000000
2.89201094	46.72383000	0.00000000
2.89701094	44.17554000	0.00000000
2.90201094	44.17554000	0.00000000
2.90701094	46.72383000	0.00000000
2.91201094	47.89880000	0.00000000
2.91701094	47.66991000	0.00000000
2.92201094	47.66991000	0.00000000
2.92701094	47.89880000	0.00000000
2.93201094	46.78487000	0.00000000
2.93701094	44.46547000	0.00000000
2.94201094	43.35154000	0.00000000
2.94701094	43.58043000	0.00000000
2.95201094	43.64147000	0.00000000
2.95701094	43.64147000	0.00000000
2.96201094	43.64147000	0.00000000
2.96701094	43.64147000	0.00000000
2.97201094	43.64147000	0.06103702
2.97701094	43.64147000	0.28992580
2.98201094	43.64147000	-0.88503670
2.98701094	43.64147000	-3.43333200
2.99201094	43.64147000	-3.37229500
2.99701094	43.64147000	-0.59511090
3.00201094	43.64147000	-0.53407390
3.00701094	43.64147000	-3.08236900
3.01201094	43.64147000	-4.31836900
3.01701094	43.64147000	-4.31836900
3.02201094	43.64147000	-3.08236900
3.02701094	43.64147000	-0.53407390
3.03201094	43.64147000	-0.53407390
3.03701094	43.64147000	-3.08236900
3.04201094	43.64147000	-4.25733200
3.04701094	43.64147000	-4.02844300
3.05201094	43.64147000	-3.96740600
3.05701094	43.64147000	-3.96740600
3.06201094	43.64147000	-4.02844300
3.06701094	43.64147000	-4.25733200
3.07201094	43.64147000	-3.08236900
3.07701094	43.64147000	-0.53407390
3.08201094	43.70250000	-0.59511090
3.08701094	43.93139000	-3.37229500
3.09201094	42.75643000	-3.43333200
3.09701094	40.20813000	-0.88503670
3.10201094	40.26917000	0.28992580
3.10701094	43.04636000	0.06103702
3.11201094	43.10739000	0.00000000
3.11701094	40.55910000	0.00000000
3.12201094	39.38414000	0.00000000
3.12701094	39.61302000	0.00000000
3.13201094	39.67406000	0.00000000
3.13701094	39.67406000	0.00000000
3.14201094	39.67406000	0.00000000
3.14701094	39.67406000	0.00000000
3.15201094	39.67406000	0.00000000
3.15701094	39.67406000	0.00000000
3.16201094	39.67406000	0.06103702
3.16701094	39.67406000	0.28992580
3.17201094	39.67406000	-0.82399970
3.17701094	39.67406000	-3.14340600
3.18201094	39.67406000	-4.25733200
3.18701094	39.67406000	-4.02844300
3.19201094	39.67406000	-4.02844300
3.19701094	39.67406000	-4.25733200
3.20201094	39.67406000	-3.08236900
3.20701094	39.67406000	-0.53407390
3.21201094	39.67406000	-0.53407390
3.21701094	39.67406000	-3.08236900
3.22201094	39.67406000	-4.25733200
3.22701094	39.67406000	-4.02844300
3.23201094	39.67406000	-4.02844300
3.23701094	39.67406000	-4.25733200
3.24201094	39.73510000	-3.08236900
3.24701094	39.96399000	-0.53407390
3.25201094	38.85006000	-0.59511090
3.25701094	36.53065000	-3.37229500
3.26201094	35.35569000	-3.43333200
3.26701094	35.35569000	-0.88503670
3.27201094	36.53065000	0.28992580
3.27701094	38.85006000	0.06103702
3.28201094	40.02502000	-0.06103702
3.28701093	40.02502000	-0.28992580
3.29201093	38.78902000	0.70192570
3.29701093	36.24073000	2.56355500
3.30201093	36.30176000	5.73747900
3.30701093	39.07895000	9.43021900
3.31201093	39.13999000	14.72518000
3.31701093	36.59169000	20.27955000
3.32201093	35.35569000	27.63451000
3.32701093	35.35569000	34.79110000
3.33201093	36.59169000	45.38102000
3.33701093	39.13999000	56.70338000
3.34201093	39.13999000	70.72665000
3.34701093	36.59169000	84.36842000
3.35201093	35.41673000	97.09464000
3.35701093	35.64562000	105.62460000
3.36201093	35.70665000	117.22160000
3.36701093	35.70665000	128.78810000
3.37201093	35.70665000	140.55300000
3.37701093	35.70665000	149.81540000
3.38201093	35.70665000	159.35240000
3.38701093	35.70665000	166.73790000
3.39201093	35.70665000	174.15390000
3.39701093	35.70665000	179.70820000
3.40201093	35.70665000	185.00320000
3.40701093	35.70665000	188.69590000
3.41201093	35.70665000	191.86990000
3.41701093	35.70665000	193.73150000
3.42201093	35.70665000	194.78440000
3.42701093	35.70665000	194.78440000
3.43201093	35.70665000	193.67050000
3.43701093	35.70665000	191.57990000
3.44201093	35.70665000	189.41310000
3.44701093	35.70665000	187.55150000
3.45201093	35.70665000	185.49150000
3.45701093	35.70665000	183.88930000
3.46201093	35.70665000	180.76110000
3.46701093	35.70665000	177.06840000
3.47201093	35.70665000	171.59030000
3.47701093	35.70665000	165.34930000
3.48201093	35.70665000	161.16820000
3.48701093	35.70665000	160.25270000
3.49201093	35.76769000	156.07170000
3.49701093	35.99658000	149.83060000
3.50201093	34.88266000	144.41360000
3.50701093	32.56325000	140.93450000
3.51201093	31.38828000	136.75340000
3.51701093	31.38828000	133.06070000
3.52201093	32.62428000	128.81860000
3.52701093	35.17258000	125.12590000
3.53201093	35.17258000	120.88380000
3.53701093	32.62428000	117.19110000
3.54201093	31.38828000	112.94900000
3.54701093	31.38828000	109.25630000
3.55201093	32.62428000	105.01420000
3.55701093	35.17258000	101.32140000
3.56201093	35.17258000	97.01833000
3.56701093	32.62428000	93.09670000
3.57201093	31.44932000	89.96856000
3.57701093	31.67821000	88.59523000
3.58201093	31.73925000	85.40604000
3.58701093	31.73925000	81.25553000
3.59201093	31.73925000	78.00531000
3.59701093	31.73925000	76.40308000
3.60201093	31.73925000	74.34308000
3.60701093	31.73925000	72.49671000
3.61201093	31.73925000	70.42146000
3.61701093	31.73925000	68.80398000
3.62201093	31.73925000	65.49271000
3.62701093	31.73925000	61.09805000
3.63201093	31.73925000	58.99228000
3.63701093	31.73925000	59.67894000
3.64201093	31.73925000	58.68709000
3.64701093	31.73925000	56.36768000
3.65201093	31.73925000	55.31479000
3.65701093	31.73925000	55.77257000
3.66201093	31.73925000	54.78072000
3.66701093	31.73925000	52.69020000
3.67201093	31.73925000	50.52339000
3.67701093	31.73925000	48.66176000
3.68201093	31.73925000	46.49495000
3.68701093	31.73925000	44.40443000
3.69201093	31.73925000	43.41258000
3.69701093	31.73925000	43.87035000
3.70201093	31.73925000	42.81747000
3.70701093	31.73925000	40.49806000
3.71201093	31.73925000	39.44517000
3.71701093	31.73925000	39.90295000
3.72201093	31.73925000	38.85006000
3.72701093	31.73925000	36.53065000
3.73201093	31.80028000	35.41673000
3.73701093	32.02917000	35.64562000
3.74201093	30.85421000	35.70665000
3.74701093	28.30592000	35.70665000
3.75201093	28.36695000	35.76769000
3.75701093	31.14414000	35.99658000
3.76201093	31.20517000	34.88266000
3.76701093	28.65688000	32.56325000
3.77201093	27.48192000	31.44932000
3.77701093	27.71080000	31.67821000
3.78201093	27.77184000	31.80028000
3.78701093	27.77184000	32.02917000
3.79201093	27.71080000	30.91525000
3.79701093	27.48192000	28.59584000
3.80201093	28.65688000	27.48192000
3.80701093	31.20517000	27.71080000
3.81201093	31.20517000	27.77184000
3.81701093	28.65688000	27.77184000
3.82201093	27.48192000	27.83288000
3.82701093	27.71080000	28.06177000
3.83201093	27.77184000	26.94784000
3.83701093	27.77184000	24.62844000
3.84201093	27.77184000	23.51451000
3.84701093	27.77184000	23.74340000
3.85201093	27.77184000	23.80444000
3.85701093	27.77184000	23.80444000
3.86201093	27.77184000	23.86547000
3.86701093	27.77184000	24.09436000
3.87201093	27.77184000	22.91940000
3.87701093	27.77184000	20.37111000
3.88201093	27.77184000	20.43214000
3.88701093	27.77184000	23.20932000
3.89201093	27.77184000	23.27036000
3.89701093	27.77184000	20.72207000
3.90201093	27.77184000	19.54710000
3.90701093	27.77184000	19.77599000
3.91201093	27.77184000	19.83703000
3.91701093	27.77184000	19.83703000
3.92201093	27.77184000	19.83703000
3.92701093	27.77184000	19.83703000
3.93201093	27.77184000	19.83703000
3.93701093	27.77184000	19.83703000
3.94201093	27.77184000	19.83703000
3.94701093	27.77184000	19.83703000
3.95201093	27.77184000	19.83703000
3.95701093	27.77184000	19.83703000
3.96201093	27.77184000	19.83703000
3.96701093	27.77184000	19.83703000
3.97201093	27.77184000	19.89807000
3.97701093	27.77184000	20.12696000
3.98201093	27.77184000	19.01303000
3.98701093	27.77184000	16.69362000
3.99201093	27.83288000	15.57970000
3.99701093	28.06177000	15.80859000
4.00201093	26.88680000	15.86962000
4.00701093	24.33851000	15.86962000
4.01201093	24.33851000	15.86962000
4.01701093	26.88680000	15.86962000
4.02201093	28.12280000	15.86962000
4.02701093	28.12280000	15.86962000
4.03201093	26.94784000	15.86962000
4.03701093	24.62844000	15.86962000
4.04201093	23.51451000	15.86962000
4.04701093	23.74340000	15.86962000
4.05201093	23.74340000	15.86962000
4.05701093	23.51451000	15.86962000
4.06201093	24.68947000	15.86962000
4.06701093	27.23777000	15.86962000
4.07201093	27.23777000	15.86962000
4.07701093	24.68947000	15.86962000
4.08201093	23.51451000	15.93066000
4.08701093	23.74340000	16.15955000
4.09201093	23.74340000	15.04562000
4.09701093	23.51451000	12.72622000
4.10201093	24.68947000	11.61229000
4.10701093	27.23777000	11.84118000
4.11201093	27.23777000	11.90222000
4.11701093	24.68947000	11.90222000
4.12201093	23.51451000	11.90222000
4.12701093	23.74340000	11.90222000
4.13201093	23.80444000	11.90222000
4.13701093	23.80444000	11.90222000
4.14201093	23.80444000	11.90222000
4.14701093	23.80444000	11.90222000
4.15201093	23.80444000	11.90222000
4.15701093	23.80444000	11.90222000
4.16201093	23.80444000	11.90222000
4.16701093	23.80444000	11.90222000
4.17201093	23.80444000	11.90222000
4.17701093	23.80444000	11.90222000
4.18201093	23.80444000	11.90222000
4.18701093	23.80444000	11.90222000
4.19201093	23.80444000	11.96325000
4.19701093	23.80444000	12.19214000
4.20201093	23.80444000	11.01718000
4.20701093	23.80444000	8.46888600
4.21201093	23.80444000	8.46888600
4.21701093	23.80444000	11.01718000
4.22201093	23.80444000	12.25318000
4.22701093	23.80444000	12.25318000
4.23201093	23.80444000	11.07822000
4.23701093	23.80444000	8.75881200
4.24201093	23.80444000	7.64488600
4.24701093	23.80444000	7.87377500
4.25201093	23.80444000	7.93481200
4.25701093	23.80444000	7.93481200
4.26201093	23.80444000	7.93481200
4.26701093	23.80444000	7.93481200
4.27201093	23.80444000	7.93481200
4.27701093	23.80444000	7.93481200
4.28201093	23.80444000	7.93481200
4.28701093	23.80444000	7.93481200
4.29201093	23.80444000	7.87377500
4.29701093	23.80444000	7.64488600
4.30201093	23.80444000	8.81984900
4.30701093	23.80444000	11.36814000
4.31201093	23.80444000	11.30711000
4.31701093	23.80444000	8.52992300
4.32201093	23.86547000	8.46888600
4.32701093	24.09436000	11.01718000
4.33201093	22.91940000	12.19214000
4.33701093	20.37111000	11.96325000
4.34201093	20.37111000	11.90222000
4.34701093	22.91940000	11.90222000
4.35201093	24.09436000	11.96325000
4.35701093	23.86547000	12.19214000
4.36201093	23.86547000	11.07822000
4.36701093	24.09436000	8.75881200
4.37201093	22.98043000	7.64488600
4.37701093	20.66103000	7.87377500
4.38201093	19.48607000	7.93481200
4.38701093	19.48607000	7.93481200
4.39201093	20.72207000	7.93481200
4.39701093	23.27036000	7.93481200
4.40201093	23.27036000	7.93481200
4.40701093	20.72207000	7.93481200
4.41201093	19.54710000	7.93481200
4.41701093	19.77599000	7.93481200
4.42201093	19.83703000	7.93481200
4.42701093	19.83703000	7.93481200
4.43201093	19.83703000	7.93481200
4.43701093	19.83703000	7.93481200
4.44201093	19.83703000	7.93481200
4.44701093	19.83703000	7.93481200
4.45201093	19.83703000	7.93481200
4.45701093	19.83703000	7.93481200
4.46201093	19.83703000	7.93481200
4.46701093	19.83703000	7.93481200
4.47201093	19.83703000	7.93481200
4.47701093	19.83703000	7.93481200
4.48201093	19.83703000	7.99584900
4.48701093	19.83703000	8.22473800
4.49201093	19.83703000	7.11081200
4.49701093	19.83703000	4.79140600
4.50201093	19.83703000	3.67748000
4.50701093	19.83703000	3.90636900
4.51201093	19.83703000	3.96740600
4.51701093	19.83703000	3.96740600
4.52201093	19.83703000	3.96740600
4.52701093	19.83703000	3.96740600
4.53201093	19.83703000	3.96740600
4.53701093	19.83703000	3.96740600
4.54201093	19.83703000	3.90636900
4.54701093	19.83703000	3.67748000
4.55201093	19.83703000	4.85244300
4.55701093	19.83703000	7.40073800
4.56201093	19.83703000	7.40073800
4.56701093	19.83703000	4.85244300
4.57201093	19.83703000	3.61644300
4.57701093	19.83703000	3.61644300
4.58201093	19.83703000	4.85244300
4.58701093	19.83703000	7.40073800
4.59201093	19.83703000	7.40073800
4.59701093	19.83703000	4.85244300
4.60201093	19.83703000	3.67748000
4.60701093	19.83703000	3.90636900
4.61201093	19.83703000	3.96740600
4.61701093	19.83703000	3.96740600
4.62201093	19.83703000	3.96740600
4.62701093	19.83703000	3.96740600
4.63201093	19.83703000	3.96740600
4.63701093	19.83703000	3.96740600
4.64201093	19.83703000	3.90636900
4.64701093	19.83703000	3.67748000
4.65201093	19.83703000	4.85244300
4.65701093	19.83703000	7.40073800
4.66201093	19.83703000	7.40073800
4.66701093	19.83703000	4.85244300
4.67201093	19.83703000	3.67748000
4.67701093	19.83703000	3.90636900
4.68201093	19.83703000	3.90636900
4.68701093	19.83703000	3.67748000
4.69201093	19.83703000	4.79140600
4.69701093	19.83703000	7.11081200
4.70201093	19.83703000	8.28577500
4.70701093	19.83703000	8.28577500
4.71201093	19.83703000	7.04977500
4.71701093	19.83703000	4.50148000
4.72201093	19.83703000	4.50148000
4.72701093	19.83703000	7.04977500
4.73201093	19.83703000	8.22473800
4.73701093	19.83703000	7.99584900
4.74201093	19.83703000	7.99584900
4.74701093	19.83703000	8.22473800
4.75201093	19.83703000	7.11081200
4.75701093	19.83703000	4.79140600
4.76201093	19.83703000	3.67748000
4.76701093	19.83703000	3.90636900
4.77201093	19.89807000	3.96740600
4.77701093	20.12696000	3.96740600
4.78201093	19.01303000	3.96740600
4.78701093	16.69362000	3.96740600
4.79201093	15.51866000	3.96740600
4.79701093	15.51866000	3.96740600
4.80201093	16.75466000	3.90636900
4.80701093	19.30296000	3.67748000
4.81201093	19.30296000	4.79140600
4.81701093	16.75466000	7.11081200
4.82201093	15.51866000	8.22473800
4.82701093	15.51866000	7.99584900
4.83201093	16.75466000	7.93481200
4.83701093	19.30296000	7.93481200
4.84201093	19.30296000	7.99584900
4.84701093	16.75466000	8.22473800
4.85201093	15.51866000	7.04977500
4.85701093	15.51866000	4.50148000
4.86201093	16.75466000	4.50148000
4.86701093	19.30296000	7.04977500
4.87201093	19.24192000	8.28577500
4.87701093	16.46474000	8.28577500
4.88201093	16.46474000	7.11081200
4.88701093	19.24192000	4.79140600
4.89201093	19.30296000	3.67748000
4.89701093	16.75466000	3.90636900
4.90201093	15.57970000	3.96740600
4.90701093	15.80859000	3.96740600
4.91201093	15.86962000	3.96740600
4.91701093	15.86962000	3.96740600
4.92201093	15.86962000	3.96740600
4.92701093	15.86962000	3.96740600
4.93201092	15.86962000	3.96740600
4.93701092	15.86962000	3.96740600
4.94201092	15.86962000	3.90636900
4.94701092	15.86962000	3.67748000
4.95201092	15.86962000	4.79140600
4.95701092	15.86962000	7.11081200
4.96201092	15.86962000	8.22473800
4.96701092	15.86962000	7.99584900
4.97201092	15.86962000	7.93481200
4.97701092	15.86962000	7.93481200
4.98201092	15.86962000	7.93481200
4.98701092	15.86962000	7.93481200
4.99201092	15.86962000	7.93481200
4.99701092	15.86962000	7.93481200
5.00201092	15.86962000	7.99584900
5.00701092	15.86962000	8.22473800
5.01201092	15.86962000	7.11081200
5.01701092	15.86962000	4.79140600
5.02201092	15.86962000	3.67748000
5.02701092	15.86962000	3.90636900
5.03201092	15.86962000	3.96740600
5.03701092	15.86962000	3.96740600
5.04201092	15.86962000	3.96740600
5.04701092	15.86962000	3.96740600
5.05201092	15.86962000	3.96740600
5.05701092	15.86962000	3.96740600
5.06201092	15.86962000	3.96740600
5.06701092	15.86962000	3.96740600
5.07201092	15.86962000	3.96740600
5.07701092	15.86962000	3.96740600
5.08201092	15.86962000	3.90636900
5.08701092	15.86962000	3.67748000
5.09201092	15.86962000	4.79140600
5.09701092	15.86962000	7.11081200
5.10201092	15.86962000	8.22473800
5.10701092	15.86962000	7.99584900
5.11201092	15.86962000	7.93481200
5.11701092	15.86962000	7.93481200
5.12201092	15.86962000	7.93481200
5.12701092	15.86962000	7.93481200
5.13201092	15.86962000	7.93481200
5.13701092	15.86962000	7.93481200
5.14201092	15.86962000	7.93481200
5.14701092	15.86962000	7.93481200
5.15201092	15.86962000	7.99584900
5.15701092	15.86962000	8.22473800
5.16201092	15.86962000	7.04977500
5.16701092	15.86962000	4.50148000
5.17201092	15.86962000	4.50148000
5.17701092	15.86962000	7.04977500
5.18201092	15.86962000	8.28577500
5.18701092	15.86962000	8.28577500
5.19201092	15.86962000	7.11081200
5.19701092	15.86962000	4.79140600
5.20201092	15.86962000	3.67748000
5.20701092	15.86962000	3.90636900
5.21201092	15.86962000	3.96740600
5.21701092	15.86962000	3.96740600
5.22201092	15.86962000	3.96740600
5.22701092	15.86962000	3.96740600
5.23201092	15.86962000	3.96740600
5.23701092	15.86962000	3.96740600
5.24201092	15.86962000	3.96740600
5.24701092	15.86962000	3.96740600
5.25201092	15.86962000	3.96740600
5.25701092	15.86962000	3.96740600
5.26201092	15.86962000	3.96740600
5.26701092	15.86962000	3.96740600
5.27201092	15.86962000	3.96740600
5.27701092	15.86962000	3.96740600
5.28201092	15.93066000	3.96740600
5.28701092	16.15955000	3.96740600
5.29201092	14.98459000	3.96740600
5.29701092	12.43629000	3.96740600
5.30201092	12.43629000	4.02844300
5.30701092	14.98459000	4.25733200
5.31201092	16.15955000	3.14340600
5.31701092	15.93066000	0.82399970
5.32201092	15.86962000	-0.28992580
5.32701092	15.86962000	-0.06103702
5.33201092	15.93066000	0.00000000
5.33701092	16.15955000	0.00000000
5.34201092	14.98459000	0.00000000
5.34701092	12.43629000	0.00000000
5.35201092	12.49733000	0.00000000
5.35701092	15.27451000	0.00000000
5.36201092	15.33555000	0.00000000
5.36701092	12.78725000	0.00000000
5.37201092	11.55125000	0.00000000
5.37701092	11.55125000	0.00000000
5.38201092	12.72622000	0.00000000
5.38701092	15.04562000	0.00000000
5.39201092	16.15955000	0.00000000
5.39701092	15.93066000	0.00000000
5.40201092	15.93066000	0.00000000
5.40701092	16.15955000	0.00000000
5.41201092	15.04562000	0.00000000
5.41701092	12.72622000	0.00000000
5.42201092	11.61229000	-0.06103702
5.42701092	11.84118000	-0.28992580
5.43201092	11.90222000	0.82399970
5.43701092	11.90222000	3.14340600
5.44201092	11.90222000	4.31836900
5.44701092	11.90222000	4.31836900
5.45201092	11.90222000	3.08236900
5.45701092	11.90222000	0.53407390
5.46201092	11.90222000	0.53407390
5.46701092	11.90222000	3.08236900
5.47201092	11.90222000	4.25733200
5.47701092	11.90222000	4.02844300
5.48201092	11.90222000	4.02844300
5.48701092	11.90222000	4.25733200
5.49201092	11.90222000	3.08236900
5.49701092	11.90222000	0.53407390
5.50201092	11.90222000	0.53407390
5.50701092	11.90222000	3.08236900
5.51201092	11.84118000	4.25733200
5.51701092	11.61229000	4.02844300
5.52201092	12.78725000	3.96740600
5.52701092	15.33555000	3.96740600
5.53201092	15.33555000	3.96740600
5.53701092	12.78725000	3.96740600
5.54201092	11.61229000	3.96740600
5.54701092	11.84118000	3.96740600
5.55201092	11.90222000	3.96740600
5.55701092	11.90222000	3.96740600
5.56201092	11.90222000	3.96740600
5.56701092	11.90222000	3.96740600
5.57201092	11.90222000	4.02844300
5.57701092	11.90222000	4.25733200
5.58201092	11.84118000	3.14340600
5.58701092	11.61229000	0.82399970
5.59201092	12.78725000	-0.28992580
5.59701092	15.33555000	-0.06103702
5.60201092	15.33555000	0.00000000
5.60701092	12.78725000	0.00000000
5.61201092	11.61229000	0.00000000
5.61701092	11.84118000	0.00000000
5.62201092	11.90222000	0.00000000
5.62701092	11.90222000	0.00000000
5.63201092	11.90222000	0.00000000
5.63701092	11.90222000	0.00000000
5.64201092	11.90222000	0.00000000
5.64701092	11.90222000	0.00000000
5.65201092	11.90222000	0.00000000
5.65701092	11.90222000	0.00000000
5.66201092	11.90222000	0.00000000
5.66701092	11.90222000	0.00000000
5.67201092	11.90222000	0.00000000
5.67701092	11.90222000	0.00000000
5.68201092	11.90222000	0.00000000
5.68701092	11.90222000	0.00000000
5.69201092	11.90222000	0.00000000
5.69701092	11.90222000	0.00000000
5.70201092	11.90222000	0.00000000
5.70701092	11.90222000	0.00000000
5.71201092	11.90222000	0.00000000
5.71701092	11.90222000	0.00000000
5.72201092	11.90222000	-0.06103702
5.72701092	11.90222000	-0.28992580
5.73201092	11.90222000	0.88503670
5.73701092	11.90222000	3.43333200
5.74201092	11.90222000	3.37229500
5.74701092	11.90222000	0.59511090
5.75201092	11.90222000	0.53407390
5.75701092	11.90222000	3.08236900
5.76201092	11.90222000	4.25733200
5.76701092	11.90222000	4.02844300
5.77201092	11.90222000	3.96740600
5.77701092	11.90222000	3.96740600
5.78201092	11.90222000	3.96740600
5.78701092	11.90222000	3.96740600
5.79201092	11.90222000	3.96740600
5.79701092	11.90222000	3.96740600
5.80201092	11.90222000	3.96740600
5.80701092	11.90222000	3.96740600
5.81201092	11.90222000	3.96740600
5.81701092	11.90222000	3.96740600
5.82201092	11.90222000	3.96740600
5.82701092	11.90222000	3.96740600
5.83201092	11.90222000	3.96740600
5.83701092	11.90222000	3.96740600
5.84201092	11.90222000	3.96740600
5.84701092	11.90222000	3.96740600
5.85201092	11.90222000	3.96740600
5.85701092	11.90222000	3.96740600
5.86201092	11.90222000	3.96740600
5.86701092	11.90222000	3.96740600
5.87201092	11.90222000	3.96740600
5.87701092	11.90222000	3.96740600
5.88201092	11.90222000	3.96740600
5.88701092	11.90222000	3.96740600
5.89201092	11.90222000	3.96740600
5.89701092	11.90222000	3.96740600
5.90201092	11.90222000	3.96740600
5.90701092	11.90222000	3.96740600
5.91201092	11.90222000	3.96740600
5.91701092	11.90222000	3.96740600
5.92201092	11.90222000	3.96740600
5.92701092	11.90222000	3.96740600
5.93201092	11.90222000	3.96740600
5.93701092	11.90222000	3.96740600
5.94201092	11.96325000	3.96740600
5.94701092	12.19214000	3.96740600
5.95201092	11.01718000	4.02844300
5.95701092	8.46888600	4.25733200
5.96201092	8.46888600	3.08236900
5.96701092	11.01718000	0.53407390
5.97201092	12.19214000	0.53407390
5.97701092	11.96325000	3.08236900
5.98201092	11.90222000	4.31836900
5.98701092	11.90222000	4.31836900
5.99201092	11.90222000	3.14340600
5.99701092	11.90222000	0.82399970
6.00201092	11.90222000	-0.28992580
6.00701092	11.90222000	-0.06103702
6.01201092	11.90222000	0.00000000
6.01701092	11.90222000	0.00000000
6.02201092	11.90222000	0.00000000
6.02701092	11.90222000	0.00000000
6.03201092	11.90222000	0.00000000
6.03701092	11.90222000	0.00000000
6.04201092	11.90222000	0.00000000
6.04701092	11.90222000	0.00000000
6.05201092	11.90222000	-0.06103702
6.05701092	11.90222000	-0.28992580
6.06201092	11.90222000	0.82399970
6.06701092	11.90222000	3.14340600
6.07201092	11.90222000	4.25733200
6.07701092	11.90222000	4.02844300
6.08201092	11.90222000	3.96740600
6.08701092	11.90222000	3.96740600
6.09201092	11.90222000	3.96740600
6.09701092	11.90222000	3.96740600
6.10201092	11.90222000	3.96740600
6.10701092	11.90222000	3.96740600
6.11201092	11.96325000	3.96740600
6.11701092	12.19214000	3.96740600
6.12201092	11.01718000	4.02844300
6.12701092	8.46888600	4.25733200
6.13201092	8.46888600	3.08236900
6.13701092	11.01718000	0.53407390
6.14201092	12.19214000	0.53407390
6.14701092	11.96325000	3.08236900
6.15201092	11.96325000	4.31836900
6.15701092	12.19214000	4.31836900
6.16201092	11.07822000	3.08236900
6.16701092	8.75881200	0.53407390
6.17201092	7.64488600	0.53407390
6.17701092	7.87377500	3.08236900
6.18201092	7.87377500	4.25733200
6.18701092	7.64488600	4.02844300
6.19201092	8.75881200	3.96740600
6.19701092	11.07822000	3.96740600
6.20201092	12.25318000	4.02844300
6.20701092	12.25318000	4.25733200
6.21201092	11.07822000	3.14340600
6.21701092	8.75881200	0.82399970
6.22201092	7.64488600	-0.28992580
6.22701092	7.87377500	-0.06103702
6.23201092	7.87377500	0.00000000
6.23701092	7.64488600	0.00000000
6.24201092	8.81984900	0.00000000
6.24701092	11.36814000	0.00000000
6.25201092	11.30711000	0.00000000
6.25701092	8.52992300	0.00000000
6.26201092	8.52992300	0.00000000
6.26701092	11.30711000	0.00000000
6.27201092	11.36814000	0.00000000
6.27701092	8.81984900	0.00000000
6.28201092	7.64488600	0.00000000
6.28701092	7.87377500	0.00000000
6.29201092	7.87377500	0.00000000
6.29701092	7.64488600	0.00000000
6.30201092	8.81984900	-0.06103702
6.30701092	11.36814000	-0.28992580
6.31201092	11.36814000	0.82399970
6.31701092	8.81984900	3.14340600
6.32201092	7.64488600	4.25733200
6.32701092	7.87377500	4.02844300
6.33201092	7.93481200	3.96740600
6.33701092	7.93481200	3.96740600
6.34201092	7.93481200	3.96740600
6.34701092	7.93481200	3.96740600
6.35201092	7.93481200	3.96740600
6.35701092	7.93481200	3.96740600
6.36201092	7.93481200	4.02844300
6.36701092	7.93481200	4.25733200
6.37201092	7.93481200	3.08236900
6.37701092	7.93481200	0.53407390
6.38201092	7.93481200	0.53407390
6.38701092	7.93481200	3.08236900
6.39201092	7.93481200	4.31836900
6.39701092	7.93481200	4.31836900
6.40201092	7.93481200	3.14340600
6.40701092	7.93481200	0.82399970
6.41201092	7.93481200	-0.35096280
6.41701092	7.93481200	-0.35096280
6.42201092	7.93481200	0.88503670
6.42701092	7.93481200	3.43333200
6.43201092	7.93481200	3.43333200
6.43701092	7.93481200	0.88503670
6.44201092	7.93481200	-0.28992580
6.44701092	7.93481200	-0.06103702
6.45201092	7.93481200	0.00000000
6.45701092	7.93481200	0.00000000
6.46201092	7.87377500	0.00000000
6.46701092	7.64488600	0.00000000
6.47201092	8.81984900	0.00000000
6.47701092	11.36814000	0.00000000
6.48201092	11.36814000	0.00000000
6.48701092	8.81984900	0.00000000
6.49201092	7.64488600	0.00000000
6.49701092	7.87377500	0.00000000
6.50201092	7.93481200	0.00000000
6.50701092	7.93481200	0.00000000
6.51201092	7.93481200	0.00000000
6.51701092	7.93481200	0.00000000
6.52201092	7.93481200	0.00000000
6.52701092	7.93481200	0.00000000
6.53201092	7.93481200	0.00000000
6.53701092	7.93481200	0.00000000
6.54201092	7.93481200	0.00000000
6.54701092	7.93481200	0.00000000
6.55201092	7.93481200	-0.06103702
6.55701092	7.93481200	-0.28992580
6.56201092	7.93481200	0.82399970
6.56701092	7.93481200	3.14340600
6.57201092	7.93481200	4.25733200
6.57701091	7.93481200	4.02844300
6.58201091	7.93481200	3.96740600
6.58701091	7.93481200	3.96740600
6.59201091	7.93481200	3.96740600
6.59701091	7.93481200	3.96740600
6.60201091	7.93481200	3.96740600
6.60701091	7.93481200	3.96740600
6.61201091	7.93481200	3.96740600
6.61701091	7.93481200	3.96740600
6.62201091	7.93481200	3.96740600
6.62701091	7.93481200	3.96740600
6.63201091	7.93481200	3.96740600
6.63701091	7.93481200	3.96740600
6.64201091	7.93481200	3.96740600
6.64701091	7.93481200	3.96740600
6.65201091	7.93481200	3.96740600
6.65701091	7.93481200	3.96740600
6.66201091	7.93481200	3.96740600
6.66701091	7.93481200	3.96740600
6.67201091	7.93481200	4.02844300
6.67701091	7.93481200	4.25733200
6.68201091	7.93481200	3.14340600
6.68701091	7.93481200	0.82399970
6.69201091	7.93481200	-0.28992580
6.69701091	7.93481200	-0.06103702
6.70201091	7.93481200	0.00000000
6.70701091	7.93481200	0.00000000
6.71201091	7.93481200	0.00000000
6.71701091	7.93481200	0.00000000
6.72201091	7.93481200	0.00000000
6.72701091	7.93481200	0.00000000
6.73201091	7.93481200	0.00000000
6.73701091	7.93481200	0.00000000
6.74201091	7.93481200	0.00000000
6.74701091	7.93481200	0.00000000
6.75201091	7.93481200	0.00000000
6.75701091	7.93481200	0.00000000
6.76201091	7.93481200	0.00000000
6.76701091	7.93481200	0.00000000
6.77201091	7.93481200	0.00000000
6.77701091	7.93481200	0.00000000
6.78201091	7.93481200	0.00000000
6.78701091	7.93481200	0.00000000
6.79201091	7.93481200	0.00000000
6.79701091	7.93481200	0.00000000
6.80201091	7.93481200	0.00000000
6.80701091	7.93481200	0.00000000
6.81201091	7.93481200	0.00000000
6.81701091	7.93481200	0.00000000
6.82201091	7.93481200	0.00000000
6.82701091	7.93481200	0.00000000
6.83201091	7.93481200	0.00000000
6.83701091	7.93481200	0.00000000
6.84201091	7.93481200	0.00000000
6.84701091	7.93481200	0.00000000
6.85201091	7.93481200	0.00000000
6.85701091	7.93481200	0.00000000
6.86201091	7.93481200	0.00000000
6.86701091	7.93481200	0.00000000
6.87201091	7.93481200	0.00000000
6.87701091	7.93481200	0.00000000
6.88201091	7.93481200	0.00000000
6.88701091	7.93481200	0.00000000
6.89201091	7.93481200	0.00000000
6.89701091	7.93481200	0.00000000
6.90201091	7.93481200	0.00000000
6.90701091	7.93481200	0.00000000
6.91201091	7.93481200	0.00000000
6.91701091	7.93481200	0.00000000
6.92201091	7.93481200	-0.06103702
6.92701091	7.93481200	-0.28992580
6.93201091	7.93481200	0.88503670
6.93701091	7.93481200	3.43333200
6.94201091	7.93481200	3.43333200
6.94701091	7.93481200	0.88503670
6.95201091	7.93481200	-0.28992580
6.95701091	7.93481200	-0.06103702
6.96201091	7.93481200	-0.06103702
6.96701091	7.93481200	-0.28992580
6.97201091	7.93481200	0.88503670
6.97701091	7.93481200	3.43333200
6.98201091	7.93481200	3.43333200
6.98701091	7.93481200	0.88503670
6.99201091	7.93481200	-0.35096280
6.99701091	7.93481200	-0.35096280
7.00201091	7.93481200	0.82399970
7.00701091	7.93481200	3.14340600
7.01201091	7.93481200	4.31836900
7.01701091	7.93481200	4.31836900
7.02201091	7.93481200	3.14340600
7.02701091	7.93481200	0.82399970
7.03201091	7.93481200	-0.28992580
7.03701091	7.93481200	-0.06103702
7.04201091	7.93481200	0.00000000
7.04701091	7.93481200	0.00000000
7.05201091	7.93481200	0.00000000
7.05701091	7.93481200	0.00000000
7.06201091	7.93481200	0.00000000
7.06701091	7.93481200	0.00000000
7.07201091	7.93481200	0.00000000
7.07701091	7.93481200	0.00000000
7.08201091	7.93481200	0.00000000
7.08701091	7.93481200	0.00000000
7.09201091	7.93481200	0.00000000
7.09701091	7.93481200	0.00000000
7.10201091	7.93481200	0.00000000
7.10701091	7.93481200	0.00000000
7.11201091	7.93481200	-0.06103702
7.11701091	7.93481200	-0.28992580
7.12201091	7.93481200	0.88503670
7.12701091	7.93481200	3.43333200
7.13201091	7.93481200	3.43333200
7.13701091	7.93481200	0.88503670
7.14201091	7.93481200	-0.28992580
7.14701091	7.93481200	-0.06103702
7.15201091	7.93481200	0.00000000
7.15701091	7.93481200	0.00000000
7.16201091	7.93481200	-0.06103702
7.16701091	7.93481200	-0.28992580
7.17201091	7.93481200	0.82399970
7.17701091	7.93481200	3.14340600
7.18201091	7.93481200	4.31836900
7.18701091	7.93481200	4.31836900
7.19201091	7.93481200	3.14340600
7.19701091	7.93481200	0.82399970
7.20201091	7.93481200	-0.35096280
7.20701091	7.93481200	-0.35096280
7.21201091	7.99584900	0.88503670
7.21701091	8.22473800	3.43333200
7.22201091	7.11081200	3.43333200
7.22701091	4.79140600	0.88503670
7.23201091	3.61644300	-0.28992580
7.23701091	3.61644300	-0.06103702
7.24201091	4.79140600	0.00000000
7.24701091	7.11081200	0.00000000
7.25201091	8.22473800	0.00000000
7.25701091	7.99584900	0.00000000
7.26201091	7.93481200	0.00000000
7.26701091	7.93481200	0.00000000
7.27201091	7.93481200	0.00000000
7.27701091	7.93481200	0.00000000
7.28201091	7.93481200	0.00000000
7.28701091	7.93481200	0.00000000
7.29201091	7.93481200	0.00000000
7.29701091	7.93481200	0.00000000
7.30201091	7.93481200	0.00000000
7.30701091	7.93481200	0.00000000
7.31201091	7.93481200	0.00000000
7.31701091	7.93481200	0.00000000
7.32201091	7.93481200	0.00000000
7.32701091	7.93481200	0.00000000
7.33201091	7.99584900	0.00000000
7.33701091	8.22473800	0.00000000
7.34201091	7.04977500	-0.06103702
7.34701091	4.50148000	-0.28992580
7.35201091	4.50148000	0.88503670
7.35701091	7.04977500	3.43333200
7.36201091	8.22473800	3.43333200
7.36701091	7.99584900	0.88503670
7.37201091	7.93481200	-0.28992580
7.37701091	7.93481200	-0.06103702
7.38201091	7.93481200	0.00000000
7.38701091	7.93481200	0.00000000
7.39201091	7.93481200	0.00000000
7.39701091	7.93481200	0.00000000
7.40201091	7.93481200	0.00000000
7.40701091	7.93481200	0.00000000
7.41201091	7.93481200	0.00000000
7.41701091	7.93481200	0.00000000
7.42201091	7.99584900	0.00000000
7.42701091	8.22473800	0.00000000
7.43201091	7.04977500	0.00000000
7.43701091	4.50148000	0.00000000
7.44201091	4.56251700	0.00000000
7.44701091	7.33970100	0.00000000
7.45201091	7.33970100	0.00000000
7.45701091	4.56251700	0.00000000
7.46201091	4.56251700	0.00000000
7.46701091	7.33970100	0.00000000
7.47201091	7.40073800	0.00000000
7.47701091	4.85244300	0.00000000
7.48201091	3.67748000	0.06103702
7.48701091	3.90636900	0.28992580
7.49201091	3.96740600	-0.88503670
7.49701091	3.96740600	-3.43333200
7.50201091	3.96740600	-3.49436900
7.50701091	3.96740600	-1.17496300
7.51201091	3.96740600	1.17496300
7.51701091	3.96740600	3.49436900
7.52201091	3.90636900	3.43333200
7.52701091	3.67748000	0.88503670
7.53201091	4.79140600	-0.28992580
7.53701091	7.11081200	-0.06103702
7.54201091	8.28577500	0.00000000
7.54701091	8.28577500	0.00000000
7.55201091	7.04977500	0.00000000
7.55701091	4.50148000	0.00000000
7.56201091	4.56251700	0.00000000
7.56701091	7.33970100	0.00000000
7.57201091	7.33970100	0.00000000
7.57701091	4.56251700	0.00000000
7.58201091	4.50148000	0.00000000
7.58701091	7.04977500	0.00000000
7.59201091	8.28577500	0.00000000
7.59701091	8.28577500	0.00000000
7.60201091	7.04977500	0.00000000
7.60701091	4.50148000	0.00000000
7.61201091	4.56251700	0.00000000
7.61701091	7.33970100	0.00000000
7.62201091	7.40073800	0.00000000
7.62701091	4.85244300	0.00000000
7.63201091	3.67748000	0.00000000
7.63701091	3.90636900	0.00000000
7.64201091	3.90636900	0.00000000
7.64701091	3.67748000	0.00000000
7.65201091	4.85244300	0.00000000
7.65701091	7.40073800	0.00000000
7.66201091	7.40073800	-0.06103702
7.66701091	4.85244300	-0.28992580
7.67201091	3.67748000	0.88503670
7.67701091	3.90636900	3.43333200
7.68201091	3.96740600	3.43333200
7.68701091	3.96740600	0.88503670
7.69201091	3.96740600	-0.28992580
7.69701091	3.96740600	-0.06103702
7.70201091	3.96740600	0.00000000
7.70701091	3.96740600	0.00000000
7.71201091	3.96740600	0.00000000
7.71701091	3.96740600	0.00000000
7.72201091	3.96740600	0.00000000
7.72701091	3.96740600	0.00000000
7.73201091	3.90636900	0.00000000
7.73701091	3.67748000	0.00000000
7.74201091	4.85244300	0.00000000
7.74701091	7.40073800	0.00000000
7.75201091	7.40073800	0.00000000
7.75701091	4.85244300	0.00000000
7.76201091	3.67748000	-0.06103702
7.76701091	3.90636900	-0.28992580
7.77201091	3.96740600	0.82399970
7.77701091	3.96740600	3.14340600
7.78201091	3.90636900	4.31836900
7.78701091	3.67748000	4.31836900
7.79201091	4.85244300	3.14340600
7.79701091	7.40073800	0.82399970
7.80201091	7.40073800	-0.28992580
7.80701091	4.85244300	-0.06103702
7.81201091	3.67748000	0.00000000
7.81701091	3.90636900	0.00000000
7.82201091	3.96740600	0.00000000
7.82701091	3.96740600	0.00000000
7.83201091	3.90636900	0.00000000
7.83701091	3.67748000	0.00000000
7.84201091	4.85244300	0.00000000
7.84701091	7.40073800	0.00000000
7.85201091	7.40073800	0.00000000
7.85701091	4.85244300	0.00000000
7.86201091	3.61644300	0.00000000
7.86701091	3.61644300	0.00000000
7.87201091	4.85244300	0.06103702
7.87701091	7.40073800	0.28992580
7.88201091	7.33970100	-0.88503670
7.88701091	4.56251700	-3.43333200
7.89201091	4.56251700	-3.43333200
7.89701091	7.33970100	-0.88503670
7.90201091	7.40073800	0.28992580
7.90701091	4.85244300	0.06103702
7.91201091	3.67748000	0.00000000
7.91701091	3.90636900	0.00000000
7.92201091	3.96740600	0.00000000
7.92701091	3.96740600	0.00000000
7.93201091	3.96740600	0.00000000
7.93701091	3.96740600	0.00000000
7.94201091	3.96740600	0.00000000
7.94701091	3.96740600	0.00000000
7.95201091	3.96740600	0.00000000
7.95701091	3.96740600	0.00000000
7.96201091	3.96740600	0.00000000
7.96701091	3.96740600	0.00000000
7.97201091	3.96740600	-0.06103702
7.97701091	3.96740600	-0.28992580
7.98201091	3.96740600	0.88503670
7.98701091	3.96740600	3.43333200
7.99201091	3.96740600	3.43333200
7.99701091	3.96740600	0.88503670
8.00201091	3.96740600	-0.28992580
8.00701091	3.96740600	-0.06103702
8.01201091	3.96740600	0.00000000
8.01701091	3.96740600	0.00000000
8.02201091	3.96740600	0.00000000
8.02701091	3.96740600	0.00000000
8.03201091	3.96740600	0.00000000
8.03701091	3.96740600	0.00000000
8.04201091	3.96740600	0.00000000
8.04701091	3.96740600	0.00000000
8.05201091	3.96740600	0.00000000
8.05701091	3.96740600	0.00000000
8.06201091	3.96740600	0.00000000
8.06701091	3.96740600	0.00000000
8.07201091	3.96740600	0.00000000
8.07701091	3.96740600	0.00000000
8.08201091	3.96740600	0.00000000
8.08701091	3.96740600	0.00000000
8.09201091	3.96740600	0.00000000
8.09701091	3.96740600	0.00000000
8.10201091	3.96740600	0.00000000
8.10701091	3.96740600	0.00000000
8.11201091	3.96740600	0.00000000
8.11701091	3.96740600	0.00000000
8.12201091	3.96740600	0.00000000
8.12701091	3.96740600	0.00000000
8.13201091	3.96740600	0.00000000
8.13701091	3.96740600	0.00000000
8.14201091	3.96740600	0.00000000
8.14701091	3.96740600	0.00000000
8.15201091	3.96740600	0.00000000
8.15701091	3.96740600	0.00000000
8.16201091	3.96740600	0.00000000
8.16701091	3.96740600	0.00000000
8.17201091	3.96740600	0.00000000
8.17701091	3.96740600	0.00000000
8.18201091	3.96740600	0.00000000
8.18701091	3.96740600	0.00000000
8.19201091	3.96740600	0.00000000
8.19701091	3.96740600	0.00000000
8.20201091	3.96740600	0.00000000
8.20701091	3.96740600	0.00000000
8.21201091	3.96740600	0.00000000
8.21701091	3.96740600	0.00000000
8.22201091	3.96740600	0.00000000
8.22701090	3.96740600	0.00000000
8.23201090	3.96740600	0.00000000
8.23701090	3.96740600	0.00000000
8.24201090	3.96740600	0.00000000
8.24701090	3.96740600	0.00000000
8.25201090	3.96740600	0.00000000
8.25701090	3.96740600	0.00000000
8.26201090	3.96740600	0.00000000
8.26701090	3.96740600	0.00000000
8.27201090	3.96740600	0.00000000
8.27701090	3.96740600	0.00000000
8.28201090	3.96740600	0.00000000
8.28701090	3.96740600	0.00000000
8.29201090	3.96740600	0.00000000
8.29701090	3.96740600	0.00000000
8.30201090	3.96740600	0.00000000
8.30701090	3.96740600	0.00000000
8.31201090	3.96740600	0.00000000
8.31701090	3.96740600	0.00000000
8.32201090	3.96740600	0.00000000
8.32701090	3.96740600	0.00000000
8.33201090	3.96740600	0.00000000
8.33701090	3.96740600	0.00000000
8.34201090	3.96740600	0.00000000
8.34701090	3.96740600	0.00000000
8.35201090	3.96740600	0.00000000
8.35701090	3.96740600	0.00000000
8.36201090	3.96740600	0.00000000
8.36701090	3.96740600	0.00000000
8.37201090	3.96740600	0.00000000
8.37701090	3.96740600	0.00000000
8.38201090	3.96740600	0.00000000
8.38701090	3.96740600	0.00000000
8.39201090	3.96740600	0.00000000
8.39701090	3.96740600	0.00000000
8.40201090	3.96740600	0.00000000
8.40701090	3.96740600	0.00000000
8.41201090	3.96740600	0.00000000
8.41701090	3.96740600	0.00000000
8.42201090	3.96740600	0.00000000
8.42701090	3.96740600	0.00000000
8.43201090	3.96740600	0.00000000
8.43701090	3.96740600	0.00000000
8.44201090	3.96740600	0.00000000
8.44701090	3.96740600	0.00000000
8.45201090	3.96740600	0.00000000
8.45701090	3.96740600	0.00000000
8.46201090	3.96740600	0.00000000
8.46701090	3.96740600	0.00000000
8.47201090	3.96740600	0.06103702
8.47701090	3.96740600	0.28992580
8.48201090	3.96740600	-0.82399970
8.48701090	3.96740600	-3.14340600
8.49201090	3.96740600	-4.31836900
8.49701090	3.96740600	-4.31836900
8.50201090	3.96740600	-3.08236900
8.50701090	3.96740600	-0.53407390
8.51201090	3.96740600	-0.59511090
8.51701090	3.96740600	-3.37229500
8.52201090	3.96740600	-3.43333200
8.52701090	3.96740600	-0.88503670
8.53201090	3.96740600	0.28992580
8.53701090	3.96740600	0.06103702
8.54201090	3.96740600	0.00000000
8.54701090	3.96740600	0.00000000
8.55201090	3.96740600	0.00000000
8.55701090	3.96740600	0.00000000
8.56201090	3.96740600	0.00000000
8.56701090	3.96740600	0.00000000
8.57201090	3.96740600	0.00000000
8.57701090	3.96740600	0.00000000
8.58201090	3.96740600	0.00000000
8.58701090	3.96740600	0.00000000
8.59201090	3.96740600	0.00000000
8.59701090	3.96740600	0.00000000
8.60201090	3.96740600	0.00000000
8.60701090	3.96740600	0.00000000
8.61201090	3.96740600	0.00000000
8.61701090	3.96740600	0.00000000
8.62201090	3.96740600	0.00000000
8.62701090	3.96740600	0.00000000
8.63201090	3.96740600	0.00000000
8.63701090	3.96740600	0.00000000
8.64201090	3.96740600	0.00000000
8.64701090	3.96740600	0.00000000
8.65201090	3.96740600	0.00000000
8.65701090	3.96740600	0.00000000
8.66201090	3.96740600	0.00000000
8.66701090	3.96740600	0.00000000
8.67201090	3.96740600	0.00000000
8.67701090	3.96740600	0.00000000
8.68201090	3.96740600	0.00000000
8.68701090	3.96740600	0.00000000
8.69201090	3.96740600	0.00000000
8.69701090	3.96740600	0.00000000
8.70201090	3.96740600	0.00000000
8.70701090	3.96740600	0.00000000
8.71201090	3.96740600	0.00000000
8.71701090	3.96740600	0.00000000
8.72201090	3.96740600	0.00000000
8.72701090	3.96740600	0.00000000
8.73201090	3.96740600	0.00000000
8.73701090	3.96740600	0.00000000
8.74201090	3.96740600	0.00000000
8.74701090	3.96740600	0.00000000
8.75201090	3.96740600	0.00000000
8.75701090	3.96740600	0.00000000
8.76201090	3.96740600	0.00000000
8.76701090	3.96740600	0.00000000
8.77201090	3.96740600	0.00000000
8.77701090	3.96740600	0.00000000
8.78201090	3.96740600	0.00000000
8.78701090	3.96740600	0.00000000
8.79201090	3.96740600	0.00000000
8.79701090	3.96740600	0.00000000
8.80201090	3.96740600	0.00000000
8.80701090	3.96740600	0.00000000
8.81201090	3.96740600	0.00000000
8.81701090	3.96740600	0.00000000
8.82201090	3.96740600	0.00000000
8.82701090	3.96740600	0.00000000
8.83201090	3.96740600	0.00000000
8.83701090	3.96740600	0.00000000
8.84201090	3.96740600	0.00000000
8.84701090	3.96740600	0.00000000
8.85201090	3.96740600	0.00000000
8.85701090	3.96740600	0.00000000
8.86201090	3.96740600	0.00000000
8.86701090	3.96740600	0.00000000
8.87201090	3.96740600	0.00000000
8.87701090	3.96740600	0.00000000
8.88201090	3.96740600	0.00000000
8.88701090	3.96740600	0.00000000
8.89201090	3.96740600	0.00000000
8.89701090	3.96740600	0.00000000
8.90201090	3.96740600	0.00000000
8.90701090	3.96740600	0.00000000
8.91201090	3.96740600	0.00000000
8.91701090	3.96740600	0.00000000
8.92201090	3.96740600	0.00000000
8.92701090	3.96740600	0.00000000
8.93201090	3.96740600	0.00000000
8.93701090	3.96740600	0.00000000
8.94201090	3.96740600	0.00000000
8.94701090	3.96740600	0.00000000
8.95201090	3.96740600	0.00000000
8.95701090	3.96740600	0.00000000
8.96201090	3.96740600	0.00000000
8.96701090	3.96740600	0.00000000
8.97201090	3.96740600	0.00000000
8.97701090	3.96740600	0.00000000
8.98201090	3.96740600	0.00000000
8.98701090	3.96740600	0.00000000
8.99201090	3.96740600	0.00000000
8.99701090	3.96740600	0.00000000
9.00201090	3.96740600	-0.06103702
9.00701090	3.96740600	-0.28992580
9.01201090	3.96740600	0.82399970
9.01701090	3.96740600	3.14340600
9.02201090	3.96740600	4.25733200
9.02701090	3.96740600	4.02844300
