Time	Channel A	Channel B
(us)	(V)	(mV)

-1.00674405	-0.00793481	-9.99175900
-1.00174405	-0.00793481	-10.91952000
-0.99674405	-0.00793481	-10.89511000
-0.99174405	-0.00793481	-9.87579000
-0.98674405	-0.00793481	-9.40580500
-0.98174405	-0.00793481	-9.49735900
-0.97674405	-0.00793481	-9.52177400
-0.97174405	-0.00793481	-9.52177400
-0.96674405	-0.00793481	-9.54619000
-0.96174405	-0.00793481	-9.63774600
-0.95674405	-0.00793481	-9.19217500
-0.95174405	-0.00793481	-8.26441300
-0.94674405	-0.00793481	-7.81884200
-0.94174405	-0.00793481	-7.91039800
-0.93674405	-0.00793481	-7.93481200
-0.93174405	-0.00793481	-7.93481200
-0.92674405	-0.00793481	-7.93481200
-0.92174405	-0.00793481	-7.93481200
-0.91674405	-0.00793481	-7.93481200
-0.91174405	-0.00793481	-7.93481200
-0.90674405	-0.00793481	-7.91039800
-0.90174405	-0.00793481	-7.81884200
-0.89674406	-0.00793481	-8.28882700
-0.89174406	-0.00793481	-9.30814500
-0.88674406	-0.00793481	-9.30814500
-0.88174406	-0.00793481	-8.28882700
-0.87674406	-0.00793481	-7.79442700
-0.87174406	-0.00793481	-7.79442700
-0.86674406	-0.00793481	-8.23999700
-0.86174406	-0.00793481	-9.07620400
-0.85674406	-0.00793481	-9.99175900
-0.85174406	-0.00793481	-10.91952000
-0.84674406	-0.00793481	-10.89511000
-0.84174406	-0.00793481	-9.87579000
-0.83674406	-0.00793481	-9.40580500
-0.83174406	-0.00793481	-9.49735900
-0.82674406	-0.00793481	-9.52177400
-0.82174406	-0.00793481	-9.52177400
-0.81674406	-0.00793481	-9.52177400
-0.81174406	-0.00793481	-9.52177400
-0.80674406	-0.00793481	-9.54619000
-0.80174406	-0.00793481	-9.63774600
-0.79674406	-0.00793481	-9.19217500
-0.79174406	-0.00793481	-8.26441300
-0.78674406	-0.00793481	-7.81884200
-0.78174406	-0.00793481	-7.91039800
-0.77674406	-0.00793481	-7.93481200
-0.77174406	-0.00793481	-7.93481200
-0.76674406	-0.00793481	-7.91039800
-0.76174406	-0.00793481	-7.81884200
-0.75674406	-0.00793481	-8.26441300
-0.75174406	-0.00793481	-9.19217500
-0.74674406	-0.00793481	-9.66216000
-0.74174406	-0.00793481	-9.66216000
-0.73674406	-0.00793481	-9.16776000
-0.73174406	-0.00793481	-8.14844100
-0.72674406	-0.00793481	-8.17285700
-0.72174406	-0.00793481	-9.28373100
-0.71674406	-0.00793481	-9.28373100
-0.71174406	-0.00793481	-8.17285700
-0.70674406	-0.00793481	-8.17285700
-0.70174406	-0.00793481	-9.28373100
-0.69674406	-0.00793481	-9.30814500
-0.69174406	-0.00793481	-8.28882700
-0.68674406	-0.00793481	-7.81884200
-0.68174406	-0.00793481	-7.91039800
-0.67674406	-0.00793481	-7.95922800
-0.67174406	-0.00793481	-8.05078300
-0.66674406	-0.00793481	-7.55638300
-0.66174406	-0.00793481	-6.44550900
-0.65674406	-0.00793481	-6.91549400
-0.65174406	-0.00793481	-8.95413000
-0.64674406	-0.00793481	-9.42411600
-0.64174406	-0.00793481	-8.31324200
-0.63674406	-0.00793481	-7.81884200
-0.63174406	-0.00793481	-7.91039800
-0.62674406	-0.00793481	-7.93481200
-0.62174406	-0.00793481	-7.93481200
-0.61674406	-0.00793481	-7.93481200
-0.61174406	-0.00793481	-7.93481200
-0.60674406	-0.00793481	-7.91039800
-0.60174406	-0.00793481	-7.81884200
-0.59674406	-0.00793481	-8.28882700
-0.59174406	-0.00793481	-9.30814500
-0.58674406	-0.00793481	-9.30814500
-0.58174406	-0.00793481	-8.28882700
-0.57674406	-0.00793481	-7.79442700
-0.57174406	-0.00793481	-7.79442700
-0.56674406	-0.00793481	-8.28882700
-0.56174406	-0.00793481	-9.30814500
-0.55674406	-0.00793481	-9.30814500
-0.55174406	-0.00793481	-8.28882700
-0.54674406	-0.00793481	-7.81884200
-0.54174406	-0.00793481	-7.91039800
-0.53674406	-0.00793481	-7.93481200
-0.53174406	-0.00793481	-7.93481200
-0.52674406	-0.00793481	-7.91039800
-0.52174406	-0.00793481	-7.81884200
-0.51674406	-0.00793481	-8.26441300
-0.51174406	-0.00793481	-9.19217500
-0.50674406	-0.00793481	-9.63774600
-0.50174406	-0.00793481	-9.54619000
-0.49674406	-0.00793481	-9.52177400
-0.49174406	-0.00793481	-9.52177400
-0.48674406	-0.00793481	-9.49735900
-0.48174406	-0.00793481	-9.40580500
-0.47674406	-0.00793481	-9.87579000
-0.47174406	-0.00793481	-10.89511000
-0.46674406	-0.00793481	-10.89511000
-0.46174406	-0.00793481	-9.87579000
-0.45674406	-0.00793481	-9.38139000
-0.45174406	-0.00793481	-9.38139000
-0.44674406	-0.00793481	-9.87579000
-0.44174406	-0.00793481	-10.89511000
-0.43674406	-0.00793481	-10.87069000
-0.43174406	-0.00793481	-9.75981900
-0.42674406	-0.00793481	-9.75981900
-0.42174406	-0.00793481	-10.87069000
-0.41674406	-0.00793481	-10.91952000
-0.41174406	-0.00793481	-9.99175900
-0.40674406	-0.00793481	-9.05179000
-0.40174406	-0.00793481	-8.12402700
-0.39674406	-0.00793481	-8.17285700
-0.39174406	-0.00793481	-9.28373100
-0.38674406	-0.00793481	-9.28373100
-0.38174406	-0.00793481	-8.17285700
-0.37674406	-0.00793481	-8.17285700
-0.37174406	-0.00793481	-9.28373100
-0.36674406	-0.00793481	-9.28373100
-0.36174406	-0.00793481	-8.17285700
-0.35674406	-0.00793481	-8.14844100
-0.35174406	-0.00793481	-9.16776000
-0.34674406	-0.00793481	-9.63774600
-0.34174406	-0.00793481	-9.54619000
-0.33674406	-0.00793481	-9.52177400
-0.33174406	-0.00793481	-9.52177400
-0.32674406	-0.00793481	-9.52177400
-0.32174406	-0.00793481	-9.52177400
-0.31674406	-0.00793481	-9.54619000
-0.31174406	-0.00793481	-9.63774600
-0.30674406	-0.00793481	-9.16776000
-0.30174406	-0.00793481	-8.14844100
-0.29674406	-0.00793481	-8.14844100
-0.29174406	-0.00793481	-9.16776000
-0.28674406	-0.00793481	-9.63774600
-0.28174406	-0.00793481	-9.54619000
-0.27674406	-0.00793481	-9.52177400
-0.27174406	-0.00793481	-9.52177400
-0.26674406	-0.00793481	-9.52177400
-0.26174406	-0.00793481	-9.52177400
-0.25674406	-0.00793481	-9.52177400
-0.25174406	-0.00793481	-9.52177400
-0.24674406	-0.00793481	-9.49735900
-0.24174406	-0.00793481	-9.40580500
-0.23674406	-0.00793481	-9.85137500
-0.23174406	-0.00793481	-10.77914000
-0.22674406	-0.00793481	-11.22471000
-0.22174406	-0.00793481	-11.13315000
-0.21674406	-0.00793481	-11.10874000
-0.21174406	-0.00793481	-11.10874000
-0.20674406	-0.00793481	-11.10874000
-0.20174406	-0.00793481	-11.10874000
-0.19674406	-0.00793481	-11.10874000
-0.19174406	-0.00793481	-11.10874000
-0.18674406	-0.00793481	-11.10874000
-0.18174406	-0.00793481	-11.10874000
-0.17674406	-0.00793481	-11.10874000
-0.17174406	-0.00793481	-11.10874000
-0.16674406	-0.00793481	-11.10874000
-0.16174406	-0.00793481	-11.10874000
-0.15674406	-0.00793481	-11.10874000
-0.15174406	-0.00793481	-11.10874000
-0.14674406	-0.00793481	-11.13315000
-0.14174406	-0.00793481	-11.22471000
-0.13674406	-0.00793481	-10.77914000
-0.13174406	-0.00793481	-9.85137500
-0.12674406	-0.00793481	-9.38139000
-0.12174406	-0.00793481	-9.38139000
-0.11674406	-0.00793481	-9.80254500
-0.11174406	-0.00793481	-10.54720000
-0.10674406	-0.00805689	-11.88391000
-0.10174406	-0.00851466	-13.64788000
-0.09674406	-0.00640889	-14.49019000
-0.09174406	-0.00222785	-14.21552000
-0.08674406	0.00201422	-14.58785000
-0.08174406	0.00521867	-15.42405000
-0.07674406	0.01171911	-16.27247000
-0.07174406	0.02002014	-16.91336000
-0.06674406	0.02639851	-18.23176000
-0.06174406	0.02914518	-19.99573000
-0.05674406	0.03552354	-20.86245000
-0.05174406	0.04382458	-20.67934000
-0.04674406	0.05020295	-20.60610000
-0.04174406	0.05294961	-20.51454000
-0.03674406	0.05932798	-20.96011000
-0.03174406	0.06762902	-21.88787000
-0.02674406	0.07412946	-22.30903000
-0.02174406	0.07733390	-22.12592000
-0.01674406	0.08136234	-22.57149000
-0.01174406	0.08456679	-23.59081000
-0.00674406	0.09106723	-23.61522000
-0.00174406	0.09936827	-22.68746000
0.00325594	0.10586870	-21.74749000
0.00825594	0.10907320	-20.81973000
0.01325594	0.11310160	-20.86856000
0.01825594	0.11630600	-21.97943000
0.02325594	0.12280650	-22.00385000
0.02825594	0.13110750	-20.98453000
0.03325594	0.13760800	-20.49013000
0.03825594	0.14084290	-20.49013000
0.04325594	0.14499340	-21.00894000
0.04825594	0.14868620	-22.11982000
0.05325594	0.15289770	-21.67424000
0.05825594	0.15662100	-19.72716000
0.06325594	0.16074100	-18.78720000
0.06825594	0.16394540	-18.87875000
0.07325594	0.17044590	-19.37315000
0.07825594	0.17874690	-20.30091000
0.08325594	0.18533890	-20.74648000
0.08825594	0.18906220	-20.65493000
0.09325594	0.19080170	-20.63051000
0.09825594	0.18942840	-20.63051000
0.10325594	0.19376200	-20.60610000
0.10825594	0.20303960	-20.51454000
0.11325594	0.20737330	-20.93570000
0.11825594	0.20599990	-21.77190000
0.12325594	0.20786160	-22.68746000
0.12825594	0.21204260	-23.61522000
0.13325594	0.21637620	-23.56639000
0.13825594	0.22009950	-22.45552000
0.14325594	0.22443310	-22.43110000
0.14825594	0.22861420	-23.45042000
0.15325594	0.23059790	-23.92041000
0.15825594	0.22968230	-23.82885000
0.16325594	0.23178810	-23.80444000
0.16825594	0.23642690	-23.80444000
0.17325594	0.23853270	-23.78002000
0.17825594	0.23761710	-23.68847000
0.18325594	0.23972290	-24.15845000
0.18825594	0.24436170	-25.17777000
0.19325594	0.24646750	-25.17777000
0.19825594	0.24555190	-24.15845000
0.20325594	0.24765770	-23.68847000
0.20825594	0.25229650	-23.78002000
0.21325594	0.25452440	-23.80444000
0.21825594	0.25406660	-23.80444000
0.22325594	0.25382240	-23.82885000
0.22825594	0.25336470	-23.92041000
0.23325594	0.25559250	-23.47484000
0.23825594	0.26023130	-22.54707000
0.24325594	0.26245920	-22.12592000
0.24825594	0.26200140	-22.30903000
0.25325594	0.26175730	-21.88787000
0.25825594	0.26129950	-20.96011000
0.26325594	0.26352730	-20.49013000
0.26825594	0.26816620	-20.49013000
0.27325594	0.27039400	-20.96011000
0.27825594	0.26993620	-21.88787000
0.28325594	0.26981410	-22.33344000
0.28825594	0.26981410	-22.24189000
0.29325594	0.26981410	-22.19306000
0.29825594	0.26981410	-22.10150000
0.30325594	0.26981410	-22.54707000
0.30825594	0.26981410	-23.47484000
0.31325594	0.26981410	-23.92041000
0.31825594	0.26981410	-23.82885000
0.32325594	0.26981410	-23.78002000
0.32825594	0.26981410	-23.68847000
0.33325594	0.26981410	-24.13404000
0.33825594	0.26981410	-25.06180000
0.34325594	0.26981410	-25.50737000
0.34825594	0.26981410	-25.41581000
0.35325594	0.26981410	-25.39140000
0.35825594	0.26981410	-25.39140000
0.36325594	0.26981410	-25.39140000
0.36825594	0.26981410	-25.39140000
0.37325594	0.26981410	-25.39140000
0.37825594	0.26981410	-25.39140000
0.38325594	0.26981410	-25.41581000
0.38825594	0.26981410	-25.50737000
0.39325594	0.26981410	-25.06180000
0.39825594	0.26981410	-24.13404000
0.40325594	0.26981410	-23.71288000
0.40825594	0.26981410	-23.89599000
0.41325594	0.26981410	-23.47484000
0.41825594	0.26981410	-22.54707000
0.42325594	0.26981410	-22.12592000
0.42825594	0.26981410	-22.30903000
0.43325594	0.26993620	-21.88787000
0.43825594	0.27039400	-20.96011000
0.44325594	0.26816620	-20.51454000
0.44825594	0.26352730	-20.60610000
0.45325594	0.26129950	-20.63051000
0.45825594	0.26175730	-20.63051000
0.46325594	0.26200140	-20.65493000
0.46825594	0.26245920	-20.74648000
0.47325594	0.26023130	-20.32533000
0.47825594	0.25559250	-19.48912000
0.48325594	0.25336470	-18.59798000
0.48825594	0.25382240	-17.76177000
0.49325594	0.25394450	-17.34062000
0.49825594	0.25394450	-17.43217000
0.50325594	0.25406660	-17.48100000
0.50825594	0.25452440	-17.57256000
0.51325594	0.25229650	-17.12699000
0.51825594	0.24765770	-16.19922000
0.52325594	0.24555190	-15.75365000
0.52825594	0.24646750	-15.84521000
0.53325594	0.24436170	-15.86962000
0.53825594	0.23972290	-15.86962000
0.54325594	0.23749500	-15.86962000
0.54825594	0.23795280	-15.86962000
0.55325594	0.23819700	-15.84521000
0.55825594	0.23865470	-15.75365000
0.56325594	0.23642690	-16.19922000
0.56825594	0.23178810	-17.12699000
0.57325594	0.22956020	-17.57256000
0.57825594	0.23001800	-17.48100000
0.58325594	0.23014010	-17.45659000
0.58825594	0.23014010	-17.45659000
0.59325594	0.23026220	-17.45659000
0.59825594	0.23071990	-17.45659000
0.60325594	0.22849210	-17.45659000
0.60825594	0.22385330	-17.45659000
0.61325594	0.22162540	-17.45659000
0.61825594	0.22208320	-17.45659000
0.62325594	0.22220530	-17.45659000
0.62825594	0.22220530	-17.45659000
0.63325594	0.22232730	-17.45659000
0.63825594	0.22278510	-17.45659000
0.64325594	0.22055730	-17.48100000
0.64825594	0.21591850	-17.57256000
0.65325594	0.21369060	-17.10257000
0.65825594	0.21414840	-16.08325000
0.66325594	0.21427050	-16.10767000
0.66825594	0.21427050	-17.21854000
0.67325594	0.21427050	-17.24296000
0.67825594	0.21427050	-16.22364000
0.68325594	0.21427050	-15.75365000
0.68825594	0.21427050	-15.84521000
0.69325594	0.21439250	-15.84521000
0.69825594	0.21485030	-15.75365000
0.70325594	0.21262240	-16.19922000
0.70825594	0.20798360	-17.12699000
0.71325594	0.20575580	-17.59697000
0.71825594	0.20621360	-17.59697000
0.72325594	0.20633560	-17.12699000
0.72825594	0.20633560	-16.19922000
0.73325594	0.20633560	-15.72924000
0.73825594	0.20633560	-15.72924000
0.74325594	0.20633560	-16.19922000
0.74825593	0.20633560	-17.12699000
0.75325593	0.20633560	-17.57256000
0.75825593	0.20633560	-17.48100000
0.76325593	0.20645770	-17.45659000
0.76825593	0.20691550	-17.45659000
0.77325593	0.20468760	-17.45659000
0.77825593	0.20004880	-17.45659000
0.78325593	0.19782100	-17.45659000
0.78825593	0.19827880	-17.45659000
0.79325593	0.19840080	-17.48100000
0.79825593	0.19840080	-17.57256000
0.80325593	0.19840080	-17.12699000
0.80825593	0.19840080	-16.19922000
0.81325593	0.19840080	-15.77807000
0.81825593	0.19840080	-15.96118000
0.82325593	0.19840080	-15.51561000
0.82825593	0.19840080	-14.49629000
0.83325593	0.19852290	-14.49629000
0.83825593	0.19898070	-15.51561000
0.84325593	0.19675280	-16.01001000
0.84825593	0.19211400	-16.01001000
0.85325593	0.18988620	-15.56444000
0.85825593	0.19034390	-14.72823000
0.86325593	0.19046600	-13.81268000
0.86825593	0.19046600	-12.88491000
0.87325593	0.19046600	-12.93374000
0.87825593	0.19046600	-14.04462000
0.88325593	0.19046600	-14.06903000
0.88825593	0.19046600	-13.04971000
0.89325593	0.19058810	-12.55531000
0.89825593	0.19104590	-12.55531000
0.90325593	0.18881800	-13.07413000
0.90825593	0.18417920	-14.18500000
0.91325593	0.18195140	-13.71502000
0.91825593	0.18240910	-11.67638000
0.92325593	0.18253120	-11.23081000
0.92825593	0.18253120	-12.43324000
0.93325593	0.18253120	-12.45765000
0.93825593	0.18253120	-11.34678000
0.94325593	0.18253120	-11.32237000
0.94825593	0.18253120	-12.34169000
0.95325593	0.18253120	-12.83609000
0.95825593	0.18253120	-12.83609000
0.96325593	0.18253120	-12.34169000
0.96825593	0.18253120	-11.32237000
0.97325593	0.18253120	-11.29795000
0.97825593	0.18253120	-12.22571000
0.98325593	0.18265330	-13.16568000
0.98825593	0.18311110	-14.09345000
0.99325593	0.18088320	-14.06903000
0.99825593	0.17624440	-13.04971000
1.00325593	0.17401650	-12.57973000
1.00825593	0.17447430	-12.67128000
1.01325593	0.17459640	-12.69570000
1.01825593	0.17459640	-12.69570000
1.02325593	0.17459640	-12.67128000
1.02825593	0.17459640	-12.57973000
1.03325593	0.17459640	-13.02530000
1.03825593	0.17459640	-13.95306000
1.04325593	0.17471850	-14.42305000
1.04825593	0.17517620	-14.42305000
1.05325593	0.17294840	-13.95306000
1.05825593	0.16830960	-13.02530000
1.06325593	0.16608170	-12.60414000
1.06825593	0.16653950	-12.78726000
1.07325593	0.16666160	-12.36610000
1.07825593	0.16666160	-11.43834000
1.08325593	0.16666160	-10.96835000
1.08825593	0.16666160	-10.96835000
1.09325593	0.16666160	-11.46275000
1.09825593	0.16666160	-12.48207000
1.10325593	0.16666160	-12.48207000
1.10825593	0.16666160	-11.46275000
1.11325593	0.16666160	-10.99277000
1.11825593	0.16666160	-11.08432000
1.12325593	0.16666160	-11.10874000
1.12825593	0.16666160	-11.10874000
1.13325593	0.16678370	-11.10874000
1.13825593	0.16724140	-11.10874000
1.14325593	0.16501360	-11.08432000
1.14825593	0.16037480	-10.99277000
1.15325593	0.15814690	-11.46275000
1.15825593	0.15860470	-12.48207000
1.16325593	0.15872680	-12.48207000
1.16825593	0.15872680	-11.46275000
1.17325593	0.15872680	-10.99277000
1.17825593	0.15872680	-11.08432000
1.18325593	0.15872680	-11.08432000
1.18825593	0.15872680	-10.99277000
1.19325593	0.15872680	-11.43834000
1.19825593	0.15872680	-12.36610000
1.20325593	0.15872680	-12.78726000
1.20825593	0.15872680	-12.60414000
1.21325593	0.15884880	-13.02530000
1.21825593	0.15930660	-13.95306000
1.22325593	0.15707880	-14.39863000
1.22825593	0.15244000	-14.30708000
1.23325593	0.15021210	-14.30708000
1.23825593	0.15066990	-14.39863000
1.24325593	0.15079200	-13.95306000
1.24825593	0.15079200	-13.02530000
1.25325593	0.15079200	-12.57973000
1.25825593	0.15079200	-12.67128000
1.26325593	0.15079200	-12.69570000
1.26825593	0.15079200	-12.69570000
1.27325593	0.15079200	-12.69570000
1.27825593	0.15079200	-12.69570000
1.28325593	0.15079200	-12.69570000
1.28825593	0.15079200	-12.69570000
1.29325593	0.15079200	-12.72011000
1.29825593	0.15079200	-12.81167000
1.30325593	0.15079200	-12.36610000
1.30825593	0.15079200	-11.43834000
1.31325593	0.15091400	-10.99277000
1.31825593	0.15137180	-11.08432000
1.32325593	0.14914390	-11.08432000
1.32825593	0.14450510	-10.99277000
1.33325593	0.14227730	-11.46275000
1.33825593	0.14273510	-12.48207000
1.34325593	0.14285710	-12.45765000
1.34825593	0.14285710	-11.34678000
1.35325593	0.14285710	-11.34678000
1.35825593	0.14285710	-12.45765000
1.36325593	0.14285710	-12.45765000
1.36825593	0.14285710	-11.34678000
1.37325593	0.14285710	-11.32237000
1.37825593	0.14285710	-12.34169000
1.38325593	0.14285710	-12.81167000
1.38825593	0.14285710	-12.72011000
1.39325593	0.14285710	-12.67128000
1.39825593	0.14285710	-12.57973000
1.40325593	0.14297920	-13.02530000
1.40825593	0.14343700	-13.95306000
1.41325593	0.14120910	-14.39863000
1.41825593	0.13653980	-14.30708000
1.42325593	0.13431200	-14.28266000
1.42825593	0.13476970	-14.28266000
1.43325593	0.13489180	-14.30708000
1.43825593	0.13489180	-14.39863000
1.44325593	0.13489180	-13.92865000
1.44825593	0.13489180	-12.90933000
1.45325593	0.13489180	-12.90933000
1.45825593	0.13489180	-13.92865000
1.46325593	0.13489180	-14.42305000
1.46825593	0.13489180	-14.42305000
1.47325593	0.13489180	-13.95306000
1.47825593	0.13489180	-13.02530000
1.48325593	0.13489180	-12.57973000
1.48825593	0.13489180	-12.67128000
1.49325593	0.13501390	-12.67128000
1.49825593	0.13547170	-12.57973000
1.50325593	0.13324380	-13.02530000
1.50825593	0.12860500	-13.95306000
1.51325593	0.12637720	-14.39863000
1.51825593	0.12683490	-14.30708000
1.52325593	0.12695700	-14.30708000
1.52825593	0.12695700	-14.39863000
1.53325593	0.12695700	-13.92865000
1.53825593	0.12695700	-12.90933000
1.54325593	0.12695700	-12.93374000
1.54825593	0.12695700	-14.04462000
1.55325593	0.12695700	-14.06903000
1.55825593	0.12695700	-13.04971000
1.56325593	0.12695700	-12.57973000
1.56825593	0.12695700	-12.67128000
1.57325593	0.12695700	-12.69570000
1.57825593	0.12695700	-12.69570000
1.58325593	0.12695700	-12.69570000
1.58825593	0.12695700	-12.69570000
1.59325593	0.12707910	-12.72011000
1.59825593	0.12753680	-12.81167000
1.60325593	0.12530900	-12.36610000
1.60825593	0.12067020	-11.43834000
1.61325593	0.11844230	-10.99277000
1.61825593	0.11890010	-11.08432000
1.62325593	0.11902220	-11.10874000
1.62825593	0.11902220	-11.10874000
1.63325593	0.11902220	-11.10874000
1.63825593	0.11902220	-11.10874000
1.64325593	0.11902220	-11.10874000
1.64825593	0.11902220	-11.10874000
1.65325593	0.11902220	-11.08432000
1.65825593	0.11902220	-10.99277000
1.66325593	0.11902220	-11.43834000
1.66825593	0.11902220	-12.36610000
1.67325593	0.11902220	-12.81167000
1.67825593	0.11902220	-12.72011000
1.68325593	0.11902220	-12.72011000
1.68825593	0.11902220	-12.81167000
1.69325593	0.11902220	-12.36610000
1.69825593	0.11902220	-11.43834000
1.70325593	0.11914430	-10.99277000
1.70825593	0.11960200	-11.08432000
1.71325593	0.11737420	-11.10874000
1.71825593	0.11273540	-11.10874000
1.72325593	0.11050750	-11.10874000
1.72825593	0.11096530	-11.10874000
1.73325593	0.11108740	-11.10874000
1.73825593	0.11108740	-11.10874000
1.74325593	0.11108740	-11.10874000
1.74825593	0.11108740	-11.10874000
1.75325593	0.11108740	-11.10874000
1.75825593	0.11108740	-11.10874000
1.76325593	0.11108740	-11.08432000
1.76825593	0.11108740	-10.99277000
1.77325593	0.11108740	-11.43834000
1.77825593	0.11108740	-12.36610000
1.78325593	0.11108740	-12.81167000
1.78825593	0.11108740	-12.72011000
1.79325593	0.11108740	-12.69570000
1.79825593	0.11108740	-12.69570000
1.80325593	0.11108740	-12.67128000
1.80825593	0.11108740	-12.57973000
1.81325593	0.11108740	-13.02530000
1.81825593	0.11108740	-13.95306000
1.82325593	0.11120950	-14.39863000
1.82825593	0.11166720	-14.30708000
1.83325593	0.10943940	-14.28266000
1.83825593	0.10480060	-14.28266000
1.84325593	0.10257270	-14.30708000
1.84825593	0.10303050	-14.39863000
1.85325593	0.10315260	-13.95306000
1.85825593	0.10315260	-13.02530000
1.86325593	0.10315260	-12.57973000
1.86825593	0.10315260	-12.67128000
1.87325593	0.10315260	-12.69570000
1.87825593	0.10315260	-12.69570000
1.88325593	0.10315260	-12.69570000
1.88825593	0.10315260	-12.69570000
1.89325593	0.10315260	-12.72011000
1.89825593	0.10315260	-12.81167000
1.90325593	0.10315260	-12.34169000
1.90825593	0.10315260	-11.32237000
1.91325593	0.10315260	-11.32237000
1.91825593	0.10315260	-12.34169000
1.92325593	0.10315260	-12.78726000
1.92825593	0.10315260	-12.60414000
1.93325593	0.10315260	-13.04971000
1.93825593	0.10315260	-14.06903000
1.94325593	0.10315260	-14.04462000
1.94825593	0.10315260	-12.93374000
1.95325593	0.10327460	-12.90933000
1.95825593	0.10373240	-13.92865000
1.96325593	0.10150460	-14.42305000
1.96825593	0.09686575	-14.42305000
1.97325593	0.09463790	-13.92865000
1.97825593	0.09509568	-12.90933000
1.98325593	0.09521775	-12.90933000
1.98825593	0.09521775	-13.92865000
1.99325593	0.09521775	-14.39863000
1.99825593	0.09521775	-14.30708000
2.00325593	0.09521775	-14.30708000
2.00825593	0.09521775	-14.39863000
2.01325593	0.09521775	-13.92865000
2.01825593	0.09521775	-12.90933000
2.02325593	0.09521775	-12.90933000
2.02825593	0.09521775	-13.92865000
2.03325593	0.09521775	-14.39863000
2.03825593	0.09521775	-14.30708000
2.04325593	0.09521775	-14.28266000
2.04825593	0.09521775	-14.28266000
2.05325593	0.09521775	-14.28266000
2.05825593	0.09521775	-14.28266000
2.06325593	0.09521775	-14.28266000
2.06825593	0.09521775	-14.28266000
2.07325593	0.09521775	-14.33149000
2.07825593	0.09521775	-14.51460000
2.08325593	0.09521775	-13.59905000
2.08825593	0.09521775	-11.65197000
2.09325593	0.09533982	-11.23081000
2.09825593	0.09579760	-12.43324000
2.10325593	0.09356975	-12.48207000
2.10825593	0.08893093	-11.46275000
2.11325593	0.08670308	-10.99277000
2.11825593	0.08716086	-11.08432000
2.12325593	0.08728294	-11.10874000
2.12825593	0.08728294	-11.10874000
2.13325593	0.08728294	-11.10874000
2.13825593	0.08728294	-11.10874000
2.14325593	0.08728294	-11.10874000
2.14825593	0.08728294	-11.10874000
2.15325593	0.08728294	-11.10874000
2.15825593	0.08728294	-11.10874000
2.16325593	0.08728294	-11.10874000
2.16825593	0.08728294	-11.10874000
2.17325593	0.08728294	-11.08432000
2.17825593	0.08728294	-10.99277000
2.18325593	0.08728294	-11.46275000
2.18825593	0.08728294	-12.48207000
2.19325593	0.08728294	-12.45765000
2.19825593	0.08728294	-11.34678000
2.20325593	0.08728294	-11.32237000
2.20825593	0.08728294	-12.34169000
2.21325593	0.08740501	-12.83609000
2.21825593	0.08786279	-12.83609000
2.22325593	0.08563494	-12.34169000
2.22825593	0.08099613	-11.32237000
2.23325593	0.07876828	-11.29795000
2.23825593	0.07922605	-12.22571000
2.24325593	0.07934812	-13.14127000
2.24825593	0.07934812	-13.97748000
2.25325593	0.07934812	-14.42305000
2.25825593	0.07934812	-14.42305000
2.26325593	0.07934812	-13.92865000
2.26825593	0.07934812	-12.90933000
2.27325593	0.07934812	-12.93374000
2.27825593	0.07934812	-14.04462000
2.28325593	0.07934812	-14.04462000
2.28825593	0.07934812	-12.93374000
2.29325593	0.07934812	-12.93374000
2.29825593	0.07934812	-14.04462000
2.30325593	0.07934812	-14.06903000
2.30825593	0.07934812	-13.04971000
2.31325593	0.07934812	-12.57973000
2.31825593	0.07934812	-12.67128000
2.32325593	0.07934812	-12.69570000
2.32825593	0.07934812	-12.69570000
2.33325593	0.07934812	-12.72011000
2.33825593	0.07934812	-12.81167000
2.34325593	0.07934812	-12.34169000
2.34825593	0.07934812	-11.32237000
2.35325593	0.07934812	-11.34678000
2.35825593	0.07934812	-12.45765000
2.36325593	0.07934812	-12.48207000
2.36825593	0.07934812	-11.46275000
2.37325593	0.07934812	-10.99277000
2.37825593	0.07934812	-11.08432000
2.38325593	0.07947020	-11.08432000
2.38825593	0.07992797	-10.99277000
2.39325592	0.07770012	-11.43834000
2.39825592	0.07306131	-12.36610000
2.40325592	0.07083346	-12.78726000
2.40825592	0.07129124	-12.60414000
2.41325592	0.07141331	-13.04971000
2.41825592	0.07141331	-14.06903000
2.42325592	0.07141331	-14.04462000
2.42825592	0.07141331	-12.93374000
2.43325592	0.07141331	-12.93374000
2.43825592	0.07141331	-14.04462000
2.44325592	0.07141331	-14.06903000
2.44825592	0.07141331	-13.04971000
2.45325592	0.07141331	-12.57973000
2.45825592	0.07141331	-12.67128000
2.46325592	0.07141331	-12.72011000
2.46825592	0.07141331	-12.81167000
2.47325592	0.07141331	-12.34169000
2.47825592	0.07141331	-11.32237000
2.48325592	0.07141331	-11.34678000
2.48825592	0.07141331	-12.45765000
2.49325592	0.07141331	-12.48207000
2.49825592	0.07141331	-11.46275000
2.50325592	0.07141331	-10.99277000
2.50825592	0.07141331	-11.08432000
2.51325592	0.07141331	-11.10874000
2.51825592	0.07141331	-11.10874000
2.52325592	0.07141331	-11.10874000
2.52825592	0.07141331	-11.10874000
2.53325592	0.07141331	-11.08432000
2.53825592	0.07141331	-10.99277000
2.54325592	0.07141331	-11.41392000
2.54825592	0.07141331	-12.25013000
2.55325592	0.07141331	-13.16568000
2.55825592	0.07141331	-14.09345000
2.56325592	0.07153539	-14.06903000
2.56825592	0.07199316	-13.04971000
2.57325592	0.06976531	-12.57973000
2.57825592	0.06512650	-12.67128000
2.58325592	0.06289865	-12.69570000
2.58825592	0.06335643	-12.69570000
2.59325592	0.06347850	-12.67128000
2.59825592	0.06347850	-12.57973000
2.60325592	0.06347850	-13.02530000
2.60825592	0.06347850	-13.95306000
2.61325592	0.06347850	-14.39863000
2.61825592	0.06347850	-14.30708000
2.62325592	0.06347850	-14.28266000
2.62825592	0.06347850	-14.28266000
2.63325592	0.06347850	-14.30708000
2.63825592	0.06347850	-14.39863000
2.64325592	0.06347850	-13.95306000
2.64825592	0.06347850	-13.02530000
2.65325592	0.06347850	-12.57973000
2.65825592	0.06347850	-12.67128000
2.66325592	0.06347850	-12.69570000
2.66825592	0.06347850	-12.69570000
2.67325592	0.06347850	-12.69570000
2.67825592	0.06347850	-12.69570000
2.68325592	0.06347850	-12.67128000
2.68825592	0.06347850	-12.57973000
2.69325592	0.06347850	-13.04971000
2.69825592	0.06347850	-14.06903000
2.70325592	0.06347850	-14.06903000
2.70825592	0.06347850	-13.04971000
2.71325592	0.06360057	-12.57973000
2.71825592	0.06405835	-12.67128000
2.72325592	0.06170843	-12.69570000
2.72825592	0.05661184	-12.69570000
2.73325592	0.05673391	-12.72011000
2.73825592	0.06228828	-12.81167000
2.74325592	0.06241035	-12.36610000
2.74825592	0.05731376	-11.43834000
2.75325592	0.05496383	-10.99277000
2.75825592	0.05542161	-11.08432000
2.76325592	0.05554369	-11.10874000
2.76825592	0.05554369	-11.10874000
2.77325592	0.05554369	-11.08432000
2.77825592	0.05554369	-10.99277000
2.78325592	0.05554369	-11.46275000
2.78825592	0.05554369	-12.48207000
2.79325592	0.05554369	-12.48207000
2.79825592	0.05554369	-11.46275000
2.80325592	0.05554369	-10.96835000
2.80825592	0.05554369	-10.96835000
2.81325592	0.05554369	-11.43834000
2.81825592	0.05554369	-12.36610000
2.82325592	0.05554369	-12.81167000
2.82825592	0.05554369	-12.72011000
2.83325592	0.05554369	-12.67128000
2.83825592	0.05554369	-12.57973000
2.84325592	0.05554369	-13.02530000
2.84825592	0.05554369	-13.95306000
2.85325592	0.05554369	-14.37422000
2.85825592	0.05554369	-14.19111000
2.86325592	0.05554369	-14.61226000
2.86825592	0.05554369	-15.54002000
2.87325592	0.05554369	-16.03443000
2.87825592	0.05554369	-16.12598000
2.88325592	0.05554369	-15.18601000
2.88825592	0.05554369	-13.23893000
2.89325592	0.05554369	-12.76894000
2.89825592	0.05554369	-13.78826000
2.90325592	0.05554369	-14.75265000
2.90825592	0.05554369	-15.68041000
2.91325592	0.05554369	-15.65600000
2.91825592	0.05554369	-14.63668000
2.92325592	0.05554369	-14.19111000
2.92825592	0.05554369	-14.37422000
2.93325592	0.05554369	-13.95306000
2.93825592	0.05554369	-13.02530000
2.94325592	0.05554369	-12.57973000
2.94825592	0.05554369	-12.67128000
2.95325592	0.05566576	-12.72011000
2.95825592	0.05612354	-12.81167000
2.96325592	0.05389569	-12.31727000
2.96825592	0.04925688	-11.20640000
2.97325592	0.04702902	-11.67638000
2.97825592	0.04748680	-13.71502000
2.98325592	0.04760887	-14.16059000
2.98825592	0.04760887	-12.95816000
2.99325592	0.04760887	-12.93374000
2.99825592	0.04760887	-14.04462000
3.00325592	0.04760887	-14.06903000
3.00825592	0.04760887	-13.04971000
3.01325592	0.04760887	-12.57973000
3.01825592	0.04760887	-12.67128000
3.02325592	0.04760887	-12.69570000
3.02825592	0.04760887	-12.69570000
3.03325592	0.04760887	-12.69570000
3.03825592	0.04760887	-12.69570000
3.04325592	0.04760887	-12.69570000
3.04825592	0.04760887	-12.69570000
3.05325592	0.04760887	-12.72011000
3.05825592	0.04760887	-12.81167000
3.06325592	0.04760887	-12.36610000
3.06825592	0.04760887	-11.43834000
3.07325592	0.04760887	-10.96835000
3.07825592	0.04760887	-10.96835000
3.08325592	0.04760887	-11.43834000
3.08825592	0.04760887	-12.36610000
3.09325592	0.04760887	-12.81167000
3.09825592	0.04760887	-12.72011000
3.10325592	0.04760887	-12.69570000
3.10825592	0.04760887	-12.69570000
3.11325592	0.04760887	-12.67128000
3.11825592	0.04760887	-12.57973000
3.12325592	0.04760887	-13.02530000
3.12825592	0.04760887	-13.95306000
3.13325592	0.04760887	-14.37422000
3.13825592	0.04760887	-14.19111000
3.14325592	0.04760887	-14.63668000
3.14825592	0.04760887	-15.65600000
3.15325592	0.04760887	-15.65600000
3.15825592	0.04760887	-14.63668000
3.16325592	0.04760887	-14.14228000
3.16825592	0.04760887	-14.14228000
3.17325592	0.04773095	-14.61226000
3.17825592	0.04818873	-15.54002000
3.18325592	0.04596087	-16.01001000
3.18825592	0.04132206	-16.01001000
3.19325592	0.03897214	-15.54002000
3.19825592	0.03897214	-14.61226000
3.20325592	0.04144414	-14.14228000
3.20825592	0.04654073	-14.14228000
3.21325592	0.04654073	-14.61226000
3.21825592	0.04144414	-15.54002000
3.22325592	0.03909421	-16.01001000
3.22825592	0.03955199	-16.01001000
3.23325592	0.03967406	-15.51561000
3.23825592	0.03967406	-14.49629000
3.24325592	0.03967406	-14.52071000
3.24825592	0.03967406	-15.63158000
3.25325592	0.03967406	-15.63158000
3.25825592	0.03967406	-14.52071000
3.26325592	0.03967406	-14.52071000
3.26825592	0.03967406	-15.63158000
3.27325592	0.03967406	-15.65600000
3.27825592	0.03967406	-14.63668000
3.28325592	0.03967406	-14.14228000
3.28825592	0.03967406	-14.14228000
3.29325592	0.03967406	-14.63668000
3.29825592	0.03967406	-15.65600000
3.30325592	0.03967406	-15.68041000
3.30825592	0.03967406	-14.75265000
3.31325592	0.03967406	-13.83709000
3.31825592	0.03967406	-13.00089000
3.32325592	0.03967406	-12.55531000
3.32825592	0.03967406	-12.55531000
3.33325592	0.03967406	-13.04971000
3.33825592	0.03967406	-14.06903000
3.34325592	0.03967406	-14.06903000
3.34825592	0.03967406	-13.04971000
3.35325592	0.03967406	-12.60414000
3.35825592	0.03967406	-12.78726000
3.36325592	0.03967406	-12.34169000
3.36825592	0.03967406	-11.32237000
3.37325592	0.03967406	-11.32237000
3.37825592	0.03967406	-12.34169000
3.38325592	0.03967406	-12.78726000
3.38825592	0.03967406	-12.60414000
3.39325592	0.03967406	-13.02530000
3.39825592	0.03967406	-13.95306000
3.40325592	0.03967406	-14.39863000
3.40825592	0.03967406	-14.30708000
3.41325592	0.03967406	-14.28266000
3.41825592	0.03967406	-14.28266000
3.42325592	0.03967406	-14.28266000
3.42825592	0.03967406	-14.28266000
3.43325592	0.03967406	-14.25825000
3.43825592	0.03967406	-14.16669000
3.44325592	0.03967406	-14.63668000
3.44825592	0.03967406	-15.65600000
3.45325592	0.03967406	-15.65600000
3.45825592	0.03967406	-14.63668000
3.46325592	0.03979614	-14.16669000
3.46825592	0.04025391	-14.25825000
3.47325592	0.03802606	-14.28266000
3.47825592	0.03338725	-14.28266000
3.48325592	0.03115940	-14.25825000
3.48825592	0.03161718	-14.16669000
3.49325592	0.03173925	-14.63668000
3.49825592	0.03173925	-15.65600000
3.50325592	0.03173925	-15.63158000
3.50825592	0.03173925	-14.52071000
3.51325592	0.03173925	-14.49629000
3.51825592	0.03173925	-15.51561000
3.52325592	0.03173925	-16.01001000
3.52825592	0.03173925	-16.01001000
3.53325592	0.03173925	-15.54002000
3.53825592	0.03173925	-14.61226000
3.54325592	0.03173925	-14.16669000
3.54825592	0.03173925	-14.25825000
3.55325592	0.03173925	-14.28266000
3.55825592	0.03173925	-14.28266000
3.56325592	0.03173925	-14.28266000
3.56825592	0.03173925	-14.28266000
3.57325592	0.03173925	-14.28266000
3.57825592	0.03173925	-14.28266000
3.58325592	0.03173925	-14.30708000
3.58825592	0.03173925	-14.39863000
3.59325592	0.03173925	-13.95306000
3.59825592	0.03173925	-13.02530000
3.60325592	0.03173925	-12.60414000
3.60825592	0.03173925	-12.78726000
3.61325592	0.03173925	-12.36610000
3.61825592	0.03173925	-11.43834000
3.62325592	0.03173925	-10.96835000
3.62825592	0.03173925	-10.96835000
3.63325592	0.03173925	-11.43834000
3.63825592	0.03173925	-12.36610000
3.64325592	0.03173925	-12.81167000
3.64825592	0.03173925	-12.72011000
3.65325592	0.03173925	-12.67128000
3.65825592	0.03173925	-12.57973000
3.66325592	0.03173925	-13.02530000
3.66825592	0.03173925	-13.95306000
3.67325592	0.03173925	-14.42305000
3.67825592	0.03173925	-14.42305000
3.68325592	0.03173925	-13.97748000
3.68825592	0.03173925	-13.14127000
3.69325592	0.03173925	-12.31727000
3.69825592	0.03173925	-11.76794000
3.70325592	0.03173925	-10.07111000
3.70825592	0.03173925	-7.66624900
3.71325592	0.03186132	-5.12100600
3.71825592	0.03231910	-3.09457700
3.72325592	0.02996918	0.20142220
3.72825592	0.02487259	3.71105100
3.73325592	0.02487259	9.64384800
3.73825592	0.02996918	16.48610000
3.74325592	0.03231910	25.01297000
3.74825592	0.03186132	33.14920000
3.75325592	0.03186132	43.37291000
3.75825592	0.03231910	53.16935000
3.76325592	0.03009125	64.24146000
3.76825592	0.02545244	73.84869000
3.77325592	0.02310251	84.92081000
3.77825592	0.02310251	94.71725000
3.78325592	0.02557451	104.89210000
3.78825592	0.03067110	112.84520000
3.79325592	0.03067110	122.21440000
3.79825592	0.02557451	130.72300000
3.80325592	0.02322458	138.37700000
3.80825592	0.02368236	143.27220000
3.81325592	0.02380444	148.71670000
3.81825592	0.02380444	153.14800000
3.82325592	0.02380444	157.86000000
3.82825592	0.02380444	161.74200000
3.83325592	0.02380444	164.70840000
3.83825592	0.02380444	166.00240000
3.84325592	0.02380444	167.24750000
3.84825592	0.02380444	168.08370000
3.85325592	0.02380444	168.08370000
3.85825592	0.02380444	167.24750000
3.86325592	0.02380444	165.97800000
3.86825592	0.02380444	164.59240000
3.87325592	0.02380444	162.00440000
3.87825592	0.02380444	158.76340000
3.88325592	0.02380444	155.77260000
3.88825592	0.02380444	153.74620000
3.89325592	0.02380444	150.82250000
3.89825592	0.02380444	147.86830000
3.90325592	0.02380444	144.02910000
3.90825592	0.02380444	140.23260000
3.91325592	0.02380444	135.94780000
3.91825592	0.02380444	132.15730000
3.92325592	0.02380444	128.39140000
3.92825592	0.02380444	125.71180000
3.93325592	0.02380444	121.47590000
3.93825592	0.02380444	116.75770000
3.94325592	0.02380444	112.02730000
3.94825592	0.02380444	108.32240000
3.95325592	0.02380444	104.55640000
3.95825592	0.02380444	101.78530000
3.96325592	0.02380444	97.97052000
3.96825592	0.02380444	94.08856000
3.97325592	0.02380444	90.24933000
3.97825592	0.02380444	87.38670000
3.98325592	0.02380444	83.99304000
3.98825592	0.02380444	80.94118000
3.99325592	0.02380444	77.96869000
3.99825592	0.02380444	75.84460000
4.00325592	0.02380444	73.35429000
4.00825592	0.02380444	71.22410000
4.01325592	0.02380444	68.21497000
4.01825592	0.02380444	64.97391000
4.02325592	0.02380444	62.45918000
4.02825592	0.02380444	61.35441000
4.03325592	0.02380444	58.80917000
4.03825591	0.02380444	55.47044000
4.04325591	0.02380444	52.90689000
4.04825591	0.02380444	51.70446000
4.05325591	0.02380444	49.58647000
4.05825591	0.02380444	47.09006000
4.06325591	0.02380444	45.36881000
4.06825591	0.02380444	44.81948000
4.07325591	0.02380444	44.06262000
4.07825591	0.02380444	43.51329000
4.08325591	0.02380444	41.76763000
4.08825591	0.02380444	39.17966000
4.09325591	0.02380444	37.45842000
4.09825591	0.02380444	37.00064000
4.10325591	0.02380444	35.74938000
4.10825591	0.02380444	34.08918000
4.11325591	0.02392651	32.78909000
4.11825591	0.02438429	32.14820000
4.12325591	0.02203436	31.29978000
4.12825591	0.01693777	30.46358000
4.13325591	0.01705985	30.09125000
4.13825591	0.02261421	30.37202000
4.14325591	0.02273629	29.51750000
4.14825591	0.01763970	27.75964000
4.15325591	0.01528977	26.45955000
4.15825591	0.01574755	25.91021000
4.16325591	0.01586962	24.65896000
4.16825591	0.01586962	23.09030000
4.17325591	0.01586962	21.34465000
4.17825591	0.01586962	19.77599000
4.18325591	0.01586962	18.45759000
4.18825591	0.01586962	17.62139000
4.19325591	0.01586962	17.71905000
4.19825591	0.01586962	18.92147000
4.20325591	0.01586962	18.52473000
4.20825591	0.01586962	16.66921000
4.21325591	0.01586962	15.30808000
4.21825591	0.01586962	14.56343000
4.22325591	0.01586962	14.19111000
4.22825591	0.01586962	14.37422000
4.23325591	0.01586962	13.95306000
4.23825591	0.01586962	13.02530000
4.24325591	0.01586962	12.60414000
4.24825591	0.01586962	12.78726000
4.25325591	0.01586962	12.36610000
4.25825591	0.01586962	11.43834000
4.26325591	0.01586962	11.01718000
4.26825591	0.01586962	11.20029000
4.27325591	0.01586962	10.80355000
4.27825591	0.01586962	9.96734500
4.28325591	0.01586962	9.07620400
4.28825591	0.01586962	8.23999700
4.29325591	0.01586962	7.84325600
4.29825591	0.01586962	8.02636700
4.30325591	0.01586962	7.60521200
4.30825591	0.01586962	6.67745000
4.31325591	0.01586962	6.25629500
4.31825591	0.01586962	6.43940500
4.32325591	0.01586962	6.01825000
4.32825591	0.01586962	5.09048700
4.33325591	0.01586962	4.64491700
4.33825591	0.01586962	4.73647300
4.34325591	0.01586962	4.73647300
4.34825591	0.01586962	4.64491700
4.35325591	0.01586962	5.09048700
4.35825591	0.01586962	6.01825000
4.36325591	0.01586962	6.48823500
4.36825591	0.01586962	6.48823500
4.37325591	0.01586962	6.01825000
4.37825591	0.01586962	5.09048700
4.38325591	0.01586962	4.64491700
4.38825591	0.01586962	4.73647300
4.39325591	0.01586962	4.78530200
4.39825591	0.01586962	4.87685800
4.40325591	0.01586962	4.43128700
4.40825591	0.01586962	3.50352500
4.41325591	0.01586962	3.05795500
4.41825591	0.01586962	3.14951000
4.42325591	0.01586962	3.17392500
4.42825591	0.01586962	3.17392500
4.43325591	0.01586962	3.19834000
4.43825591	0.01586962	3.28989500
4.44325591	0.01586962	2.84432500
4.44825591	0.01586962	1.91656200
4.45325591	0.01586962	1.47099200
4.45825591	0.01586962	1.56254800
4.46325591	0.01586962	1.61137700
4.46825591	0.01586962	1.70293300
4.47325591	0.01586962	1.25736300
4.47825591	0.01586962	0.32959990
4.48325591	0.01586962	-0.09155553
4.48825591	0.01586962	0.09155553
4.49325591	0.01586962	-0.35401470
4.49825591	0.01586962	-1.37333300
4.50325591	0.01586962	-1.34891800
4.50825591	0.01586962	-0.23804440
4.51325591	0.01586962	-0.21362960
4.51825591	0.01586962	-1.23294800
4.52325591	0.01586962	-1.70293300
4.52825591	0.01586962	-1.61137700
4.53325591	0.01586962	-1.58696200
4.53825591	0.01586962	-1.58696200
4.54325591	0.01599170	-1.58696200
4.54825591	0.01644948	-1.58696200
4.55325591	0.01409955	-1.56254800
4.55825591	0.00900296	-1.47099200
4.56325591	0.00912503	-1.91656200
4.56825591	0.01467940	-2.84432500
4.57325591	0.01467940	-3.28989500
4.57825591	0.00912503	-3.19834000
4.58325591	0.00900296	-3.17392500
4.58825591	0.01409955	-3.17392500
4.59325591	0.01644948	-3.17392500
4.59825591	0.01599170	-3.17392500
4.60325591	0.01586962	-3.19834000
4.60825591	0.01586962	-3.28989500
4.61325591	0.01599170	-2.81991000
4.61825591	0.01644948	-1.80059200
4.62325591	0.01409955	-1.80059200
4.62825591	0.00900296	-2.81991000
4.63325591	0.00900296	-3.26548100
4.63825591	0.01409955	-3.08237000
4.64325591	0.01644948	-3.50352500
4.64825591	0.01599170	-4.43128700
4.65325591	0.01599170	-4.87685800
4.65825591	0.01644948	-4.78530200
4.66325591	0.01409955	-4.76088700
4.66825591	0.00900296	-4.76088700
4.67325591	0.00912503	-4.76088700
4.67825591	0.01467940	-4.76088700
4.68325591	0.01480148	-4.76088700
4.68825591	0.00970489	-4.76088700
4.69325591	0.00735496	-4.76088700
4.69825591	0.00781274	-4.76088700
4.70325591	0.00793481	-4.76088700
4.70825591	0.00793481	-4.76088700
4.71325591	0.00793481	-4.76088700
4.71825591	0.00793481	-4.76088700
4.72325591	0.00793481	-4.78530200
4.72825591	0.00793481	-4.87685800
4.73325591	0.00793481	-4.43128700
4.73825591	0.00793481	-3.50352500
4.74325591	0.00793481	-3.05795500
4.74825591	0.00793481	-3.14951000
4.75325591	0.00793481	-3.17392500
4.75825591	0.00793481	-3.17392500
4.76325591	0.00793481	-3.17392500
4.76825591	0.00793481	-3.17392500
4.77325591	0.00793481	-3.14951000
4.77825591	0.00793481	-3.05795500
4.78325591	0.00793481	-3.50352500
4.78825591	0.00793481	-4.43128700
4.79325591	0.00793481	-4.87685800
4.79825591	0.00793481	-4.78530200
4.80325591	0.00793481	-4.73647300
4.80825591	0.00793481	-4.64491700
4.81325591	0.00793481	-5.06607200
4.81825591	0.00793481	-5.90228000
4.82325591	0.00793481	-6.79342000
4.82825591	0.00793481	-7.62962700
4.83325591	0.00793481	-8.05078300
4.83825591	0.00793481	-7.95922800
4.84325591	0.00793481	-7.93481200
4.84825591	0.00793481	-7.93481200
4.85325591	0.00793481	-7.93481200
4.85825591	0.00793481	-7.93481200
4.86325591	0.00793481	-7.91039800
4.86825591	0.00793481	-7.81884200
4.87325591	0.00793481	-8.26441300
4.87825591	0.00793481	-9.19217500
4.88325591	0.00793481	-9.66216000
4.88825591	0.00793481	-9.66216000
4.89325591	0.00793481	-9.16776000
4.89825591	0.00793481	-8.14844100
4.90325591	0.00793481	-8.17285700
4.90825591	0.00793481	-9.28373100
4.91325591	0.00793481	-9.28373100
4.91825591	0.00793481	-8.17285700
4.92325591	0.00793481	-8.17285700
4.92825591	0.00793481	-9.28373100
4.93325591	0.00793481	-9.28373100
4.93825591	0.00793481	-8.17285700
4.94325591	0.00793481	-8.17285700
4.94825591	0.00793481	-9.28373100
4.95325591	0.00793481	-9.30814500
4.95825591	0.00793481	-8.28882700
4.96325591	0.00793481	-7.81884200
4.96825591	0.00793481	-7.91039800
4.97325591	0.00793481	-7.93481200
4.97825591	0.00793481	-7.93481200
4.98325591	0.00793481	-7.93481200
4.98825591	0.00793481	-7.93481200
4.99325591	0.00793481	-7.93481200
4.99825591	0.00793481	-7.93481200
5.00325591	0.00793481	-7.91039800
5.00825591	0.00793481	-7.81884200
5.01325591	0.00793481	-8.28882700
5.01825591	0.00793481	-9.30814500
5.02325591	0.00793481	-9.33256100
5.02825591	0.00793481	-8.40479800
5.03325591	0.00793481	-7.46482800
5.03825591	0.00793481	-6.53706500
5.04325591	0.00793481	-6.56148000
5.04825591	0.00793481	-7.58079800
5.05325591	0.00793481	-8.02636700
5.05825591	0.00793481	-7.84325600
5.06325591	0.00793481	-8.28882700
5.06825591	0.00793481	-9.30814500
5.07325591	0.00793481	-9.28373100
5.07825591	0.00793481	-8.17285700
5.08325591	0.00793481	-8.14844100
5.08825591	0.00793481	-9.16776000
5.09325591	0.00793481	-9.61333000
5.09825591	0.00793481	-9.43021900
5.10325591	0.00793481	-9.85137500
5.10825591	0.00793481	-10.77914000
5.11325591	0.00793481	-11.22471000
5.11825591	0.00793481	-11.13315000
5.12325591	0.00793481	-11.10874000
5.12825591	0.00793481	-11.10874000
5.13325591	0.00793481	-11.10874000
5.13825591	0.00793481	-11.10874000
5.14325591	0.00793481	-11.10874000
5.14825591	0.00793481	-11.10874000
5.15325591	0.00793481	-11.10874000
5.15825591	0.00793481	-11.10874000
5.16325591	0.00793481	-11.10874000
5.16825591	0.00793481	-11.10874000
5.17325591	0.00793481	-11.10874000
5.17825591	0.00793481	-11.10874000
5.18325591	0.00805689	-11.10874000
5.18825591	0.00851466	-11.10874000
5.19325591	0.00616474	-11.10874000
5.19825591	0.00106815	-11.10874000
5.20325591	0.00106815	-11.10874000
5.20825591	0.00616474	-11.10874000
5.21325591	0.00863674	-11.10874000
5.21825591	0.00863674	-11.10874000
5.22325591	0.00628681	-11.10874000
5.22825591	0.00164800	-11.10874000
5.23325591	-0.00070193	-11.13315000
5.23825591	-0.00070193	-11.22471000
5.24325591	0.00177007	-10.77914000
5.24825591	0.00686667	-9.85137500
5.25325591	0.00686667	-9.40580500
5.25825591	0.00177007	-9.49735900
5.26325591	-0.00057985	-9.52177400
5.26825591	-0.00012207	-9.52177400
5.27325591	0.00000000	-9.52177400
5.27825591	0.00000000	-9.52177400
5.28325591	0.00000000	-9.54619000
5.28825591	0.00000000	-9.63774600
5.29325591	0.00000000	-9.19217500
5.29825591	0.00000000	-8.26441300
5.30325591	0.00000000	-7.81884200
5.30825591	0.00000000	-7.91039800
5.31325591	0.00000000	-7.93481200
5.31825591	0.00000000	-7.93481200
5.32325591	0.00000000	-7.91039800
5.32825591	0.00000000	-7.81884200
5.33325591	0.00000000	-8.26441300
5.33825591	0.00000000	-9.19217500
5.34325591	0.00000000	-9.63774600
5.34825591	0.00000000	-9.54619000
5.35325591	0.00000000	-9.52177400
5.35825591	0.00000000	-9.52177400
5.36325591	0.00000000	-9.54619000
5.36825591	0.00000000	-9.63774600
5.37325591	0.00000000	-9.16776000
5.37825591	0.00000000	-8.14844100
5.38325591	0.00000000	-8.14844100
5.38825591	0.00000000	-9.16776000
5.39325591	0.00000000	-9.63774600
5.39825591	0.00000000	-9.54619000
5.40325591	0.00000000	-9.49735900
5.40825591	0.00000000	-9.40580500
5.41325591	0.00000000	-9.85137500
5.41825591	0.00000000	-10.77914000
5.42325591	0.00000000	-11.22471000
5.42825591	0.00000000	-11.13315000
5.43325591	0.00000000	-11.13315000
5.43825591	0.00000000	-11.22471000
5.44325591	0.00000000	-10.77914000
5.44825591	0.00000000	-9.85137500
5.45325591	0.00000000	-9.38139000
5.45825591	0.00000000	-9.38139000
5.46325591	0.00000000	-9.87579000
5.46825591	0.00000000	-10.89511000
5.47325591	0.00000000	-10.89511000
5.47825591	0.00000000	-9.87579000
5.48325591	0.00000000	-9.38139000
5.48825591	0.00000000	-9.38139000
5.49325591	0.00000000	-9.82696000
5.49825591	0.00000000	-10.66317000
5.50325591	0.00000000	-11.57872000
5.50825591	0.00000000	-12.50648000
5.51325591	0.00000000	-12.48207000
5.51825591	0.00000000	-11.46275000
5.52325591	0.00000000	-10.99277000
5.52825591	0.00000000	-11.08432000
5.53325591	0.00000000	-11.10874000
5.53825591	0.00000000	-11.10874000
5.54325591	0.00000000	-11.10874000
5.54825591	0.00000000	-11.10874000
5.55325591	0.00000000	-11.10874000
5.55825591	0.00000000	-11.10874000
5.56325591	0.00000000	-11.10874000
5.56825591	0.00000000	-11.10874000
5.57325591	0.00000000	-11.13315000
5.57825591	0.00000000	-11.22471000
5.58325591	0.00000000	-10.77914000
5.58825591	0.00000000	-9.85137500
5.59325591	0.00000000	-9.40580500
5.59825591	0.00000000	-9.49735900
5.60325591	0.00000000	-9.49735900
5.60825591	0.00000000	-9.40580500
5.61325591	0.00000000	-9.85137500
5.61825591	0.00000000	-10.77914000
5.62325591	0.00000000	-11.22471000
5.62825591	0.00000000	-11.13315000
5.63325591	0.00000000	-11.10874000
5.63825591	0.00000000	-11.10874000
5.64325591	0.00000000	-11.10874000
5.64825591	0.00000000	-11.10874000
5.65325591	0.00000000	-11.08432000
5.65825591	0.00000000	-10.99277000
5.66325591	0.00000000	-11.43834000
5.66825591	0.00000000	-12.36610000
5.67325591	0.00000000	-12.78726000
5.67825591	0.00000000	-12.60414000
5.68325590	0.00000000	-13.02530000
5.68825590	0.00000000	-13.95306000
5.69325590	0.00000000	-14.39863000
5.69825590	0.00000000	-14.30708000
5.70325590	0.00000000	-14.28266000
5.70825590	0.00000000	-14.28266000
5.71325590	0.00000000	-14.28266000
5.71825590	0.00000000	-14.28266000
5.72325590	0.00000000	-14.28266000
5.72825590	0.00000000	-14.28266000
5.73325590	0.00000000	-14.28266000
5.73825590	0.00000000	-14.28266000
5.74325590	0.00000000	-14.28266000
5.74825590	0.00000000	-14.28266000
5.75325590	0.00000000	-14.25825000
5.75825590	0.00000000	-14.16669000
5.76325590	0.00000000	-14.63668000
5.76825590	0.00000000	-15.65600000
5.77325590	0.00000000	-15.63158000
5.77825590	0.00000000	-14.52071000
5.78325590	0.00000000	-14.52071000
5.78825590	0.00000000	-15.63158000
5.79325590	0.00000000	-15.63158000
5.79825590	0.00000000	-14.52071000
5.80325590	0.00000000	-14.52071000
5.80825590	0.00000000	-15.63158000
5.81325590	0.00000000	-15.65600000
5.81825590	0.00000000	-14.63668000
5.82325590	0.00000000	-14.16669000
5.82825590	0.00000000	-14.25825000
5.83325590	0.00000000	-14.30708000
5.83825590	0.00000000	-14.39863000
5.84325590	0.00000000	-13.95306000
5.84825590	0.00000000	-13.02530000
5.85325590	0.00000000	-12.55531000
5.85825590	0.00000000	-12.55531000
5.86325590	0.00000000	-13.04971000
5.86825590	0.00000000	-14.06903000
5.87325590	0.00000000	-14.06903000
5.87825590	0.00000000	-13.04971000
5.88325590	0.00000000	-12.57973000
5.88825590	0.00000000	-12.67128000
5.89325590	0.00000000	-12.67128000
5.89825590	0.00000000	-12.57973000
5.90325590	0.00000000	-13.02530000
5.90825590	0.00000000	-13.95306000
5.91325590	0.00000000	-14.39863000
5.91825590	0.00000000	-14.30708000
5.92325590	0.00000000	-14.28266000
5.92825590	0.00000000	-14.28266000
5.93325590	0.00000000	-14.25825000
5.93825590	0.00000000	-14.16669000
5.94325590	0.00000000	-14.63668000
5.94825590	0.00000000	-15.65600000
5.95325590	0.00000000	-15.65600000
5.95825590	0.00000000	-14.63668000
5.96325590	0.00000000	-14.16669000
5.96825590	0.00000000	-14.25825000
5.97325590	0.00000000	-14.28266000
5.97825590	0.00000000	-14.28266000
5.98325590	0.00012207	-14.28266000
5.98825590	0.00057985	-14.28266000
5.99325590	-0.00177007	-14.28266000
5.99825590	-0.00686667	-14.28266000
6.00325590	-0.00686667	-14.30708000
6.00825590	-0.00177007	-14.39863000
6.01325590	0.00070193	-13.95306000
6.01825590	0.00070193	-13.02530000
6.02325590	-0.00177007	-12.55531000
6.02825590	-0.00686667	-12.55531000
6.03325590	-0.00686667	-13.02530000
6.03825590	-0.00177007	-13.95306000
6.04325590	0.00057985	-14.37422000
6.04825590	0.00012207	-14.19111000
6.05325590	0.00012207	-14.61226000
6.05825590	0.00057985	-15.54002000
6.06325590	-0.00177007	-16.01001000
6.06825590	-0.00686667	-16.01001000
6.07325590	-0.00686667	-15.51561000
6.07825590	-0.00177007	-14.49629000
6.08325590	0.00057985	-14.52071000
6.08825590	0.00012207	-15.63158000
6.09325590	0.00000000	-15.63158000
6.09825590	0.00000000	-14.52071000
6.10325590	0.00012207	-14.52071000
6.10825590	0.00057985	-15.63158000
6.11325590	-0.00164800	-15.65600000
6.11825590	-0.00628681	-14.63668000
6.12325590	-0.00851466	-14.14228000
6.12825590	-0.00805689	-14.14228000
6.13325590	-0.00793481	-14.61226000
6.13825590	-0.00793481	-15.54002000
6.14325590	-0.00793481	-16.01001000
6.14825590	-0.00793481	-16.01001000
6.15325590	-0.00793481	-15.56444000
6.15825590	-0.00793481	-14.72823000
6.16325590	-0.00793481	-13.81268000
6.16825590	-0.00793481	-12.88491000
6.17325590	-0.00793481	-12.90933000
6.17825590	-0.00793481	-13.92865000
6.18325590	-0.00793481	-14.39863000
6.18825590	-0.00793481	-14.30708000
6.19325590	-0.00805689	-14.28266000
6.19825590	-0.00851466	-14.28266000
6.20325590	-0.00616474	-14.30708000
6.20825590	-0.00106815	-14.39863000
6.21325590	-0.00106815	-13.92865000
6.21825590	-0.00616474	-12.90933000
6.22325590	-0.00851466	-12.90933000
6.22825590	-0.00805689	-13.92865000
6.23325590	-0.00793481	-14.39863000
6.23825590	-0.00793481	-14.30708000
6.24325590	-0.00793481	-14.28266000
6.24825590	-0.00793481	-14.28266000
6.25325590	-0.00793481	-14.25825000
6.25825590	-0.00793481	-14.16669000
6.26325590	-0.00793481	-14.61226000
6.26825590	-0.00793481	-15.54002000
6.27325590	-0.00793481	-15.98559000
6.27825590	-0.00793481	-15.89404000
6.28325590	-0.00793481	-15.86962000
6.28825590	-0.00793481	-15.86962000
6.29325590	-0.00793481	-15.86962000
6.29825590	-0.00793481	-15.86962000
6.30325590	-0.00793481	-15.86962000
6.30825590	-0.00793481	-15.86962000
6.31325590	-0.00793481	-15.86962000
6.31825590	-0.00793481	-15.86962000
6.32325590	-0.00793481	-15.86962000
6.32825590	-0.00793481	-15.86962000
6.33325590	-0.00793481	-15.86962000
6.33825590	-0.00793481	-15.86962000
6.34325590	-0.00793481	-15.86962000
6.34825590	-0.00793481	-15.86962000
6.35325590	-0.00793481	-15.89404000
6.35825590	-0.00793481	-15.98559000
6.36325590	-0.00793481	-15.54002000
6.36825590	-0.00793481	-14.61226000
6.37325590	-0.00793481	-14.16669000
6.37825590	-0.00793481	-14.25825000
6.38325590	-0.00793481	-14.28266000
6.38825590	-0.00793481	-14.28266000
6.39325590	-0.00793481	-14.28266000
6.39825590	-0.00793481	-14.28266000
6.40325590	-0.00793481	-14.28266000
6.40825590	-0.00793481	-14.28266000
6.41325590	-0.00793481	-14.28266000
6.41825590	-0.00793481	-14.28266000
6.42325590	-0.00793481	-14.30708000
6.42825590	-0.00793481	-14.39863000
6.43325590	-0.00793481	-13.92865000
6.43825590	-0.00793481	-12.90933000
6.44325590	-0.00793481	-12.90933000
6.44825590	-0.00793481	-13.92865000
6.45325590	-0.00793481	-14.39863000
6.45825590	-0.00793481	-14.30708000
6.46325590	-0.00793481	-14.28266000
6.46825590	-0.00793481	-14.28266000
6.47325590	-0.00793481	-14.28266000
6.47825590	-0.00793481	-14.28266000
6.48325590	-0.00793481	-14.28266000
6.48825590	-0.00793481	-14.28266000
6.49325590	-0.00793481	-14.28266000
6.49825590	-0.00793481	-14.28266000
6.50325590	-0.00793481	-14.28266000
6.50825590	-0.00793481	-14.28266000
6.51325590	-0.00793481	-14.25825000
6.51825590	-0.00793481	-14.16669000
6.52325590	-0.00793481	-14.63668000
6.52825590	-0.00793481	-15.65600000
6.53325590	-0.00793481	-15.63158000
6.53825590	-0.00793481	-14.52071000
6.54325590	-0.00793481	-14.49629000
6.54825590	-0.00793481	-15.51561000
6.55325590	-0.00793481	-15.96118000
6.55825590	-0.00793481	-15.77807000
6.56325590	-0.00793481	-16.22364000
6.56825590	-0.00793481	-17.24296000
6.57325590	-0.00793481	-17.21854000
6.57825590	-0.00793481	-16.10767000
6.58325590	-0.00793481	-16.10767000
6.58825590	-0.00793481	-17.21854000
6.59325590	-0.00793481	-17.21854000
6.59825590	-0.00793481	-16.10767000
6.60325590	-0.00793481	-16.10767000
6.60825590	-0.00793481	-17.21854000
6.61325590	-0.00793481	-17.24296000
6.61825590	-0.00793481	-16.22364000
6.62325590	-0.00793481	-15.75365000
6.62825590	-0.00793481	-15.84521000
6.63325590	-0.00793481	-15.84521000
6.63825590	-0.00793481	-15.75365000
6.64325590	-0.00793481	-16.24805000
6.64825590	-0.00793481	-17.35893000
6.65325590	-0.00793481	-16.88894000
6.65825590	-0.00793481	-14.85031000
6.66325590	-0.00793481	-14.38032000
6.66825590	-0.00793481	-15.49119000
6.67325590	-0.00793481	-15.98559000
6.67825590	-0.00793481	-15.89404000
6.68325590	-0.00793481	-15.86962000
6.68825590	-0.00793481	-15.86962000
6.69325590	-0.00793481	-15.86962000
6.69825590	-0.00793481	-15.86962000
6.70325590	-0.00793481	-15.86962000
6.70825590	-0.00793481	-15.86962000
6.71325590	-0.00793481	-15.86962000
6.71825590	-0.00793481	-15.86962000
6.72325590	-0.00793481	-15.86962000
6.72825590	-0.00793481	-15.86962000
6.73325590	-0.00793481	-15.86962000
6.73825590	-0.00793481	-15.86962000
6.74325590	-0.00793481	-15.86962000
6.74825590	-0.00793481	-15.86962000
6.75325590	-0.00793481	-15.86962000
6.75825590	-0.00793481	-15.86962000
6.76325590	-0.00793481	-15.86962000
6.76825590	-0.00793481	-15.86962000
6.77325590	-0.00793481	-15.86962000
6.77825590	-0.00793481	-15.86962000
6.78325590	-0.00793481	-15.89404000
6.78825590	-0.00793481	-15.98559000
6.79325590	-0.00793481	-15.54002000
6.79825590	-0.00793481	-14.61226000
6.80325590	-0.00793481	-14.16669000
6.80825590	-0.00793481	-14.25825000
6.81325590	-0.00793481	-14.28266000
6.81825590	-0.00793481	-14.28266000
6.82325590	-0.00793481	-14.28266000
6.82825590	-0.00793481	-14.28266000
6.83325590	-0.00793481	-14.28266000
6.83825590	-0.00793481	-14.28266000
6.84325590	-0.00793481	-14.28266000
6.84825590	-0.00793481	-14.28266000
6.85325590	-0.00793481	-14.28266000
6.85825590	-0.00793481	-14.28266000
6.86325590	-0.00793481	-14.28266000
6.86825590	-0.00793481	-14.28266000
6.87325590	-0.00793481	-14.28266000
6.87825590	-0.00793481	-14.28266000
6.88325590	-0.00793481	-14.28266000
6.88825590	-0.00793481	-14.28266000
6.89325590	-0.00793481	-14.25825000
6.89825590	-0.00793481	-14.16669000
6.90325590	-0.00793481	-14.61226000
6.90825590	-0.00793481	-15.54002000
6.91325590	-0.00793481	-16.01001000
6.91825590	-0.00793481	-16.01001000
6.92325590	-0.00793481	-15.54002000
6.92825590	-0.00793481	-14.61226000
6.93325590	-0.00793481	-14.16669000
6.93825590	-0.00793481	-14.25825000
6.94325590	-0.00793481	-14.25825000
6.94825590	-0.00793481	-14.16669000
6.95325590	-0.00793481	-14.61226000
6.95825590	-0.00793481	-15.54002000
6.96325590	-0.00793481	-16.01001000
6.96825590	-0.00793481	-16.01001000
6.97325590	-0.00793481	-15.54002000
6.97825590	-0.00793481	-14.61226000
6.98325590	-0.00793481	-14.14228000
6.98825590	-0.00793481	-14.14228000
6.99325590	-0.00793481	-14.63668000
6.99825590	-0.00793481	-15.65600000
7.00325590	-0.00793481	-15.65600000
7.00825590	-0.00793481	-14.63668000
7.01325590	-0.00793481	-14.16669000
7.01825590	-0.00793481	-14.25825000
7.02325590	-0.00793481	-14.28266000
7.02825590	-0.00793481	-14.28266000
7.03325590	-0.00793481	-14.28266000
7.03825590	-0.00793481	-14.28266000
7.04325590	-0.00793481	-14.25825000
7.04825590	-0.00793481	-14.16669000
7.05325590	-0.00793481	-14.61226000
7.05825590	-0.00793481	-15.54002000
7.06325590	-0.00793481	-15.98559000
7.06825590	-0.00793481	-15.89404000
7.07325590	-0.00793481	-15.86962000
7.07825590	-0.00793481	-15.86962000
7.08325590	-0.00793481	-15.86962000
7.08825590	-0.00793481	-15.86962000
7.09325590	-0.00793481	-15.86962000
7.09825590	-0.00793481	-15.86962000
7.10325590	-0.00793481	-15.84521000
7.10825590	-0.00793481	-15.75365000
7.11325590	-0.00793481	-16.17481000
7.11825590	-0.00793481	-17.01102000
7.12325590	-0.00793481	-17.92657000
7.12825590	-0.00793481	-18.85434000
7.13325590	-0.00793481	-18.82992000
7.13825590	-0.00793481	-17.81060000
7.14325590	-0.00793481	-17.34062000
7.14825590	-0.00793481	-17.43217000
7.15325590	-0.00793481	-17.45659000
7.15825590	-0.00793481	-17.45659000
7.16325590	-0.00793481	-17.45659000
7.16825590	-0.00793481	-17.45659000
7.17325590	-0.00793481	-17.45659000
7.17825590	-0.00793481	-17.45659000
7.18325590	-0.00793481	-17.45659000
7.18825590	-0.00793481	-17.45659000
7.19325590	-0.00793481	-17.45659000
7.19825590	-0.00793481	-17.45659000
7.20325590	-0.00793481	-17.45659000
7.20825590	-0.00793481	-17.45659000
7.21325590	-0.00793481	-17.45659000
7.21825590	-0.00793481	-17.45659000
7.22325590	-0.00793481	-17.45659000
7.22825590	-0.00793481	-17.45659000
7.23325590	-0.00793481	-17.45659000
7.23825590	-0.00793481	-17.45659000
7.24325590	-0.00793481	-17.45659000
7.24825590	-0.00793481	-17.45659000
7.25325590	-0.00793481	-17.45659000
7.25825590	-0.00793481	-17.45659000
7.26325590	-0.00793481	-17.45659000
7.26825590	-0.00793481	-17.45659000
7.27325590	-0.00793481	-17.43217000
7.27825590	-0.00793481	-17.34062000
7.28325590	-0.00793481	-17.81060000
7.28825590	-0.00793481	-18.82992000
7.29325590	-0.00793481	-18.82992000
7.29825590	-0.00793481	-17.81060000
7.30325590	-0.00793481	-17.31620000
7.30825590	-0.00793481	-17.31620000
7.31325590	-0.00793481	-17.81060000
7.31825590	-0.00793481	-18.82992000
7.32325590	-0.00793481	-18.82992000
7.32825590	-0.00793481	-17.81060000
7.33325589	-0.00793481	-17.34062000
7.33825589	-0.00793481	-17.43217000
7.34325589	-0.00793481	-17.45659000
7.34825589	-0.00793481	-17.45659000
7.35325589	-0.00793481	-17.45659000
7.35825589	-0.00793481	-17.45659000
7.36325589	-0.00793481	-17.45659000
7.36825589	-0.00793481	-17.45659000
7.37325589	-0.00793481	-17.43217000
7.37825589	-0.00793481	-17.34062000
7.38325589	-0.00793481	-17.81060000
7.38825589	-0.00793481	-18.82992000
7.39325589	-0.00793481	-18.82992000
7.39825589	-0.00793481	-17.81060000
7.40325589	-0.00793481	-17.34062000
7.40825589	-0.00793481	-17.43217000
7.41325589	-0.00793481	-17.43217000
7.41825589	-0.00793481	-17.34062000
7.42325589	-0.00793481	-17.81060000
7.42825589	-0.00793481	-18.82992000
7.43325589	-0.00793481	-18.82992000
7.43825589	-0.00793481	-17.81060000
7.44325589	-0.00793481	-17.34062000
7.44825589	-0.00793481	-17.43217000
7.45325589	-0.00793481	-17.45659000
7.45825589	-0.00793481	-17.45659000
7.46325589	-0.00793481	-17.45659000
7.46825589	-0.00793481	-17.45659000
7.47325589	-0.00793481	-17.45659000
7.47825589	-0.00793481	-17.45659000
7.48325589	-0.00793481	-17.45659000
7.48825589	-0.00793481	-17.45659000
7.49325589	-0.00793481	-17.45659000
7.49825589	-0.00793481	-17.45659000
7.50325589	-0.00793481	-17.43217000
7.50825589	-0.00793481	-17.34062000
7.51325589	-0.00793481	-17.78619000
7.51825589	-0.00793481	-18.71395000
7.52325589	-0.00793481	-19.18394000
7.52825589	-0.00793481	-19.18394000
7.53325589	-0.00793481	-18.71395000
7.53825589	-0.00793481	-17.78619000
7.54325589	-0.00793481	-17.34062000
7.54825589	-0.00793481	-17.43217000
7.55325589	-0.00793481	-17.48100000
7.55825589	-0.00793481	-17.57256000
7.56325589	-0.00793481	-17.10257000
7.56825589	-0.00793481	-16.08325000
7.57325589	-0.00793481	-16.05884000
7.57825589	-0.00793481	-16.98660000
7.58325589	-0.00793481	-17.90216000
7.58825589	-0.00793481	-18.73836000
7.59325589	-0.00793481	-19.18394000
7.59825589	-0.00793481	-19.18394000
7.60325589	-0.00781274	-18.71395000
7.60825589	-0.00735496	-17.78619000
7.61325589	-0.00970489	-17.34062000
7.61825589	-0.01480148	-17.43217000
7.62325589	-0.01480148	-17.45659000
7.62825589	-0.00970489	-17.45659000
7.63325589	-0.00735496	-17.45659000
7.63825589	-0.00781274	-17.45659000
7.64325589	-0.00793481	-17.45659000
7.64825589	-0.00793481	-17.45659000
7.65325589	-0.00793481	-17.45659000
7.65825589	-0.00793481	-17.45659000
7.66325589	-0.00793481	-17.45659000
7.66825589	-0.00793481	-17.45659000
7.67325589	-0.00793481	-17.48100000
7.67825589	-0.00793481	-17.57256000
7.68325589	-0.00793481	-17.10257000
7.68825589	-0.00793481	-16.08325000
7.69325589	-0.00793481	-16.08325000
7.69825589	-0.00793481	-17.10257000
7.70325589	-0.00793481	-17.57256000
7.70825589	-0.00793481	-17.48100000
7.71325589	-0.00793481	-17.45659000
7.71825589	-0.00793481	-17.45659000
7.72325589	-0.00793481	-17.43217000
7.72825589	-0.00793481	-17.34062000
7.73325589	-0.00793481	-17.81060000
7.73825589	-0.00793481	-18.82992000
7.74325589	-0.00793481	-18.82992000
7.74825589	-0.00793481	-17.81060000
7.75325589	-0.00793481	-17.34062000
7.75825589	-0.00793481	-17.43217000
7.76325589	-0.00781274	-17.43217000
7.76825589	-0.00735496	-17.34062000
7.77325589	-0.00970489	-17.81060000
7.77825589	-0.01480148	-18.82992000
7.78325589	-0.01480148	-18.80550000
7.78825589	-0.00970489	-17.69463000
7.79325589	-0.00735496	-17.67022000
7.79825589	-0.00781274	-18.68954000
7.80325589	-0.00793481	-19.20835000
7.80825589	-0.00793481	-19.29990000
7.81325589	-0.00793481	-18.35994000
7.81825589	-0.00793481	-16.41285000
7.82325589	-0.00793481	-15.96728000
7.82825589	-0.00793481	-17.07816000
7.83325589	-0.00781274	-17.59697000
7.83825589	-0.00735496	-17.59697000
7.84325589	-0.00958281	-17.12699000
7.84825589	-0.01422163	-16.19922000
7.85325589	-0.01657155	-15.75365000
7.85825589	-0.01657155	-15.84521000
7.86325589	-0.01422163	-15.86962000
7.86825589	-0.00958281	-15.86962000
7.87325589	-0.00735496	-15.84521000
7.87825589	-0.00781274	-15.75365000
7.88325589	-0.00793481	-16.19922000
7.88825589	-0.00793481	-17.12699000
7.89325589	-0.00793481	-17.57256000
7.89825589	-0.00793481	-17.48100000
7.90325589	-0.00793481	-17.43217000
7.90825589	-0.00793481	-17.34062000
7.91325589	-0.00781274	-17.78619000
7.91825589	-0.00735496	-18.71395000
7.92325589	-0.00970489	-19.18394000
7.92825589	-0.01480148	-19.18394000
7.93325589	-0.01480148	-18.68954000
7.93825589	-0.00970489	-17.67022000
7.94325589	-0.00735496	-17.67022000
7.94825589	-0.00781274	-18.68954000
7.95325589	-0.00781274	-19.15952000
7.95825589	-0.00735496	-19.06796000
7.96325589	-0.00970489	-19.06796000
7.96825589	-0.01480148	-19.15952000
7.97325589	-0.01480148	-18.68954000
7.97825589	-0.00970489	-17.67022000
7.98325589	-0.00723289	-17.69463000
7.98825589	-0.00723289	-18.80550000
7.99325589	-0.00970489	-18.80550000
7.99825589	-0.01480148	-17.69463000
8.00325589	-0.01480148	-17.67022000
8.00825589	-0.00970489	-18.68954000
8.01325589	-0.00735496	-19.15952000
8.01825589	-0.00781274	-19.06796000
8.02325589	-0.00781274	-19.04355000
8.02825589	-0.00735496	-19.04355000
8.03325589	-0.00958281	-19.04355000
8.03825589	-0.01422163	-19.04355000
8.04325589	-0.01657155	-19.04355000
8.04825589	-0.01657155	-19.04355000
8.05325589	-0.01422163	-19.01913000
8.05825589	-0.00958281	-18.92758000
8.06325589	-0.00735496	-19.39757000
8.06825589	-0.00781274	-20.41688000
8.07325589	-0.00781274	-20.41688000
8.07825589	-0.00735496	-19.39757000
8.08325589	-0.00958281	-18.92758000
8.08825589	-0.01422163	-19.01913000
8.09325589	-0.01644948	-19.04355000
8.09825589	-0.01599170	-19.04355000
8.10325589	-0.01586962	-19.04355000
8.10825589	-0.01586962	-19.04355000
8.11325589	-0.01586962	-19.06796000
8.11825589	-0.01586962	-19.15952000
8.12325589	-0.01586962	-18.68954000
8.12825589	-0.01586962	-17.67022000
8.13325589	-0.01586962	-17.67022000
8.13825589	-0.01586962	-18.68954000
8.14325589	-0.01586962	-19.18394000
8.14825589	-0.01586962	-19.18394000
8.15325589	-0.01586962	-18.68954000
8.15825589	-0.01586962	-17.67022000
8.16325589	-0.01586962	-17.67022000
8.16825589	-0.01586962	-18.68954000
8.17325589	-0.01586962	-19.15952000
8.17825589	-0.01586962	-19.06796000
8.18325589	-0.01586962	-19.04355000
8.18825589	-0.01586962	-19.04355000
8.19325589	-0.01586962	-19.04355000
8.19825589	-0.01586962	-19.04355000
8.20325589	-0.01599170	-19.04355000
8.20825589	-0.01644948	-19.04355000
8.21325589	-0.01409955	-19.04355000
8.21825589	-0.00900296	-19.04355000
8.22325589	-0.00900296	-19.04355000
8.22825589	-0.01409955	-19.04355000
8.23325589	-0.01644948	-19.06796000
8.23825589	-0.01599170	-19.15952000
8.24325589	-0.01586962	-18.68954000
8.24825589	-0.01586962	-17.67022000
8.25325589	-0.01599170	-17.69463000
8.25825589	-0.01644948	-18.80550000
8.26325589	-0.01409955	-18.80550000
8.26825589	-0.00900296	-17.69463000
8.27325589	-0.00900296	-17.69463000
8.27825589	-0.01409955	-18.80550000
8.28325589	-0.01644948	-18.80550000
8.28825589	-0.01599170	-17.69463000
8.29325589	-0.01586962	-17.64580000
8.29825589	-0.01586962	-18.57356000
8.30325589	-0.01586962	-19.51353000
8.30825589	-0.01586962	-20.44130000
8.31325589	-0.01586962	-20.41688000
8.31825589	-0.01586962	-19.39757000
8.32325589	-0.01599170	-18.92758000
8.32825589	-0.01644948	-19.01913000
8.33325589	-0.01409955	-19.04355000
8.33825589	-0.00900296	-19.04355000
8.34325589	-0.00900296	-19.06796000
8.34825589	-0.01409955	-19.15952000
8.35325589	-0.01644948	-18.68954000
8.35825589	-0.01599170	-17.67022000
8.36325589	-0.01586962	-17.69463000
8.36825589	-0.01586962	-18.80550000
8.37325589	-0.01586962	-18.82992000
8.37825589	-0.01586962	-17.81060000
8.38325589	-0.01586962	-17.34062000
8.38825589	-0.01586962	-17.43217000
8.39325589	-0.01586962	-17.45659000
8.39825589	-0.01586962	-17.45659000
8.40325589	-0.01586962	-17.48100000
8.40825589	-0.01586962	-17.57256000
8.41325589	-0.01586962	-17.10257000
8.41825589	-0.01586962	-16.08325000
8.42325589	-0.01586962	-16.08325000
8.42825589	-0.01586962	-17.10257000
8.43325589	-0.01586962	-17.57256000
8.43825589	-0.01586962	-17.48100000
8.44325589	-0.01586962	-17.45659000
8.44825589	-0.01586962	-17.45659000
8.45325589	-0.01586962	-17.43217000
8.45825589	-0.01586962	-17.34062000
8.46325589	-0.01586962	-17.78619000
8.46825589	-0.01586962	-18.71395000
8.47325589	-0.01586962	-19.15952000
8.47825589	-0.01586962	-19.06796000
8.48325589	-0.01586962	-19.04355000
8.48825589	-0.01586962	-19.04355000
8.49325589	-0.01586962	-19.04355000
8.49825589	-0.01586962	-19.04355000
8.50325589	-0.01586962	-19.06796000
8.50825589	-0.01586962	-19.15952000
8.51325589	-0.01586962	-18.68954000
8.51825589	-0.01586962	-17.67022000
8.52325589	-0.01586962	-17.67022000
8.52825589	-0.01586962	-18.68954000
8.53325589	-0.01586962	-19.13511000
8.53825589	-0.01586962	-18.95199000
8.54325589	-0.01586962	-19.37315000
8.54825589	-0.01586962	-20.30091000
8.55325589	-0.01599170	-20.77090000
8.55825589	-0.01644948	-20.77090000
8.56325589	-0.01409955	-20.27650000
8.56825589	-0.00900296	-19.25718000
8.57325589	-0.00900296	-19.25718000
8.57825589	-0.01409955	-20.27650000
8.58325589	-0.01644948	-20.74648000
8.58825589	-0.01599170	-20.65493000
8.59325589	-0.01586962	-20.65493000
8.59825589	-0.01586962	-20.74648000
8.60325589	-0.01586962	-20.30091000
8.60825589	-0.01586962	-19.37315000
8.61325589	-0.01586962	-18.90317000
8.61825589	-0.01586962	-18.90317000
8.62325589	-0.01586962	-19.39757000
8.62825589	-0.01586962	-20.41688000
8.63325589	-0.01586962	-20.41688000
8.63825589	-0.01586962	-19.39757000
8.64325589	-0.01586962	-18.90317000
8.64825589	-0.01586962	-18.90317000
8.65325589	-0.01586962	-19.37315000
8.65825589	-0.01586962	-20.30091000
8.66325589	-0.01586962	-20.74648000
8.66825589	-0.01586962	-20.65493000
8.67325589	-0.01586962	-20.65493000
8.67825589	-0.01586962	-20.74648000
8.68325589	-0.01586962	-20.30091000
8.68825589	-0.01586962	-19.37315000
8.69325589	-0.01586962	-18.92758000
8.69825589	-0.01586962	-19.01913000
8.70325589	-0.01586962	-19.01913000
8.70825589	-0.01586962	-18.92758000
8.71325589	-0.01586962	-19.39757000
8.71825589	-0.01586962	-20.41688000
8.72325589	-0.01586962	-20.41688000
8.72825589	-0.01586962	-19.39757000
8.73325589	-0.01586962	-18.90317000
8.73825589	-0.01586962	-18.90317000
8.74325589	-0.01586962	-19.37315000
8.74825589	-0.01586962	-20.30091000
8.75325589	-0.01586962	-20.77090000
8.75825589	-0.01586962	-20.77090000
8.76325589	-0.01586962	-20.30091000
8.76825589	-0.01586962	-19.37315000
8.77325589	-0.01586962	-18.92758000
8.77825589	-0.01586962	-19.01913000
8.78325589	-0.01586962	-19.04355000
8.78825589	-0.01586962	-19.04355000
8.79325589	-0.01586962	-19.04355000
8.79825589	-0.01586962	-19.04355000
8.80325589	-0.01586962	-19.04355000
8.80825589	-0.01586962	-19.04355000
8.81325589	-0.01586962	-19.04355000
8.81825589	-0.01586962	-19.04355000
8.82325589	-0.01586962	-19.04355000
8.82825589	-0.01586962	-19.04355000
8.83325589	-0.01586962	-19.06796000
8.83825589	-0.01586962	-19.15952000
8.84325589	-0.01586962	-18.71395000
8.84825589	-0.01586962	-17.78619000
8.85325589	-0.01586962	-17.34062000
8.85825589	-0.01586962	-17.43217000
8.86325589	-0.01586962	-17.45659000
8.86825589	-0.01586962	-17.45659000
8.87325589	-0.01586962	-17.45659000
8.87825589	-0.01586962	-17.45659000
8.88325589	-0.01586962	-17.45659000
8.88825589	-0.01586962	-17.45659000
8.89325589	-0.01586962	-17.45659000
8.89825589	-0.01586962	-17.45659000
8.90325589	-0.01586962	-17.45659000
8.90825589	-0.01586962	-17.45659000
8.91325589	-0.01586962	-17.43217000
8.91825589	-0.01586962	-17.34062000
8.92325589	-0.01586962	-17.78619000
8.92825589	-0.01586962	-18.71395000
8.93325589	-0.01586962	-19.13511000
8.93825589	-0.01586962	-18.95199000
8.94325589	-0.01586962	-19.39757000
8.94825589	-0.01586962	-20.41688000
8.95325589	-0.01586962	-20.41688000
8.95825589	-0.01586962	-19.39757000
8.96325589	-0.01586962	-18.90317000
8.96825589	-0.01586962	-18.90317000
8.97325589	-0.01586962	-19.37315000
8.97825588	-0.01586962	-20.30091000
8.98325588	-0.01586962	-20.74648000
8.98825588	-0.01586962	-20.65493000
8.99325588	-0.01586962	-20.65493000
8.99825588	-0.01586962	-20.74648000
9.00325588	-0.01586962	-20.27650000
9.00825588	-0.01586962	-19.25718000
9.01325588	-0.01586962	-19.25718000
9.01825588	-0.01586962	-20.27650000
9.02325588	-0.01586962	-20.74648000
9.02825588	-0.01586962	-20.65493000
