Time	Channel A	Channel B
(us)	(V)	(mV)

-1.01135303	-0.00793481	-3.28989500
-1.00635303	-0.00793481	-3.19834000
-1.00135303	-0.00793481	-3.19834000
-0.99635303	-0.00793481	-3.28989500
-0.99135303	-0.00793481	-2.84432500
-0.98635303	-0.00793481	-1.91656200
-0.98135303	-0.00793481	-1.44657700
-0.97635303	-0.00793481	-1.44657700
-0.97135303	-0.00793481	-1.94097700
-0.96635303	-0.00793481	-2.96029500
-0.96135303	-0.00793481	-2.96029500
-0.95635303	-0.00793481	-1.94097700
-0.95135303	-0.00793481	-1.47099200
-0.94635303	-0.00793481	-1.56254800
-0.94135303	-0.00793481	-1.56254800
-0.93635303	-0.00793481	-1.47099200
-0.93135303	-0.00793481	-1.91656200
-0.92635303	-0.00793481	-2.84432500
-0.92135303	-0.00793481	-3.28989500
-0.91635303	-0.00793481	-3.19834000
-0.91135303	-0.00793481	-3.17392500
-0.90635303	-0.00793481	-3.17392500
-0.90135303	-0.00793481	-3.14951000
-0.89635303	-0.00793481	-3.05795500
-0.89135303	-0.00793481	-3.52794000
-0.88635303	-0.00793481	-4.54725700
-0.88135303	-0.00793481	-4.52284300
-0.87635303	-0.00793481	-3.41196900
-0.87135303	-0.00793481	-3.41196900
-0.86635303	-0.00793481	-4.52284300
-0.86135303	-0.00793481	-4.52284300
-0.85635303	-0.00793481	-3.41196900
-0.85135303	-0.00793481	-3.38755500
-0.84635303	-0.00793481	-4.40687300
-0.84135303	-0.00793481	-4.90127200
-0.83635303	-0.00793481	-4.90127200
-0.83135303	-0.00793481	-4.43128700
-0.82635303	-0.00793481	-3.50352500
-0.82135303	-0.00793481	-3.05795500
-0.81635303	-0.00793481	-3.14951000
-0.81135303	-0.00793481	-3.14951000
-0.80635303	-0.00793481	-3.05795500
-0.80135303	-0.00793481	-3.52794000
-0.79635303	-0.00793481	-4.54725700
-0.79135303	-0.00793481	-4.52284300
-0.78635303	-0.00793481	-3.41196900
-0.78135303	-0.00793481	-3.41196900
-0.77635303	-0.00793481	-4.52284300
-0.77135303	-0.00793481	-4.54725700
-0.76635303	-0.00793481	-3.52794000
-0.76135303	-0.00793481	-3.05795500
-0.75635303	-0.00793481	-3.14951000
-0.75135303	-0.00793481	-3.17392500
-0.74635303	-0.00793481	-3.17392500
-0.74135303	-0.00793481	-3.17392500
-0.73635303	-0.00793481	-3.17392500
-0.73135303	-0.00793481	-3.17392500
-0.72635303	-0.00793481	-3.17392500
-0.72135303	-0.00793481	-3.14951000
-0.71635303	-0.00793481	-3.05795500
-0.71135303	-0.00793481	-3.50352500
-0.70635303	-0.00793481	-4.43128700
-0.70135303	-0.00793481	-4.90127200
-0.69635303	-0.00793481	-4.90127200
-0.69135303	-0.00793481	-4.43128700
-0.68635303	-0.00793481	-3.50352500
-0.68135303	-0.00793481	-3.05795500
-0.67635303	-0.00793481	-3.14951000
-0.67135303	-0.00793481	-3.17392500
-0.66635303	-0.00793481	-3.17392500
-0.66135303	-0.00793481	-3.17392500
-0.65635303	-0.00793481	-3.17392500
-0.65135303	-0.00793481	-3.17392500
-0.64635303	-0.00793481	-3.17392500
-0.64135303	-0.00793481	-3.17392500
-0.63635303	-0.00793481	-3.17392500
-0.63135303	-0.00793481	-3.17392500
-0.62635303	-0.00793481	-3.17392500
-0.62135303	-0.00793481	-3.17392500
-0.61635303	-0.00793481	-3.17392500
-0.61135303	-0.00793481	-3.14951000
-0.60635303	-0.00793481	-3.05795500
-0.60135303	-0.00793481	-3.52794000
-0.59635303	-0.00793481	-4.54725700
-0.59135303	-0.00793481	-4.54725700
-0.58635304	-0.00793481	-3.52794000
-0.58135304	-0.00793481	-3.05795500
-0.57635304	-0.00793481	-3.14951000
-0.57135304	-0.00793481	-3.17392500
-0.56635304	-0.00793481	-3.17392500
-0.56135304	-0.00793481	-3.17392500
-0.55635304	-0.00793481	-3.17392500
-0.55135304	-0.00793481	-3.19834000
-0.54635304	-0.00793481	-3.28989500
-0.54135304	-0.00793481	-2.84432500
-0.53635304	-0.00793481	-1.91656200
-0.53135304	-0.00793481	-1.47099200
-0.52635304	-0.00793481	-1.56254800
-0.52135304	-0.00805689	-1.56254800
-0.51635304	-0.00851466	-1.47099200
-0.51135304	-0.00616474	-1.94097700
-0.50635304	-0.00106815	-2.96029500
-0.50135304	-0.00106815	-2.96029500
-0.49635304	-0.00616474	-1.94097700
-0.49135304	-0.00851466	-1.47099200
-0.48635304	-0.00805689	-1.56254800
-0.48135304	-0.00793481	-1.56254800
-0.47635304	-0.00793481	-1.47099200
-0.47135304	-0.00793481	-1.91656200
-0.46635304	-0.00793481	-2.84432500
-0.46135304	-0.00793481	-3.28989500
-0.45635304	-0.00793481	-3.19834000
-0.45135304	-0.00793481	-3.19834000
-0.44635304	-0.00793481	-3.28989500
-0.44135304	-0.00793481	-2.81991000
-0.43635304	-0.00793481	-1.80059200
-0.43135304	-0.00805689	-1.80059200
-0.42635304	-0.00851466	-2.81991000
-0.42135304	-0.00616474	-3.31431000
-0.41635304	-0.00106815	-3.31431000
-0.41135304	-0.00119022	-2.84432500
-0.40635304	-0.00674459	-1.91656200
-0.40135304	-0.00674459	-1.47099200
-0.39635304	-0.00119022	-1.56254800
-0.39135304	-0.00106815	-1.58696200
-0.38635304	-0.00616474	-1.58696200
-0.38135304	-0.00851466	-1.58696200
-0.37635304	-0.00805689	-1.58696200
-0.37135304	-0.00793481	-1.58696200
-0.36635304	-0.00793481	-1.58696200
-0.36135304	-0.00805689	-1.56254800
-0.35635304	-0.00851466	-1.47099200
-0.35135304	-0.00616474	-1.94097700
-0.34635304	-0.00106815	-2.96029500
-0.34135304	-0.00106815	-2.96029500
-0.33635304	-0.00616474	-1.94097700
-0.33135304	-0.00851466	-1.47099200
-0.32635304	-0.00805689	-1.56254800
-0.32135304	-0.00793481	-1.58696200
-0.31635304	-0.00793481	-1.58696200
-0.31135304	-0.00793481	-1.61137700
-0.30635304	-0.00793481	-1.70293300
-0.30135304	-0.00793481	-1.25736300
-0.29635304	-0.00793481	-0.32959990
-0.29135304	-0.00793481	0.11597030
-0.28635304	-0.00793481	0.02441481
-0.28135304	-0.00805689	0.00000000
-0.27635304	-0.00851466	0.00000000
-0.27135304	-0.00616474	0.02441481
-0.26635304	-0.00106815	0.11597030
-0.26135304	-0.00106815	-0.32959990
-0.25635304	-0.00616474	-1.25736300
-0.25135304	-0.00851466	-1.70293300
-0.24635304	-0.00805689	-1.61137700
-0.24135304	-0.00793481	-1.56254800
-0.23635304	-0.00793481	-1.47099200
-0.23135304	-0.00793481	-1.94097700
-0.22635304	-0.00793481	-2.96029500
-0.22135304	-0.00793481	-2.96029500
-0.21635304	-0.00793481	-1.94097700
-0.21135304	-0.00793481	-1.44657700
-0.20635304	-0.00793481	-1.44657700
-0.20135304	-0.00793481	-1.94097700
-0.19635304	-0.00793481	-2.96029500
-0.19135304	-0.00793481	-2.96029500
-0.18635304	-0.00793481	-1.94097700
-0.18135304	-0.00793481	-1.49540700
-0.17635304	-0.00793481	-1.67851800
-0.17135304	-0.00793481	-1.23294800
-0.16635304	-0.00793481	-0.21362960
-0.16135304	-0.00793481	-0.23804440
-0.15635304	-0.00793481	-1.34891800
-0.15135304	-0.00805689	-1.34891800
-0.14635304	-0.00851466	-0.23804440
-0.14135304	-0.00628681	-0.21362960
-0.13635304	-0.00164800	-1.23294800
-0.13135304	0.00045778	-1.67851800
-0.12635304	-0.00045778	-1.49540700
-0.12135304	0.00152593	-1.89214800
-0.11635304	0.00570696	-2.72835500
-0.11135304	0.01016266	-3.59508000
-0.10635304	0.01434370	-4.33973200
-0.10135304	0.01632740	-5.18204300
-0.09635304	0.01541185	-5.92669400
-0.09135304	0.01739555	-6.76900500
-0.08635304	0.02157659	-7.51365700
-0.08135304	0.02591021	-8.35596800
-0.07635304	0.02963347	-9.10061900
-0.07135304	0.03384503	-9.96734500
-0.06635304	0.03756829	-10.80355000
-0.06135304	0.04168829	-11.20029000
-0.05635304	0.04489273	-11.01718000
-0.05135304	0.05139317	-11.41392000
-0.04635304	0.05969420	-12.25013000
-0.04135304	0.06619465	-13.14127000
-0.03635304	0.06939909	-13.97748000
-0.03135304	0.07351909	-14.39863000
-0.02635304	0.07724234	-14.30708000
-0.02135304	0.08145390	-14.30708000
-0.01635304	0.08517716	-14.39863000
-0.01135304	0.08938871	-13.95306000
-0.00635304	0.09311197	-13.02530000
-0.00135304	0.09732353	-12.60414000
0.00364696	0.10104680	-12.78726000
0.00864696	0.10525830	-12.36610000
0.01364696	0.10898160	-11.43834000
0.01864696	0.11310160	-10.99277000
0.02364696	0.11630600	-11.08432000
0.02864696	0.12280650	-11.10874000
0.03364696	0.13110750	-11.10874000
0.03864696	0.13760800	-11.13315000
0.04364696	0.14084290	-11.22471000
0.04864696	0.14499340	-10.75472000
0.05364696	0.14868620	-9.73540400
0.05864696	0.15289770	-9.73540400
0.06364696	0.15662100	-10.75472000
0.06864696	0.16095460	-11.22471000
0.07364696	0.16513570	-11.13315000
0.07864696	0.16711940	-11.10874000
0.08364696	0.16620380	-11.10874000
0.08864696	0.16818750	-11.08432000
0.09364696	0.17236850	-10.99277000
0.09864696	0.17670220	-11.43834000
0.10364696	0.18042540	-12.36610000
0.10864696	0.18475910	-12.81167000
0.11364696	0.18894010	-12.72011000
0.11864696	0.19092380	-12.67128000
0.12364696	0.19000820	-12.57973000
0.12864696	0.19211400	-13.02530000
0.13364696	0.19675280	-13.95306000
0.13864696	0.19885860	-14.42305000
0.14364696	0.19794300	-14.42305000
0.14864696	0.20004880	-13.92865000
0.15364696	0.20468760	-12.90933000
0.15864696	0.20679340	-12.90933000
0.16364696	0.20587790	-13.92865000
0.16864696	0.20798360	-14.39863000
0.17364696	0.21262240	-14.30708000
0.17864696	0.21485030	-14.25825000
0.18364696	0.21439250	-14.16669000
0.18864696	0.21414840	-14.63668000
0.19364696	0.21369060	-15.65600000
0.19864696	0.21591850	-15.65600000
0.20364696	0.22055730	-14.63668000
0.20864696	0.22278510	-14.16669000
0.21364696	0.22232730	-14.25825000
0.21864696	0.22208320	-14.30708000
0.22364696	0.22162540	-14.39863000
0.22864696	0.22385330	-13.95306000
0.23364696	0.22849210	-13.02530000
0.23864696	0.23071990	-12.57973000
0.24364696	0.23026220	-12.67128000
0.24864696	0.23014010	-12.69570000
0.25364696	0.23014010	-12.69570000
0.25864696	0.23001800	-12.67128000
0.26364696	0.22956020	-12.57973000
0.26864696	0.23178810	-13.02530000
0.27364696	0.23642690	-13.95306000
0.27864696	0.23865470	-14.39863000
0.28364696	0.23819700	-14.30708000
0.28864696	0.23807490	-14.28266000
0.29364696	0.23807490	-14.28266000
0.29864696	0.23807490	-14.28266000
0.30364696	0.23807490	-14.28266000
0.30864696	0.23795280	-14.25825000
0.31364696	0.23749500	-14.16669000
0.31864696	0.23972290	-14.63668000
0.32364696	0.24436170	-15.65600000
0.32864696	0.24658960	-15.65600000
0.33364696	0.24613180	-14.63668000
0.33864696	0.24600970	-14.16669000
0.34364696	0.24600970	-14.25825000
0.34864696	0.24600970	-14.28266000
0.35364696	0.24600970	-14.28266000
0.35864696	0.24600970	-14.28266000
0.36364696	0.24600970	-14.28266000
0.36864696	0.24600970	-14.30708000
0.37364696	0.24600970	-14.39863000
0.37864696	0.24600970	-13.95306000
0.38364696	0.24600970	-13.02530000
0.38864696	0.24588760	-12.57973000
0.39364696	0.24542990	-12.67128000
0.39864696	0.24777980	-12.72011000
0.40364696	0.25287640	-12.81167000
0.40864696	0.25287640	-12.36610000
0.41364696	0.24777980	-11.43834000
0.41864696	0.24542990	-10.99277000
0.42364696	0.24588760	-11.08432000
0.42864696	0.24600970	-11.10874000
0.43364696	0.24600970	-11.10874000
0.43864696	0.24600970	-11.10874000
0.44364696	0.24600970	-11.10874000
0.44864696	0.24613180	-11.10874000
0.45364696	0.24658960	-11.10874000
0.45864696	0.24436170	-11.13315000
0.46364696	0.23972290	-11.22471000
0.46864696	0.23749500	-10.75472000
0.47364696	0.23795280	-9.73540400
0.47864696	0.23819700	-9.78423400
0.48364696	0.23865470	-10.98666000
0.48864696	0.23642690	-10.54109000
0.49364696	0.23178810	-8.50245700
0.49864696	0.22956020	-8.05688600
0.50364696	0.23001800	-9.25931500
0.50864696	0.23026220	-9.30814500
0.51364696	0.23071990	-8.28882700
0.51864696	0.22849210	-7.79442700
0.52364696	0.22385330	-7.79442700
0.52864696	0.22174750	-8.28882700
0.53364696	0.22266300	-9.30814500
0.53864696	0.22055730	-9.30814500
0.54364696	0.21591850	-8.28882700
0.54864696	0.21369060	-7.79442700
0.55364696	0.21414840	-7.79442700
0.55864696	0.21427050	-8.28882700
0.56364696	0.21427050	-9.30814500
0.56864696	0.21439250	-9.30814500
0.57364696	0.21485030	-8.28882700
0.57864696	0.21262240	-7.79442700
0.58364696	0.20798360	-7.79442700
0.58864696	0.20575580	-8.28882700
0.59364696	0.20621360	-9.30814500
0.59864696	0.20633560	-9.30814500
0.60364696	0.20633560	-8.28882700
0.60864696	0.20645770	-7.84325600
0.61364696	0.20691550	-8.02636700
0.61864696	0.20468760	-7.58079800
0.62364696	0.20004880	-6.56148000
0.62864696	0.19782100	-6.58589400
0.63364696	0.19827880	-7.69676800
0.63864696	0.19840080	-7.72118300
0.64364696	0.19840080	-6.70186400
0.64864696	0.19840080	-6.25629500
0.65364696	0.19840080	-6.43940500
0.65864696	0.19840080	-6.01825000
0.66364696	0.19840080	-5.09048700
0.66864696	0.19852290	-4.62050200
0.67364696	0.19898070	-4.62050200
0.67864696	0.19675280	-5.11490200
0.68364696	0.19211400	-6.13422100
0.68864696	0.18988620	-6.10980600
0.69364696	0.19034390	-4.99893200
0.69864696	0.19046600	-4.99893200
0.70364696	0.19046600	-6.10980600
0.70864696	0.19046600	-6.10980600
0.71364696	0.19046600	-4.99893200
0.71864696	0.19046600	-4.97451700
0.72364696	0.19046600	-5.99383500
0.72864696	0.19046600	-6.43940500
0.73364696	0.19046600	-6.25629500
0.73864696	0.19058810	-6.72627900
0.74364696	0.19104590	-7.83715300
0.74864696	0.18881800	-7.36716800
0.75364696	0.18417920	-5.32853200
0.75864696	0.18195140	-4.85854700
0.76364696	0.18240910	-5.96942000
0.76864696	0.18253120	-6.46382000
0.77364696	0.18253120	-6.37226500
0.77864696	0.18253120	-6.37226500
0.78364696	0.18253120	-6.46382000
0.78864696	0.18253120	-6.01825000
0.79364696	0.18253120	-5.09048700
0.79864696	0.18253120	-4.62050200
0.80364696	0.18253120	-4.62050200
0.80864696	0.18253120	-5.11490200
0.81364696	0.18253120	-6.13422100
0.81864696	0.18265330	-6.13422100
0.82364696	0.18311110	-5.11490200
0.82864696	0.18088320	-4.66933200
0.83364696	0.17624440	-4.85244300
0.83864696	0.17401650	-4.40687300
0.84364696	0.17447430	-3.38755500
0.84864696	0.17459640	-3.38755500
0.85364696	0.17459640	-4.40687300
0.85864696	0.17459640	-4.87685800
0.86364696	0.17459640	-4.78530200
0.86864696	0.17459640	-4.76088700
0.87364696	0.17459640	-4.76088700
0.87864696	0.17459640	-4.76088700
0.88364696	0.17459640	-4.76088700
0.88864696	0.17459640	-4.78530200
0.89364696	0.17459640	-4.87685800
0.89864696	0.17471850	-4.43128700
0.90364696	0.17517620	-3.50352500
0.90864696	0.17294840	-3.05795500
0.91364696	0.16830960	-3.14951000
0.91864696	0.16608170	-3.17392500
0.92364696	0.16653950	-3.17392500
0.92864696	0.16666160	-3.19834000
0.93364696	0.16666160	-3.28989500
0.93864696	0.16666160	-2.81991000
0.94364696	0.16666160	-1.80059200
0.94864696	0.16666160	-1.80059200
0.95364696	0.16666160	-2.81991000
0.95864696	0.16666160	-3.28989500
0.96364696	0.16666160	-3.19834000
0.96864696	0.16666160	-3.17392500
0.97364696	0.16666160	-3.17392500
0.97864696	0.16666160	-3.17392500
0.98364696	0.16666160	-3.17392500
0.98864696	0.16678370	-3.17392500
0.99364696	0.16724140	-3.17392500
0.99864696	0.16501360	-3.17392500
1.00364696	0.16037480	-3.17392500
1.00864696	0.15814690	-3.17392500
1.01364696	0.15860470	-3.17392500
1.01864696	0.15872680	-3.19834000
1.02364696	0.15872680	-3.28989500
1.02864696	0.15872680	-2.81991000
1.03364696	0.15872680	-1.80059200
1.03864696	0.15872680	-1.80059200
1.04364696	0.15872680	-2.81991000
1.04864696	0.15872680	-3.31431000
1.05364696	0.15872680	-3.31431000
1.05864695	0.15872680	-2.84432500
1.06364695	0.15872680	-1.91656200
1.06864695	0.15872680	-1.47099200
1.07364695	0.15872680	-1.56254800
1.07864695	0.15884880	-1.58696200
1.08364695	0.15930660	-1.58696200
1.08864695	0.15695670	-1.56254800
1.09364695	0.15186010	-1.47099200
1.09864695	0.15198220	-1.94097700
1.10364695	0.15753660	-2.96029500
1.10864695	0.15765860	-2.93588100
1.11364695	0.15256200	-1.82500700
1.11864695	0.15021210	-1.80059200
1.12364695	0.15066990	-2.81991000
1.12864695	0.15079200	-3.28989500
1.13364695	0.15079200	-3.19834000
1.13864695	0.15079200	-3.14951000
1.14364695	0.15079200	-3.05795500
1.14864695	0.15079200	-3.50352500
1.15364695	0.15079200	-4.43128700
1.15864695	0.15079200	-4.87685800
1.16364695	0.15079200	-4.78530200
1.16864695	0.15079200	-4.76088700
1.17364695	0.15079200	-4.76088700
1.17864695	0.15079200	-4.76088700
1.18364695	0.15079200	-4.76088700
1.18864695	0.15079200	-4.76088700
1.19364695	0.15079200	-4.76088700
1.19864695	0.15091400	-4.76088700
1.20364695	0.15137180	-4.76088700
1.20864695	0.14914390	-4.76088700
1.21364695	0.14450510	-4.76088700
1.21864695	0.14227730	-4.76088700
1.22364695	0.14273510	-4.76088700
1.22864695	0.14285710	-4.76088700
1.23364695	0.14285710	-4.76088700
1.23864695	0.14285710	-4.78530200
1.24364695	0.14285710	-4.87685800
1.24864695	0.14285710	-4.43128700
1.25364695	0.14285710	-3.50352500
1.25864695	0.14285710	-3.05795500
1.26364695	0.14285710	-3.14951000
1.26864695	0.14285710	-3.17392500
1.27364695	0.14285710	-3.17392500
1.27864695	0.14297920	-3.17392500
1.28364695	0.14343700	-3.17392500
1.28864695	0.14120910	-3.17392500
1.29364695	0.13653980	-3.17392500
1.29864695	0.13431200	-3.17392500
1.30364695	0.13476970	-3.17392500
1.30864695	0.13489180	-3.19834000
1.31364695	0.13489180	-3.28989500
1.31864695	0.13489180	-2.84432500
1.32364695	0.13489180	-1.91656200
1.32864695	0.13489180	-1.44657700
1.33364695	0.13489180	-1.44657700
1.33864695	0.13489180	-1.94097700
1.34364695	0.13489180	-2.96029500
1.34864695	0.13489180	-2.96029500
1.35364695	0.13489180	-1.94097700
1.35864695	0.13489180	-1.47099200
1.36364695	0.13489180	-1.56254800
1.36864695	0.13489180	-1.58696200
1.37364695	0.13489180	-1.58696200
1.37864695	0.13489180	-1.58696200
1.38364695	0.13489180	-1.58696200
1.38864695	0.13489180	-1.58696200
1.39364695	0.13489180	-1.58696200
1.39864695	0.13501390	-1.58696200
1.40364695	0.13547170	-1.58696200
1.40864695	0.13324380	-1.56254800
1.41364695	0.12860500	-1.47099200
1.41864695	0.12637720	-1.94097700
1.42364695	0.12683490	-2.96029500
1.42864695	0.12695700	-2.93588100
1.43364695	0.12695700	-1.82500700
1.43864695	0.12695700	-1.80059200
1.44364695	0.12695700	-2.81991000
1.44864695	0.12695700	-3.28989500
1.45364695	0.12695700	-3.19834000
1.45864695	0.12695700	-3.19834000
1.46364695	0.12695700	-3.28989500
1.46864695	0.12695700	-2.84432500
1.47364695	0.12695700	-1.91656200
1.47864695	0.12695700	-1.49540700
1.48364695	0.12695700	-1.67851800
1.48864695	0.12695700	-1.25736300
1.49364695	0.12695700	-0.32959990
1.49864695	0.12707910	0.11597030
1.50364695	0.12753680	0.02441481
1.50864695	0.12530900	0.00000000
1.51364695	0.12067020	0.00000000
1.51864695	0.11844230	0.00000000
1.52364695	0.11890010	0.00000000
1.52864695	0.11902220	0.00000000
1.53364695	0.11902220	0.00000000
1.53864695	0.11902220	0.02441481
1.54364695	0.11902220	0.11597030
1.54864695	0.11902220	-0.35401470
1.55364695	0.11902220	-1.37333300
1.55864695	0.11902220	-1.34891800
1.56364695	0.11902220	-0.23804440
1.56864695	0.11902220	-0.21362960
1.57364695	0.11902220	-1.23294800
1.57864695	0.11902220	-1.72734800
1.58364695	0.11902220	-1.72734800
1.58864695	0.11902220	-1.23294800
1.59364695	0.11902220	-0.21362960
1.59864695	0.11902220	-0.23804440
1.60364695	0.11902220	-1.34891800
1.60864695	0.11902220	-1.34891800
1.61364695	0.11902220	-0.23804440
1.61864695	0.11914430	-0.21362960
1.62364695	0.11960200	-1.23294800
1.62864695	0.11737420	-1.70293300
1.63364695	0.11273540	-1.61137700
1.63864695	0.11050750	-1.58696200
1.64364695	0.11096530	-1.58696200
1.64864695	0.11108740	-1.61137700
1.65364695	0.11108740	-1.70293300
1.65864695	0.11108740	-1.23294800
1.66364695	0.11108740	-0.21362960
1.66864695	0.11108740	-0.21362960
1.67364695	0.11108740	-1.23294800
1.67864695	0.11108740	-1.72734800
1.68364695	0.11108740	-1.72734800
1.68864695	0.11108740	-1.23294800
1.69364695	0.11108740	-0.21362960
1.69864695	0.11108740	-0.23804440
1.70364695	0.11108740	-1.34891800
1.70864695	0.11108740	-1.37333300
1.71364695	0.11108740	-0.35401470
1.71864695	0.11108740	0.14038510
1.72364695	0.11108740	0.14038510
1.72864695	0.11108740	-0.32959990
1.73364695	0.11108740	-1.25736300
1.73864695	0.11108740	-1.70293300
1.74364695	0.11108740	-1.61137700
1.74864695	0.11120950	-1.58696200
1.75364695	0.11166720	-1.58696200
1.75864695	0.10943940	-1.61137700
1.76364695	0.10480060	-1.70293300
1.76864695	0.10257270	-1.25736300
1.77364695	0.10303050	-0.32959990
1.77864695	0.10315260	0.11597030
1.78364695	0.10315260	0.02441481
1.78864695	0.10315260	0.00000000
1.79364695	0.10315260	0.00000000
1.79864695	0.10315260	0.00000000
1.80364695	0.10315260	0.00000000
1.80864695	0.10315260	-0.02441481
1.81364695	0.10315260	-0.11597030
1.81864695	0.10315260	0.35401470
1.82364695	0.10315260	1.37333300
1.82864695	0.10315260	1.34891800
1.83364695	0.10315260	0.23804440
1.83864695	0.10315260	0.23804440
1.84364695	0.10315260	1.34891800
1.84864695	0.10315260	1.37333300
1.85364695	0.10315260	0.35401470
1.85864695	0.10315260	-0.11597030
1.86364695	0.10315260	-0.02441481
1.86864695	0.10315260	0.00000000
1.87364695	0.10315260	0.00000000
1.87864695	0.10315260	0.00000000
1.88364695	0.10315260	0.00000000
1.88864695	0.10315260	0.00000000
1.89364695	0.10315260	0.00000000
1.89864695	0.10327460	0.00000000
1.90364695	0.10373240	0.00000000
1.90864695	0.10150460	0.02441481
1.91364695	0.09686575	0.11597030
1.91864695	0.09463790	-0.35401470
1.92364695	0.09509568	-1.37333300
1.92864695	0.09521775	-1.34891800
1.93364695	0.09521775	-0.23804440
1.93864695	0.09521775	-0.23804440
1.94364695	0.09521775	-1.34891800
1.94864695	0.09521775	-1.37333300
1.95364695	0.09521775	-0.35401470
1.95864695	0.09521775	0.14038510
1.96364695	0.09521775	0.14038510
1.96864695	0.09521775	-0.35401470
1.97364695	0.09521775	-1.37333300
1.97864695	0.09521775	-1.39774800
1.98364695	0.09521775	-0.46998500
1.98864695	0.09521775	0.46998500
1.99364695	0.09521775	1.39774800
1.99864695	0.09521775	1.39774800
2.00364695	0.09521775	0.46998500
2.00864695	0.09521775	-0.49439980
2.01364695	0.09521775	-1.51371800
2.01864695	0.09521775	-1.04373300
2.02364695	0.09521775	0.90334780
2.02864695	0.09521775	1.84331800
2.03364695	0.09521775	1.75176200
2.03864695	0.09521775	1.25736300
2.04364695	0.09521775	0.32959990
2.04864695	0.09521775	-0.11597030
2.05364695	0.09521775	-0.02441481
2.05864695	0.09533982	-0.02441481
2.06364695	0.09579760	-0.11597030
2.06864695	0.09356975	0.35401470
2.07364695	0.08893093	1.37333300
2.07864695	0.08670308	1.34891800
2.08364695	0.08716086	0.23804440
2.08864695	0.08728294	0.21362960
2.09364695	0.08728294	1.23294800
2.09864695	0.08728294	1.70293300
2.10364695	0.08728294	1.61137700
2.10864695	0.08728294	1.56254800
2.11364695	0.08728294	1.47099200
2.11864695	0.08728294	1.91656200
2.12364695	0.08728294	2.84432500
2.12864695	0.08728294	3.31431000
2.13364695	0.08728294	3.31431000
2.13864695	0.08728294	2.84432500
2.14364695	0.08728294	1.91656200
2.14864695	0.08728294	1.47099200
2.15364695	0.08728294	1.56254800
2.15864695	0.08728294	1.58696200
2.16364695	0.08728294	1.58696200
2.16864695	0.08728294	1.61137700
2.17364695	0.08728294	1.70293300
2.17864695	0.08728294	1.23294800
2.18364695	0.08728294	0.21362960
2.18864695	0.08728294	0.23804440
2.19364695	0.08728294	1.34891800
2.19864695	0.08728294	1.37333300
2.20364695	0.08728294	0.35401470
2.20864695	0.08728294	-0.11597030
2.21364695	0.08728294	-0.02441481
2.21864695	0.08728294	0.00000000
2.22364695	0.08728294	0.00000000
2.22864695	0.08740501	0.00000000
2.23364695	0.08786279	0.00000000
2.23864695	0.08563494	-0.02441481
2.24364695	0.08099613	-0.11597030
2.24864695	0.07876828	0.32959990
2.25364695	0.07922605	1.25736300
2.25864695	0.07934812	1.70293300
2.26364695	0.07934812	1.61137700
2.26864695	0.07934812	1.58696200
2.27364695	0.07934812	1.58696200
2.27864695	0.07934812	1.58696200
2.28364695	0.07934812	1.58696200
2.28864695	0.07934812	1.56254800
2.29364695	0.07934812	1.47099200
2.29864695	0.07934812	1.94097700
2.30364695	0.07934812	2.96029500
2.30864695	0.07934812	2.96029500
2.31364695	0.07934812	1.94097700
2.31864695	0.07934812	1.47099200
2.32364695	0.07934812	1.56254800
2.32864695	0.07934812	1.58696200
2.33364695	0.07934812	1.58696200
2.33864695	0.07934812	1.61137700
2.34364695	0.07934812	1.70293300
2.34864695	0.07934812	1.23294800
2.35364695	0.07934812	0.21362960
2.35864695	0.07934812	0.21362960
2.36364695	0.07934812	1.23294800
2.36864695	0.07934812	1.70293300
2.37364695	0.07934812	1.61137700
2.37864695	0.07934812	1.56254800
2.38364695	0.07934812	1.47099200
2.38864695	0.07947020	1.94097700
2.39364695	0.07992797	2.96029500
2.39864695	0.07757805	2.96029500
2.40364695	0.07248146	1.94097700
2.40864695	0.07260353	1.47099200
2.41364695	0.07815790	1.56254800
2.41864695	0.07827998	1.61137700
2.42364695	0.07318339	1.70293300
2.42864695	0.07083346	1.23294800
2.43364695	0.07129124	0.21362960
2.43864695	0.07141331	0.23804440
2.44364695	0.07141331	1.34891800
2.44864695	0.07141331	1.39774800
2.45364695	0.07141331	0.46998500
2.45864695	0.07141331	-0.44557020
2.46364695	0.07141331	-1.28177700
2.46864695	0.07141331	-1.72734800
2.47364695	0.07141331	-1.72734800
2.47864695	0.07141331	-1.25736300
2.48364695	0.07141331	-0.32959990
2.48864695	0.07141331	0.14038510
2.49364695	0.07141331	0.14038510
2.49864695	0.07141331	-0.32959990
2.50364695	0.07141331	-1.25736300
2.50864695	0.07141331	-1.70293300
2.51364695	0.07141331	-1.61137700
2.51864695	0.07141331	-1.61137700
2.52364695	0.07141331	-1.70293300
2.52864695	0.07141331	-1.25736300
2.53364695	0.07141331	-0.32959990
2.53864695	0.07141331	0.11597030
2.54364695	0.07141331	0.02441481
2.54864695	0.07141331	0.00000000
2.55364695	0.07141331	0.00000000
2.55864695	0.07141331	-0.02441481
2.56364695	0.07141331	-0.11597030
2.56864695	0.07141331	0.35401470
2.57364695	0.07141331	1.37333300
2.57864695	0.07141331	1.37333300
2.58364695	0.07141331	0.35401470
2.58864695	0.07141331	-0.11597030
2.59364695	0.07141331	-0.02441481
2.59864695	0.07141331	0.02441481
2.60364695	0.07141331	0.11597030
2.60864695	0.07141331	-0.35401470
2.61364695	0.07141331	-1.37333300
2.61864695	0.07141331	-1.37333300
2.62364695	0.07141331	-0.35401470
2.62864695	0.07153539	0.09155553
2.63364695	0.07199316	-0.09155553
2.63864695	0.06976531	0.35401470
2.64364695	0.06512650	1.37333300
2.64864695	0.06289865	1.37333300
2.65364695	0.06335643	0.35401470
2.65864695	0.06347850	-0.11597030
2.66364695	0.06347850	-0.02441481
2.66864695	0.06347850	-0.02441481
2.67364695	0.06347850	-0.11597030
2.67864695	0.06347850	0.35401470
2.68364695	0.06347850	1.37333300
2.68864695	0.06347850	1.34891800
2.69364695	0.06347850	0.23804440
2.69864695	0.06347850	0.21362960
2.70364694	0.06347850	1.23294800
2.70864694	0.06347850	1.70293300
2.71364694	0.06347850	1.61137700
2.71864694	0.06347850	1.58696200
2.72364694	0.06347850	1.58696200
2.72864694	0.06347850	1.58696200
2.73364694	0.06347850	1.58696200
2.73864694	0.06347850	1.58696200
2.74364694	0.06347850	1.58696200
2.74864694	0.06347850	1.58696200
2.75364694	0.06347850	1.58696200
2.75864694	0.06347850	1.58696200
2.76364694	0.06347850	1.58696200
2.76864694	0.06347850	1.58696200
2.77364694	0.06347850	1.58696200
2.77864694	0.06347850	1.58696200
2.78364694	0.06347850	1.58696200
2.78864694	0.06347850	1.61137700
2.79364694	0.06347850	1.70293300
2.79864694	0.06347850	1.25736300
2.80364694	0.06347850	0.32959990
2.80864694	0.06347850	-0.11597030
2.81364694	0.06347850	-0.02441481
2.81864694	0.06360057	0.00000000
2.82364694	0.06405835	0.00000000
2.82864694	0.06183050	0.00000000
2.83364694	0.05719168	0.00000000
2.83864694	0.05496383	0.02441481
2.84364694	0.05542161	0.11597030
2.84864694	0.05542161	-0.35401470
2.85364694	0.05496383	-1.37333300
2.85864694	0.05731376	-1.37333300
2.86364694	0.06241035	-0.35401470
2.86864694	0.06241035	0.11597030
2.87364694	0.05731376	0.02441481
2.87864694	0.05496383	0.00000000
2.88364694	0.05542161	0.00000000
2.88864694	0.05554369	0.00000000
2.89364694	0.05554369	0.00000000
2.89864694	0.05554369	-0.02441481
2.90364694	0.05554369	-0.11597030
2.90864694	0.05554369	0.35401470
2.91364694	0.05554369	1.37333300
2.91864694	0.05554369	1.34891800
2.92364694	0.05554369	0.23804440
2.92864694	0.05554369	0.18921480
2.93364694	0.05554369	1.11697700
2.93864694	0.05554369	2.05694700
2.94364694	0.05554369	2.98471000
2.94864694	0.05554369	2.96029500
2.95364694	0.05554369	1.94097700
2.95864694	0.05554369	1.47099200
2.96364694	0.05554369	1.56254800
2.96864694	0.05554369	1.61137700
2.97364694	0.05554369	1.70293300
2.97864694	0.05554369	1.25736300
2.98364694	0.05554369	0.32959990
2.98864694	0.05554369	-0.11597030
2.99364694	0.05554369	-0.02441481
2.99864694	0.05554369	-0.02441481
3.00364694	0.05554369	-0.11597030
3.00864694	0.05554369	0.35401470
3.01364694	0.05554369	1.37333300
3.01864694	0.05554369	1.37333300
3.02364694	0.05554369	0.35401470
3.02864694	0.05554369	-0.14038510
3.03364694	0.05554369	-0.14038510
3.03864694	0.05554369	0.32959990
3.04364694	0.05554369	1.25736300
3.04864694	0.05554369	1.72734800
3.05364694	0.05554369	1.72734800
3.05864694	0.05554369	1.25736300
3.06364694	0.05554369	0.32959990
3.06864694	0.05566576	-0.11597030
3.07364694	0.05612354	-0.02441481
3.07864694	0.05377361	0.02441481
3.08364694	0.04867702	0.11597030
3.08864694	0.04879910	-0.32959990
3.09364694	0.05435346	-1.25736300
3.09864694	0.05447554	-1.67851800
3.10364694	0.04937895	-1.49540700
3.10864694	0.04702902	-1.94097700
3.11364694	0.04748680	-2.96029500
3.11864694	0.04760887	-2.98471000
3.12364694	0.04760887	-2.05694700
3.12864694	0.04760887	-1.11697700
3.13364694	0.04760887	-0.18921480
3.13864694	0.04760887	-0.21362960
3.14364694	0.04760887	-1.23294800
3.14864694	0.04760887	-1.70293300
3.15364694	0.04760887	-1.61137700
3.15864694	0.04760887	-1.58696200
3.16364694	0.04760887	-1.58696200
3.16864694	0.04760887	-1.61137700
3.17364694	0.04760887	-1.70293300
3.17864694	0.04760887	-1.23294800
3.18364694	0.04760887	-0.21362960
3.18864694	0.04760887	-0.23804440
3.19364694	0.04760887	-1.34891800
3.19864694	0.04760887	-1.34891800
3.20364694	0.04760887	-0.23804440
3.20864694	0.04760887	-0.21362960
3.21364694	0.04760887	-1.23294800
3.21864694	0.04760887	-1.70293300
3.22364694	0.04760887	-1.61137700
3.22864694	0.04760887	-1.58696200
3.23364694	0.04760887	-1.58696200
3.23864694	0.04760887	-1.58696200
3.24364694	0.04760887	-1.58696200
3.24864694	0.04760887	-1.61137700
3.25364694	0.04760887	-1.70293300
3.25864694	0.04760887	-1.23294800
3.26364694	0.04760887	-0.21362960
3.26864694	0.04760887	-0.23804440
3.27364694	0.04760887	-1.34891800
3.27864694	0.04760887	-1.37333300
3.28364694	0.04760887	-0.35401470
3.28864694	0.04760887	0.11597030
3.29364694	0.04760887	0.02441481
3.29864694	0.04760887	-0.02441481
3.30364694	0.04760887	-0.11597030
3.30864694	0.04760887	0.35401470
3.31364694	0.04760887	1.37333300
3.31864694	0.04760887	1.34891800
3.32364694	0.04760887	0.23804440
3.32864694	0.04760887	0.21362960
3.33364694	0.04760887	1.23294800
3.33864694	0.04760887	1.70293300
3.34364694	0.04760887	1.61137700
3.34864694	0.04760887	1.58696200
3.35364694	0.04760887	1.58696200
3.35864694	0.04773095	1.58696200
3.36364694	0.04818873	1.58696200
3.36864694	0.04583880	1.58696200
3.37364694	0.04074221	1.58696200
3.37864694	0.04074221	1.58696200
3.38364694	0.04583880	1.58696200
3.38864694	0.04818873	1.61137700
3.39364694	0.04773095	1.70293300
3.39864694	0.04760887	1.25736300
3.40364694	0.04760887	0.32959990
3.40864694	0.04773095	-0.11597030
3.41364694	0.04818873	-0.02441481
3.41864694	0.04596087	-0.02441481
3.42364694	0.04132206	-0.11597030
3.42864694	0.03909421	0.35401470
3.43364694	0.03955199	1.37333300
3.43864694	0.03955199	1.34891800
3.44364694	0.03909421	0.23804440
3.44864694	0.04144414	0.21362960
3.45364694	0.04654073	1.23294800
3.45864694	0.04654073	1.72734800
3.46364694	0.04144414	1.72734800
3.46864694	0.03909421	1.25736300
3.47364694	0.03955199	0.32959990
3.47864694	0.03967406	-0.11597030
3.48364694	0.03967406	-0.02441481
3.48864694	0.03967406	0.00000000
3.49364694	0.03967406	0.00000000
3.49864694	0.03967406	0.00000000
3.50364694	0.03967406	0.00000000
3.50864694	0.03967406	0.00000000
3.51364694	0.03967406	0.00000000
3.51864694	0.03967406	0.00000000
3.52364694	0.03967406	0.00000000
3.52864694	0.03967406	0.00000000
3.53364694	0.03967406	0.00000000
3.53864694	0.03967406	0.00000000
3.54364694	0.03967406	0.00000000
3.54864694	0.03967406	0.02441481
3.55364694	0.03967406	0.11597030
3.55864694	0.03967406	-0.35401470
3.56364694	0.03967406	-1.37333300
3.56864694	0.03967406	-1.37333300
3.57364694	0.03967406	-0.35401470
3.57864694	0.03967406	0.11597030
3.58364694	0.03967406	0.02441481
3.58864694	0.03967406	0.02441481
3.59364694	0.03967406	0.11597030
3.59864694	0.03967406	-0.32959990
3.60364694	0.03967406	-1.25736300
3.60864694	0.03967406	-1.70293300
3.61364694	0.03967406	-1.61137700
3.61864694	0.03967406	-1.61137700
3.62364694	0.03967406	-1.70293300
3.62864694	0.03967406	-1.25736300
3.63364694	0.03967406	-0.32959990
3.63864694	0.03967406	0.06714072
3.64364694	0.03967406	-0.20752580
3.64864694	0.03967406	0.59205910
3.65364694	0.03967406	2.16071000
3.65864694	0.03967406	4.30311000
3.66364694	0.03967406	6.52485700
3.66864694	0.03967406	9.44242700
3.67364694	0.03967406	12.21351000
3.67864694	0.03967406	16.87674000
3.68364694	0.03967406	22.23578000
3.68864694	0.03967406	28.62026000
3.69364694	0.03967406	34.44319000
3.69864694	0.03967406	42.07281000
3.70364694	0.03967406	49.56206000
3.70864694	0.03967406	58.51008000
3.71364694	0.03967406	66.73788000
3.71864694	0.03967406	76.06433000
3.72364694	0.03967406	84.10901000
3.72864694	0.03979614	93.92986000
3.73364694	0.04025391	103.17090000
3.73864694	0.03790399	112.10060000
3.74364694	0.03280740	118.47900000
3.74864694	0.03280740	126.10860000
3.75364694	0.03790399	133.04240000
3.75864694	0.04025391	139.42080000
3.76364694	0.03979614	143.67500000
3.76864694	0.03979614	148.31390000
3.77364694	0.04025391	152.10420000
3.77864694	0.03802606	155.49790000
3.78364694	0.03338725	157.62200000
3.78864694	0.03115940	159.76440000
3.79364694	0.03161718	161.43070000
3.79864694	0.03173925	161.80300000
3.80364694	0.03173925	160.69220000
3.80864694	0.03173925	160.26490000
3.81364694	0.03173925	160.64330000
3.81864694	0.03173925	159.39210000
3.82364694	0.03173925	156.89570000
3.82864694	0.03173925	154.28330000
3.83364694	0.03173925	152.06150000
3.83864694	0.03173925	149.54680000
3.84364694	0.03173925	147.42270000
3.84864694	0.03173925	144.42580000
3.85364694	0.03173925	141.28240000
3.85864694	0.03173925	138.33430000
3.86364694	0.03173925	136.39940000
3.86864694	0.03173925	133.00580000
3.87364694	0.03173925	129.03230000
3.87864694	0.03173925	125.16860000
3.88364694	0.03173925	122.30600000
3.88864694	0.03173925	118.93670000
3.89364694	0.03173925	115.98250000
3.89864694	0.03173925	112.58890000
3.90364694	0.03173925	109.62860000
3.90864694	0.03173925	106.23490000
3.91364694	0.03173925	103.28070000
3.91864694	0.03173925	99.86266000
3.92364694	0.03173925	96.81693000
3.92864694	0.03173925	93.86883000
3.93364694	0.03173925	91.84240000
3.93864694	0.03173925	88.84549000
3.94364694	0.03173925	85.60442000
3.94864694	0.03173925	83.06528000
3.95364694	0.03173925	81.86285000
3.95864694	0.03173925	79.79369000
3.96364694	0.03173925	77.48039000
3.96864694	0.03173925	74.91683000
3.97364694	0.03173925	72.69508000
3.97864694	0.03173925	70.13154000
3.98364694	0.03173925	67.81823000
3.98864694	0.03173925	65.70024000
3.99364694	0.03173925	64.31470000
3.99864694	0.03173925	62.64230000
4.00364694	0.03173925	61.16520000
4.00864694	0.03173925	59.46836000
4.01364694	0.03173925	57.99127000
4.01864694	0.03173925	56.29444000
4.02364694	0.03173925	54.81124000
4.02864694	0.03173925	53.09000000
4.03364694	0.03173925	51.52135000
4.03864694	0.03173925	50.24567000
4.04364694	0.03173925	49.60479000
4.04864694	0.03173925	48.78078000
4.05364694	0.03173925	48.03613000
4.05864694	0.03173925	47.21213000
4.06364694	0.03173925	46.57124000
4.06864694	0.03173925	45.27116000
4.07364694	0.03173925	43.61095000
4.07864694	0.03173925	42.31086000
4.08364694	0.03173925	41.66998000
4.08864694	0.03173925	40.82156000
4.09364694	0.03173925	39.98535000
4.09864694	0.03173925	39.61303000
4.10364694	0.03173925	39.88769000
4.10864694	0.03173925	39.02097000
4.11364694	0.03173925	37.16544000
4.11864694	0.03173925	36.29872000
4.12364694	0.03173925	36.57338000
4.12864694	0.03173925	36.22547000
4.13364694	0.03173925	35.48082000
4.13864694	0.03173925	34.14411000
4.14364694	0.03173925	32.38014000
4.14864694	0.03173925	31.51341000
4.15364694	0.03173925	31.69652000
4.15864694	0.03173925	31.76977000
4.16364694	0.03173925	31.86132000
4.16864694	0.03173925	31.44017000
4.17364694	0.03173925	30.60396000
4.17864694	0.03173925	29.75555000
4.18364694	0.03173925	29.11466000
4.18864694	0.03173925	27.79015000
4.19364694	0.03173925	26.03229000
4.19864694	0.03173925	25.17777000
4.20364694	0.03173925	25.45854000
4.20864694	0.03173925	25.08622000
4.21364694	0.03173925	24.25001000
4.21864694	0.03173925	23.35887000
4.22364694	0.03173925	22.52266000
4.22864694	0.03173925	22.10150000
4.23364694	0.03173925	22.19306000
4.23864694	0.03173925	22.21748000
4.24364694	0.03173925	22.21748000
4.24864694	0.03173925	22.24189000
4.25364694	0.03173925	22.33344000
4.25864694	0.03173925	21.88787000
4.26364694	0.03173925	20.96011000
4.26864694	0.03173925	20.53896000
4.27364694	0.03173925	20.72207000
4.27864694	0.03186132	20.30091000
4.28364694	0.03231910	19.37315000
4.28864694	0.03009125	18.90317000
4.29364694	0.02545244	18.90317000
4.29864694	0.02322458	19.39757000
4.30364694	0.02368236	20.41688000
4.30864694	0.02380444	20.41688000
4.31364694	0.02380444	19.39757000
4.31864694	0.02380444	18.92758000
4.32364694	0.02380444	19.01913000
4.32864694	0.02380444	19.04355000
4.33364694	0.02380444	19.04355000
4.33864694	0.02380444	19.04355000
4.34364694	0.02380444	19.04355000
4.34864693	0.02380444	19.04355000
4.35364693	0.02380444	19.04355000
4.35864693	0.02380444	19.04355000
4.36364693	0.02380444	19.04355000
4.36864693	0.02380444	19.04355000
4.37364693	0.02380444	19.04355000
4.37864693	0.02380444	19.06796000
4.38364693	0.02380444	19.15952000
4.38864693	0.02380444	18.68954000
4.39364693	0.02380444	17.67022000
4.39864693	0.02380444	17.69463000
4.40364693	0.02380444	18.80550000
4.40864693	0.02380444	18.80550000
4.41364693	0.02380444	17.69463000
4.41864693	0.02380444	17.69463000
4.42364693	0.02380444	18.80550000
4.42864693	0.02380444	18.82992000
4.43364693	0.02380444	17.81060000
4.43864693	0.02380444	17.36503000
4.44364693	0.02380444	17.54814000
4.44864693	0.02380444	17.12699000
4.45364693	0.02380444	16.19922000
4.45864693	0.02380444	15.77807000
4.46364693	0.02380444	15.96118000
4.46864693	0.02380444	15.51561000
4.47364693	0.02380444	14.49629000
4.47864693	0.02380444	14.52071000
4.48364693	0.02380444	15.63158000
4.48864693	0.02380444	15.63158000
4.49364693	0.02380444	14.52071000
4.49864693	0.02380444	14.52071000
4.50364693	0.02380444	15.63158000
4.50864693	0.02380444	15.65600000
4.51364693	0.02380444	14.63668000
4.51864693	0.02380444	14.16669000
4.52364693	0.02380444	14.25825000
4.52864693	0.02380444	14.25825000
4.53364693	0.02380444	14.16669000
4.53864693	0.02380444	14.63668000
4.54364693	0.02380444	15.65600000
4.54864693	0.02380444	15.65600000
4.55364693	0.02380444	14.63668000
4.55864693	0.02380444	14.16669000
4.56364693	0.02380444	14.25825000
4.56864693	0.02380444	14.30708000
4.57364693	0.02380444	14.39863000
4.57864693	0.02380444	13.97748000
4.58364693	0.02380444	13.14127000
4.58864693	0.02380444	12.22571000
4.59364693	0.02380444	11.29795000
4.59864693	0.02380444	11.32237000
4.60364693	0.02380444	12.34169000
4.60864693	0.02380444	12.83609000
4.61364693	0.02380444	12.83609000
4.61864693	0.02380444	12.36610000
4.62364693	0.02380444	11.43834000
4.62864693	0.02380444	10.99277000
4.63364693	0.02380444	11.08432000
4.63864693	0.02380444	11.10874000
4.64364693	0.02380444	11.10874000
4.64864693	0.02380444	11.08432000
4.65364693	0.02380444	10.99277000
4.65864693	0.02380444	11.46275000
4.66364693	0.02380444	12.48207000
4.66864693	0.02380444	12.48207000
4.67364693	0.02380444	11.46275000
4.67864693	0.02380444	10.99277000
4.68364693	0.02380444	11.08432000
4.68864693	0.02380444	11.10874000
4.69364693	0.02380444	11.10874000
4.69864693	0.02380444	11.10874000
4.70364693	0.02380444	11.10874000
4.70864693	0.02380444	11.13315000
4.71364693	0.02380444	11.22471000
4.71864693	0.02380444	10.75472000
4.72364693	0.02380444	9.73540400
4.72864693	0.02380444	9.73540400
4.73364693	0.02380444	10.75472000
4.73864693	0.02380444	11.24912000
4.74364693	0.02380444	11.24912000
4.74864693	0.02380444	10.77914000
4.75364693	0.02380444	9.85137500
4.75864693	0.02380444	9.40580500
4.76364693	0.02380444	9.49735900
4.76864693	0.02380444	9.52177400
4.77364693	0.02380444	9.52177400
4.77864693	0.02380444	9.52177400
4.78364693	0.02380444	9.52177400
4.78864693	0.02380444	9.52177400
4.79364693	0.02380444	9.52177400
4.79864693	0.02380444	9.52177400
4.80364693	0.02380444	9.52177400
4.80864693	0.02380444	9.52177400
4.81364693	0.02380444	9.52177400
4.81864693	0.02392651	9.54619000
4.82364693	0.02438429	9.63774600
4.82864693	0.02203436	9.16776000
4.83364693	0.01693777	8.14844100
4.83864693	0.01705985	8.17285700
4.84364693	0.02261421	9.28373100
4.84864693	0.02261421	9.30814500
4.85364693	0.01705985	8.28882700
4.85864693	0.01693777	7.81884200
4.86364693	0.02203436	7.91039800
4.86864693	0.02450636	7.95922800
4.87364693	0.02450636	8.05078300
4.87864693	0.02215644	7.60521200
4.88364693	0.01751762	6.67745000
4.88864693	0.01516770	6.23187900
4.89364693	0.01516770	6.32343500
4.89864693	0.01763970	6.32343500
4.90364693	0.02273629	6.23187900
4.90864693	0.02273629	6.67745000
4.91364693	0.01763970	7.60521200
4.91864693	0.01528977	8.02636700
4.92364693	0.01574755	7.84325600
4.92864693	0.01586962	8.26441300
4.93364693	0.01586962	9.19217500
4.93864693	0.01586962	9.63774600
4.94364693	0.01586962	9.54619000
4.94864693	0.01586962	9.49735900
4.95364693	0.01586962	9.40580500
4.95864693	0.01586962	9.87579000
4.96364693	0.01586962	10.89511000
4.96864693	0.01574755	10.89511000
4.97364693	0.01528977	9.87579000
4.97864693	0.01763970	9.43021900
4.98364693	0.02273629	9.61333000
4.98864693	0.02273629	9.19217500
4.99364693	0.01763970	8.26441300
4.99864693	0.01528977	7.81884200
5.00364693	0.01574755	7.91039800
5.00864693	0.01586962	7.95922800
5.01364693	0.01586962	8.05078300
5.01864693	0.01586962	7.60521200
5.02364693	0.01586962	6.67745000
5.02864693	0.01586962	6.23187900
5.03364693	0.01586962	6.32343500
5.03864693	0.01586962	6.32343500
5.04364693	0.01586962	6.23187900
5.04864693	0.01586962	6.70186400
5.05364693	0.01586962	7.72118300
5.05864693	0.01586962	7.69676800
5.06364693	0.01586962	6.58589400
5.06864693	0.01586962	6.56148000
5.07364693	0.01586962	7.58079800
5.07864693	0.01586962	8.07519700
5.08364693	0.01586962	8.07519700
5.08864693	0.01586962	7.60521200
5.09364693	0.01586962	6.67745000
5.09864693	0.01586962	6.20746500
5.10364693	0.01586962	6.20746500
5.10864693	0.01586962	6.67745000
5.11364693	0.01586962	7.60521200
5.11864693	0.01586962	8.05078300
5.12364693	0.01586962	7.95922800
5.12864693	0.01586962	7.93481200
5.13364693	0.01586962	7.93481200
5.13864693	0.01586962	7.93481200
5.14364693	0.01586962	7.93481200
5.14864693	0.01586962	7.93481200
5.15364693	0.01586962	7.93481200
5.15864693	0.01586962	7.91039800
5.16364693	0.01586962	7.81884200
5.16864693	0.01586962	8.26441300
5.17364693	0.01586962	9.19217500
5.17864693	0.01586962	9.68657500
5.18364693	0.01586962	9.77813100
5.18864693	0.01586962	8.83816100
5.19364693	0.01586962	6.89107900
5.19864693	0.01586962	6.44550900
5.20364693	0.01586962	7.55638300
5.20864693	0.01586962	8.07519700
5.21364693	0.01586962	8.07519700
5.21864693	0.01586962	7.58079800
5.22364693	0.01586962	6.56148000
5.22864693	0.01586962	6.58589400
5.23364693	0.01586962	7.69676800
5.23864693	0.01586962	7.74559700
5.24364693	0.01586962	6.81783500
5.24864693	0.01586962	5.87786500
5.25364693	0.01586962	4.95010200
5.25864693	0.01586962	5.02334600
5.26364693	0.01586962	6.22577600
5.26864693	0.01586962	5.78020600
5.27364693	0.01586962	3.74156900
5.27864693	0.01586962	3.27158400
5.28364693	0.01586962	4.38245800
5.28864693	0.01586962	4.87685800
5.29364693	0.01586962	4.78530200
5.29864693	0.01586962	4.78530200
5.30364693	0.01586962	4.87685800
5.30864693	0.01586962	4.43128700
5.31364693	0.01586962	3.50352500
5.31864693	0.01586962	3.03354000
5.32364693	0.01586962	3.03354000
5.32864693	0.01586962	3.50352500
5.33364693	0.01586962	4.43128700
5.33864693	0.01586962	4.90127200
5.34364693	0.01586962	4.90127200
5.34864693	0.01586962	4.40687300
5.35364693	0.01586962	3.38755500
5.35864693	0.01586962	3.36314000
5.36364693	0.01586962	4.29090200
5.36864693	0.01586962	5.20645800
5.37364693	0.01586962	6.04266500
5.37864693	0.01586962	6.48823500
5.38364693	0.01586962	6.48823500
5.38864693	0.01586962	6.01825000
5.39364693	0.01586962	5.09048700
5.39864693	0.01586962	4.64491700
5.40364693	0.01586962	4.73647300
5.40864693	0.01586962	4.73647300
5.41364693	0.01586962	4.64491700
5.41864693	0.01586962	5.13931700
5.42364693	0.01586962	6.25019100
5.42864693	0.01586962	5.78020600
5.43364693	0.01586962	3.74156900
5.43864693	0.01586962	3.27158400
5.44364693	0.01586962	4.38245800
5.44864693	0.01586962	4.87685800
5.45364693	0.01586962	4.78530200
5.45864693	0.01586962	4.76088700
5.46364693	0.01586962	4.76088700
5.46864693	0.01586962	4.76088700
5.47364693	0.01586962	4.76088700
5.47864693	0.01586962	4.76088700
5.48364693	0.01586962	4.76088700
5.48864693	0.01586962	4.76088700
5.49364693	0.01586962	4.76088700
5.49864693	0.01586962	4.76088700
5.50364693	0.01586962	4.76088700
5.50864693	0.01586962	4.78530200
5.51364693	0.01586962	4.87685800
5.51864693	0.01586962	4.40687300
5.52364693	0.01586962	3.38755500
5.52864693	0.01586962	3.36314000
5.53364693	0.01586962	4.29090200
5.53864693	0.01586962	5.23087300
5.54364693	0.01586962	6.15863500
5.54864693	0.01586962	6.13422100
5.55364693	0.01586962	5.11490200
5.55864693	0.01586962	4.62050200
5.56364693	0.01586962	4.62050200
5.56864693	0.01586962	5.11490200
5.57364693	0.01586962	6.13422100
5.57864693	0.01586962	6.13422100
5.58364693	0.01586962	5.11490200
5.58864693	0.01586962	4.64491700
5.59364693	0.01586962	4.73647300
5.59864693	0.01586962	4.73647300
5.60364693	0.01586962	4.64491700
5.60864693	0.01586962	5.09048700
5.61364693	0.01586962	6.01825000
5.61864693	0.01586962	6.48823500
5.62364693	0.01586962	6.48823500
5.62864693	0.01586962	6.01825000
5.63364693	0.01586962	5.09048700
5.63864693	0.01586962	4.66933200
5.64364693	0.01586962	4.85244300
5.64864693	0.01586962	4.40687300
5.65364693	0.01586962	3.38755500
5.65864693	0.01586962	3.38755500
5.66364693	0.01586962	4.40687300
5.66864693	0.01586962	4.90127200
5.67364693	0.01586962	4.90127200
5.67864693	0.01586962	4.40687300
5.68364693	0.01586962	3.38755500
5.68864693	0.01586962	3.38755500
5.69364693	0.01586962	4.40687300
5.69864693	0.01586962	4.87685800
5.70364693	0.01586962	4.78530200
5.70864693	0.01599170	4.76088700
5.71364693	0.01644948	4.76088700
5.71864693	0.01422163	4.76088700
5.72364693	0.00958281	4.76088700
5.72864693	0.00723289	4.76088700
5.73364693	0.00723289	4.76088700
5.73864693	0.00970489	4.73647300
5.74364693	0.01480148	4.64491700
5.74864693	0.01467940	5.09048700
5.75364693	0.00912503	6.01825000
5.75864693	0.00912503	6.46382000
5.76364693	0.01467940	6.37226500
5.76864693	0.01480148	6.34785000
5.77364693	0.00970489	6.34785000
5.77864693	0.00735496	6.37226500
5.78364693	0.00781274	6.46382000
5.78864693	0.00793481	5.99383500
5.79364693	0.00793481	4.97451700
5.79864693	0.00781274	4.97451700
5.80364693	0.00735496	5.99383500
5.80864693	0.00970489	6.48823500
5.81364693	0.01480148	6.48823500
5.81864693	0.01480148	6.01825000
5.82364693	0.00970489	5.09048700
5.82864693	0.00735496	4.64491700
5.83364693	0.00781274	4.73647300
5.83864693	0.00793481	4.76088700
5.84364693	0.00793481	4.76088700
5.84864693	0.00793481	4.76088700
5.85364693	0.00793481	4.76088700
5.85864693	0.00793481	4.78530200
5.86364693	0.00793481	4.87685800
5.86864693	0.00793481	4.40687300
5.87364693	0.00793481	3.38755500
5.87864693	0.00793481	3.38755500
5.88364693	0.00793481	4.40687300
5.88864693	0.00793481	4.87685800
5.89364693	0.00793481	4.78530200
5.89864693	0.00793481	4.76088700
5.90364693	0.00793481	4.76088700
5.90864693	0.00781274	4.78530200
5.91364693	0.00735496	4.87685800
5.91864693	0.00970489	4.43128700
5.92364693	0.01480148	3.50352500
5.92864693	0.01480148	3.05795500
5.93364693	0.00970489	3.14951000
5.93864693	0.00735496	3.17392500
5.94364693	0.00781274	3.17392500
5.94864693	0.00793481	3.17392500
5.95364693	0.00793481	3.17392500
5.95864693	0.00793481	3.17392500
5.96364693	0.00793481	3.17392500
5.96864693	0.00793481	3.17392500
5.97364693	0.00793481	3.17392500
5.97864693	0.00793481	3.17392500
5.98364693	0.00793481	3.17392500
5.98864693	0.00793481	3.14951000
5.99364692	0.00793481	3.05795500
5.99864692	0.00793481	3.52794000
6.00364692	0.00793481	4.54725700
6.00864692	0.00793481	4.52284300
6.01364692	0.00793481	3.41196900
6.01864692	0.00793481	3.38755500
6.02364692	0.00793481	4.40687300
6.02864692	0.00793481	4.87685800
6.03364692	0.00793481	4.78530200
6.03864692	0.00793481	4.78530200
6.04364692	0.00793481	4.87685800
6.04864692	0.00793481	4.43128700
6.05364692	0.00793481	3.50352500
6.05864692	0.00793481	3.05795500
6.06364692	0.00793481	3.14951000
6.06864692	0.00793481	3.19834000
6.07364692	0.00793481	3.28989500
6.07864692	0.00793481	2.84432500
6.08364692	0.00793481	1.91656200
6.08864692	0.00793481	1.44657700
6.09364692	0.00793481	1.44657700
6.09864692	0.00793481	1.94097700
6.10364692	0.00793481	2.96029500
6.10864692	0.00793481	2.93588100
6.11364692	0.00793481	1.82500700
6.11864692	0.00793481	1.80059200
6.12364692	0.00793481	2.81991000
6.12864692	0.00793481	3.28989500
6.13364692	0.00793481	3.19834000
6.13864692	0.00793481	3.14951000
6.14364692	0.00793481	3.05795500
6.14864692	0.00793481	3.52794000
6.15364692	0.00793481	4.54725700
6.15864692	0.00793481	4.54725700
6.16364692	0.00793481	3.52794000
6.16864692	0.00793481	3.05795500
6.17364692	0.00793481	3.14951000
6.17864692	0.00793481	3.17392500
6.18364692	0.00793481	3.17392500
6.18864692	0.00793481	3.19834000
6.19364692	0.00793481	3.28989500
6.19864692	0.00793481	2.81991000
6.20364692	0.00793481	1.80059200
6.20864692	0.00793481	1.82500700
6.21364692	0.00793481	2.93588100
6.21864692	0.00793481	2.96029500
6.22364692	0.00793481	1.94097700
6.22864692	0.00793481	1.47099200
6.23364692	0.00793481	1.56254800
6.23864692	0.00793481	1.61137700
6.24364692	0.00793481	1.70293300
6.24864692	0.00793481	1.23294800
6.25364692	0.00793481	0.21362960
6.25864692	0.00793481	0.21362960
6.26364692	0.00793481	1.23294800
6.26864692	0.00793481	1.67851800
6.27364692	0.00793481	1.49540700
6.27864692	0.00793481	1.94097700
6.28364692	0.00793481	2.96029500
6.28864692	0.00793481	2.93588100
6.29364692	0.00793481	1.82500700
6.29864692	0.00793481	1.80059200
6.30364692	0.00793481	2.81991000
6.30864692	0.00793481	3.28989500
6.31364692	0.00793481	3.19834000
6.31864692	0.00793481	3.17392500
6.32364692	0.00793481	3.17392500
6.32864692	0.00793481	3.17392500
6.33364692	0.00793481	3.17392500
6.33864692	0.00793481	3.17392500
6.34364692	0.00793481	3.17392500
6.34864692	0.00793481	3.17392500
6.35364692	0.00793481	3.17392500
6.35864692	0.00793481	3.17392500
6.36364692	0.00793481	3.17392500
6.36864692	0.00793481	3.14951000
6.37364692	0.00793481	3.05795500
6.37864692	0.00793481	3.52794000
6.38364692	0.00793481	4.54725700
6.38864692	0.00793481	4.52284300
6.39364692	0.00793481	3.41196900
6.39864692	0.00793481	3.41196900
6.40364692	0.00793481	4.52284300
6.40864692	0.00793481	4.57167300
6.41364692	0.00793481	3.64391000
6.41864692	0.00793481	2.70394000
6.42364692	0.00793481	1.77617700
6.42864692	0.00793481	1.82500700
6.43364692	0.00793481	2.93588100
6.43864692	0.00793481	2.93588100
6.44364692	0.00793481	1.82500700
6.44864692	0.00793481	1.80059200
6.45364692	0.00793481	2.81991000
6.45864692	0.00793481	3.28989500
6.46364692	0.00793481	3.19834000
6.46864692	0.00793481	3.17392500
6.47364692	0.00793481	3.17392500
6.47864692	0.00793481	3.19834000
6.48364692	0.00793481	3.28989500
6.48864692	0.00793481	2.84432500
6.49364692	0.00793481	1.91656200
6.49864692	0.00793481	1.44657700
6.50364692	0.00793481	1.44657700
6.50864692	0.00793481	1.94097700
6.51364692	0.00793481	2.96029500
6.51864692	0.00793481	2.96029500
6.52364692	0.00793481	1.94097700
6.52864692	0.00793481	1.47099200
6.53364692	0.00793481	1.56254800
6.53864692	0.00793481	1.58696200
6.54364692	0.00793481	1.58696200
6.54864692	0.00793481	1.56254800
6.55364692	0.00793481	1.47099200
6.55864692	0.00793481	1.94097700
6.56364692	0.00793481	2.96029500
6.56864692	0.00793481	2.93588100
6.57364692	0.00793481	1.82500700
6.57864692	0.00793481	1.80059200
6.58364692	0.00793481	2.81991000
6.58864692	0.00793481	3.28989500
6.59364692	0.00793481	3.19834000
6.59864692	0.00793481	3.17392500
6.60364692	0.00793481	3.17392500
6.60864692	0.00793481	3.19834000
6.61364692	0.00793481	3.28989500
6.61864692	0.00793481	2.81991000
6.62364692	0.00793481	1.80059200
6.62864692	0.00793481	1.80059200
6.63364692	0.00793481	2.81991000
6.63864692	0.00793481	3.28989500
6.64364692	0.00793481	3.19834000
6.64864692	0.00793481	3.17392500
6.65364692	0.00793481	3.17392500
6.65864692	0.00793481	3.17392500
6.66364692	0.00793481	3.17392500
6.66864692	0.00793481	3.17392500
6.67364692	0.00793481	3.17392500
6.67864692	0.00793481	3.17392500
6.68364692	0.00793481	3.17392500
6.68864692	0.00793481	3.17392500
6.69364692	0.00793481	3.17392500
6.69864692	0.00793481	3.17392500
6.70364692	0.00793481	3.17392500
6.70864692	0.00793481	3.17392500
6.71364692	0.00793481	3.17392500
6.71864692	0.00793481	3.19834000
6.72364692	0.00793481	3.28989500
6.72864692	0.00793481	2.81991000
6.73364692	0.00793481	1.80059200
6.73864692	0.00793481	1.80059200
6.74364692	0.00793481	2.81991000
6.74864692	0.00793481	3.28989500
6.75364692	0.00793481	3.19834000
6.75864692	0.00793481	3.17392500
6.76364692	0.00793481	3.17392500
6.76864692	0.00793481	3.17392500
6.77364692	0.00793481	3.17392500
6.77864692	0.00793481	3.14951000
6.78364692	0.00793481	3.05795500
6.78864692	0.00793481	3.50352500
6.79364692	0.00793481	4.43128700
6.79864692	0.00793481	4.90127200
6.80364692	0.00793481	4.90127200
6.80864692	0.00793481	4.43128700
6.81364692	0.00793481	3.50352500
6.81864692	0.00793481	3.05795500
6.82364692	0.00793481	3.14951000
6.82864692	0.00793481	3.17392500
6.83364692	0.00793481	3.17392500
6.83864692	0.00793481	3.17392500
6.84364692	0.00793481	3.17392500
6.84864692	0.00793481	3.17392500
6.85364692	0.00793481	3.17392500
6.85864692	0.00793481	3.17392500
6.86364692	0.00793481	3.17392500
6.86864692	0.00793481	3.14951000
6.87364692	0.00793481	3.05795500
6.87864692	0.00793481	3.52794000
6.88364692	0.00793481	4.54725700
6.88864692	0.00793481	4.54725700
6.89364692	0.00793481	3.52794000
6.89864692	0.00793481	3.05795500
6.90364692	0.00793481	3.14951000
6.90864692	0.00793481	3.14951000
6.91364692	0.00793481	3.05795500
6.91864692	0.00793481	3.50352500
6.92364692	0.00793481	4.43128700
6.92864692	0.00793481	4.87685800
6.93364692	0.00793481	4.78530200
6.93864692	0.00793481	4.78530200
6.94364692	0.00793481	4.87685800
6.94864692	0.00793481	4.43128700
6.95364692	0.00793481	3.50352500
6.95864692	0.00793481	3.03354000
6.96364692	0.00793481	3.03354000
6.96864692	0.00793481	3.50352500
6.97364692	0.00793481	4.43128700
6.97864692	0.00793481	4.90127200
6.98364692	0.00793481	4.90127200
6.98864692	0.00793481	4.43128700
6.99364692	0.00793481	3.50352500
6.99864692	0.00793481	3.05795500
7.00364692	0.00793481	3.14951000
7.00864692	0.00793481	3.17392500
7.01364692	0.00793481	3.17392500
7.01864692	0.00793481	3.17392500
7.02364692	0.00793481	3.17392500
7.02864692	0.00793481	3.17392500
7.03364692	0.00793481	3.17392500
7.03864692	0.00805689	3.17392500
7.04364692	0.00851466	3.17392500
7.04864692	0.00616474	3.17392500
7.05364692	0.00106815	3.17392500
7.05864692	0.00106815	3.19834000
7.06364692	0.00616474	3.28989500
7.06864692	0.00851466	2.84432500
7.07364692	0.00805689	1.91656200
7.07864692	0.00793481	1.44657700
7.08364692	0.00793481	1.44657700
7.08864692	0.00793481	1.91656200
7.09364692	0.00793481	2.84432500
7.09864692	0.00793481	3.31431000
7.10364692	0.00793481	3.31431000
7.10864692	0.00793481	2.84432500
7.11364692	0.00793481	1.91656200
7.11864692	0.00793481	1.47099200
7.12364692	0.00793481	1.56254800
7.12864692	0.00793481	1.58696200
7.13364692	0.00793481	1.58696200
7.13864692	0.00793481	1.58696200
7.14364692	0.00793481	1.58696200
7.14864692	0.00793481	1.58696200
7.15364692	0.00793481	1.58696200
7.15864692	0.00793481	1.56254800
7.16364692	0.00793481	1.47099200
7.16864692	0.00793481	1.91656200
7.17364692	0.00793481	2.84432500
7.17864692	0.00793481	3.28989500
7.18364692	0.00793481	3.19834000
7.18864692	0.00793481	3.14951000
7.19364692	0.00793481	3.05795500
7.19864692	0.00793481	3.50352500
7.20364692	0.00793481	4.43128700
7.20864692	0.00793481	4.90127200
7.21364692	0.00793481	4.90127200
7.21864692	0.00793481	4.43128700
7.22364692	0.00793481	3.50352500
7.22864692	0.00793481	3.05795500
7.23364692	0.00793481	3.14951000
7.23864692	0.00793481	3.17392500
7.24364692	0.00793481	3.17392500
7.24864692	0.00793481	3.19834000
7.25364692	0.00793481	3.28989500
7.25864692	0.00793481	2.84432500
7.26364692	0.00793481	1.91656200
7.26864692	0.00793481	1.44657700
7.27364692	0.00793481	1.44657700
7.27864692	0.00805689	1.94097700
7.28364692	0.00851466	2.96029500
7.28864692	0.00628681	2.96029500
7.29364692	0.00164800	1.94097700
7.29864692	-0.00070193	1.47099200
7.30364692	-0.00070193	1.56254800
7.30864692	0.00164800	1.56254800
7.31364692	0.00628681	1.47099200
7.31864692	0.00863674	1.91656200
7.32364692	0.00863674	2.84432500
7.32864692	0.00616474	3.31431000
7.33364692	0.00106815	3.31431000
7.33864692	0.00106815	2.81991000
7.34364692	0.00616474	1.80059200
7.34864692	0.00863674	1.82500700
7.35364692	0.00863674	2.93588100
7.35864692	0.00616474	2.96029500
7.36364692	0.00106815	1.94097700
7.36864692	0.00106815	1.47099200
7.37364692	0.00616474	1.56254800
7.37864692	0.00863674	1.58696200
7.38364692	0.00863674	1.58696200
7.38864692	0.00628681	1.58696200
7.39364692	0.00164800	1.58696200
7.39864692	-0.00057985	1.58696200
7.40364692	-0.00012207	1.58696200
7.40864692	-0.00012207	1.58696200
7.41364692	-0.00057985	1.58696200
7.41864692	0.00164800	1.58696200
7.42364692	0.00628681	1.58696200
7.42864692	0.00863674	1.58696200
7.43364692	0.00863674	1.58696200
7.43864692	0.00628681	1.58696200
7.44364692	0.00164800	1.58696200
7.44864692	-0.00070193	1.58696200
7.45364692	-0.00070193	1.58696200
7.45864692	0.00164800	1.56254800
7.46364692	0.00628681	1.47099200
7.46864692	0.00863674	1.94097700
7.47364692	0.00863674	2.96029500
7.47864692	0.00628681	2.96029500
7.48364692	0.00164800	1.94097700
7.48864692	-0.00057985	1.47099200
7.49364692	-0.00012207	1.56254800
7.49864692	-0.00012207	1.58696200
7.50364692	-0.00057985	1.58696200
7.50864692	0.00164800	1.58696200
7.51364692	0.00628681	1.58696200
7.51864692	0.00851466	1.61137700
7.52364692	0.00805689	1.70293300
7.52864692	0.00805689	1.25736300
7.53364692	0.00851466	0.32959990
7.53864692	0.00628681	-0.14038510
7.54364692	0.00164800	-0.14038510
7.54864692	-0.00057985	0.32959990
7.55364692	-0.00012207	1.25736300
7.55864692	0.00000000	1.70293300
7.56364692	0.00000000	1.61137700
7.56864692	0.00000000	1.56254800
7.57364692	0.00000000	1.47099200
7.57864692	0.00000000	1.94097700
7.58364692	0.00000000	2.96029500
7.58864692	0.00000000	2.96029500
7.59364692	0.00000000	1.94097700
7.59864692	0.00000000	1.44657700
7.60364692	0.00000000	1.44657700
7.60864692	0.00000000	1.91656200
7.61364692	0.00000000	2.84432500
7.61864692	0.00000000	3.28989500
7.62364692	0.00000000	3.19834000
7.62864692	0.00000000	3.17392500
7.63364692	0.00000000	3.17392500
7.63864691	0.00000000	3.17392500
7.64364691	0.00000000	3.17392500
7.64864691	0.00000000	3.19834000
7.65364691	0.00000000	3.28989500
7.65864691	0.00000000	2.84432500
7.66364691	0.00000000	1.91656200
7.66864691	0.00000000	1.47099200
7.67364691	0.00000000	1.56254800
7.67864691	0.00000000	1.58696200
7.68364691	0.00000000	1.58696200
7.68864691	-0.00012207	1.58696200
7.69364691	-0.00057985	1.58696200
7.69864691	0.00177007	1.58696200
7.70364691	0.00686667	1.58696200
7.70864691	0.00686667	1.58696200
7.71364691	0.00177007	1.58696200
7.71864691	-0.00057985	1.58696200
7.72364691	-0.00012207	1.58696200
7.72864691	0.00000000	1.56254800
7.73364691	0.00000000	1.47099200
7.73864691	0.00000000	1.94097700
7.74364691	0.00000000	2.96029500
7.74864691	0.00000000	2.93588100
7.75364691	0.00000000	1.82500700
7.75864691	0.00000000	1.82500700
7.76364691	0.00000000	2.93588100
7.76864691	0.00000000	2.93588100
7.77364691	0.00000000	1.82500700
7.77864691	0.00000000	1.80059200
7.78364691	0.00000000	2.81991000
7.78864691	0.00000000	3.28989500
7.79364691	0.00000000	3.19834000
7.79864691	0.00000000	3.19834000
7.80364691	0.00000000	3.28989500
7.80864691	0.00000000	2.81991000
7.81364691	0.00000000	1.80059200
7.81864691	0.00000000	1.80059200
7.82364691	0.00000000	2.81991000
7.82864691	0.00000000	3.31431000
7.83364691	0.00000000	3.31431000
7.83864691	0.00000000	2.81991000
7.84364691	0.00000000	1.80059200
7.84864691	0.00000000	1.80059200
7.85364691	0.00000000	2.81991000
7.85864691	0.00000000	3.26548100
7.86364691	0.00000000	3.08237000
7.86864691	0.00000000	3.52794000
7.87364691	0.00000000	4.54725700
7.87864691	0.00000000	4.54725700
7.88364691	0.00000000	3.52794000
7.88864691	0.00000000	3.08237000
7.89364691	0.00000000	3.26548100
7.89864691	0.00000000	2.81991000
7.90364691	0.00000000	1.80059200
7.90864691	0.00000000	1.82500700
7.91364691	0.00000000	2.93588100
7.91864691	0.00000000	2.96029500
7.92364691	0.00000000	1.94097700
7.92864691	0.00000000	1.47099200
7.93364691	0.00000000	1.56254800
7.93864691	0.00000000	1.58696200
7.94364691	0.00000000	1.58696200
7.94864691	0.00000000	1.58696200
7.95364691	0.00000000	1.58696200
7.95864691	0.00000000	1.58696200
7.96364691	0.00000000	1.58696200
7.96864691	0.00000000	1.56254800
7.97364691	0.00000000	1.47099200
7.97864691	0.00000000	1.94097700
7.98364691	0.00000000	2.96029500
7.98864691	0.00000000	2.96029500
7.99364691	0.00000000	1.94097700
7.99864691	0.00000000	1.44657700
8.00364691	0.00000000	1.44657700
8.00864691	0.00000000	1.94097700
8.01364691	0.00000000	2.96029500
8.01864691	0.00000000	2.93588100
8.02364691	0.00000000	1.82500700
8.02864691	0.00000000	1.84942200
8.03364691	0.00000000	3.05185100
8.03864691	0.00000000	2.60628100
8.04364691	0.00000000	0.56764430
8.04864691	0.00000000	0.09765923
8.05364691	0.00000000	1.20853300
8.05864691	0.00000000	1.72734800
8.06364691	0.00000000	1.72734800
8.06864691	0.00000000	1.23294800
8.07364691	0.00000000	0.21362960
8.07864691	0.00000000	0.21362960
8.08364691	0.00000000	1.23294800
8.08864691	0.00000000	1.70293300
8.09364691	0.00000000	1.61137700
8.09864691	0.00000000	1.58696200
8.10364691	0.00000000	1.58696200
8.10864691	0.00000000	1.58696200
8.11364691	0.00000000	1.58696200
8.11864691	0.00000000	1.61137700
8.12364691	0.00000000	1.70293300
8.12864691	0.00000000	1.23294800
8.13364691	0.00000000	0.21362960
8.13864691	0.00000000	0.21362960
8.14364691	0.00000000	1.23294800
8.14864691	0.00000000	1.70293300
8.15364691	0.00000000	1.61137700
8.15864691	0.00000000	1.58696200
8.16364691	0.00000000	1.58696200
8.16864691	0.00000000	1.58696200
8.17364691	0.00000000	1.58696200
8.17864691	0.00000000	1.58696200
8.18364691	0.00000000	1.58696200
8.18864691	0.00000000	1.58696200
8.19364691	0.00000000	1.58696200
8.19864691	0.00000000	1.58696200
8.20364691	0.00000000	1.58696200
8.20864691	0.00000000	1.58696200
8.21364691	0.00000000	1.58696200
8.21864691	0.00000000	1.58696200
8.22364691	0.00000000	1.58696200
8.22864691	0.00000000	1.58696200
8.23364691	0.00000000	1.58696200
8.23864691	0.00000000	1.58696200
8.24364691	0.00000000	1.58696200
8.24864691	0.00000000	1.58696200
8.25364691	0.00000000	1.58696200
8.25864691	0.00000000	1.58696200
8.26364691	0.00000000	1.58696200
8.26864691	0.00000000	1.58696200
8.27364691	0.00000000	1.58696200
8.27864691	0.00000000	1.58696200
8.28364691	0.00000000	1.58696200
8.28864691	0.00000000	1.58696200
8.29364691	0.00000000	1.58696200
8.29864691	0.00000000	1.58696200
8.30364691	0.00000000	1.58696200
8.30864691	0.00000000	1.58696200
8.31364691	0.00000000	1.58696200
8.31864691	0.00000000	1.61137700
8.32364691	0.00000000	1.70293300
8.32864691	0.00000000	1.25736300
8.33364691	0.00000000	0.32959990
8.33864691	0.00000000	-0.11597030
8.34364691	0.00000000	-0.02441481
8.34864691	0.00000000	0.00000000
8.35364691	0.00000000	0.00000000
8.35864691	0.00000000	0.00000000
8.36364691	0.00000000	0.00000000
8.36864691	0.00000000	-0.02441481
8.37364691	0.00000000	-0.11597030
8.37864691	0.00000000	0.32959990
8.38364691	0.00000000	1.25736300
8.38864691	0.00000000	1.70293300
8.39364691	0.00000000	1.61137700
8.39864691	0.00000000	1.58696200
8.40364691	0.00000000	1.58696200
8.40864691	0.00000000	1.58696200
8.41364691	0.00000000	1.58696200
8.41864691	0.00000000	1.58696200
8.42364691	0.00000000	1.58696200
8.42864691	0.00000000	1.58696200
8.43364691	0.00000000	1.58696200
8.43864691	0.00000000	1.58696200
8.44364691	0.00000000	1.58696200
8.44864691	0.00000000	1.61137700
8.45364691	0.00000000	1.70293300
8.45864691	0.00000000	1.25736300
8.46364691	0.00000000	0.32959990
8.46864691	0.00000000	-0.11597030
8.47364691	0.00000000	-0.02441481
8.47864691	0.00000000	0.00000000
8.48364691	0.00000000	0.00000000
8.48864691	0.00000000	0.00000000
8.49364691	0.00000000	0.00000000
8.49864691	0.00000000	0.00000000
8.50364691	0.00000000	0.00000000
8.50864691	0.00000000	0.00000000
8.51364691	0.00000000	0.00000000
8.51864691	0.00000000	0.00000000
8.52364691	0.00000000	0.00000000
8.52864691	0.00000000	-0.02441481
8.53364691	0.00000000	-0.11597030
8.53864691	0.00000000	0.32959990
8.54364691	0.00000000	1.25736300
8.54864691	0.00000000	1.72734800
8.55364691	0.00000000	1.72734800
8.55864691	0.00000000	1.23294800
8.56364691	0.00000000	0.21362960
8.56864691	0.00000000	0.21362960
8.57364691	0.00000000	1.23294800
8.57864691	0.00000000	1.70293300
8.58364691	0.00000000	1.61137700
8.58864691	0.00000000	1.58696200
8.59364691	0.00000000	1.58696200
8.59864691	0.00000000	1.58696200
8.60364691	0.00000000	1.58696200
8.60864691	0.00000000	1.61137700
8.61364691	0.00000000	1.70293300
8.61864691	0.00000000	1.23294800
8.62364691	0.00000000	0.21362960
8.62864691	0.00000000	0.21362960
8.63364691	0.00000000	1.23294800
8.63864691	0.00000000	1.70293300
8.64364691	0.00000000	1.61137700
8.64864691	0.00000000	1.56254800
8.65364691	0.00000000	1.47099200
8.65864691	0.00000000	1.91656200
8.66364691	0.00000000	2.84432500
8.66864691	0.00000000	3.31431000
8.67364691	0.00000000	3.31431000
8.67864691	0.00000000	2.84432500
8.68364691	0.00000000	1.91656200
8.68864691	0.00000000	1.47099200
8.69364691	0.00000000	1.56254800
8.69864691	0.00000000	1.61137700
8.70364691	0.00000000	1.70293300
8.70864691	0.00000000	1.25736300
8.71364691	0.00000000	0.32959990
8.71864691	0.00000000	-0.11597030
8.72364691	0.00000000	-0.02441481
8.72864691	0.00000000	0.00000000
8.73364691	0.00000000	0.00000000
8.73864691	0.00000000	0.00000000
8.74364691	0.00000000	0.00000000
8.74864691	0.00000000	0.00000000
8.75364691	0.00000000	0.00000000
8.75864691	0.00000000	0.00000000
8.76364691	0.00000000	0.00000000
8.76864691	0.00000000	-0.02441481
8.77364691	0.00000000	-0.11597030
8.77864691	0.00000000	0.32959990
8.78364691	0.00000000	1.25736300
8.78864691	0.00000000	1.72734800
8.79364691	0.00000000	1.72734800
8.79864691	0.00000000	1.23294800
8.80364691	0.00000000	0.21362960
8.80864691	0.00000000	0.21362960
8.81364691	0.00000000	1.23294800
8.81864691	0.00000000	1.72734800
8.82364691	0.00000000	1.72734800
8.82864691	0.00000000	1.20853300
8.83364691	0.00000000	0.09765923
8.83864691	0.00000000	0.54322950
8.84364691	0.00000000	2.49031000
8.84864691	0.00000000	3.45469500
8.85364691	0.00000000	3.45469500
8.85864691	0.00000000	2.49031000
8.86364691	0.00000000	0.54322950
8.86864691	0.00000000	0.09765923
8.87364691	0.00000000	1.20853300
8.87864691	0.00000000	1.72734800
8.88364691	0.00000000	1.72734800
8.88864691	0.00000000	1.25736300
8.89364691	0.00000000	0.32959990
8.89864691	0.00000000	-0.11597030
8.90364691	0.00000000	-0.02441481
8.90864691	0.00000000	0.00000000
8.91364691	0.00000000	0.00000000
8.91864691	0.00000000	0.00000000
8.92364691	0.00000000	0.00000000
8.92864691	0.00000000	-0.02441481
8.93364691	0.00000000	-0.11597030
8.93864691	0.00000000	0.32959990
8.94364691	0.00000000	1.25736300
8.94864691	0.00000000	1.67851800
8.95364691	0.00000000	1.49540700
8.95864691	0.00000000	1.94097700
8.96364691	0.00000000	2.96029500
8.96864691	0.00000000	2.96029500
8.97364691	0.00000000	1.94097700
8.97864691	0.00000000	1.47099200
8.98364691	0.00000000	1.56254800
8.98864691	0.00000000	1.58696200
8.99364691	0.00000000	1.58696200
8.99864691	0.00000000	1.58696200
9.00364691	0.00000000	1.58696200
9.00864691	0.00000000	1.58696200
9.01364691	0.00000000	1.58696200
9.01864691	0.00000000	1.61137700
9.02364691	0.00000000	1.70293300
