Time	Channel A	Channel B
(us)	(V)	(mV)

-1.00904803	-0.00793481	-6.70186400
-1.00404803	-0.00793481	-7.72118300
-0.99904803	-0.00793481	-7.72118300
-0.99404803	-0.00793481	-6.70186400
-0.98904803	-0.00793481	-6.23187900
-0.98404803	-0.00793481	-6.32343500
-0.97904803	-0.00793481	-6.32343500
-0.97404803	-0.00793481	-6.23187900
-0.96904803	-0.00793481	-6.67745000
-0.96404803	-0.00793481	-7.60521200
-0.95904803	-0.00793481	-8.05078300
-0.95404803	-0.00793481	-7.95922800
-0.94904803	-0.00793481	-7.93481200
-0.94404803	-0.00793481	-7.93481200
-0.93904803	-0.00793481	-7.95922800
-0.93404803	-0.00793481	-8.05078300
-0.92904803	-0.00793481	-7.58079800
-0.92404803	-0.00793481	-6.56148000
-0.91904803	-0.00793481	-6.58589400
-0.91404803	-0.00793481	-7.69676800
-0.90904803	-0.00793481	-7.72118300
-0.90404803	-0.00793481	-6.70186400
-0.89904803	-0.00793481	-6.23187900
-0.89404803	-0.00793481	-6.32343500
-0.88904803	-0.00793481	-6.34785000
-0.88404803	-0.00793481	-6.34785000
-0.87904803	-0.00793481	-6.34785000
-0.87404803	-0.00793481	-6.34785000
-0.86904803	-0.00793481	-6.34785000
-0.86404803	-0.00793481	-6.34785000
-0.85904803	-0.00793481	-6.34785000
-0.85404803	-0.00793481	-6.34785000
-0.84904803	-0.00793481	-6.34785000
-0.84404803	-0.00793481	-6.34785000
-0.83904803	-0.00793481	-6.34785000
-0.83404803	-0.00793481	-6.34785000
-0.82904803	-0.00793481	-6.37226500
-0.82404803	-0.00793481	-6.46382000
-0.81904803	-0.00793481	-5.99383500
-0.81404803	-0.00793481	-4.97451700
-0.80904803	-0.00793481	-4.97451700
-0.80404803	-0.00793481	-5.99383500
-0.79904803	-0.00793481	-6.46382000
-0.79404803	-0.00793481	-6.37226500
-0.78904803	-0.00793481	-6.34785000
-0.78404803	-0.00793481	-6.34785000
-0.77904803	-0.00793481	-6.34785000
-0.77404803	-0.00793481	-6.34785000
-0.76904803	-0.00793481	-6.34785000
-0.76404803	-0.00793481	-6.34785000
-0.75904803	-0.00793481	-6.34785000
-0.75404803	-0.00793481	-6.34785000
-0.74904803	-0.00793481	-6.34785000
-0.74404803	-0.00793481	-6.34785000
-0.73904803	-0.00793481	-6.34785000
-0.73404803	-0.00793481	-6.34785000
-0.72904803	-0.00793481	-6.34785000
-0.72404803	-0.00793481	-6.34785000
-0.71904803	-0.00793481	-6.34785000
-0.71404803	-0.00793481	-6.34785000
-0.70904803	-0.00793481	-6.34785000
-0.70404803	-0.00793481	-6.34785000
-0.69904803	-0.00793481	-6.32343500
-0.69404803	-0.00793481	-6.23187900
-0.68904803	-0.00793481	-6.67745000
-0.68404803	-0.00793481	-7.60521200
-0.67904803	-0.00793481	-8.05078300
-0.67404803	-0.00793481	-7.95922800
-0.66904803	-0.00793481	-7.93481200
-0.66404803	-0.00793481	-7.93481200
-0.65904803	-0.00793481	-7.95922800
-0.65404803	-0.00793481	-8.05078300
-0.64904803	-0.00793481	-7.60521200
-0.64404803	-0.00793481	-6.67745000
-0.63904803	-0.00793481	-6.23187900
-0.63404803	-0.00793481	-6.32343500
-0.62904803	-0.00793481	-6.34785000
-0.62404803	-0.00793481	-6.34785000
-0.61904803	-0.00793481	-6.34785000
-0.61404803	-0.00793481	-6.34785000
-0.60904803	-0.00793481	-6.32343500
-0.60404803	-0.00793481	-6.23187900
-0.59904803	-0.00793481	-6.67745000
-0.59404803	-0.00793481	-7.60521200
-0.58904803	-0.00793481	-8.07519700
-0.58404803	-0.00793481	-8.07519700
-0.57904803	-0.00793481	-7.60521200
-0.57404803	-0.00793481	-6.67745000
-0.56904803	-0.00793481	-6.20746500
-0.56404803	-0.00793481	-6.20746500
-0.55904803	-0.00793481	-6.70186400
-0.55404803	-0.00793481	-7.72118300
-0.54904803	-0.00793481	-7.69676800
-0.54404803	-0.00793481	-6.58589400
-0.53904803	-0.00793481	-6.58589400
-0.53404803	-0.00793481	-7.69676800
-0.52904803	-0.00793481	-7.69676800
-0.52404803	-0.00793481	-6.58589400
-0.51904803	-0.00793481	-6.56148000
-0.51404803	-0.00793481	-7.58079800
-0.50904803	-0.00793481	-8.07519700
-0.50404803	-0.00793481	-8.07519700
-0.49904803	-0.00793481	-7.58079800
-0.49404803	-0.00793481	-6.56148000
-0.48904803	-0.00793481	-6.56148000
-0.48404803	-0.00793481	-7.58079800
-0.47904804	-0.00793481	-8.02636700
-0.47404804	-0.00793481	-7.84325600
-0.46904804	-0.00793481	-8.26441300
-0.46404804	-0.00793481	-9.19217500
-0.45904804	-0.00793481	-9.63774600
-0.45404804	-0.00793481	-9.54619000
-0.44904804	-0.00793481	-9.54619000
-0.44404804	-0.00793481	-9.63774600
-0.43904804	-0.00793481	-9.19217500
-0.43404804	-0.00793481	-8.26441300
-0.42904804	-0.00793481	-7.81884200
-0.42404804	-0.00793481	-7.91039800
-0.41904804	-0.00793481	-7.93481200
-0.41404804	-0.00793481	-7.93481200
-0.40904804	-0.00793481	-7.93481200
-0.40404804	-0.00793481	-7.93481200
-0.39904804	-0.00793481	-7.93481200
-0.39404804	-0.00793481	-7.93481200
-0.38904804	-0.00793481	-7.93481200
-0.38404804	-0.00793481	-7.93481200
-0.37904804	-0.00793481	-7.93481200
-0.37404804	-0.00793481	-7.93481200
-0.36904804	-0.00793481	-7.93481200
-0.36404804	-0.00793481	-7.93481200
-0.35904804	-0.00793481	-7.93481200
-0.35404804	-0.00793481	-7.93481200
-0.34904804	-0.00793481	-7.93481200
-0.34404804	-0.00793481	-7.93481200
-0.33904804	-0.00793481	-7.93481200
-0.33404804	-0.00793481	-7.93481200
-0.32904804	-0.00793481	-7.93481200
-0.32404804	-0.00793481	-7.93481200
-0.31904804	-0.00793481	-7.91039800
-0.31404804	-0.00793481	-7.81884200
-0.30904804	-0.00793481	-8.28882700
-0.30404804	-0.00793481	-9.30814500
-0.29904804	-0.00793481	-9.30814500
-0.29404804	-0.00793481	-8.28882700
-0.28904804	-0.00793481	-7.81884200
-0.28404804	-0.00793481	-7.91039800
-0.27904804	-0.00793481	-7.93481200
-0.27404804	-0.00793481	-7.93481200
-0.26904804	-0.00793481	-7.93481200
-0.26404804	-0.00793481	-7.93481200
-0.25904804	-0.00793481	-7.93481200
-0.25404804	-0.00793481	-7.93481200
-0.24904804	-0.00793481	-7.93481200
-0.24404804	-0.00793481	-7.93481200
-0.23904804	-0.00793481	-7.95922800
-0.23404804	-0.00793481	-8.05078300
-0.22904804	-0.00793481	-7.60521200
-0.22404804	-0.00793481	-6.67745000
-0.21904804	-0.00793481	-6.25629500
-0.21404804	-0.00793481	-6.43940500
-0.20904804	-0.00793481	-5.99383500
-0.20404804	-0.00793481	-4.97451700
-0.19904804	-0.00793481	-4.97451700
-0.19404804	-0.00793481	-5.99383500
-0.18904804	-0.00793481	-6.46382000
-0.18404804	-0.00793481	-6.37226500
-0.17904804	-0.00793481	-6.34785000
-0.17404804	-0.00793481	-6.34785000
-0.16904804	-0.00793481	-6.34785000
-0.16404804	-0.00793481	-6.34785000
-0.15904804	-0.00793481	-6.34785000
-0.15404804	-0.00793481	-6.34785000
-0.14904804	-0.00793481	-6.32343500
-0.14404804	-0.00793481	-6.23187900
-0.13904804	-0.00793481	-6.70186400
-0.13404804	-0.00793481	-7.72118300
-0.12904804	-0.00793481	-7.69676800
-0.12404804	-0.00793481	-6.58589400
-0.11904804	-0.00805689	-6.56148000
-0.11404804	-0.00851466	-7.58079800
-0.10904804	-0.00628681	-8.00195300
-0.10404804	-0.00164800	-7.72728600
-0.09904804	0.00033570	-8.56959700
-0.09404804	-0.00103763	-10.33357000
-0.08904804	0.00317393	-11.65197000
-0.08404804	0.01199377	-12.29286000
-0.07904804	0.01858577	-13.09854000
-0.07404804	0.02179022	-13.73943000
-0.06904804	0.02581866	-15.03952000
-0.06404804	0.02902310	-16.69973000
-0.05904804	0.03552354	-18.01813000
-0.05404804	0.04382458	-18.76278000
-0.04904804	0.05032502	-19.15952000
-0.04404804	0.05352946	-19.06796000
-0.03904804	0.05755791	-19.01913000
-0.03404804	0.06076235	-18.92758000
-0.02904804	0.06726280	-19.39757000
-0.02404804	0.07556383	-20.41688000
-0.01904804	0.08206427	-20.41688000
-0.01404804	0.08526871	-19.39757000
-0.00904804	0.08929716	-18.92758000
-0.00404804	0.09250160	-19.01913000
0.00095196	0.09900205	-19.06796000
0.00595196	0.10730310	-19.15952000
0.01095196	0.11380350	-18.73836000
0.01595196	0.11700800	-17.90216000
0.02095196	0.12103640	-17.01102000
0.02595196	0.12424090	-16.17481000
0.03095196	0.13074130	-15.75365000
0.03595196	0.13907290	-15.84521000
0.04095196	0.14557330	-15.86962000
0.04595196	0.14877770	-15.86962000
0.05095196	0.15289770	-15.84521000
0.05595196	0.15662100	-15.75365000
0.06095196	0.16083250	-16.19922000
0.06595196	0.16455580	-17.12699000
0.07095196	0.16876740	-17.59697000
0.07595196	0.17249060	-17.59697000
0.08095196	0.17670220	-17.10257000
0.08595196	0.18042540	-16.08325000
0.09095196	0.18463700	-16.05884000
0.09595196	0.18836020	-16.98660000
0.10095196	0.19257180	-17.87774000
0.10595196	0.19629510	-18.62239000
0.11095196	0.20050660	-19.48912000
0.11595196	0.20422990	-20.32533000
0.12095196	0.20856350	-20.74648000
0.12595196	0.21274450	-20.65493000
0.13095196	0.21472820	-20.60610000
0.13595196	0.21381270	-20.51454000
0.14095196	0.21579640	-20.98453000
0.14595196	0.21997740	-22.00385000
0.15095196	0.22443310	-22.00385000
0.15595196	0.22861420	-20.98453000
0.16095196	0.23059790	-20.51454000
0.16595196	0.22968230	-20.60610000
0.17095196	0.23178810	-20.65493000
0.17595196	0.23642690	-20.74648000
0.18095196	0.23853270	-20.30091000
0.18595196	0.23761710	-19.37315000
0.19095196	0.23972290	-18.92758000
0.19595196	0.24436170	-19.01913000
0.20095196	0.24658960	-19.06796000
0.20595196	0.24613180	-19.15952000
0.21095196	0.24600970	-18.71395000
0.21595196	0.24600970	-17.78619000
0.22095196	0.24588760	-17.31620000
0.22595196	0.24542990	-17.31620000
0.23095196	0.24765770	-17.78619000
0.23595196	0.25229650	-18.71395000
0.24095196	0.25452440	-19.18394000
0.24595196	0.25406660	-19.18394000
0.25095196	0.25382240	-18.68954000
0.25595196	0.25336470	-17.67022000
0.26095196	0.25559250	-17.67022000
0.26595196	0.26023130	-18.68954000
0.27095196	0.26245920	-19.15952000
0.27595196	0.26200140	-19.06796000
0.28095196	0.26187930	-19.06796000
0.28595196	0.26187930	-19.15952000
0.29095196	0.26187930	-18.71395000
0.29595196	0.26187930	-17.78619000
0.30095196	0.26187930	-17.31620000
0.30595196	0.26187930	-17.31620000
0.31095196	0.26187930	-17.78619000
0.31595196	0.26187930	-18.71395000
0.32095196	0.26187930	-19.15952000
0.32595196	0.26187930	-19.06796000
0.33095196	0.26187930	-19.01913000
0.33595196	0.26187930	-18.92758000
0.34095196	0.26175730	-19.39757000
0.34595196	0.26129950	-20.41688000
0.35095196	0.26352730	-20.39247000
0.35595196	0.26816620	-19.28160000
0.36095196	0.27039400	-19.28160000
0.36595196	0.26993620	-20.39247000
0.37095196	0.26981410	-20.41688000
0.37595196	0.26981410	-19.39757000
0.38095196	0.26981410	-18.95199000
0.38595196	0.26981410	-19.13511000
0.39095196	0.26981410	-18.71395000
0.39595196	0.26981410	-17.78619000
0.40095196	0.26981410	-17.34062000
0.40595196	0.26981410	-17.43217000
0.41095196	0.26993620	-17.45659000
0.41595196	0.27039400	-17.45659000
0.42095196	0.26816620	-17.48100000
0.42595196	0.26352730	-17.57256000
0.43095196	0.26129950	-17.10257000
0.43595196	0.26175730	-16.08325000
0.44095196	0.26187930	-16.10767000
0.44595196	0.26187930	-17.21854000
0.45095196	0.26187930	-17.26737000
0.45595196	0.26187930	-16.33961000
0.46095196	0.26200140	-15.42405000
0.46595196	0.26245920	-14.58785000
0.47095196	0.26023130	-14.14228000
0.47595196	0.25559250	-14.14228000
0.48095196	0.25348680	-14.63668000
0.48595196	0.25440230	-15.65600000
0.49095196	0.25229650	-15.63158000
0.49595196	0.24765770	-14.52071000
0.50095196	0.24542990	-14.49629000
0.50595196	0.24588760	-15.51561000
0.51095196	0.24613180	-16.01001000
0.51595196	0.24658960	-16.01001000
0.52095196	0.24436170	-15.51561000
0.52595196	0.23972290	-14.49629000
0.53095196	0.23749500	-14.52071000
0.53595196	0.23795280	-15.63158000
0.54095196	0.23819700	-15.65600000
0.54595196	0.23865470	-14.63668000
0.55095196	0.23642690	-14.16669000
0.55595196	0.23178810	-14.25825000
0.56095196	0.22956020	-14.28266000
0.56595196	0.23001800	-14.28266000
0.57095196	0.23026220	-14.28266000
0.57595196	0.23071990	-14.28266000
0.58095196	0.22849210	-14.28266000
0.58595196	0.22385330	-14.28266000
0.59095196	0.22162540	-14.28266000
0.59595196	0.22208320	-14.28266000
0.60095196	0.22220530	-14.30708000
0.60595196	0.22220530	-14.39863000
0.61095196	0.22232730	-13.92865000
0.61595196	0.22278510	-12.90933000
0.62095196	0.22055730	-12.90933000
0.62595196	0.21591850	-13.92865000
0.63095196	0.21369060	-14.39863000
0.63595196	0.21414840	-14.30708000
0.64095196	0.21427050	-14.30708000
0.64595196	0.21427050	-14.39863000
0.65095196	0.21427050	-13.97748000
0.65595196	0.21427050	-13.14127000
0.66095196	0.21439250	-12.22571000
0.66595196	0.21485030	-11.29795000
0.67095196	0.21262240	-11.32237000
0.67595196	0.20798360	-12.34169000
0.68095196	0.20575580	-12.81167000
0.68595196	0.20621360	-12.72011000
0.69095196	0.20633560	-12.69570000
0.69595196	0.20633560	-12.69570000
0.70095196	0.20633560	-12.69570000
0.70595196	0.20633560	-12.69570000
0.71095196	0.20633560	-12.72011000
0.71595196	0.20633560	-12.81167000
0.72095196	0.20633560	-12.36610000
0.72595196	0.20633560	-11.43834000
0.73095196	0.20645770	-10.96835000
0.73595196	0.20691550	-10.96835000
0.74095196	0.20468760	-11.46275000
0.74595196	0.20004880	-12.48207000
0.75095196	0.19782100	-12.48207000
0.75595196	0.19827880	-11.46275000
0.76095196	0.19840080	-10.99277000
0.76595196	0.19840080	-11.08432000
0.77095196	0.19840080	-11.08432000
0.77595196	0.19840080	-10.99277000
0.78095196	0.19840080	-11.46275000
0.78595196	0.19840080	-12.48207000
0.79095196	0.19852290	-12.48207000
0.79595196	0.19898070	-11.46275000
0.80095196	0.19675280	-11.01718000
0.80595196	0.19211400	-11.20029000
0.81095196	0.18988620	-10.77914000
0.81595196	0.19034390	-9.85137500
0.82095196	0.19046600	-9.40580500
0.82595196	0.19046600	-9.49735900
0.83095196	0.19046600	-9.52177400
0.83595196	0.19046600	-9.52177400
0.84095196	0.19046600	-9.52177400
0.84595196	0.19046600	-9.52177400
0.85095196	0.19046600	-9.52177400
0.85595196	0.19046600	-9.52177400
0.86095196	0.19046600	-9.52177400
0.86595196	0.19046600	-9.52177400
0.87095196	0.19058810	-9.52177400
0.87595196	0.19104590	-9.52177400
0.88095196	0.18881800	-9.52177400
0.88595196	0.18417920	-9.52177400
0.89095196	0.18195140	-9.49735900
0.89595196	0.18240910	-9.40580500
0.90095196	0.18253120	-9.87579000
0.90595196	0.18253120	-10.89511000
0.91095196	0.18253120	-10.87069000
0.91595196	0.18253120	-9.75981900
0.92095196	0.18253120	-9.75981900
0.92595196	0.18253120	-10.87069000
0.93095196	0.18253120	-10.87069000
0.93595196	0.18253120	-9.75981900
0.94095196	0.18265330	-9.73540400
0.94595196	0.18311110	-10.75472000
0.95095196	0.18088320	-11.22471000
0.95595196	0.17624440	-11.13315000
0.96095196	0.17401650	-11.10874000
0.96595196	0.17447430	-11.10874000
0.97095196	0.17459640	-11.13315000
0.97595196	0.17459640	-11.22471000
0.98095196	0.17459640	-10.77914000
0.98595196	0.17459640	-9.85137500
0.99095196	0.17459640	-9.40580500
0.99595196	0.17459640	-9.49735900
1.00095196	0.17459640	-9.49735900
1.00595196	0.17459640	-9.40580500
1.01095196	0.17459640	-9.87579000
1.01595196	0.17459640	-10.89511000
1.02095196	0.17471850	-10.89511000
1.02595196	0.17517620	-9.87579000
1.03095196	0.17294840	-9.43021900
1.03595196	0.16830960	-9.61333000
1.04095196	0.16608170	-9.16776000
1.04595196	0.16653950	-8.14844100
1.05095196	0.16666160	-8.17285700
1.05595196	0.16666160	-9.28373100
1.06095196	0.16666160	-9.28373100
1.06595196	0.16666160	-8.17285700
1.07095196	0.16666160	-8.14844100
1.07595196	0.16666160	-9.16776000
1.08095196	0.16666160	-9.66216000
1.08595196	0.16666160	-9.66216000
1.09095196	0.16666160	-9.19217500
1.09595196	0.16666160	-8.26441300
1.10095196	0.16678370	-7.81884200
1.10595196	0.16724140	-7.91039800
1.11095196	0.16501360	-7.93481200
1.11595196	0.16037480	-7.93481200
1.12095196	0.15814690	-7.91039800
1.12595196	0.15860470	-7.81884200
1.13095196	0.15872680	-8.26441300
1.13595196	0.15872680	-9.19217500
1.14095196	0.15872680	-9.63774600
1.14595196	0.15872680	-9.54619000
1.15095196	0.15872680	-9.54619000
1.15595196	0.15872680	-9.63774600
1.16095196	0.15872680	-9.16776000
1.16595195	0.15872680	-8.14844100
1.17095195	0.15872680	-8.17285700
1.17595195	0.15872680	-9.28373100
1.18095195	0.15872680	-9.30814500
1.18595195	0.15872680	-8.28882700
1.19095195	0.15884880	-7.84325600
1.19595195	0.15930660	-8.02636700
1.20095195	0.15707880	-7.60521200
1.20595195	0.15244000	-6.67745000
1.21095195	0.15021210	-6.23187900
1.21595195	0.15066990	-6.32343500
1.22095195	0.15079200	-6.34785000
1.22595195	0.15079200	-6.34785000
1.23095195	0.15079200	-6.32343500
1.23595195	0.15079200	-6.23187900
1.24095195	0.15079200	-6.70186400
1.24595195	0.15079200	-7.72118300
1.25095195	0.15079200	-7.69676800
1.25595195	0.15079200	-6.58589400
1.26095195	0.15079200	-6.56148000
1.26595195	0.15079200	-7.58079800
1.27095195	0.15079200	-8.05078300
1.27595195	0.15079200	-7.95922800
1.28095195	0.15079200	-7.91039800
1.28595195	0.15079200	-7.81884200
1.29095195	0.15091400	-8.23999700
1.29595195	0.15137180	-9.07620400
1.30095195	0.14914390	-9.96734500
1.30595195	0.14450510	-10.80355000
1.31095195	0.14227730	-11.24912000
1.31595195	0.14273510	-11.24912000
1.32095195	0.14285710	-10.77914000
1.32595195	0.14285710	-9.85137500
1.33095195	0.14285710	-9.40580500
1.33595195	0.14285710	-9.49735900
1.34095195	0.14285710	-9.52177400
1.34595195	0.14285710	-9.52177400
1.35095195	0.14285710	-9.52177400
1.35595195	0.14285710	-9.52177400
1.36095195	0.14285710	-9.52177400
1.36595195	0.14285710	-9.52177400
1.37095195	0.14297920	-9.52177400
1.37595195	0.14343700	-9.52177400
1.38095195	0.14120910	-9.52177400
1.38595195	0.13653980	-9.52177400
1.39095195	0.13431200	-9.54619000
1.39595195	0.13476970	-9.63774600
1.40095195	0.13489180	-9.19217500
1.40595195	0.13489180	-8.26441300
1.41095195	0.13489180	-7.81884200
1.41595195	0.13489180	-7.91039800
1.42095195	0.13489180	-7.93481200
1.42595195	0.13489180	-7.93481200
1.43095195	0.13489180	-7.93481200
1.43595195	0.13489180	-7.93481200
1.44095195	0.13489180	-7.95922800
1.44595195	0.13489180	-8.05078300
1.45095195	0.13489180	-7.60521200
1.45595195	0.13489180	-6.67745000
1.46095195	0.13489180	-6.25629500
1.46595195	0.13489180	-6.43940500
1.47095195	0.13489180	-5.99383500
1.47595195	0.13489180	-4.97451700
1.48095195	0.13501390	-4.97451700
1.48595195	0.13547170	-5.99383500
1.49095195	0.13324380	-6.46382000
1.49595195	0.12860500	-6.37226500
1.50095195	0.12637720	-6.34785000
1.50595195	0.12683490	-6.34785000
1.51095195	0.12695700	-6.34785000
1.51595195	0.12695700	-6.34785000
1.52095195	0.12695700	-6.32343500
1.52595195	0.12695700	-6.23187900
1.53095195	0.12695700	-6.67745000
1.53595195	0.12695700	-7.60521200
1.54095195	0.12695700	-8.02636700
1.54595195	0.12695700	-7.84325600
1.55095195	0.12695700	-8.26441300
1.55595195	0.12695700	-9.19217500
1.56095195	0.12695700	-9.63774600
1.56595195	0.12695700	-9.54619000
1.57095195	0.12695700	-9.54619000
1.57595195	0.12695700	-9.63774600
1.58095195	0.12707910	-9.19217500
1.58595195	0.12753680	-8.26441300
1.59095195	0.12518690	-7.81884200
1.59595195	0.12009030	-7.91039800
1.60095195	0.12021240	-7.91039800
1.60595195	0.12576680	-7.81884200
1.61095195	0.12588890	-8.28882700
1.61595195	0.12079230	-9.30814500
1.62095195	0.11844230	-9.30814500
1.62595195	0.11890010	-8.28882700
1.63095195	0.11902220	-7.81884200
1.63595195	0.11902220	-7.91039800
1.64095195	0.11902220	-7.93481200
1.64595195	0.11902220	-7.93481200
1.65095195	0.11902220	-7.95922800
1.65595195	0.11902220	-8.05078300
1.66095195	0.11902220	-7.60521200
1.66595195	0.11902220	-6.67745000
1.67095195	0.11902220	-6.20746500
1.67595195	0.11902220	-6.20746500
1.68095195	0.11902220	-6.67745000
1.68595195	0.11902220	-7.60521200
1.69095195	0.11914430	-8.05078300
1.69595195	0.11960200	-7.95922800
1.70095195	0.11737420	-7.93481200
1.70595195	0.11273540	-7.93481200
1.71095195	0.11050750	-7.95922800
1.71595195	0.11096530	-8.05078300
1.72095195	0.11108740	-7.58079800
1.72595195	0.11108740	-6.56148000
1.73095195	0.11108740	-6.56148000
1.73595195	0.11108740	-7.58079800
1.74095195	0.11108740	-8.07519700
1.74595195	0.11108740	-8.07519700
1.75095195	0.11108740	-7.58079800
1.75595195	0.11108740	-6.56148000
1.76095195	0.11108740	-6.58589400
1.76595195	0.11108740	-7.69676800
1.77095195	0.11108740	-7.69676800
1.77595195	0.11108740	-6.58589400
1.78095195	0.11108740	-6.58589400
1.78595195	0.11108740	-7.69676800
1.79095195	0.11108740	-7.69676800
1.79595195	0.11108740	-6.58589400
1.80095195	0.11108740	-6.56148000
1.80595195	0.11108740	-7.58079800
1.81095195	0.11120950	-8.05078300
1.81595195	0.11166720	-7.95922800
1.82095195	0.10931730	-7.95922800
1.82595195	0.10422070	-8.05078300
1.83095195	0.10434280	-7.58079800
1.83595195	0.10989720	-6.56148000
1.84095195	0.11001920	-6.56148000
1.84595195	0.10492260	-7.58079800
1.85095195	0.10257270	-8.05078300
1.85595195	0.10303050	-7.95922800
1.86095195	0.10315260	-7.93481200
1.86595195	0.10315260	-7.93481200
1.87095195	0.10315260	-7.93481200
1.87595195	0.10315260	-7.93481200
1.88095195	0.10315260	-7.93481200
1.88595195	0.10315260	-7.93481200
1.89095195	0.10315260	-7.93481200
1.89595195	0.10315260	-7.93481200
1.90095195	0.10315260	-7.95922800
1.90595195	0.10315260	-8.05078300
1.91095195	0.10315260	-7.58079800
1.91595195	0.10315260	-6.56148000
1.92095195	0.10315260	-6.56148000
1.92595195	0.10315260	-7.58079800
1.93095195	0.10315260	-8.05078300
1.93595195	0.10315260	-7.95922800
1.94095195	0.10327460	-7.95922800
1.94595195	0.10373240	-8.05078300
1.95095195	0.10150460	-7.58079800
1.95595195	0.09686575	-6.56148000
1.96095195	0.09463790	-6.56148000
1.96595195	0.09509568	-7.58079800
1.97095195	0.09521775	-8.05078300
1.97595195	0.09521775	-7.95922800
1.98095195	0.09521775	-7.93481200
1.98595195	0.09521775	-7.93481200
1.99095195	0.09521775	-7.93481200
1.99595195	0.09521775	-7.93481200
2.00095195	0.09521775	-7.95922800
2.00595195	0.09521775	-8.05078300
2.01095195	0.09521775	-7.60521200
2.01595195	0.09521775	-6.67745000
2.02095195	0.09521775	-6.23187900
2.02595195	0.09521775	-6.32343500
2.03095195	0.09521775	-6.34785000
2.03595195	0.09521775	-6.34785000
2.04095195	0.09521775	-6.34785000
2.04595195	0.09521775	-6.34785000
2.05095195	0.09521775	-6.32343500
2.05595195	0.09521775	-6.23187900
2.06095195	0.09521775	-6.67745000
2.06595195	0.09521775	-7.60521200
2.07095195	0.09521775	-8.07519700
2.07595195	0.09521775	-8.07519700
2.08095195	0.09521775	-7.58079800
2.08595195	0.09521775	-6.56148000
2.09095195	0.09521775	-6.56148000
2.09595195	0.09521775	-7.58079800
2.10095195	0.09533982	-8.05078300
2.10595195	0.09579760	-7.95922800
2.11095195	0.09356975	-7.93481200
2.11595195	0.08893093	-7.93481200
2.12095195	0.08670308	-7.93481200
2.12595195	0.08716086	-7.93481200
2.13095195	0.08728294	-7.93481200
2.13595195	0.08728294	-7.93481200
2.14095195	0.08728294	-7.93481200
2.14595195	0.08728294	-7.93481200
2.15095195	0.08728294	-7.93481200
2.15595195	0.08728294	-7.93481200
2.16095195	0.08728294	-7.91039800
2.16595195	0.08728294	-7.81884200
2.17095195	0.08728294	-8.28882700
2.17595195	0.08728294	-9.30814500
2.18095195	0.08728294	-9.28373100
2.18595195	0.08728294	-8.17285700
2.19095195	0.08728294	-8.17285700
2.19595195	0.08728294	-9.28373100
2.20095195	0.08728294	-9.30814500
2.20595195	0.08728294	-8.28882700
2.21095195	0.08728294	-7.81884200
2.21595195	0.08728294	-7.91039800
2.22095195	0.08728294	-7.93481200
2.22595195	0.08728294	-7.93481200
2.23095195	0.08728294	-7.93481200
2.23595195	0.08728294	-7.93481200
2.24095195	0.08740501	-7.93481200
2.24595195	0.08786279	-7.93481200
2.25095195	0.08563494	-7.93481200
2.25595195	0.08099613	-7.93481200
2.26095195	0.07876828	-7.93481200
2.26595195	0.07922605	-7.93481200
2.27095195	0.07934812	-7.93481200
2.27595195	0.07934812	-7.93481200
2.28095195	0.07934812	-7.93481200
2.28595195	0.07934812	-7.93481200
2.29095195	0.07934812	-7.95922800
2.29595195	0.07934812	-8.05078300
2.30095195	0.07934812	-7.60521200
2.30595195	0.07934812	-6.67745000
2.31095195	0.07934812	-6.23187900
2.31595195	0.07934812	-6.32343500
2.32095195	0.07934812	-6.34785000
2.32595195	0.07934812	-6.34785000
2.33095195	0.07934812	-6.32343500
2.33595195	0.07934812	-6.23187900
2.34095195	0.07934812	-6.67745000
2.34595195	0.07934812	-7.60521200
2.35095195	0.07934812	-8.05078300
2.35595195	0.07934812	-7.95922800
2.36095195	0.07934812	-7.91039800
2.36595195	0.07934812	-7.81884200
2.37095195	0.07934812	-8.28882700
2.37595195	0.07934812	-9.30814500
2.38095195	0.07934812	-9.30814500
2.38595195	0.07934812	-8.28882700
2.39095195	0.07934812	-7.81884200
2.39595195	0.07934812	-7.91039800
2.40095195	0.07934812	-7.93481200
2.40595195	0.07934812	-7.93481200
2.41095195	0.07934812	-7.95922800
2.41595195	0.07934812	-8.05078300
2.42095195	0.07947020	-7.58079800
2.42595195	0.07992797	-6.56148000
2.43095195	0.07770012	-6.56148000
2.43595195	0.07306131	-7.58079800
2.44095195	0.07083346	-8.07519700
2.44595195	0.07129124	-8.07519700
2.45095195	0.07141331	-7.60521200
2.45595195	0.07141331	-6.67745000
2.46095195	0.07141331	-6.18305000
2.46595195	0.07141331	-6.09149400
2.47095195	0.07141331	-7.00705000
2.47595195	0.07141331	-8.86257500
2.48095195	0.07141331	-9.75371600
2.48595195	0.07141331	-9.57060400
2.49095195	0.07141331	-9.52177400
2.49595195	0.07141331	-9.52177400
2.50095195	0.07141331	-9.54619000
2.50595195	0.07141331	-9.63774600
2.51095195	0.07141331	-9.16776000
2.51595195	0.07141331	-8.14844100
2.52095195	0.07141331	-8.14844100
2.52595195	0.07141331	-9.16776000
2.53095195	0.07141331	-9.63774600
2.53595195	0.07141331	-9.54619000
2.54095195	0.07141331	-9.52177400
2.54595195	0.07141331	-9.52177400
2.55095195	0.07141331	-9.54619000
2.55595195	0.07141331	-9.63774600
2.56095195	0.07141331	-9.16776000
2.56595195	0.07141331	-8.14844100
2.57095195	0.07153539	-8.17285700
2.57595195	0.07199316	-9.28373100
2.58095195	0.06964324	-9.28373100
2.58595195	0.06454664	-8.17285700
2.59095195	0.06466872	-8.14844100
2.59595195	0.07022309	-9.16776000
2.60095195	0.07034516	-9.63774600
2.60595195	0.06524857	-9.54619000
2.61095195	0.06289865	-9.54619000
2.61595195	0.06335643	-9.63774600
2.62095195	0.06347850	-9.16776000
2.62595195	0.06347850	-8.14844100
2.63095195	0.06347850	-8.17285700
2.63595195	0.06347850	-9.28373100
2.64095195	0.06347850	-9.30814500
2.64595195	0.06347850	-8.28882700
2.65095195	0.06347850	-7.81884200
2.65595195	0.06347850	-7.91039800
2.66095195	0.06347850	-7.91039800
2.66595195	0.06347850	-7.81884200
2.67095195	0.06347850	-8.28882700
2.67595195	0.06347850	-9.30814500
2.68095195	0.06347850	-9.30814500
2.68595195	0.06347850	-8.28882700
2.69095195	0.06347850	-7.81884200
2.69595195	0.06347850	-7.91039800
2.70095195	0.06347850	-7.91039800
2.70595195	0.06347850	-7.81884200
2.71095195	0.06347850	-8.26441300
2.71595195	0.06347850	-9.19217500
2.72095195	0.06347850	-9.61333000
2.72595195	0.06347850	-9.43021900
2.73095195	0.06347850	-9.90020500
2.73595195	0.06347850	-11.01108000
2.74095195	0.06347850	-10.54109000
2.74595195	0.06347850	-8.50245700
2.75095195	0.06347850	-8.00805700
2.75595195	0.06347850	-9.02737500
2.76095195	0.06347850	-9.96734500
2.76595195	0.06347850	-10.80355000
2.77095195	0.06347850	-11.24912000
2.77595195	0.06347850	-11.24912000
2.78095195	0.06347850	-10.77914000
2.78595195	0.06347850	-9.85137500
2.79095195	0.06360057	-9.40580500
2.79595195	0.06405835	-9.49735900
2.80095195	0.06183050	-9.52177400
2.80595195	0.05719168	-9.52177400
2.81095194	0.05496383	-9.54619000
2.81595194	0.05542161	-9.63774600
2.82095194	0.05554369	-9.21658900
2.82595194	0.05554369	-8.38038300
2.83095194	0.05554369	-7.46482800
2.83595194	0.05554369	-6.53706500
2.84095194	0.05554369	-6.58589400
2.84595194	0.05554369	-7.69676800
2.85095194	0.05554369	-7.72118300
2.85595194	0.05554369	-6.70186400
2.86095194	0.05554369	-6.23187900
2.86595194	0.05554369	-6.32343500
2.87095194	0.05554369	-6.34785000
2.87595194	0.05554369	-6.34785000
2.88095194	0.05554369	-6.32343500
2.88595194	0.05554369	-6.23187900
2.89095194	0.05554369	-6.70186400
2.89595194	0.05554369	-7.72118300
2.90095194	0.05554369	-7.69676800
2.90595194	0.05554369	-6.58589400
2.91095194	0.05554369	-6.56148000
2.91595194	0.05554369	-7.58079800
2.92095194	0.05554369	-8.05078300
2.92595194	0.05554369	-7.95922800
2.93095194	0.05554369	-7.93481200
2.93595194	0.05554369	-7.93481200
2.94095194	0.05554369	-7.93481200
2.94595194	0.05554369	-7.93481200
2.95095194	0.05554369	-7.91039800
2.95595194	0.05554369	-7.81884200
2.96095194	0.05554369	-8.26441300
2.96595194	0.05554369	-9.19217500
2.97095194	0.05554369	-9.66216000
2.97595194	0.05554369	-9.66216000
2.98095194	0.05554369	-9.16776000
2.98595194	0.05554369	-8.14844100
2.99095194	0.05554369	-8.17285700
2.99595194	0.05554369	-9.28373100
3.00095194	0.05554369	-9.28373100
3.00595194	0.05554369	-8.17285700
3.01095194	0.05554369	-8.14844100
3.01595194	0.05554369	-9.16776000
3.02095194	0.05554369	-9.66216000
3.02595194	0.05554369	-9.66216000
3.03095194	0.05566576	-9.21658900
3.03595194	0.05612354	-8.38038300
3.04095194	0.05389569	-7.48924200
3.04595194	0.04925688	-6.65303500
3.05095194	0.04702902	-6.23187900
3.05595194	0.04748680	-6.32343500
3.06095194	0.04760887	-6.34785000
3.06595194	0.04760887	-6.34785000
3.07095194	0.04760887	-6.37226500
3.07595194	0.04760887	-6.46382000
3.08095194	0.04760887	-6.01825000
3.08595194	0.04760887	-5.09048700
3.09095194	0.04760887	-4.62050200
3.09595194	0.04760887	-4.62050200
3.10095194	0.04760887	-5.11490200
3.10595194	0.04760887	-6.13422100
3.11095194	0.04760887	-6.13422100
3.11595194	0.04760887	-5.11490200
3.12095194	0.04760887	-4.62050200
3.12595194	0.04760887	-4.62050200
3.13095194	0.04760887	-5.09048700
3.13595194	0.04760887	-6.01825000
3.14095194	0.04760887	-6.46382000
3.14595194	0.04760887	-6.37226500
3.15095194	0.04760887	-6.37226500
3.15595194	0.04760887	-6.46382000
3.16095194	0.04760887	-5.96942000
3.16595194	0.04760887	-4.85854700
3.17095194	0.04760887	-5.32853200
3.17595194	0.04760887	-7.36716800
3.18095194	0.04760887	-7.83715300
3.18595194	0.04760887	-6.72627900
3.19095194	0.04760887	-6.23187900
3.19595194	0.04760887	-6.32343500
3.20095194	0.04760887	-6.29902000
3.20595194	0.04760887	-6.11590900
3.21095194	0.04760887	-7.05587900
3.21595194	0.04760887	-9.09451500
3.22095194	0.04760887	-9.09451500
3.22595194	0.04760887	-7.05587900
3.23095194	0.04760887	-6.09149400
3.23595194	0.04760887	-6.18305000
3.24095194	0.04760887	-6.67745000
3.24595194	0.04760887	-7.60521200
3.25095194	0.04760887	-8.05078300
3.25595194	0.04760887	-7.95922800
3.26095194	0.04760887	-7.93481200
3.26595194	0.04760887	-7.93481200
3.27095194	0.04760887	-7.93481200
3.27595194	0.04760887	-7.93481200
3.28095194	0.04760887	-7.93481200
3.28595194	0.04760887	-7.93481200
3.29095194	0.04773095	-7.93481200
3.29595194	0.04818873	-7.93481200
3.30095194	0.04583880	-7.95922800
3.30595194	0.04074221	-8.05078300
3.31095194	0.04086429	-7.58079800
3.31595194	0.04641865	-6.56148000
3.32095194	0.04641865	-6.56148000
3.32595194	0.04086429	-7.58079800
3.33095194	0.04086429	-8.05078300
3.33595194	0.04641865	-7.95922800
3.34095194	0.04654073	-7.93481200
3.34595194	0.04144414	-7.93481200
3.35095194	0.03909421	-7.93481200
3.35595194	0.03955199	-7.93481200
3.36095194	0.03967406	-7.91039800
3.36595194	0.03967406	-7.81884200
3.37095194	0.03967406	-8.26441300
3.37595194	0.03967406	-9.19217500
3.38095194	0.03967406	-9.66216000
3.38595194	0.03967406	-9.66216000
3.39095194	0.03967406	-9.19217500
3.39595194	0.03967406	-8.26441300
3.40095194	0.03967406	-7.79442700
3.40595194	0.03967406	-7.79442700
3.41095194	0.03967406	-8.28882700
3.41595194	0.03967406	-9.30814500
3.42095194	0.03967406	-9.30814500
3.42595194	0.03967406	-8.28882700
3.43095194	0.03967406	-7.79442700
3.43595194	0.03967406	-7.79442700
3.44095194	0.03967406	-8.28882700
3.44595194	0.03967406	-9.30814500
3.45095194	0.03967406	-9.30814500
3.45595194	0.03967406	-8.28882700
3.46095194	0.03967406	-7.81884200
3.46595194	0.03967406	-7.91039800
3.47095194	0.03967406	-7.93481200
3.47595194	0.03967406	-7.93481200
3.48095194	0.03967406	-7.93481200
3.48595194	0.03967406	-7.93481200
3.49095194	0.03967406	-7.93481200
3.49595194	0.03967406	-7.93481200
3.50095194	0.03967406	-7.93481200
3.50595194	0.03967406	-7.93481200
3.51095194	0.03967406	-7.93481200
3.51595194	0.03967406	-7.93481200
3.52095194	0.03967406	-7.91039800
3.52595194	0.03967406	-7.81884200
3.53095194	0.03967406	-8.23999700
3.53595194	0.03967406	-9.07620400
3.54095194	0.03967406	-9.96734500
3.54595194	0.03967406	-10.80355000
3.55095194	0.03967406	-11.22471000
3.55595194	0.03967406	-11.13315000
3.56095194	0.03967406	-11.08432000
3.56595194	0.03967406	-10.99277000
3.57095194	0.03967406	-11.43834000
3.57595194	0.03967406	-12.36610000
3.58095194	0.03967406	-12.81167000
3.58595194	0.03967406	-12.72011000
3.59095194	0.03967406	-12.69570000
3.59595194	0.03967406	-12.69570000
3.60095194	0.03979614	-12.69570000
3.60595194	0.04025391	-12.69570000
3.61095194	0.03802606	-12.69570000
3.61595194	0.03338725	-12.69570000
3.62095194	0.03115940	-12.72011000
3.62595194	0.03161718	-12.81167000
3.63095194	0.03173925	-12.39052000
3.63595194	0.03173925	-11.55431000
3.64095194	0.03173925	-10.63875000
3.64595194	0.03173925	-9.71098900
3.65095194	0.03173925	-9.78423400
3.65595194	0.03173925	-10.98666000
3.66095194	0.03173925	-10.54109000
3.66595194	0.03173925	-8.50245700
3.67095194	0.03173925	-8.09961200
3.67595194	0.03173925	-9.49735900
3.68095194	0.03173925	-8.71608600
3.68595194	0.03173925	-6.12811700
3.69095194	0.03173925	-3.55845800
3.69595194	0.03173925	-1.62358500
3.70095194	0.03173925	2.14239900
3.70595194	0.03173925	6.67134600
3.71095194	0.03173925	12.60414000
3.71595194	0.03173925	18.42708000
3.72095194	0.03173925	26.52669000
3.72595194	0.03173925	34.94370000
3.73095194	0.03173925	44.29456000
3.73595194	0.03173925	52.24769000
3.74095194	0.03173925	62.46528000
3.74595194	0.03173925	72.45094000
3.75095194	0.03173925	82.66854000
3.75595194	0.03173925	90.62166000
3.76095194	0.03173925	99.94812000
3.76595194	0.03173925	108.26750000
3.77095194	0.03173925	116.76380000
3.77595194	0.03173925	123.33140000
3.78095194	0.03173925	130.55820000
3.78595194	0.03173925	136.66190000
3.79095194	0.03173925	142.19790000
3.79595194	0.03173925	145.80520000
3.80095194	0.03173925	149.16840000
3.80595194	0.03173925	151.39010000
3.81095194	0.03173925	153.06250000
3.81595194	0.03173925	153.70950000
3.82095194	0.03173925	154.10630000
3.82595194	0.03173925	154.10630000
3.83095194	0.03173925	153.70950000
3.83595194	0.03173925	153.06250000
3.84095194	0.03173925	151.31690000
3.84595194	0.03173925	148.82040000
3.85095194	0.03173925	146.67810000
3.85595194	0.03173925	145.38410000
3.86095194	0.03173925	143.29050000
3.86595194	0.03173925	140.97110000
3.87095194	0.03173925	138.43200000
3.87595194	0.03173925	136.30180000
3.88095194	0.03173925	133.35980000
3.88595194	0.03173925	130.40560000
3.89095194	0.03173925	126.54190000
3.89595194	0.03173925	122.66000000
3.90095194	0.03173925	118.82080000
3.90595194	0.03173925	115.95810000
3.91095194	0.03173925	112.61330000
3.91595194	0.03173925	109.74460000
3.92095194	0.03173925	105.90530000
3.92595194	0.03173925	102.02340000
3.93095194	0.03173925	98.18415000
3.93595194	0.03173925	95.32151000
3.94095194	0.03173925	91.92785000
3.94595194	0.03173925	88.88210000
3.95095194	0.03173925	85.93401000
3.95595194	0.03173925	83.90148000
3.96095194	0.03186132	80.95340000
3.96595194	0.03231910	77.90765000
3.97095194	0.03009125	74.46516000
3.97595194	0.02545244	71.41941000
3.98095194	0.02322458	68.42860000
3.98595194	0.02368236	66.20686000
3.99095194	0.02380444	64.13770000
3.99595194	0.02380444	62.84372000
4.00095194	0.02380444	60.72573000
4.00595194	0.02380444	58.32087000
4.01095194	0.02380444	56.17847000
4.01595194	0.02380444	54.78683000
4.02095194	0.02380444	53.11441000
4.02595194	0.02380444	51.63732000
4.03095194	0.02380444	49.91607000
4.03595194	0.02380444	48.34742000
4.04095194	0.02380444	47.09616000
4.04595194	0.02380444	46.54683000
4.05095194	0.02380444	45.27116000
4.05595194	0.02380444	43.61095000
4.06095194	0.02380444	42.33528000
4.06595194	0.02380444	41.78594000
4.07095194	0.02380444	40.51027000
4.07595194	0.02380444	38.85006000
4.08095194	0.02380444	37.57439000
4.08595194	0.02380444	37.02505000
4.09095194	0.02380444	35.74938000
4.09595194	0.02380444	34.08918000
4.10095194	0.02380444	32.78909000
4.10595194	0.02380444	32.14820000
4.11095194	0.02380444	31.32420000
4.11595194	0.02380444	30.57955000
4.12095194	0.02380444	29.75555000
4.12595194	0.02380444	29.11466000
4.13095194	0.02380444	27.81457000
4.13595194	0.02380444	26.14826000
4.14095194	0.02380444	24.82376000
4.14595194	0.02380444	24.08521000
4.15095194	0.02380444	23.71288000
4.15595194	0.02380444	23.89599000
4.16095194	0.02380444	23.49925000
4.16595194	0.02380444	22.66304000
4.17095194	0.02380444	21.79632000
4.17595194	0.02380444	21.05167000
4.18095194	0.02380444	20.20936000
4.18595194	0.02380444	19.46471000
4.19095194	0.02380444	18.59798000
4.19595194	0.02380444	17.76177000
4.20095194	0.02380444	17.36503000
4.20595194	0.02380444	17.54814000
4.21095194	0.02380444	17.10257000
4.21595194	0.02380444	16.08325000
4.22095194	0.02380444	16.10767000
4.22595194	0.02380444	17.21854000
4.23095194	0.02380444	17.26737000
4.23595194	0.02380444	16.33961000
4.24095194	0.02380444	15.42405000
4.24595194	0.02380444	14.58785000
4.25095194	0.02380444	14.16669000
4.25595194	0.02380444	14.25825000
4.26095194	0.02380444	14.28266000
4.26595194	0.02380444	14.28266000
4.27095194	0.02380444	14.30708000
4.27595194	0.02380444	14.39863000
4.28095194	0.02380444	13.97748000
4.28595194	0.02380444	13.14127000
4.29095194	0.02380444	12.25013000
4.29595194	0.02380444	11.41392000
4.30095194	0.02380444	10.96835000
4.30595194	0.02380444	10.96835000
4.31095194	0.02380444	11.46275000
4.31595194	0.02380444	12.48207000
4.32095194	0.02380444	12.48207000
4.32595194	0.02380444	11.46275000
4.33095194	0.02380444	11.01718000
4.33595194	0.02380444	11.20029000
4.34095194	0.02392651	10.77914000
4.34595194	0.02438429	9.85137500
4.35095194	0.02203436	9.40580500
4.35595194	0.01693777	9.49735900
4.36095194	0.01705985	9.54619000
4.36595194	0.02261421	9.63774600
4.37095194	0.02273629	9.19217500
4.37595194	0.01763970	8.26441300
4.38095194	0.01516770	7.84325600
4.38595194	0.01516770	8.02636700
4.39095194	0.01763970	7.60521200
4.39595194	0.02273629	6.67745000
4.40095194	0.02261421	6.25629500
4.40595194	0.01705985	6.43940500
4.41095194	0.01705985	6.01825000
4.41595194	0.02261421	5.09048700
4.42095194	0.02273629	4.62050200
4.42595194	0.01763970	4.62050200
4.43095194	0.01516770	5.11490200
4.43595194	0.01516770	6.13422100
4.44095194	0.01763970	6.15863500
4.44595194	0.02273629	5.23087300
4.45095194	0.02273629	4.29090200
4.45595193	0.01763970	3.36314000
4.46095193	0.01528977	3.38755500
4.46595193	0.01574755	4.40687300
4.47095193	0.01586962	4.87685800
4.47595193	0.01586962	4.78530200
4.48095193	0.01586962	4.76088700
4.48595193	0.01586962	4.76088700
4.49095193	0.01586962	4.78530200
4.49595193	0.01586962	4.87685800
4.50095193	0.01586962	4.43128700
4.50595193	0.01586962	3.50352500
4.51095193	0.01586962	3.05795500
4.51595193	0.01586962	3.14951000
4.52095193	0.01586962	3.17392500
4.52595193	0.01586962	3.17392500
4.53095193	0.01586962	3.19834000
4.53595193	0.01586962	3.28989500
4.54095193	0.01586962	2.81991000
4.54595193	0.01586962	1.80059200
4.55095193	0.01586962	1.82500700
4.55595193	0.01586962	2.93588100
4.56095193	0.01586962	2.96029500
4.56595193	0.01586962	1.94097700
4.57095193	0.01586962	1.47099200
4.57595193	0.01586962	1.56254800
4.58095193	0.01586962	1.58696200
4.58595193	0.01586962	1.58696200
4.59095193	0.01586962	1.58696200
4.59595193	0.01586962	1.58696200
4.60095193	0.01586962	1.58696200
4.60595193	0.01586962	1.58696200
4.61095193	0.01586962	1.58696200
4.61595193	0.01586962	1.58696200
4.62095193	0.01586962	1.61137700
4.62595193	0.01586962	1.70293300
4.63095193	0.01586962	1.23294800
4.63595193	0.01586962	0.21362960
4.64095193	0.01586962	0.23804440
4.64595193	0.01586962	1.34891800
4.65095193	0.01586962	1.34891800
4.65595193	0.01586962	0.23804440
4.66095193	0.01586962	0.21362960
4.66595193	0.01586962	1.23294800
4.67095193	0.01586962	1.70293300
4.67595193	0.01586962	1.61137700
4.68095193	0.01586962	1.58696200
4.68595193	0.01586962	1.58696200
4.69095193	0.01586962	1.61137700
4.69595193	0.01586962	1.70293300
4.70095193	0.01586962	1.23294800
4.70595193	0.01586962	0.21362960
4.71095193	0.01586962	0.23804440
4.71595193	0.01586962	1.34891800
4.72095193	0.01586962	1.34891800
4.72595193	0.01586962	0.23804440
4.73095193	0.01586962	0.23804440
4.73595193	0.01586962	1.34891800
4.74095193	0.01586962	1.34891800
4.74595193	0.01586962	0.23804440
4.75095193	0.01586962	0.21362960
4.75595193	0.01586962	1.23294800
4.76095193	0.01586962	1.70293300
4.76595193	0.01586962	1.61137700
4.77095193	0.01586962	1.61137700
4.77595193	0.01586962	1.70293300
4.78095193	0.01586962	1.23294800
4.78595193	0.01586962	0.21362960
4.79095193	0.01586962	0.23804440
4.79595193	0.01586962	1.34891800
4.80095193	0.01586962	1.37333300
4.80595193	0.01586962	0.35401470
4.81095193	0.01586962	-0.11597030
4.81595193	0.01586962	-0.02441481
4.82095193	0.01586962	-0.02441481
4.82595193	0.01586962	-0.11597030
4.83095193	0.01586962	0.32959990
4.83595193	0.01586962	1.25736300
4.84095193	0.01586962	1.72734800
4.84595193	0.01586962	1.72734800
4.85095193	0.01586962	1.25736300
4.85595193	0.01586962	0.32959990
4.86095193	0.01586962	-0.11597030
4.86595193	0.01586962	-0.02441481
4.87095193	0.01586962	0.00000000
4.87595193	0.01586962	0.00000000
4.88095193	0.01586962	0.00000000
4.88595193	0.01586962	0.00000000
4.89095193	0.01586962	0.00000000
4.89595193	0.01586962	0.00000000
4.90095193	0.01586962	0.00000000
4.90595193	0.01586962	0.00000000
4.91095193	0.01586962	0.00000000
4.91595193	0.01586962	0.00000000
4.92095193	0.01586962	0.02441481
4.92595193	0.01586962	0.11597030
4.93095193	0.01586962	-0.35401470
4.93595193	0.01586962	-1.37333300
4.94095193	0.01586962	-1.34891800
4.94595193	0.01586962	-0.23804440
4.95095193	0.01586962	-0.23804440
4.95595193	0.01586962	-1.34891800
4.96095193	0.01586962	-1.34891800
4.96595193	0.01586962	-0.23804440
4.97095193	0.01586962	-0.18921480
4.97595193	0.01586962	-1.11697700
4.98095193	0.01586962	-2.03253300
4.98595193	0.01586962	-2.86874000
4.99095193	0.01586962	-3.28989500
4.99595193	0.01586962	-3.19834000
5.00095193	0.01599170	-3.17392500
5.00595193	0.01644948	-3.17392500
5.01095193	0.01422163	-3.14951000
5.01595193	0.00958281	-3.05795500
5.02095193	0.00723289	-3.50352500
5.02595193	0.00723289	-4.43128700
5.03095193	0.00958281	-4.90127200
5.03595193	0.01422163	-4.90127200
5.04095193	0.01657155	-4.43128700
5.04595193	0.01657155	-3.50352500
5.05095193	0.01422163	-3.05795500
5.05595193	0.00958281	-3.14951000
5.06095193	0.00723289	-3.17392500
5.06595193	0.00723289	-3.17392500
5.07095193	0.00958281	-3.17392500
5.07595193	0.01422163	-3.17392500
5.08095193	0.01644948	-3.17392500
5.08595193	0.01599170	-3.17392500
5.09095193	0.01599170	-3.17392500
5.09595193	0.01644948	-3.17392500
5.10095193	0.01422163	-3.17392500
5.10595193	0.00958281	-3.17392500
5.11095193	0.00735496	-3.17392500
5.11595193	0.00781274	-3.17392500
5.12095193	0.00793481	-3.19834000
5.12595193	0.00793481	-3.28989500
5.13095193	0.00793481	-2.84432500
5.13595193	0.00793481	-1.91656200
5.14095193	0.00793481	-1.47099200
5.14595193	0.00793481	-1.56254800
5.15095193	0.00793481	-1.61137700
5.15595193	0.00793481	-1.70293300
5.16095193	0.00793481	-1.23294800
5.16595193	0.00793481	-0.21362960
5.17095193	0.00793481	-0.23804440
5.17595193	0.00793481	-1.34891800
5.18095193	0.00793481	-1.34891800
5.18595193	0.00793481	-0.23804440
5.19095193	0.00793481	-0.21362960
5.19595193	0.00793481	-1.23294800
5.20095193	0.00793481	-1.70293300
5.20595193	0.00793481	-1.61137700
5.21095193	0.00793481	-1.56254800
5.21595193	0.00793481	-1.47099200
5.22095193	0.00793481	-1.91656200
5.22595193	0.00793481	-2.84432500
5.23095193	0.00793481	-3.31431000
5.23595193	0.00793481	-3.31431000
5.24095193	0.00793481	-2.81991000
5.24595193	0.00793481	-1.80059200
5.25095193	0.00793481	-1.80059200
5.25595193	0.00793481	-2.81991000
5.26095193	0.00793481	-3.28989500
5.26595193	0.00793481	-3.19834000
5.27095193	0.00793481	-3.19834000
5.27595193	0.00793481	-3.28989500
5.28095193	0.00793481	-2.79549500
5.28595193	0.00793481	-1.68462200
5.29095193	0.00793481	-2.15460700
5.29595193	0.00793481	-4.19324400
5.30095193	0.00793481	-4.63881300
5.30595193	0.00793481	-3.43638400
5.31095193	0.00793481	-3.38755500
5.31595193	0.00793481	-4.40687300
5.32095193	0.00793481	-4.87685800
5.32595193	0.00793481	-4.78530200
5.33095193	0.00793481	-4.76088700
5.33595193	0.00793481	-4.76088700
5.34095193	0.00793481	-4.78530200
5.34595193	0.00793481	-4.87685800
5.35095193	0.00793481	-4.43128700
5.35595193	0.00793481	-3.50352500
5.36095193	0.00793481	-3.05795500
5.36595193	0.00793481	-3.14951000
5.37095193	0.00793481	-3.17392500
5.37595193	0.00793481	-3.17392500
5.38095193	0.00793481	-3.17392500
5.38595193	0.00793481	-3.17392500
5.39095193	0.00793481	-3.17392500
5.39595193	0.00793481	-3.17392500
5.40095193	0.00793481	-3.17392500
5.40595193	0.00793481	-3.17392500
5.41095193	0.00793481	-3.14951000
5.41595193	0.00793481	-3.05795500
5.42095193	0.00793481	-3.50352500
5.42595193	0.00793481	-4.43128700
5.43095193	0.00793481	-4.90127200
5.43595193	0.00793481	-4.90127200
5.44095193	0.00793481	-4.40687300
5.44595193	0.00793481	-3.38755500
5.45095193	0.00793481	-3.38755500
5.45595193	0.00793481	-4.40687300
5.46095193	0.00793481	-4.87685800
5.46595193	0.00793481	-4.78530200
5.47095193	0.00793481	-4.76088700
5.47595193	0.00793481	-4.76088700
5.48095193	0.00793481	-4.76088700
5.48595193	0.00793481	-4.76088700
5.49095193	0.00793481	-4.76088700
5.49595193	0.00793481	-4.76088700
5.50095193	0.00793481	-4.76088700
5.50595193	0.00793481	-4.76088700
5.51095193	0.00793481	-4.78530200
5.51595193	0.00793481	-4.87685800
5.52095193	0.00793481	-4.43128700
5.52595193	0.00793481	-3.50352500
5.53095193	0.00793481	-3.05795500
5.53595193	0.00793481	-3.14951000
5.54095193	0.00793481	-3.17392500
5.54595193	0.00793481	-3.17392500
5.55095193	0.00793481	-3.17392500
5.55595193	0.00793481	-3.17392500
5.56095193	0.00793481	-3.17392500
5.56595193	0.00793481	-3.17392500
5.57095193	0.00793481	-3.14951000
5.57595193	0.00793481	-3.05795500
5.58095193	0.00793481	-3.50352500
5.58595193	0.00793481	-4.43128700
5.59095193	0.00793481	-4.90127200
5.59595193	0.00793481	-4.90127200
5.60095193	0.00793481	-4.40687300
5.60595193	0.00793481	-3.38755500
5.61095193	0.00793481	-3.38755500
5.61595193	0.00793481	-4.40687300
5.62095193	0.00793481	-4.87685800
5.62595193	0.00793481	-4.78530200
5.63095193	0.00793481	-4.76088700
5.63595193	0.00793481	-4.76088700
5.64095193	0.00793481	-4.76088700
5.64595193	0.00793481	-4.76088700
5.65095193	0.00793481	-4.73647300
5.65595193	0.00793481	-4.64491700
5.66095193	0.00793481	-5.11490200
5.66595193	0.00793481	-6.13422100
5.67095193	0.00793481	-6.13422100
5.67595193	0.00793481	-5.11490200
5.68095193	0.00793481	-4.64491700
5.68595193	0.00793481	-4.73647300
5.69095193	0.00793481	-4.76088700
5.69595193	0.00793481	-4.76088700
5.70095193	0.00793481	-4.76088700
5.70595193	0.00793481	-4.76088700
5.71095193	0.00793481	-4.76088700
5.71595193	0.00793481	-4.76088700
5.72095193	0.00793481	-4.76088700
5.72595193	0.00793481	-4.76088700
5.73095193	0.00793481	-4.78530200
5.73595193	0.00793481	-4.87685800
5.74095193	0.00793481	-4.40687300
5.74595193	0.00793481	-3.38755500
5.75095193	0.00805689	-3.41196900
5.75595193	0.00851466	-4.52284300
5.76095193	0.00616474	-4.52284300
5.76595193	0.00106815	-3.41196900
5.77095193	0.00106815	-3.38755500
5.77595193	0.00616474	-4.40687300
5.78095193	0.00851466	-4.87685800
5.78595193	0.00805689	-4.78530200
5.79095193	0.00793481	-4.76088700
5.79595193	0.00793481	-4.76088700
5.80095193	0.00793481	-4.76088700
5.80595193	0.00793481	-4.76088700
5.81095193	0.00793481	-4.73647300
5.81595193	0.00793481	-4.64491700
5.82095193	0.00805689	-5.09048700
5.82595193	0.00851466	-6.01825000
5.83095193	0.00628681	-6.48823500
5.83595193	0.00164800	-6.48823500
5.84095193	-0.00070193	-5.99383500
5.84595193	-0.00070193	-4.97451700
5.85095193	0.00164800	-4.97451700
5.85595193	0.00628681	-5.99383500
5.86095193	0.00851466	-6.46382000
5.86595193	0.00805689	-6.37226500
5.87095193	0.00805689	-6.34785000
5.87595193	0.00851466	-6.34785000
5.88095193	0.00628681	-6.34785000
5.88595193	0.00164800	-6.34785000
5.89095193	-0.00057985	-6.37226500
5.89595193	-0.00012207	-6.46382000
5.90095193	0.00000000	-6.01825000
5.90595193	0.00000000	-5.09048700
5.91095193	0.00000000	-4.66933200
5.91595193	0.00000000	-4.85244300
5.92095193	0.00000000	-4.40687300
5.92595193	0.00000000	-3.38755500
5.93095193	0.00000000	-3.38755500
5.93595193	0.00000000	-4.40687300
5.94095193	0.00000000	-4.87685800
5.94595193	0.00000000	-4.78530200
5.95095193	0.00000000	-4.76088700
5.95595193	0.00000000	-4.76088700
5.96095193	-0.00012207	-4.76088700
5.96595193	-0.00057985	-4.76088700
5.97095193	0.00177007	-4.76088700
5.97595193	0.00686667	-4.76088700
5.98095193	0.00686667	-4.73647300
5.98595193	0.00177007	-4.64491700
5.99095193	-0.00057985	-5.09048700
5.99595193	-0.00012207	-6.01825000
6.00095193	0.00000000	-6.46382000
6.00595193	0.00000000	-6.37226500
6.01095193	0.00000000	-6.34785000
6.01595193	0.00000000	-6.34785000
6.02095193	0.00000000	-6.34785000
6.02595193	0.00000000	-6.34785000
6.03095193	0.00000000	-6.34785000
6.03595193	0.00000000	-6.34785000
6.04095193	0.00000000	-6.37226500
6.04595193	0.00000000	-6.46382000
6.05095193	0.00000000	-6.01825000
6.05595193	0.00000000	-5.09048700
6.06095193	0.00000000	-4.62050200
6.06595193	0.00000000	-4.62050200
6.07095193	0.00000000	-5.11490200
6.07595193	0.00000000	-6.13422100
6.08095193	0.00000000	-6.08539100
6.08595193	0.00000000	-4.88296100
6.09095193	0.00000000	-5.30411700
6.09595193	0.00000000	-7.25119700
6.10095192	0.00000000	-8.21558300
6.10595192	0.00000000	-8.21558300
6.11095192	0.00000000	-7.27561200
6.11595192	0.00000000	-5.42008700
6.12095192	0.00000000	-4.50453200
6.12595192	0.00000000	-4.59608700
6.13095192	0.00000000	-5.09048700
6.13595192	0.00000000	-6.01825000
6.14095192	0.00000000	-6.48823500
6.14595192	0.00000000	-6.48823500
6.15095192	0.00000000	-6.01825000
6.15595192	0.00000000	-5.09048700
6.16095192	0.00000000	-4.62050200
6.16595192	0.00000000	-4.62050200
6.17095192	0.00000000	-5.11490200
6.17595192	0.00000000	-6.13422100
6.18095192	0.00000000	-6.10980600
6.18595192	0.00000000	-4.99893200
6.19095192	0.00000000	-4.99893200
6.19595192	0.00000000	-6.10980600
6.20095192	0.00000000	-6.13422100
6.20595192	0.00000000	-5.11490200
6.21095192	0.00000000	-4.64491700
6.21595192	0.00000000	-4.73647300
6.22095192	0.00000000	-4.73647300
6.22595192	0.00000000	-4.64491700
6.23095192	0.00000000	-5.11490200
6.23595192	0.00000000	-6.13422100
6.24095192	0.00000000	-6.10980600
6.24595192	0.00000000	-4.99893200
6.25095192	0.00000000	-4.99893200
6.25595192	0.00000000	-6.10980600
6.26095192	0.00000000	-6.13422100
6.26595192	0.00000000	-5.11490200
6.27095192	0.00000000	-4.64491700
6.27595192	0.00000000	-4.73647300
6.28095192	0.00000000	-4.76088700
6.28595192	0.00000000	-4.76088700
6.29095192	0.00000000	-4.78530200
6.29595192	0.00000000	-4.87685800
6.30095192	0.00000000	-4.43128700
6.30595192	0.00000000	-3.50352500
6.31095192	0.00000000	-3.03354000
6.31595192	0.00000000	-3.03354000
6.32095192	0.00000000	-3.50352500
6.32595192	0.00000000	-4.43128700
6.33095192	0.00000000	-4.87685800
6.33595192	0.00000000	-4.78530200
6.34095192	0.00000000	-4.76088700
6.34595192	0.00000000	-4.76088700
6.35095192	0.00000000	-4.73647300
6.35595192	0.00000000	-4.64491700
6.36095192	0.00000000	-5.09048700
6.36595192	0.00000000	-6.01825000
6.37095192	0.00000000	-6.46382000
6.37595192	0.00000000	-6.37226500
6.38095192	0.00000000	-6.32343500
6.38595192	0.00000000	-6.23187900
6.39095192	0.00000000	-6.70186400
6.39595192	0.00000000	-7.72118300
6.40095192	0.00000000	-7.72118300
6.40595192	0.00000000	-6.70186400
6.41095192	0.00000000	-6.23187900
6.41595192	0.00000000	-6.32343500
6.42095192	0.00000000	-6.32343500
6.42595192	0.00000000	-6.23187900
6.43095192	0.00000000	-6.67745000
6.43595192	0.00000000	-7.60521200
6.44095192	0.00000000	-8.05078300
6.44595192	0.00000000	-7.95922800
6.45095192	0.00000000	-7.93481200
6.45595192	0.00000000	-7.93481200
6.46095192	0.00000000	-7.93481200
6.46595192	0.00000000	-7.93481200
6.47095192	0.00000000	-7.93481200
6.47595192	0.00000000	-7.93481200
6.48095192	0.00000000	-7.93481200
6.48595192	0.00000000	-7.93481200
6.49095192	0.00000000	-7.93481200
6.49595192	0.00000000	-7.93481200
6.50095192	0.00000000	-7.95922800
6.50595192	0.00000000	-8.05078300
6.51095192	0.00000000	-7.58079800
6.51595192	0.00000000	-6.56148000
6.52095192	0.00000000	-6.58589400
6.52595192	0.00000000	-7.69676800
6.53095192	0.00000000	-7.72118300
6.53595192	0.00000000	-6.70186400
6.54095192	0.00000000	-6.25629500
6.54595192	0.00000000	-6.43940500
6.55095192	0.00000000	-6.01825000
6.55595192	0.00000000	-5.09048700
6.56095192	0.00000000	-4.62050200
6.56595192	0.00000000	-4.62050200
6.57095192	0.00000000	-5.11490200
6.57595192	0.00000000	-6.13422100
6.58095192	0.00000000	-6.10980600
6.58595192	0.00000000	-4.99893200
6.59095192	0.00000000	-4.95010200
6.59595192	0.00000000	-5.87786500
6.60095192	0.00000000	-6.79342000
6.60595192	0.00000000	-7.62962700
6.61095192	0.00000000	-8.07519700
6.61595192	0.00000000	-8.07519700
6.62095192	0.00000000	-7.58079800
6.62595192	0.00000000	-6.56148000
6.63095192	0.00000000	-6.56148000
6.63595192	0.00000000	-7.58079800
6.64095192	0.00000000	-8.05078300
6.64595192	0.00000000	-7.95922800
6.65095192	0.00000000	-7.93481200
6.65595192	0.00000000	-7.93481200
6.66095192	0.00000000	-7.93481200
6.66595192	0.00000000	-7.93481200
6.67095192	0.00000000	-7.93481200
6.67595192	0.00000000	-7.93481200
6.68095192	0.00000000	-7.93481200
6.68595192	0.00000000	-7.93481200
6.69095192	0.00000000	-7.93481200
6.69595192	0.00000000	-7.93481200
6.70095192	0.00000000	-7.95922800
6.70595192	0.00000000	-8.05078300
6.71095192	0.00000000	-7.60521200
6.71595192	0.00000000	-6.67745000
6.72095192	0.00000000	-6.23187900
6.72595192	0.00000000	-6.32343500
6.73095192	0.00000000	-6.32343500
6.73595192	0.00000000	-6.23187900
6.74095192	0.00000000	-6.70186400
6.74595192	0.00000000	-7.72118300
6.75095192	0.00000000	-7.72118300
6.75595192	0.00000000	-6.70186400
6.76095192	0.00000000	-6.23187900
6.76595192	0.00000000	-6.32343500
6.77095192	0.00000000	-6.34785000
6.77595192	0.00000000	-6.34785000
6.78095192	0.00000000	-6.34785000
6.78595192	0.00000000	-6.34785000
6.79095192	0.00000000	-6.34785000
6.79595192	0.00000000	-6.34785000
6.80095192	0.00000000	-6.34785000
6.80595192	0.00000000	-6.34785000
6.81095192	0.00000000	-6.32343500
6.81595192	0.00000000	-6.23187900
6.82095192	0.00000000	-6.67745000
6.82595192	0.00000000	-7.60521200
6.83095192	0.00000000	-8.05078300
6.83595192	0.00000000	-7.95922800
6.84095192	0.00000000	-7.95922800
6.84595192	0.00000000	-8.05078300
6.85095192	0.00000000	-7.60521200
6.85595192	0.00000000	-6.67745000
6.86095192	0.00000000	-6.20746500
6.86595192	0.00000000	-6.20746500
6.87095192	0.00000000	-6.70186400
6.87595192	0.00000000	-7.72118300
6.88095192	0.00000000	-7.69676800
6.88595192	0.00000000	-6.58589400
6.89095192	0.00000000	-6.58589400
6.89595192	0.00000000	-7.69676800
6.90095192	0.00000000	-7.69676800
6.90595192	0.00000000	-6.58589400
6.91095192	0.00000000	-6.58589400
6.91595192	0.00000000	-7.69676800
6.92095192	0.00000000	-7.69676800
6.92595192	0.00000000	-6.58589400
6.93095192	0.00000000	-6.58589400
6.93595192	0.00000000	-7.69676800
6.94095192	0.00000000	-7.69676800
6.94595192	0.00000000	-6.58589400
6.95095192	0.00000000	-6.56148000
6.95595192	0.00000000	-7.58079800
6.96095192	0.00000000	-8.02636700
6.96595192	0.00000000	-7.84325600
6.97095192	0.00000000	-8.26441300
6.97595192	0.00000000	-9.19217500
6.98095192	0.00000000	-9.63774600
6.98595192	0.00000000	-9.54619000
6.99095192	0.00000000	-9.54619000
6.99595192	0.00000000	-9.63774600
7.00095192	0.00000000	-9.16776000
7.00595192	0.00000000	-8.14844100
7.01095192	0.00000000	-8.14844100
7.01595192	0.00000000	-9.16776000
7.02095192	0.00000000	-9.63774600
7.02595192	0.00000000	-9.54619000
7.03095192	0.00000000	-9.52177400
7.03595192	0.00000000	-9.52177400
7.04095192	0.00000000	-9.52177400
7.04595192	0.00000000	-9.52177400
7.05095192	0.00000000	-9.49735900
7.05595192	0.00000000	-9.40580500
7.06095192	0.00000000	-9.85137500
7.06595192	0.00000000	-10.77914000
7.07095192	0.00000000	-11.24912000
7.07595192	0.00000000	-11.24912000
7.08095192	0.00000000	-10.77914000
7.08595192	0.00000000	-9.85137500
7.09095192	0.00000000	-9.40580500
7.09595192	0.00000000	-9.49735900
7.10095192	0.00000000	-9.49735900
7.10595192	0.00000000	-9.40580500
7.11095192	0.00000000	-9.87579000
7.11595192	0.00000000	-10.89511000
7.12095192	0.00000000	-10.89511000
7.12595192	0.00000000	-9.87579000
7.13095192	0.00000000	-9.43021900
7.13595192	0.00000000	-9.61333000
7.14095192	0.00000000	-9.19217500
7.14595192	0.00000000	-8.26441300
7.15095192	0.00000000	-7.81884200
7.15595192	0.00000000	-7.91039800
7.16095192	0.00000000	-7.93481200
7.16595192	0.00000000	-7.93481200
7.17095192	0.00000000	-7.93481200
7.17595192	0.00000000	-7.93481200
7.18095192	0.00000000	-7.93481200
7.18595192	0.00000000	-7.93481200
7.19095192	0.00000000	-7.93481200
7.19595192	0.00000000	-7.93481200
7.20095192	0.00000000	-7.93481200
7.20595192	0.00000000	-7.93481200
7.21095192	0.00000000	-7.93481200
7.21595192	0.00000000	-7.93481200
7.22095192	0.00000000	-7.93481200
7.22595192	0.00000000	-7.93481200
7.23095192	0.00000000	-7.93481200
7.23595192	0.00000000	-7.93481200
7.24095192	0.00000000	-7.95922800
7.24595192	0.00000000	-8.05078300
7.25095192	0.00000000	-7.60521200
7.25595192	0.00000000	-6.67745000
7.26095192	0.00000000	-6.23187900
7.26595192	0.00000000	-6.32343500
7.27095192	0.00000000	-6.32343500
7.27595192	0.00000000	-6.23187900
7.28095192	0.00000000	-6.70186400
7.28595192	0.00000000	-7.72118300
7.29095192	0.00000000	-7.72118300
7.29595192	0.00000000	-6.70186400
7.30095192	0.00000000	-6.23187900
7.30595192	0.00000000	-6.32343500
7.31095192	0.00000000	-6.34785000
7.31595192	0.00000000	-6.34785000
7.32095192	0.00000000	-6.37226500
7.32595192	0.00000000	-6.46382000
7.33095192	0.00000000	-5.99383500
7.33595192	0.00000000	-4.97451700
7.34095192	0.00000000	-4.97451700
7.34595192	0.00000000	-5.99383500
7.35095192	0.00000000	-6.48823500
7.35595192	0.00000000	-6.48823500
7.36095192	0.00000000	-5.99383500
7.36595192	0.00000000	-4.97451700
7.37095192	0.00012207	-4.99893200
7.37595192	0.00057985	-6.10980600
7.38095192	-0.00177007	-6.10980600
7.38595192	-0.00686667	-4.99893200
7.39095192	-0.00686667	-4.97451700
7.39595192	-0.00177007	-5.99383500
7.40095192	0.00057985	-6.46382000
7.40595192	0.00012207	-6.37226500
7.41095192	0.00000000	-6.32343500
7.41595192	0.00000000	-6.23187900
7.42095192	0.00000000	-6.70186400
7.42595192	0.00000000	-7.72118300
7.43095192	0.00000000	-7.67235300
7.43595192	0.00000000	-6.46992400
7.44095192	0.00000000	-6.91549400
7.44595192	0.00000000	-8.95413000
7.45095192	0.00000000	-9.42411600
7.45595192	0.00000000	-8.31324200
7.46095192	0.00000000	-7.81884200
7.46595192	0.00000000	-7.91039800
7.47095192	0.00000000	-7.93481200
7.47595192	0.00000000	-7.93481200
7.48095192	0.00012207	-7.91039800
7.48595192	0.00057985	-7.81884200
7.49095192	-0.00177007	-8.26441300
7.49595192	-0.00686667	-9.19217500
7.50095192	-0.00686667	-9.63774600
7.50595192	-0.00177007	-9.54619000
7.51095192	0.00057985	-9.54619000
7.51595192	0.00012207	-9.63774600
7.52095192	0.00000000	-9.19217500
7.52595192	0.00000000	-8.26441300
7.53095192	0.00012207	-7.81884200
7.53595192	0.00057985	-7.91039800
7.54095192	-0.00177007	-7.91039800
7.54595192	-0.00686667	-7.81884200
7.55095192	-0.00686667	-8.26441300
7.55595192	-0.00177007	-9.19217500
7.56095192	0.00057985	-9.63774600
7.56595192	0.00012207	-9.54619000
7.57095192	0.00012207	-9.52177400
7.57595192	0.00057985	-9.52177400
7.58095192	-0.00177007	-9.52177400
7.58595192	-0.00686667	-9.52177400
7.59095192	-0.00686667	-9.54619000
7.59595192	-0.00177007	-9.63774600
7.60095192	0.00057985	-9.19217500
7.60595192	0.00012207	-8.26441300
7.61095192	0.00000000	-7.81884200
7.61595192	0.00000000	-7.91039800
7.62095192	0.00012207	-7.93481200
7.62595192	0.00057985	-7.93481200
7.63095192	-0.00177007	-7.93481200
7.63595192	-0.00686667	-7.93481200
7.64095192	-0.00686667	-7.93481200
7.64595192	-0.00177007	-7.93481200
7.65095192	0.00070193	-7.93481200
7.65595192	0.00070193	-7.93481200
7.66095192	-0.00164800	-7.93481200
7.66595192	-0.00628681	-7.93481200
7.67095192	-0.00851466	-7.93481200
7.67595192	-0.00805689	-7.93481200
7.68095192	-0.00805689	-7.91039800
7.68595192	-0.00851466	-7.81884200
7.69095192	-0.00616474	-8.28882700
7.69595192	-0.00106815	-9.30814500
7.70095192	-0.00106815	-9.28373100
7.70595192	-0.00616474	-8.17285700
7.71095192	-0.00863674	-8.14844100
7.71595192	-0.00863674	-9.16776000
7.72095192	-0.00616474	-9.63774600
7.72595192	-0.00106815	-9.54619000
7.73095192	-0.00106815	-9.54619000
7.73595192	-0.00616474	-9.63774600
7.74095192	-0.00851466	-9.19217500
7.74595191	-0.00805689	-8.26441300
7.75095191	-0.00793481	-7.84325600
7.75595191	-0.00793481	-8.02636700
7.76095191	-0.00805689	-7.60521200
7.76595191	-0.00851466	-6.67745000
7.77095191	-0.00616474	-6.20746500
7.77595191	-0.00106815	-6.20746500
7.78095191	-0.00119022	-6.67745000
7.78595191	-0.00674459	-7.60521200
7.79095191	-0.00674459	-8.05078300
7.79595191	-0.00119022	-7.95922800
7.80095191	-0.00119022	-7.93481200
7.80595191	-0.00674459	-7.93481200
7.81095191	-0.00686667	-7.95922800
7.81595191	-0.00177007	-8.05078300
7.82095191	0.00070193	-7.58079800
7.82595191	0.00070193	-6.56148000
7.83095191	-0.00164800	-6.56148000
7.83595191	-0.00628681	-7.58079800
7.84095191	-0.00851466	-8.05078300
7.84595191	-0.00805689	-7.95922800
7.85095191	-0.00793481	-7.91039800
7.85595191	-0.00793481	-7.81884200
7.86095191	-0.00793481	-8.31324200
7.86595191	-0.00793481	-9.42411600
7.87095191	-0.00805689	-9.00296000
7.87595191	-0.00851466	-7.14743500
7.88095191	-0.00616474	-5.76189500
7.88595191	-0.00106815	-4.92568700
7.89095191	-0.00106815	-4.97451700
7.89595191	-0.00616474	-5.99383500
7.90095191	-0.00851466	-6.46382000
7.90595191	-0.00805689	-6.37226500
7.91095191	-0.00793481	-6.34785000
7.91595191	-0.00793481	-6.34785000
7.92095191	-0.00793481	-6.34785000
7.92595191	-0.00793481	-6.34785000
7.93095191	-0.00793481	-6.34785000
7.93595191	-0.00793481	-6.34785000
7.94095191	-0.00793481	-6.34785000
7.94595191	-0.00793481	-6.34785000
7.95095191	-0.00793481	-6.34785000
7.95595191	-0.00793481	-6.34785000
7.96095191	-0.00793481	-6.34785000
7.96595191	-0.00793481	-6.34785000
7.97095191	-0.00793481	-6.32343500
7.97595191	-0.00793481	-6.23187900
7.98095191	-0.00793481	-6.67745000
7.98595191	-0.00793481	-7.60521200
7.99095191	-0.00793481	-8.05078300
7.99595191	-0.00793481	-7.95922800
8.00095191	-0.00793481	-7.93481200
8.00595191	-0.00793481	-7.93481200
8.01095191	-0.00793481	-7.95922800
8.01595191	-0.00793481	-8.05078300
8.02095191	-0.00793481	-7.58079800
8.02595191	-0.00793481	-6.56148000
8.03095191	-0.00793481	-6.58589400
8.03595191	-0.00793481	-7.69676800
8.04095191	-0.00793481	-7.72118300
8.04595191	-0.00793481	-6.70186400
8.05095191	-0.00805689	-6.20746500
8.05595191	-0.00851466	-6.20746500
8.06095191	-0.00628681	-6.70186400
8.06595191	-0.00164800	-7.72118300
8.07095191	0.00070193	-7.69676800
8.07595191	0.00070193	-6.58589400
8.08095191	-0.00164800	-6.56148000
8.08595191	-0.00628681	-7.58079800
8.09095191	-0.00851466	-8.05078300
8.09595191	-0.00805689	-7.95922800
8.10095191	-0.00793481	-7.95922800
8.10595191	-0.00793481	-8.05078300
8.11095191	-0.00793481	-7.60521200
8.11595191	-0.00793481	-6.67745000
8.12095191	-0.00793481	-6.20746500
8.12595191	-0.00793481	-6.20746500
8.13095191	-0.00793481	-6.67745000
8.13595191	-0.00793481	-7.60521200
8.14095191	-0.00793481	-8.07519700
8.14595191	-0.00793481	-8.07519700
8.15095191	-0.00793481	-7.60521200
8.15595191	-0.00793481	-6.67745000
8.16095191	-0.00793481	-6.23187900
8.16595191	-0.00793481	-6.32343500
8.17095191	-0.00793481	-6.34785000
8.17595191	-0.00793481	-6.34785000
8.18095191	-0.00793481	-6.34785000
8.18595191	-0.00793481	-6.34785000
8.19095191	-0.00793481	-6.34785000
8.19595191	-0.00793481	-6.34785000
8.20095191	-0.00793481	-6.34785000
8.20595191	-0.00793481	-6.34785000
8.21095191	-0.00793481	-6.32343500
8.21595191	-0.00793481	-6.23187900
8.22095191	-0.00793481	-6.70186400
8.22595191	-0.00793481	-7.72118300
8.23095191	-0.00793481	-7.72118300
8.23595191	-0.00793481	-6.70186400
8.24095191	-0.00793481	-6.20746500
8.24595191	-0.00793481	-6.20746500
8.25095191	-0.00793481	-6.70186400
8.25595191	-0.00793481	-7.72118300
8.26095191	-0.00805689	-7.72118300
8.26595191	-0.00851466	-6.70186400
8.27095191	-0.00616474	-6.23187900
8.27595191	-0.00106815	-6.32343500
8.28095191	-0.00106815	-6.34785000
8.28595191	-0.00616474	-6.34785000
8.29095191	-0.00851466	-6.34785000
8.29595191	-0.00805689	-6.34785000
8.30095191	-0.00793481	-6.34785000
8.30595191	-0.00793481	-6.34785000
8.31095191	-0.00793481	-6.34785000
8.31595191	-0.00793481	-6.34785000
8.32095191	-0.00793481	-6.34785000
8.32595191	-0.00793481	-6.34785000
8.33095191	-0.00793481	-6.34785000
8.33595191	-0.00793481	-6.34785000
8.34095191	-0.00793481	-6.37226500
8.34595191	-0.00793481	-6.46382000
8.35095191	-0.00793481	-5.99383500
8.35595191	-0.00793481	-4.97451700
8.36095191	-0.00793481	-4.95010200
8.36595191	-0.00793481	-5.87786500
8.37095191	-0.00793481	-6.81783500
8.37595191	-0.00793481	-7.74559700
8.38095191	-0.00793481	-7.72118300
8.38595191	-0.00793481	-6.70186400
8.39095191	-0.00793481	-6.20746500
8.39595191	-0.00793481	-6.20746500
8.40095191	-0.00793481	-6.70186400
8.40595191	-0.00793481	-7.72118300
8.41095191	-0.00793481	-7.69676800
8.41595191	-0.00793481	-6.58589400
8.42095191	-0.00793481	-6.56148000
8.42595191	-0.00793481	-7.58079800
8.43095191	-0.00793481	-8.05078300
8.43595191	-0.00793481	-7.95922800
8.44095191	-0.00793481	-7.93481200
8.44595191	-0.00793481	-7.93481200
8.45095191	-0.00793481	-7.91039800
8.45595191	-0.00793481	-7.81884200
8.46095191	-0.00793481	-8.26441300
8.46595191	-0.00793481	-9.19217500
8.47095191	-0.00793481	-9.63774600
8.47595191	-0.00793481	-9.54619000
8.48095191	-0.00793481	-9.52177400
8.48595191	-0.00793481	-9.52177400
8.49095191	-0.00793481	-9.54619000
8.49595191	-0.00793481	-9.63774600
8.50095191	-0.00793481	-9.19217500
8.50595191	-0.00793481	-8.26441300
8.51095191	-0.00793481	-7.81884200
8.51595191	-0.00793481	-7.91039800
8.52095191	-0.00793481	-7.93481200
8.52595191	-0.00793481	-7.93481200
8.53095191	-0.00793481	-7.93481200
8.53595191	-0.00793481	-7.93481200
8.54095191	-0.00793481	-7.93481200
8.54595191	-0.00793481	-7.93481200
8.55095191	-0.00793481	-7.95922800
8.55595191	-0.00793481	-8.05078300
8.56095191	-0.00793481	-7.58079800
8.56595191	-0.00793481	-6.56148000
8.57095191	-0.00793481	-6.56148000
8.57595191	-0.00793481	-7.58079800
8.58095191	-0.00793481	-8.05078300
8.58595191	-0.00793481	-7.95922800
8.59095191	-0.00793481	-7.95922800
8.59595191	-0.00793481	-8.05078300
8.60095191	-0.00793481	-7.58079800
8.60595191	-0.00793481	-6.56148000
8.61095191	-0.00793481	-6.56148000
8.61595191	-0.00793481	-7.58079800
8.62095191	-0.00793481	-8.05078300
8.62595191	-0.00793481	-7.95922800
8.63095191	-0.00793481	-7.93481200
8.63595191	-0.00793481	-7.93481200
8.64095191	-0.00793481	-7.93481200
8.64595191	-0.00793481	-7.93481200
8.65095191	-0.00793481	-7.93481200
8.65595191	-0.00793481	-7.93481200
8.66095191	-0.00793481	-7.93481200
8.66595191	-0.00793481	-7.93481200
8.67095191	-0.00793481	-7.93481200
8.67595191	-0.00793481	-7.93481200
8.68095191	-0.00793481	-7.93481200
8.68595191	-0.00793481	-7.93481200
8.69095191	-0.00793481	-7.91039800
8.69595191	-0.00793481	-7.81884200
8.70095191	-0.00793481	-8.28882700
8.70595191	-0.00793481	-9.30814500
8.71095191	-0.00793481	-9.30814500
8.71595191	-0.00793481	-8.28882700
8.72095191	-0.00793481	-7.81884200
8.72595191	-0.00793481	-7.91039800
8.73095191	-0.00793481	-7.93481200
8.73595191	-0.00793481	-7.93481200
8.74095191	-0.00793481	-7.93481200
8.74595191	-0.00793481	-7.93481200
8.75095191	-0.00793481	-7.91039800
8.75595191	-0.00793481	-7.81884200
8.76095191	-0.00793481	-8.28882700
8.76595191	-0.00793481	-9.30814500
8.77095191	-0.00793481	-9.30814500
8.77595191	-0.00793481	-8.28882700
8.78095191	-0.00793481	-7.84325600
8.78595191	-0.00793481	-8.02636700
8.79095191	-0.00793481	-7.60521200
8.79595191	-0.00793481	-6.67745000
8.80095191	-0.00793481	-6.25629500
8.80595191	-0.00793481	-6.43940500
8.81095191	-0.00793481	-5.99383500
8.81595191	-0.00793481	-4.97451700
8.82095191	-0.00793481	-4.97451700
8.82595191	-0.00793481	-5.99383500
8.83095191	-0.00793481	-6.48823500
8.83595191	-0.00793481	-6.48823500
8.84095191	-0.00793481	-5.99383500
8.84595191	-0.00793481	-4.97451700
8.85095191	-0.00793481	-4.97451700
8.85595191	-0.00793481	-5.99383500
8.86095191	-0.00793481	-6.46382000
8.86595191	-0.00793481	-6.37226500
8.87095191	-0.00793481	-6.34785000
8.87595191	-0.00793481	-6.34785000
8.88095191	-0.00793481	-6.34785000
8.88595191	-0.00793481	-6.34785000
8.89095191	-0.00793481	-6.32343500
8.89595191	-0.00793481	-6.23187900
8.90095191	-0.00793481	-6.67745000
8.90595191	-0.00793481	-7.60521200
8.91095191	-0.00793481	-8.05078300
8.91595191	-0.00793481	-7.95922800
8.92095191	-0.00793481	-7.93481200
8.92595191	-0.00793481	-7.93481200
8.93095191	-0.00793481	-7.95922800
8.93595191	-0.00793481	-8.05078300
8.94095191	-0.00793481	-7.60521200
8.94595191	-0.00793481	-6.67745000
8.95095191	-0.00793481	-6.20746500
8.95595191	-0.00793481	-6.20746500
8.96095191	-0.00793481	-6.67745000
8.96595191	-0.00793481	-7.60521200
8.97095191	-0.00793481	-8.05078300
8.97595191	-0.00793481	-7.95922800
8.98095191	-0.00793481	-7.95922800
8.98595191	-0.00793481	-8.05078300
8.99095191	-0.00793481	-7.58079800
8.99595191	-0.00793481	-6.56148000
9.00095191	-0.00793481	-6.56148000
9.00595191	-0.00793481	-7.58079800
9.01095191	-0.00793481	-8.05078300
9.01595191	-0.00793481	-7.95922800
9.02095191	-0.00793481	-7.93481200
9.02595191	-0.00793481	-7.93481200
