Time	Channel A	Channel B
(us)	(mV)	(mV)

-1.00287495	0.00000000	-1.25736300
-0.99787495	0.00000000	-0.32959990
-0.99287495	0.00000000	0.11597030
-0.98787495	0.00000000	0.02441481
-0.98287495	0.00000000	0.02441481
-0.97787495	0.00000000	0.11597030
-0.97287495	0.00000000	-0.35401470
-0.96787495	0.00000000	-1.37333300
-0.96287495	0.00000000	-1.34891800
-0.95787495	0.00000000	-0.23804440
-0.95287495	0.00000000	-0.21362960
-0.94787495	0.00000000	-1.23294800
-0.94287495	0.00000000	-1.70293300
-0.93787495	0.00000000	-1.61137700
-0.93287495	0.00000000	-1.58696200
-0.92787495	0.00000000	-1.58696200
-0.92287495	0.00000000	-1.58696200
-0.91787495	0.00000000	-1.58696200
-0.91287495	0.00000000	-1.58696200
-0.90787495	0.00000000	-1.58696200
-0.90287495	0.00000000	-1.61137700
-0.89787495	0.00000000	-1.70293300
-0.89287495	0.00000000	-1.25736300
-0.88787495	0.00000000	-0.32959990
-0.88287495	0.00000000	0.11597030
-0.87787495	0.00000000	0.02441481
-0.87287495	0.00000000	0.00000000
-0.86787495	0.00000000	0.00000000
-0.86287495	0.00000000	-0.02441481
-0.85787495	0.00000000	-0.11597030
-0.85287495	0.00000000	0.32959990
-0.84787495	0.00000000	1.25736300
-0.84287495	0.06103702	1.72734800
-0.83787495	0.28992580	1.72734800
-0.83287495	-0.88503670	1.25736300
-0.82787495	-3.43333200	0.32959990
-0.82287495	-3.43333200	-0.11597030
-0.81787495	-0.88503670	-0.02441481
-0.81287495	0.28992580	0.00000000
-0.80787495	0.06103702	0.00000000
-0.80287495	0.00000000	0.00000000
-0.79787495	0.00000000	0.00000000
-0.79287495	0.00000000	0.00000000
-0.78787495	0.00000000	0.00000000
-0.78287495	0.00000000	0.00000000
-0.77787495	0.00000000	0.00000000
-0.77287495	0.06103702	-0.02441481
-0.76787495	0.28992580	-0.11597030
-0.76287495	-0.88503670	0.32959990
-0.75787495	-3.43333200	1.25736300
-0.75287495	-3.43333200	1.72734800
-0.74787495	-0.88503670	1.72734800
-0.74287495	0.28992580	1.25736300
-0.73787495	0.06103702	0.32959990
-0.73287495	0.00000000	-0.14038510
-0.72787495	0.00000000	-0.14038510
-0.72287495	0.00000000	0.32959990
-0.71787495	0.00000000	1.25736300
-0.71287495	0.00000000	1.70293300
-0.70787495	0.00000000	1.61137700
-0.70287495	0.06103702	1.56254800
-0.69787495	0.28992580	1.47099200
-0.69287495	-0.88503670	1.94097700
-0.68787495	-3.43333200	2.96029500
-0.68287495	-3.43333200	2.96029500
-0.67787495	-0.88503670	1.94097700
-0.67287495	0.28992580	1.47099200
-0.66787495	0.06103702	1.56254800
-0.66287495	0.00000000	1.58696200
-0.65787495	0.00000000	1.58696200
-0.65287495	0.00000000	1.58696200
-0.64787495	0.00000000	1.58696200
-0.64287495	0.00000000	1.58696200
-0.63787495	0.00000000	1.58696200
-0.63287495	0.06103702	1.58696200
-0.62787495	0.28992580	1.58696200
-0.62287495	-0.82399970	1.58696200
-0.61787495	-3.14340600	1.58696200
-0.61287495	-4.31836900	1.61137700
-0.60787495	-4.31836900	1.70293300
-0.60287495	-3.14340600	1.25736300
-0.59787495	-0.82399970	0.32959990
-0.59287495	0.28992580	-0.11597030
-0.58787495	0.06103702	-0.02441481
-0.58287495	0.00000000	0.00000000
-0.57787495	0.00000000	0.00000000
-0.57287495	0.00000000	0.00000000
-0.56787495	0.00000000	0.00000000
-0.56287495	0.00000000	0.02441481
-0.55787495	0.00000000	0.11597030
-0.55287495	0.00000000	-0.32959990
-0.54787495	0.00000000	-1.25736300
-0.54287495	0.06103702	-1.70293300
-0.53787495	0.28992580	-1.61137700
-0.53287495	-0.88503670	-1.61137700
-0.52787495	-3.43333200	-1.70293300
-0.52287495	-3.43333200	-1.25736300
-0.51787495	-0.88503670	-0.32959990
-0.51287495	0.28992580	0.14038510
-0.50787495	0.06103702	0.14038510
-0.50287495	0.00000000	-0.35401470
-0.49787495	0.00000000	-1.37333300
-0.49287495	0.00000000	-1.37333300
-0.48787495	0.00000000	-0.35401470
-0.48287495	0.00000000	0.14038510
-0.47787495	0.00000000	0.14038510
-0.47287495	0.06103702	-0.37842950
-0.46787495	0.28992580	-1.48930300
-0.46287495	-0.88503670	-1.01931800
-0.45787495	-3.43333200	1.01931800
-0.45287495	-3.43333200	1.48930300
-0.44787495	-0.88503670	0.37842950
-0.44287495	0.28992580	-0.14038510
-0.43787495	0.06103702	-0.14038510
-0.43287495	0.00000000	0.35401470
-0.42787495	0.00000000	1.37333300
-0.42287495	0.06103702	1.39774800
-0.41787495	0.28992580	0.46998500
-0.41287495	-0.88503670	-0.44557020
-0.40787495	-3.43333200	-1.28177700
-0.40287495	-3.43333200	-1.72734800
-0.39787495	-0.88503670	-1.72734800
-0.39287495	0.28992580	-1.25736300
-0.38787495	0.06103702	-0.32959990
-0.38287495	0.00000000	0.11597030
-0.37787495	0.00000000	0.02441481
-0.37287495	0.00000000	0.00000000
-0.36787495	0.00000000	0.00000000
-0.36287495	0.00000000	0.00000000
-0.35787495	0.00000000	0.00000000
-0.35287495	0.00000000	-0.02441481
-0.34787495	0.00000000	-0.11597030
-0.34287495	0.00000000	0.32959990
-0.33787495	0.00000000	1.25736300
-0.33287495	0.06103702	1.72734800
-0.32787495	0.28992580	1.72734800
-0.32287495	-0.88503670	1.25736300
-0.31787495	-3.43333200	0.32959990
-0.31287495	-3.43333200	-0.11597030
-0.30787495	-0.88503670	-0.02441481
-0.30287495	0.28992580	0.00000000
-0.29787495	0.06103702	0.00000000
-0.29287495	0.00000000	-0.02441481
-0.28787495	0.00000000	-0.11597030
-0.28287495	0.00000000	0.35401470
-0.27787495	0.00000000	1.37333300
-0.27287495	0.00000000	1.37333300
-0.26787495	0.00000000	0.35401470
-0.26287495	0.06103702	-0.11597030
-0.25787495	0.28992580	-0.02441481
-0.25287495	-0.88503670	0.00000000
-0.24787495	-3.43333200	0.00000000
-0.24287495	-3.43333200	0.00000000
-0.23787495	-0.88503670	0.00000000
-0.23287495	0.28992580	0.02441481
-0.22787495	0.06103702	0.11597030
-0.22287495	0.00000000	-0.35401470
-0.21787495	0.00000000	-1.37333300
-0.21287495	0.06103702	-1.34891800
-0.20787496	0.28992580	-0.23804440
-0.20287496	-0.88503670	-0.21362960
-0.19787496	-3.43333200	-1.23294800
-0.19287496	-3.37229500	-1.70293300
-0.18787496	-0.59511090	-1.61137700
-0.18287496	-0.59511090	-1.58696200
-0.17787496	-3.37229500	-1.58696200
-0.17287496	-3.37229500	-1.56254800
-0.16787496	-0.59511090	-1.47099200
-0.16287496	-0.59511090	-1.91656200
-0.15787496	-3.37229500	-2.84432500
-0.15287496	-3.37229500	-3.28989500
-0.14787496	-0.59511090	-3.19834000
-0.14287496	-0.59511090	-3.22275400
-0.13787496	-3.37229500	-3.40586500
-0.13287496	-3.43333200	-2.49031000
-0.12787496	-0.88503670	-0.54322950
-0.12287496	0.28992580	-0.09765923
-0.11787496	0.06103702	-1.20853300
-0.11287496	-0.12207400	-1.70293300
-0.10787496	-0.57985160	-1.61137700
-0.10287496	1.54118500	-1.53813300
-0.09787496	5.69170200	-1.35502200
-0.09287496	10.05585000	-2.24616200
-0.08787496	13.74859000	-4.10168800
-0.08287496	17.92962000	-4.96841300
-0.07787496	21.39347000	-4.69374700
-0.07287496	26.74947000	-5.04165700
-0.06787496	32.76162000	-5.78630900
-0.06287496	38.05658000	-7.12302000
-0.05787496	41.29154000	-8.88699000
-0.05287496	46.52546000	-9.75371600
-0.04787496	52.30872000	-9.57060400
-0.04287496	58.77865000	-9.52177400
-0.03787496	64.56190000	-9.52177400
-0.03287496	69.79583000	-9.54619000
-0.02787496	73.04604000	-9.63774600
-0.02287496	78.34101000	-9.21658900
-0.01787496	84.35316000	-8.38038300
-0.01287496	89.64812000	-7.48924200
-0.00787496	92.88307000	-6.65303500
-0.00287496	98.17804000	-6.25629500
0.00212504	104.19020000	-6.43940500
0.00712504	109.54620000	-6.04266500
0.01212504	113.01000000	-5.20645800
0.01712504	117.13000000	-4.29090200
0.02212504	120.59390000	-3.36314000
0.02712504	125.94990000	-3.38755500
0.03212504	131.96200000	-4.40687300
0.03712504	137.31800000	-4.87685800
0.04212504	140.79710000	-4.78530200
0.04712504	144.97820000	-4.76088700
0.05212504	148.67090000	-4.76088700
0.05712504	152.97400000	-4.76088700
0.06212504	156.89560000	-4.76088700
0.06712504	160.02380000	-4.76088700
0.07212504	161.39710000	-4.76088700
0.07712504	164.58630000	-4.73647300
0.08212504	168.73680000	-4.64491700
0.08712504	171.92600000	-5.09048700
0.09212504	173.29930000	-6.01825000
0.09712504	176.48850000	-6.43940500
0.10212504	180.63910000	-6.25629500
0.10712504	183.88930000	-6.67745000
0.11212504	185.49150000	-7.60521200
0.11712504	187.50570000	-8.05078300
0.12212504	189.10790000	-7.95922800
0.12712504	192.40390000	-7.91039800
0.13212504	196.81390000	-7.81884200
0.13712504	198.91960000	-8.28882700
0.14212504	198.23300000	-9.30814500
0.14712504	199.16380000	-9.30814500
0.15212504	201.25430000	-8.28882700
0.15712504	203.48210000	-7.81884200
0.16212504	205.57270000	-7.91039800
0.16712504	206.62550000	-7.95922800
0.17212504	206.39670000	-8.05078300
0.17712504	206.33560000	-7.60521200
0.18212504	206.33560000	-6.67745000
0.18712504	206.33560000	-6.25629500
0.19212504	206.33560000	-6.43940500
0.19712504	206.33560000	-6.01825000
0.20212504	206.33560000	-5.09048700
0.20712504	206.39670000	-4.66933200
0.21212504	206.62550000	-4.85244300
0.21712504	205.51160000	-4.43128700
0.22212504	203.19220000	-3.50352500
0.22712504	202.07830000	-3.05795500
0.23212504	202.30720000	-3.14951000
0.23712504	202.36820000	-3.17392500
0.24212504	202.36820000	-3.17392500
0.24712504	202.36820000	-3.14951000
0.25212504	202.36820000	-3.05795500
0.25712504	202.42930000	-3.50352500
0.26212504	202.65810000	-4.43128700
0.26712504	201.54420000	-4.85244300
0.27212504	199.22480000	-4.66933200
0.27712504	198.11090000	-5.06607200
0.28212504	198.33980000	-5.90228000
0.28712504	198.46190000	-6.81783500
0.29212504	198.69080000	-7.74559700
0.29712504	197.57680000	-7.74559700
0.30212504	195.25740000	-6.81783500
0.30712504	194.20450000	-5.90228000
0.31212504	194.66230000	-5.06607200
0.31712504	193.60940000	-4.62050200
0.32212504	191.29000000	-4.62050200
0.32712504	190.23710000	-5.11490200
0.33212504	190.69490000	-6.13422100
0.33712504	189.64200000	-6.10980600
0.34212504	187.32260000	-4.99893200
0.34712504	186.26970000	-4.97451700
0.35212504	186.72750000	-5.99383500
0.35712504	185.73560000	-6.46382000
0.36212504	183.64510000	-6.37226500
0.36712504	181.41730000	-6.37226500
0.37212504	179.32680000	-6.46382000
0.37712504	178.27390000	-6.01825000
0.38212504	178.50280000	-5.09048700
0.38712504	178.62480000	-4.64491700
0.39212504	178.85370000	-4.73647300
0.39712504	177.73980000	-4.76088700
0.40212504	175.42040000	-4.76088700
0.40712504	174.30650000	-4.76088700
0.41212504	174.53530000	-4.76088700
0.41712504	174.65740000	-4.78530200
0.42212504	174.88630000	-4.87685800
0.42712504	173.77240000	-4.43128700
0.43212504	171.45300000	-3.50352500
0.43712504	170.40010000	-3.05795500
0.44212504	170.85790000	-3.14951000
0.44712504	169.80500000	-3.17392500
0.45212504	167.48560000	-3.17392500
0.45712504	166.37160000	-3.19834000
0.46212504	166.60050000	-3.28989500
0.46712504	166.66160000	-2.84432500
0.47212504	166.66160000	-1.91656200
0.47712504	166.72260000	-1.47099200
0.48212504	166.95150000	-1.56254800
0.48712504	165.83760000	-1.58696200
0.49212504	163.51820000	-1.58696200
0.49712504	162.40430000	-1.58696200
0.50212504	162.63310000	-1.58696200
0.50712504	162.69420000	-1.58696200
0.51212504	162.69420000	-1.58696200
0.51712504	162.69420000	-1.58696200
0.52212504	162.69420000	-1.58696200
0.52712504	162.75520000	-1.58696200
0.53212504	162.98410000	-1.58696200
0.53712504	161.87020000	-1.61137700
0.54212504	159.55080000	-1.70293300
0.54712504	158.43680000	-1.23294800
0.55212504	158.66570000	-0.21362960
0.55712504	158.72680000	-0.23804440
0.56212504	158.72680000	-1.34891800
0.56712504	158.72680000	-1.34891800
0.57212504	158.72680000	-0.23804440
0.57712504	158.72680000	-0.18921480
0.58212504	158.72680000	-1.11697700
0.58712504	158.78780000	-2.08136200
0.59212504	159.01670000	-3.10068000
0.59712504	157.90280000	-2.60628100
0.60212504	155.58340000	-0.56764430
0.60712504	154.46940000	-0.09765923
0.61212504	154.69830000	-1.20853300
0.61712504	154.75940000	-1.70293300
0.62212504	154.75940000	-1.61137700
0.62712504	154.82040000	-1.58696200
0.63212504	155.04930000	-1.58696200
0.63712504	153.87430000	-1.61137700
0.64212504	151.32600000	-1.70293300
0.64712504	151.38710000	-1.23294800
0.65212504	154.16420000	-0.21362960
0.65712504	154.22530000	-0.21362960
0.66212504	151.67700000	-1.23294800
0.66712504	150.50200000	-1.70293300
0.67212504	150.73090000	-1.61137700
0.67712504	150.79190000	-1.58696200
0.68212504	150.79190000	-1.58696200
0.68712504	150.85300000	-1.61137700
0.69212504	151.08190000	-1.70293300
0.69712504	149.96790000	-1.23294800
0.70212504	147.64850000	-0.21362960
0.70712504	146.59560000	-0.23804440
0.71212504	147.05340000	-1.34891800
0.71712504	145.93950000	-1.37333300
0.72212504	143.39120000	-0.35401470
0.72712504	143.39120000	0.14038510
0.73212504	145.93950000	0.14038510
0.73712504	147.17550000	-0.35401470
0.74212504	147.17550000	-1.37333300
0.74712504	146.00050000	-1.37333300
0.75212504	143.68110000	-0.35401470
0.75712504	142.56720000	0.11597030
0.76212504	142.79610000	0.02441481
0.76712504	142.85710000	0.02441481
0.77212504	142.85710000	0.11597030
0.77712504	142.85710000	-0.35401470
0.78212504	142.85710000	-1.37333300
0.78712504	142.91820000	-1.37333300
0.79212504	143.14710000	-0.35401470
0.79712504	142.03310000	0.11597030
0.80212504	139.69850000	0.02441481
0.80712504	138.58450000	-0.02441481
0.81212504	138.81340000	-0.11597030
0.81712504	138.87450000	0.35401470
0.82212504	138.87450000	1.37333300
0.82712504	138.93550000	1.37333300
0.83212504	139.16440000	0.35401470
0.83712504	138.05050000	-0.14038510
0.84212504	135.73110000	-0.14038510
0.84712504	134.61710000	0.32959990
0.85212504	134.84600000	1.25736300
0.85712504	134.90710000	1.72734800
0.86212504	134.90710000	1.72734800
0.86712504	134.90710000	1.23294800
0.87212504	134.90710000	0.21362960
0.87712504	134.90710000	0.23804440
0.88212504	134.90710000	1.34891800
0.88712504	134.96810000	1.34891800
0.89212504	135.19700000	0.23804440
0.89712504	134.08310000	0.21362960
0.90212504	131.76370000	1.23294800
0.90712504	130.64970000	1.72734800
0.91212504	130.87860000	1.72734800
0.91712504	130.93970000	1.28177700
0.92212504	130.93970000	0.44557020
0.92712504	131.00070000	-0.46998500
0.93212504	131.22960000	-1.39774800
0.93712504	130.11560000	-1.37333300
0.94212504	127.79630000	-0.35401470
0.94712504	126.68230000	0.11597030
0.95212504	126.91120000	0.02441481
0.95712504	126.97230000	0.02441481
0.96212504	126.97230000	0.11597030
0.96712504	126.97230000	-0.32959990
0.97212504	126.97230000	-1.25736300
0.97712504	126.97230000	-1.72734800
0.98212504	126.97230000	-1.72734800
0.98712504	126.97230000	-1.23294800
0.99212504	126.97230000	-0.21362960
0.99712504	126.97230000	-0.21362960
1.00212504	126.97230000	-1.23294800
1.00712504	127.03330000	-1.70293300
1.01212504	127.26220000	-1.61137700
1.01712504	126.14820000	-1.58696200
1.02212504	123.82880000	-1.58696200
1.02712504	122.71490000	-1.61137700
1.03212504	122.94380000	-1.70293300
1.03712504	123.00480000	-1.20853300
1.04212504	123.00480000	-0.09765923
1.04712504	123.06590000	-0.56764430
1.05212504	123.29480000	-2.60628100
1.05712504	122.18080000	-3.07626600
1.06212504	119.86140000	-1.96539200
1.06712504	118.74750000	-1.49540700
1.07212504	118.97640000	-1.67851800
1.07712504	119.03740000	-1.23294800
1.08212504	119.03740000	-0.21362960
1.08712504	119.03740000	-0.21362960
1.09212504	119.03740000	-1.23294800
1.09712504	119.03740000	-1.70293300
1.10212504	119.03740000	-1.61137700
1.10712504	119.03740000	-1.63579200
1.11212504	119.03740000	-1.81890300
1.11712504	119.03740000	-0.92776260
1.12212504	119.03740000	0.92776260
1.12712504	119.09850000	1.84331800
1.13212504	119.32740000	1.75176200
1.13712504	118.21340000	1.23294800
1.14212504	115.89400000	0.21362960
1.14712504	114.78010000	0.21362960
1.15212504	115.00900000	1.23294800
1.15712504	115.07000000	1.72734800
1.16212504	115.07000000	1.72734800
1.16712504	115.07000000	1.25736300
1.17212504	115.07000000	0.32959990
1.17712504	115.07000000	-0.09155553
1.18212504	115.07000000	0.09155553
1.18712504	115.13110000	-0.35401470
1.19212504	115.36000000	-1.37333300
1.19712504	114.24600000	-1.37333300
1.20212504	111.92660000	-0.35401470
1.20712504	110.81270000	0.11597030
1.21212504	111.04160000	0.02441481
1.21712504	111.10260000	0.00000000
1.22212504	111.10260000	0.00000000
1.22712504	111.10260000	0.02441481
1.23212504	111.10260000	0.11597030
1.23712504	111.10260000	-0.32959990
1.24212504	111.10260000	-1.25736300
1.24712504	111.10260000	-1.72734800
1.25212504	111.10260000	-1.72734800
1.25712504	111.10260000	-1.25736300
1.26212504	111.10260000	-0.32959990
1.26712504	111.16370000	0.11597030
1.27212504	111.39250000	0.02441481
1.27712504	110.27860000	0.02441481
1.28212504	107.95920000	0.11597030
1.28712504	106.84530000	-0.35401470
1.29212504	107.07420000	-1.37333300
1.29712504	107.13520000	-1.37333300
1.30212504	107.13520000	-0.35401470
1.30712504	107.13520000	0.11597030
1.31212504	107.13520000	0.02441481
1.31712504	107.19630000	0.00000000
1.32212504	107.42510000	0.00000000
1.32712504	106.25020000	0.00000000
1.33212504	103.70190000	0.00000000
1.33712504	103.76290000	0.02441481
1.34212504	106.54010000	0.11597030
1.34712504	106.60120000	-0.35401470
1.35212504	104.05280000	-1.37333300
1.35712504	102.87790000	-1.37333300
1.36212504	103.10680000	-0.35401470
1.36712504	103.16780000	0.09155553
1.37212504	103.16780000	-0.09155553
1.37712504	103.16780000	0.32959990
1.38212504	103.16780000	1.25736300
1.38712504	103.16780000	1.72734800
1.39212504	103.16780000	1.72734800
1.39712504	103.22890000	1.25736300
1.40212504	103.45770000	0.32959990
1.40712504	102.28280000	-0.09155553
1.41212504	99.73448000	0.09155553
1.41712504	99.79552000	-0.35401470
1.42212504	102.57270000	-1.37333300
1.42712504	102.63370000	-1.37333300
1.43212504	100.08540000	-0.35401470
1.43712503	98.91048000	0.14038510
1.44212503	99.13937000	0.14038510
1.44712503	99.20041000	-0.32959990
1.45212503	99.20041000	-1.25736300
1.45712503	99.20041000	-1.70293300
1.46212503	99.20041000	-1.61137700
1.46712503	99.26145000	-1.58696200
1.47212503	99.49034000	-1.58696200
1.47712503	98.31538000	-1.58696200
1.48212503	95.76707000	-1.58696200
1.48712503	95.82811000	-1.61137700
1.49212503	98.60530000	-1.70293300
1.49712503	98.66634000	-1.23294800
1.50212503	96.11804000	-0.21362960
1.50712503	94.94308000	-0.23804440
1.51212503	95.17197000	-1.34891800
1.51712503	95.23300000	-1.34891800
1.52212503	95.23300000	-0.23804440
1.52712503	95.23300000	-0.23804440
1.53212503	95.23300000	-1.34891800
1.53712503	95.23300000	-1.37333300
1.54212503	95.23300000	-0.35401470
1.54712503	95.23300000	0.11597030
1.55212503	95.23300000	0.02441481
1.55712503	95.23300000	0.02441481
1.56212503	95.23300000	0.11597030
1.56712503	95.29404000	-0.32959990
1.57212503	95.52293000	-1.25736300
1.57712503	94.40900000	-1.70293300
1.58212503	92.08959000	-1.61137700
1.58712503	90.97568000	-1.61137700
1.59212503	91.20457000	-1.70293300
1.59712503	91.26560000	-1.28177700
1.60212503	91.26560000	-0.44557020
1.60712503	91.26560000	0.46998500
1.61212503	91.26560000	1.39774800
1.61712503	91.26560000	1.34891800
1.62212503	91.26560000	0.23804440
1.62712503	91.26560000	0.21362960
1.63212503	91.26560000	1.23294800
1.63712503	91.26560000	1.72734800
1.64212503	91.26560000	1.72734800
1.64712503	91.32664000	1.25736300
1.65212503	91.55552000	0.32959990
1.65712503	90.44160000	-0.14038510
1.66212503	88.12219000	-0.14038510
1.66712503	87.00826000	0.32959990
1.67212503	87.23715000	1.25736300
1.67712503	87.29819000	1.70293300
1.68212503	87.29819000	1.61137700
1.68712503	87.29819000	1.58696200
1.69212503	87.29819000	1.58696200
1.69712503	87.29819000	1.58696200
1.70212503	87.29819000	1.58696200
1.70712503	87.29819000	1.58696200
1.71212503	87.29819000	1.58696200
1.71712503	87.29819000	1.58696200
1.72212503	87.29819000	1.58696200
1.72712503	87.29819000	1.61137700
1.73212503	87.29819000	1.70293300
1.73712503	87.29819000	1.25736300
1.74212503	87.29819000	0.32959990
1.74712503	87.35923000	-0.11597030
1.75212503	87.58812000	-0.02441481
1.75712503	86.47419000	0.00000000
1.76212503	84.15479000	0.00000000
1.76712503	83.04086000	0.00000000
1.77212503	83.26974000	0.00000000
1.77712503	83.33078000	0.00000000
1.78212503	83.33078000	0.00000000
1.78712503	83.33078000	0.02441481
1.79212503	83.33078000	0.11597030
1.79712503	83.33078000	-0.35401470
1.80212503	83.33078000	-1.37333300
1.80712503	83.33078000	-1.34891800
1.81212503	83.33078000	-0.23804440
1.81712503	83.33078000	-0.21362960
1.82212503	83.33078000	-1.23294800
1.82712503	83.39182000	-1.70293300
1.83212503	83.62070000	-1.61137700
1.83712503	82.44575000	-1.58696200
1.84212503	79.89745000	-1.58696200
1.84712503	79.95850000	-1.58696200
1.85212503	82.73567000	-1.58696200
1.85712503	82.79671000	-1.61137700
1.86212503	80.24842000	-1.70293300
1.86712503	79.07346000	-1.20853300
1.87212503	79.30235000	-0.09765923
1.87712503	79.36338000	-0.56764430
1.88212503	79.36338000	-2.60628100
1.88712503	79.36338000	-3.07626600
1.89212503	79.36338000	-1.96539200
1.89712503	79.36338000	-1.49540700
1.90212503	79.36338000	-1.67851800
1.90712503	79.36338000	-1.25736300
1.91212503	79.36338000	-0.32959990
1.91712503	79.36338000	0.11597030
1.92212503	79.36338000	0.02441481
1.92712503	79.36338000	0.00000000
1.93212503	79.36338000	0.00000000
1.93712503	79.36338000	-0.02441481
1.94212503	79.36338000	-0.11597030
1.94712503	79.36338000	0.32959990
1.95212503	79.36338000	1.25736300
1.95712503	79.42442000	1.70293300
1.96212503	79.65331000	1.61137700
1.96712503	78.53938000	1.58696200
1.97212503	76.21997000	1.58696200
1.97712503	75.10605000	1.58696200
1.98212503	75.33494000	1.58696200
1.98712503	75.39597000	1.61137700
1.99212503	75.39597000	1.70293300
1.99712503	75.39597000	1.25736300
2.00212503	75.39597000	0.32959990
2.00712503	75.39597000	-0.14038510
2.01212503	75.39597000	-0.14038510
2.01712503	75.39597000	0.32959990
2.02212503	75.39597000	1.25736300
2.02712503	75.39597000	1.72734800
2.03212503	75.39597000	1.72734800
2.03712503	75.45701000	1.25736300
2.04212503	75.68590000	0.32959990
2.04712503	74.57197000	-0.11597030
2.05212503	72.25256000	-0.02441481
2.05712503	71.13864000	0.00000000
2.06212503	71.36753000	0.00000000
2.06712503	71.42857000	0.02441481
2.07212503	71.42857000	0.11597030
2.07712503	71.42857000	-0.32959990
2.08212503	71.42857000	-1.25736300
2.08712503	71.42857000	-1.72734800
2.09212503	71.42857000	-1.72734800
2.09712503	71.42857000	-1.23294800
2.10212503	71.42857000	-0.21362960
2.10712503	71.42857000	-0.21362960
2.11212503	71.42857000	-1.23294800
2.11712503	71.42857000	-1.70293300
2.12212503	71.42857000	-1.61137700
2.12712503	71.48961000	-1.61137700
2.13212503	71.71850000	-1.70293300
2.13712503	70.54353000	-1.25736300
2.14212503	67.97997000	-0.32959990
2.14712503	68.04102000	0.14038510
2.15212503	70.83346000	0.14038510
2.15712503	70.89449000	-0.32959990
2.16212503	68.33094000	-1.25736300
2.16712503	67.09494000	-1.72734800
2.17212503	67.09494000	-1.72734800
2.17712503	68.33094000	-1.25736300
2.18212503	70.89449000	-0.32959990
2.18712503	70.89449000	0.11597030
2.19212503	68.33094000	0.02441481
2.19712503	67.15598000	0.00000000
2.20212503	67.38486000	0.00000000
2.20712503	67.44590000	0.00000000
2.21212503	67.44590000	0.00000000
2.21712503	67.44590000	0.00000000
2.22212503	67.44590000	0.00000000
2.22712503	67.50694000	0.00000000
2.23212503	67.73582000	0.00000000
2.23712503	66.56087000	0.00000000
2.24212503	64.01257000	0.00000000
2.24712503	64.07360000	0.02441481
2.25212503	66.85079000	0.11597030
2.25712503	66.85079000	-0.35401470
2.26212503	64.07360000	-1.37333300
2.26712503	64.07360000	-1.37333300
2.27212503	66.85079000	-0.35401470
2.27712503	66.91183000	0.11597030
2.28212503	64.36353000	0.02441481
2.28712503	63.18857000	0.00000000
2.29212503	63.41746000	0.00000000
2.29712503	63.47850000	0.00000000
2.30212503	63.47850000	0.00000000
2.30712503	63.47850000	0.00000000
2.31212503	63.47850000	0.00000000
2.31712503	63.47850000	0.00000000
2.32212503	63.47850000	0.00000000
2.32712503	63.47850000	0.00000000
2.33212503	63.47850000	0.00000000
2.33712503	63.47850000	-0.02441481
2.34212503	63.47850000	-0.11597030
2.34712503	63.47850000	0.35401470
2.35212503	63.47850000	1.37333300
2.35712503	63.47850000	1.37333300
2.36212503	63.47850000	0.35401470
2.36712503	63.53953000	-0.11597030
2.37212503	63.76842000	-0.02441481
2.37712503	62.65450000	0.00000000
2.38212503	60.33509000	0.00000000
2.38712503	59.22116000	0.00000000
2.39212503	59.45005000	0.00000000
2.39712503	59.51109000	-0.02441481
2.40212503	59.51109000	-0.11597030
2.40712503	59.51109000	0.35401470
2.41212503	59.51109000	1.37333300
2.41712503	59.51109000	1.37333300
2.42212503	59.51109000	0.35401470
2.42712503	59.51109000	-0.11597030
2.43212503	59.51109000	-0.02441481
2.43712503	59.51109000	0.00000000
2.44212503	59.51109000	0.00000000
2.44712503	59.51109000	0.00000000
2.45212503	59.51109000	0.00000000
2.45712503	59.51109000	0.00000000
2.46212503	59.51109000	0.00000000
2.46712503	59.51109000	0.02441481
2.47212503	59.51109000	0.11597030
2.47712503	59.51109000	-0.32959990
2.48212503	59.51109000	-1.25736300
2.48712503	59.51109000	-1.70293300
2.49212503	59.51109000	-1.61137700
2.49712503	59.57213000	-1.58696200
2.50212503	59.80102000	-1.58696200
2.50712503	58.68709000	-1.61137700
2.51212503	56.36768000	-1.70293300
2.51712503	55.25376000	-1.23294800
2.52212503	55.48264000	-0.21362960
2.52712503	55.54368000	-0.23804440
2.53212503	55.54368000	-1.34891800
2.53712503	55.54368000	-1.37333300
2.54212503	55.54368000	-0.35401470
2.54712503	55.54368000	0.09155553
2.55212503	55.54368000	-0.09155553
2.55712503	55.54368000	0.32959990
2.56212503	55.54368000	1.25736300
2.56712503	55.54368000	1.70293300
2.57212503	55.54368000	1.61137700
2.57712503	55.54368000	1.58696200
2.58212503	55.54368000	1.58696200
2.58712503	55.54368000	1.58696200
2.59212503	55.54368000	1.58696200
2.59712503	55.54368000	1.58696200
2.60212503	55.54368000	1.58696200
2.60712503	55.54368000	1.61137700
2.61212503	55.54368000	1.70293300
2.61712503	55.54368000	1.25736300
2.62212503	55.54368000	0.32959990
2.62712503	55.54368000	-0.11597030
2.63212503	55.54368000	-0.02441481
2.63712503	55.54368000	0.00000000
2.64212503	55.54368000	0.00000000
2.64712503	55.60472000	0.02441481
2.65212503	55.83361000	0.11597030
2.65712503	54.71968000	-0.35401470
2.66212503	52.40028000	-1.37333300
2.66712503	51.28635000	-1.34891800
2.67212503	51.51524000	-0.23804440
2.67712503	51.57627000	-0.23804440
2.68212503	51.57627000	-1.34891800
2.68712503	51.57627000	-1.34891800
2.69212503	51.57627000	-0.23804440
2.69712503	51.57627000	-0.21362960
2.70212503	51.57627000	-1.23294800
2.70712503	51.57627000	-1.72734800
2.71212503	51.57627000	-1.72734800
2.71712503	51.57627000	-1.23294800
2.72212503	51.57627000	-0.21362960
2.72712503	51.57627000	-0.23804440
2.73212503	51.57627000	-1.34891800
2.73712503	51.57627000	-1.39774800
2.74212503	51.57627000	-0.46998500
2.74712503	51.63731000	0.46998500
2.75212503	51.86620000	1.39774800
2.75712503	50.69124000	1.34891800
2.76212503	48.14294000	0.23804440
2.76712503	48.14294000	0.21362960
2.77212503	50.69124000	1.23294800
2.77712503	51.92724000	1.72734800
2.78212503	51.92724000	1.72734800
2.78712503	50.69124000	1.23294800
2.79212503	48.14294000	0.21362960
2.79712503	48.20398000	0.21362960
2.80212503	50.98117000	1.23294800
2.80712503	51.04220000	1.72734800
2.81212503	48.49391000	1.72734800
2.81712503	47.31895000	1.25736300
2.82212503	47.54784000	0.32959990
2.82712503	47.60887000	-0.14038510
2.83212503	47.60887000	-0.14038510
2.83712503	47.60887000	0.35401470
2.84212503	47.60887000	1.37333300
2.84712503	47.60887000	1.34891800
2.85212503	47.60887000	0.23804440
2.85712503	47.60887000	0.21362960
2.86212503	47.60887000	1.23294800
2.86712503	47.60887000	1.72734800
2.87212503	47.60887000	1.72734800
2.87712503	47.60887000	1.25736300
2.88212503	47.60887000	0.32959990
2.88712503	47.60887000	-0.11597030
2.89212503	47.60887000	-0.02441481
2.89712503	47.60887000	0.02441481
2.90212503	47.60887000	0.11597030
2.90712503	47.60887000	-0.35401470
2.91212503	47.60887000	-1.37333300
2.91712503	47.60887000	-1.37333300
2.92212503	47.60887000	-0.35401470
2.92712503	47.60887000	0.11597030
2.93212503	47.60887000	0.02441481
2.93712503	47.60887000	0.00000000
2.94212503	47.60887000	0.00000000
2.94712503	47.60887000	0.02441481
2.95212503	47.60887000	0.11597030
2.95712503	47.66991000	-0.32959990
2.96212503	47.89880000	-1.25736300
2.96712503	46.78487000	-1.72734800
2.97212503	44.46547000	-1.72734800
2.97712503	43.35154000	-1.28177700
2.98212503	43.58043000	-0.44557020
2.98712503	43.64147000	0.44557020
2.99212503	43.64147000	1.28177700
2.99712503	43.64147000	1.70293300
3.00212503	43.64147000	1.61137700
3.00712503	43.64147000	1.58696200
3.01212503	43.64147000	1.58696200
3.01712503	43.64147000	1.58696200
3.02212503	43.64147000	1.58696200
3.02712503	43.64147000	1.58696200
3.03212503	43.64147000	1.58696200
3.03712503	43.64147000	1.58696200
3.04212503	43.64147000	1.58696200
3.04712503	43.64147000	1.58696200
3.05212503	43.64147000	1.58696200
3.05712503	43.64147000	1.58696200
3.06212503	43.64147000	1.58696200
3.06712503	43.64147000	1.58696200
3.07212503	43.64147000	1.58696200
3.07712503	43.70250000	1.58696200
3.08212502	43.93139000	1.58696200
3.08712502	42.75643000	1.56254800
3.09212502	40.20813000	1.47099200
3.09712502	40.20813000	1.91656200
3.10212502	42.75643000	2.84432500
3.10712502	43.93139000	3.31431000
3.11212502	43.70250000	3.31431000
3.11712502	43.70250000	2.84432500
3.12212502	43.93139000	1.91656200
3.12712502	42.81747000	1.47099200
3.13212502	40.49806000	1.56254800
3.13712502	39.38414000	1.58696200
3.14212502	39.61302000	1.58696200
3.14712502	39.67406000	1.58696200
3.15212502	39.67406000	1.58696200
3.15712502	39.67406000	1.58696200
3.16212502	39.67406000	1.58696200
3.16712502	39.67406000	1.58696200
3.17212502	39.67406000	1.58696200
3.17712502	39.67406000	1.61137700
3.18212502	39.67406000	1.70293300
3.18712502	39.67406000	1.23294800
3.19212502	39.67406000	0.21362960
3.19712502	39.67406000	0.21362960
3.20212502	39.67406000	1.23294800
3.20712502	39.67406000	1.70293300
3.21212502	39.67406000	1.61137700
3.21712502	39.67406000	1.58696200
3.22212502	39.67406000	1.58696200
3.22712502	39.67406000	1.61137700
3.23212502	39.67406000	1.70293300
3.23712502	39.67406000	1.25736300
3.24212502	39.67406000	0.32959990
3.24712502	39.67406000	-0.11597030
3.25212502	39.67406000	-0.02441481
3.25712502	39.67406000	0.00000000
3.26212502	39.67406000	0.00000000
3.26712502	39.67406000	0.00000000
3.27212502	39.67406000	0.00000000
3.27712502	39.67406000	-0.02441481
3.28212502	39.67406000	-0.11597030
3.28712502	39.67406000	0.35401470
3.29212502	39.67406000	1.37333300
3.29712502	39.67406000	1.34891800
3.30212502	39.67406000	0.23804440
3.30712502	39.67406000	0.21362960
3.31212502	39.67406000	1.23294800
3.31712502	39.67406000	1.70293300
3.32212502	39.67406000	1.61137700
3.32712502	39.67406000	1.58696200
3.33212502	39.67406000	1.58696200
3.33712502	39.73510000	1.58696200
3.34212502	39.96399000	1.58696200
3.34712502	38.78902000	1.58696200
3.35212502	36.24073000	1.58696200
3.35712502	36.30176000	1.58696200
3.36212502	39.07895000	1.58696200
3.36712502	39.07895000	1.58696200
3.37212502	36.30176000	1.58696200
3.37712502	36.30176000	1.56254800
3.38212502	39.07895000	1.47099200
3.38712502	39.13999000	1.94097700
3.39212502	36.59169000	2.96029500
3.39712502	35.41673000	2.96029500
3.40212502	35.64562000	1.94097700
3.40712502	35.70665000	1.49540700
3.41212502	35.70665000	1.67851800
3.41712502	35.70665000	1.23294800
3.42212502	35.70665000	0.21362960
3.42712502	35.70665000	0.21362960
3.43212502	35.70665000	1.23294800
3.43712502	35.70665000	1.70293300
3.44212502	35.70665000	1.61137700
3.44712502	35.70665000	1.58696200
3.45212502	35.70665000	1.58696200
3.45712502	35.70665000	1.58696200
3.46212502	35.70665000	1.58696200
3.46712502	35.70665000	1.61137700
3.47212502	35.70665000	1.70293300
3.47712502	35.70665000	1.28177700
3.48212502	35.70665000	0.44557020
3.48712502	35.70665000	-0.44557020
3.49212502	35.70665000	-1.28177700
3.49712502	35.70665000	-1.70293300
3.50212502	35.70665000	-1.61137700
3.50712502	35.70665000	-1.61137700
3.51212502	35.70665000	-1.70293300
3.51712502	35.70665000	-1.25736300
3.52212502	35.70665000	-0.32959990
3.52712502	35.70665000	0.14038510
3.53212502	35.70665000	0.14038510
3.53712502	35.76769000	-0.32959990
3.54212502	35.99658000	-1.25736300
3.54712502	34.82162000	-1.70293300
3.55212502	32.27332000	-1.61137700
3.55712502	32.27332000	-1.58696200
3.56212502	34.82162000	-1.58696200
3.56712502	36.05762000	-1.58696200
3.57212502	36.05762000	-1.58696200
3.57712502	34.88266000	-1.58696200
3.58212502	32.56325000	-1.58696200
3.58712502	31.44932000	-1.58696200
3.59212502	31.67821000	-1.58696200
3.59712502	31.73925000	-1.58696200
3.60212502	31.73925000	-1.58696200
3.60712502	31.73925000	-1.61137700
3.61212502	31.73925000	-1.70293300
3.61712502	31.73925000	-1.28177700
3.62212502	31.73925000	-0.44557020
3.62712502	31.73925000	0.46998500
3.63212502	31.73925000	1.39774800
3.63712502	31.73925000	1.34891800
3.64212502	31.73925000	0.23804440
3.64712502	31.73925000	0.21362960
3.65212502	31.73925000	1.23294800
3.65712502	31.73925000	1.70293300
3.66212502	31.73925000	1.61137700
3.66712502	31.73925000	1.61137700
3.67212502	31.73925000	1.70293300
3.67712502	31.73925000	1.25736300
3.68212502	31.73925000	0.32959990
3.68712502	31.73925000	-0.11597030
3.69212502	31.73925000	-0.02441481
3.69712502	31.73925000	0.02441481
3.70212502	31.73925000	0.11597030
3.70712502	31.73925000	-0.35401470
3.71212502	31.73925000	-1.37333300
3.71712502	31.73925000	-1.34891800
3.72212502	31.73925000	-0.23804440
3.72712502	31.73925000	-0.21362960
3.73212502	31.73925000	-1.23294800
3.73712502	31.73925000	-1.72734800
3.74212502	31.73925000	-1.72734800
3.74712502	31.73925000	-1.28177700
3.75212502	31.73925000	-0.44557020
3.75712502	31.73925000	0.44557020
3.76212502	31.73925000	1.28177700
3.76712502	31.73925000	1.70293300
3.77212502	31.73925000	1.61137700
3.77712502	31.80028000	1.58696200
3.78212502	32.02917000	1.58696200
3.78712502	30.85421000	1.58696200
3.79212502	28.30592000	1.58696200
3.79712502	28.36695000	1.58696200
3.80212502	31.14414000	1.58696200
3.80712502	31.14414000	1.58696200
3.81212502	28.36695000	1.58696200
3.81712502	28.36695000	1.58696200
3.82212502	31.14414000	1.58696200
3.82712502	31.20517000	1.58696200
3.83212502	28.65688000	1.58696200
3.83712502	27.48192000	1.61137700
3.84212502	27.71080000	1.70293300
3.84712502	27.77184000	1.23294800
3.85212502	27.77184000	0.21362960
3.85712502	27.77184000	0.23804440
3.86212502	27.77184000	1.34891800
3.86712502	27.77184000	1.37333300
3.87212502	27.77184000	0.35401470
3.87712502	27.77184000	-0.11597030
3.88212502	27.77184000	-0.02441481
3.88712502	27.77184000	0.00000000
3.89212502	27.77184000	0.00000000
3.89712502	27.77184000	0.00000000
3.90212502	27.77184000	0.00000000
3.90712502	27.77184000	-0.02441481
3.91212502	27.77184000	-0.11597030
3.91712502	27.77184000	0.32959990
3.92212502	27.77184000	1.25736300
3.92712502	27.77184000	1.70293300
3.93212502	27.77184000	1.61137700
3.93712502	27.77184000	1.58696200
3.94212502	27.77184000	1.58696200
3.94712502	27.77184000	1.58696200
3.95212502	27.77184000	1.58696200
3.95712502	27.77184000	1.58696200
3.96212502	27.77184000	1.58696200
3.96712502	27.77184000	1.58696200
3.97212502	27.77184000	1.58696200
3.97712502	27.77184000	1.58696200
3.98212502	27.77184000	1.58696200
3.98712502	27.77184000	1.61137700
3.99212502	27.77184000	1.70293300
3.99712502	27.77184000	1.25736300
4.00212502	27.77184000	0.32959990
4.00712502	27.77184000	-0.11597030
4.01212502	27.77184000	-0.02441481
4.01712502	27.77184000	0.00000000
4.02212502	27.77184000	0.00000000
4.02712502	27.77184000	0.00000000
4.03212502	27.77184000	0.00000000
4.03712502	27.77184000	0.02441481
4.04212502	27.77184000	0.11597030
4.04712502	27.77184000	-0.35401470
4.05212502	27.77184000	-1.37333300
4.05712502	27.83288000	-1.37333300
4.06212502	28.06177000	-0.35401470
4.06712502	26.88680000	0.11597030
4.07212502	24.33851000	0.02441481
4.07712502	24.33851000	0.00000000
4.08212502	26.88680000	0.00000000
4.08712502	28.12280000	0.02441481
4.09212502	28.12280000	0.11597030
4.09712502	26.94784000	-0.35401470
4.10212502	24.62844000	-1.37333300
4.10712502	23.51451000	-1.37333300
4.11212502	23.74340000	-0.35401470
4.11712502	23.80444000	0.11597030
4.12212502	23.80444000	0.02441481
4.12712502	23.80444000	0.02441481
4.13212502	23.80444000	0.11597030
4.13712502	23.80444000	-0.32959990
4.14212502	23.80444000	-1.25736300
4.14712502	23.80444000	-1.72734800
4.15212502	23.80444000	-1.72734800
4.15712502	23.80444000	-1.25736300
4.16212502	23.80444000	-0.32959990
4.16712502	23.80444000	0.11597030
4.17212502	23.80444000	0.02441481
4.17712502	23.80444000	0.00000000
4.18212502	23.80444000	0.00000000
4.18712502	23.80444000	0.00000000
4.19212502	23.80444000	0.00000000
4.19712502	23.80444000	-0.02441481
4.20212502	23.80444000	-0.11597030
4.20712502	23.80444000	0.32959990
4.21212502	23.80444000	1.25736300
4.21712502	23.80444000	1.72734800
4.22212502	23.80444000	1.72734800
4.22712502	23.80444000	1.25736300
4.23212502	23.80444000	0.32959990
4.23712502	23.80444000	-0.11597030
4.24212502	23.80444000	-0.02441481
4.24712502	23.80444000	0.00000000
4.25212502	23.80444000	0.00000000
4.25712502	23.80444000	0.00000000
4.26212502	23.80444000	0.00000000
4.26712502	23.80444000	0.00000000
4.27212502	23.80444000	0.00000000
4.27712502	23.80444000	0.00000000
4.28212502	23.80444000	0.00000000
4.28712502	23.80444000	0.02441481
4.29212502	23.80444000	0.11597030
4.29712502	23.80444000	-0.35401470
4.30212502	23.80444000	-1.37333300
4.30712502	23.80444000	-1.37333300
4.31212502	23.80444000	-0.35401470
4.31712502	23.80444000	0.11597030
4.32212502	23.80444000	0.02441481
4.32712502	23.80444000	0.02441481
4.33212502	23.80444000	0.11597030
4.33712502	23.80444000	-0.30518510
4.34212502	23.80444000	-1.14139200
4.34712502	23.80444000	-2.05694700
4.35212502	23.80444000	-2.98471000
4.35712502	23.80444000	-2.96029500
4.36212502	23.80444000	-1.94097700
4.36712502	23.86547000	-1.47099200
4.37212502	24.09436000	-1.56254800
4.37712502	22.91940000	-1.58696200
4.38212502	20.37111000	-1.58696200
4.38712502	20.43214000	-1.58696200
4.39212502	23.20932000	-1.58696200
4.39712502	23.20932000	-1.61137700
4.40212502	20.43214000	-1.70293300
4.40712502	20.43214000	-1.25736300
4.41212502	23.20932000	-0.32959990
4.41712502	23.27036000	0.14038510
4.42212502	20.72207000	0.14038510
4.42712502	19.48607000	-0.32959990
4.43212502	19.48607000	-1.25736300
4.43712502	20.72207000	-1.72734800
4.44212502	23.27036000	-1.72734800
4.44712502	23.27036000	-1.25736300
4.45212502	20.72207000	-0.32959990
4.45712502	19.54710000	0.09155553
4.46212502	19.77599000	-0.09155553
4.46712502	19.83703000	0.35401470
4.47212502	19.83703000	1.37333300
4.47712502	19.83703000	1.39774800
4.48212502	19.83703000	0.46998500
4.48712502	19.83703000	-0.49439980
4.49212502	19.83703000	-1.51371800
4.49712502	19.83703000	-1.01931800
4.50212502	19.83703000	1.01931800
4.50712502	19.83703000	1.51371800
4.51212502	19.83703000	0.49439980
4.51712502	19.77599000	-0.46998500
4.52212502	19.54710000	-1.39774800
4.52712502	20.72207000	-1.37333300
4.53212502	23.27036000	-0.35401470
4.53712502	23.27036000	0.14038510
4.54212502	20.72207000	0.14038510
4.54712502	19.54710000	-0.35401470
4.55212502	19.77599000	-1.37333300
4.55712502	19.83703000	-1.37333300
4.56212502	19.83703000	-0.35401470
4.56712502	19.83703000	0.14038510
4.57212502	19.83703000	0.14038510
4.57712502	19.83703000	-0.35401470
4.58212502	19.83703000	-1.37333300
4.58712502	19.83703000	-1.37333300
4.59212502	19.83703000	-0.35401470
4.59712502	19.83703000	0.14038510
4.60212502	19.83703000	0.14038510
4.60712502	19.83703000	-0.32959990
4.61212502	19.83703000	-1.25736300
4.61712502	19.83703000	-1.70293300
4.62212502	19.83703000	-1.61137700
4.62712502	19.83703000	-1.61137700
4.63212502	19.83703000	-1.70293300
4.63712502	19.83703000	-1.23294800
4.64212502	19.83703000	-0.21362960
4.64712502	19.83703000	-0.21362960
4.65212502	19.83703000	-1.23294800
4.65712502	19.83703000	-1.70293300
4.66212502	19.83703000	-1.61137700
4.66712502	19.83703000	-1.58696200
4.67212502	19.83703000	-1.58696200
4.67712502	19.83703000	-1.61137700
4.68212502	19.83703000	-1.70293300
4.68712502	19.83703000	-1.23294800
4.69212502	19.83703000	-0.21362960
4.69712502	19.83703000	-0.21362960
4.70212502	19.83703000	-1.23294800
4.70712502	19.83703000	-1.72734800
4.71212502	19.83703000	-1.72734800
4.71712502	19.83703000	-1.23294800
4.72212502	19.83703000	-0.21362960
4.72712501	19.83703000	-0.21362960
4.73212501	19.83703000	-1.23294800
4.73712501	19.83703000	-1.70293300
4.74212501	19.83703000	-1.61137700
4.74712501	19.83703000	-1.61137700
4.75212501	19.83703000	-1.70293300
4.75712501	19.83703000	-1.25736300
4.76212501	19.83703000	-0.32959990
4.76712501	19.83703000	0.14038510
4.77212501	19.83703000	0.14038510
4.77712501	19.83703000	-0.32959990
4.78212501	19.83703000	-1.25736300
4.78712501	19.83703000	-1.70293300
4.79212501	19.83703000	-1.61137700
4.79712501	19.83703000	-1.58696200
4.80212501	19.83703000	-1.58696200
4.80712501	19.89807000	-1.58696200
4.81212501	20.12696000	-1.58696200
4.81712501	19.01303000	-1.58696200
4.82212501	16.69362000	-1.58696200
4.82712501	15.51866000	-1.61137700
4.83212501	15.51866000	-1.70293300
4.83712501	16.69362000	-1.25736300
4.84212501	19.01303000	-0.32959990
4.84712501	20.18799000	0.11597030
4.85212501	20.18799000	0.02441481
4.85712501	19.01303000	0.00000000
4.86212501	16.69362000	0.00000000
4.86712501	15.57970000	0.00000000
4.87212501	15.80859000	0.00000000
4.87712501	15.86962000	0.00000000
4.88212501	15.86962000	0.00000000
4.88712501	15.86962000	0.00000000
4.89212501	15.86962000	0.00000000
4.89712501	15.86962000	0.02441481
4.90212501	15.86962000	0.11597030
4.90712501	15.86962000	-0.32959990
4.91212501	15.86962000	-1.25736300
4.91712501	15.80859000	-1.70293300
4.92212501	15.57970000	-1.61137700
4.92712501	16.75466000	-1.58696200
4.93212501	19.30296000	-1.58696200
4.93712501	19.30296000	-1.58696200
4.94212501	16.75466000	-1.58696200
4.94712501	15.57970000	-1.58696200
4.95212501	15.80859000	-1.58696200
4.95712501	15.86962000	-1.58696200
4.96212501	15.86962000	-1.58696200
4.96712501	15.86962000	-1.61137700
4.97212501	15.86962000	-1.70293300
4.97712501	15.86962000	-1.25736300
4.98212501	15.86962000	-0.32959990
4.98712501	15.86962000	0.09155553
4.99212501	15.86962000	-0.09155553
4.99712501	15.86962000	0.32959990
5.00212501	15.86962000	1.25736300
5.00712501	15.86962000	1.70293300
5.01212501	15.86962000	1.61137700
5.01712501	15.86962000	1.58696200
5.02212501	15.86962000	1.58696200
5.02712501	15.86962000	1.58696200
5.03212501	15.86962000	1.58696200
5.03712501	15.86962000	1.58696200
5.04212501	15.86962000	1.58696200
5.04712501	15.86962000	1.58696200
5.05212501	15.86962000	1.58696200
5.05712501	15.86962000	1.58696200
5.06212501	15.86962000	1.58696200
5.06712501	15.86962000	1.56254800
5.07212501	15.86962000	1.47099200
5.07712501	15.86962000	1.91656200
5.08212501	15.86962000	2.84432500
5.08712501	15.86962000	3.31431000
5.09212501	15.86962000	3.31431000
5.09712501	15.86962000	2.84432500
5.10212501	15.86962000	1.91656200
5.10712501	15.86962000	1.44657700
5.11212501	15.86962000	1.44657700
5.11712501	15.86962000	1.94097700
5.12212501	15.86962000	2.96029500
5.12712501	15.86962000	2.96029500
5.13212501	15.86962000	1.94097700
5.13712501	15.86962000	1.47099200
5.14212501	15.86962000	1.56254800
5.14712501	15.86962000	1.58696200
5.15212501	15.86962000	1.58696200
5.15712501	15.86962000	1.58696200
5.16212501	15.86962000	1.58696200
5.16712501	15.86962000	1.61137700
5.17212501	15.86962000	1.70293300
5.17712501	15.86962000	1.25736300
5.18212501	15.86962000	0.32959990
5.18712501	15.86962000	-0.11597030
5.19212501	15.86962000	-0.02441481
5.19712501	15.86962000	0.00000000
5.20212501	15.86962000	0.00000000
5.20712501	15.86962000	0.00000000
5.21212501	15.86962000	0.00000000
5.21712501	15.86962000	0.00000000
5.22212501	15.86962000	0.00000000
5.22712501	15.86962000	0.00000000
5.23212501	15.86962000	0.00000000
5.23712501	15.86962000	-0.02441481
5.24212501	15.86962000	-0.11597030
5.24712501	15.86962000	0.35401470
5.25212501	15.86962000	1.37333300
5.25712501	15.86962000	1.37333300
5.26212501	15.86962000	0.35401470
5.26712501	15.86962000	-0.14038510
5.27212501	15.86962000	-0.14038510
5.27712501	15.86962000	0.32959990
5.28212501	15.86962000	1.25736300
5.28712501	15.86962000	1.72734800
5.29212501	15.86962000	1.72734800
5.29712501	15.86962000	1.23294800
5.30212501	15.86962000	0.21362960
5.30712501	15.86962000	0.23804440
5.31212501	15.86962000	1.34891800
5.31712501	15.86962000	1.37333300
5.32212501	15.86962000	0.35401470
5.32712501	15.86962000	-0.09155553
5.33212501	15.86962000	0.09155553
5.33712501	15.86962000	-0.35401470
5.34212501	15.86962000	-1.37333300
5.34712501	15.93066000	-1.37333300
5.35212501	16.15955000	-0.35401470
5.35712501	14.98459000	0.11597030
5.36212501	12.43629000	0.02441481
5.36712501	12.43629000	-0.02441481
5.37212501	14.98459000	-0.11597030
5.37712501	16.15955000	0.35401470
5.38212501	15.93066000	1.37333300
5.38712501	15.93066000	1.34891800
5.39212501	16.15955000	0.23804440
5.39712501	15.04562000	0.21362960
5.40212501	12.72622000	1.23294800
5.40712501	11.55125000	1.67851800
5.41212501	11.55125000	1.49540700
5.41712501	12.78725000	1.91656200
5.42212501	15.33555000	2.84432500
5.42712501	15.27451000	3.31431000
5.43212501	12.49733000	3.31431000
5.43712501	12.43629000	2.84432500
5.44212501	14.98459000	1.91656200
5.44712501	16.22059000	1.44657700
5.45212501	16.22059000	1.44657700
5.45712501	15.04562000	1.94097700
5.46212501	12.72622000	2.96029500
5.46712501	11.61229000	2.96029500
5.47212501	11.84118000	1.94097700
5.47712501	11.90222000	1.47099200
5.48212501	11.90222000	1.56254800
5.48712501	11.90222000	1.58696200
5.49212501	11.90222000	1.58696200
5.49712501	11.90222000	1.58696200
5.50212501	11.90222000	1.58696200
5.50712501	11.84118000	1.61137700
5.51212501	11.61229000	1.70293300
5.51712501	12.78725000	1.25736300
5.52212501	15.33555000	0.32959990
5.52712501	15.33555000	-0.11597030
5.53212501	12.78725000	-0.02441481
5.53712501	11.61229000	0.00000000
5.54212501	11.84118000	0.00000000
5.54712501	11.90222000	0.00000000
5.55212501	11.90222000	0.00000000
5.55712501	11.90222000	0.00000000
5.56212501	11.90222000	0.00000000
5.56712501	11.90222000	0.02441481
5.57212501	11.90222000	0.11597030
5.57712501	11.90222000	-0.35401470
5.58212501	11.90222000	-1.37333300
5.58712501	11.90222000	-1.37333300
5.59212501	11.90222000	-0.35401470
5.59712501	11.90222000	0.11597030
5.60212501	11.90222000	0.02441481
5.60712501	11.90222000	-0.02441481
5.61212501	11.90222000	-0.11597030
5.61712501	11.90222000	0.32959990
5.62212501	11.90222000	1.25736300
5.62712501	11.90222000	1.70293300
5.63212501	11.90222000	1.61137700
5.63712501	11.90222000	1.58696200
5.64212501	11.90222000	1.58696200
5.64712501	11.90222000	1.58696200
5.65212501	11.90222000	1.58696200
5.65712501	11.90222000	1.58696200
5.66212501	11.90222000	1.58696200
5.66712501	11.90222000	1.58696200
5.67212501	11.90222000	1.58696200
5.67712501	11.90222000	1.58696200
5.68212501	11.90222000	1.58696200
5.68712501	11.90222000	1.58696200
5.69212501	11.90222000	1.58696200
5.69712501	11.90222000	1.58696200
5.70212501	11.90222000	1.58696200
5.70712501	11.90222000	1.58696200
5.71212501	11.90222000	1.58696200
5.71712501	11.90222000	1.58696200
5.72212501	11.90222000	1.58696200
5.72712501	11.90222000	1.61137700
5.73212501	11.90222000	1.70293300
5.73712501	11.90222000	1.23294800
5.74212501	11.90222000	0.21362960
5.74712501	11.90222000	0.23804440
5.75212501	11.90222000	1.34891800
5.75712501	11.90222000	1.34891800
5.76212501	11.90222000	0.23804440
5.76712501	11.90222000	0.23804440
5.77212501	11.90222000	1.34891800
5.77712501	11.90222000	1.37333300
5.78212501	11.90222000	0.35401470
5.78712501	11.90222000	-0.11597030
5.79212501	11.90222000	-0.02441481
5.79712501	11.90222000	-0.02441481
5.80212501	11.90222000	-0.11597030
5.80712501	11.90222000	0.32959990
5.81212501	11.90222000	1.25736300
5.81712501	11.90222000	1.67851800
5.82212501	11.90222000	1.49540700
5.82712501	11.90222000	1.94097700
5.83212501	11.90222000	2.96029500
5.83712501	11.90222000	2.96029500
5.84212501	11.90222000	1.94097700
5.84712501	11.90222000	1.44657700
5.85212501	11.90222000	1.44657700
5.85712501	11.90222000	1.94097700
5.86212501	11.90222000	2.96029500
5.86712501	11.90222000	2.93588100
5.87212501	11.90222000	1.82500700
5.87712501	11.90222000	1.82500700
5.88212501	11.90222000	2.93588100
5.88712501	11.90222000	2.93588100
5.89212501	11.90222000	1.82500700
5.89712501	11.90222000	1.82500700
5.90212501	11.90222000	2.93588100
5.90712501	11.90222000	2.96029500
5.91212501	11.90222000	1.94097700
5.91712501	11.90222000	1.44657700
5.92212501	11.90222000	1.44657700
5.92712501	11.90222000	1.94097700
5.93212501	11.90222000	2.96029500
5.93712501	11.96325000	2.96029500
5.94212501	12.19214000	1.94097700
5.94712501	11.01718000	1.47099200
5.95212501	8.46888600	1.56254800
5.95712501	8.46888600	1.61137700
5.96212501	11.01718000	1.70293300
5.96712501	12.19214000	1.25736300
5.97212501	11.96325000	0.32959990
5.97712501	11.90222000	-0.11597030
5.98212501	11.90222000	-0.02441481
5.98712501	11.90222000	0.00000000
5.99212501	11.90222000	0.00000000
5.99712501	11.96325000	0.00000000
6.00212501	12.19214000	0.00000000
6.00712501	11.01718000	0.00000000
6.01212501	8.46888600	0.00000000
6.01712501	8.52992300	-0.02441481
6.02212501	11.30711000	-0.11597030
6.02712501	11.30711000	0.35401470
6.03212501	8.52992300	1.37333300
6.03712501	8.46888600	1.37333300
6.04212501	11.01718000	0.35401470
6.04712501	12.19214000	-0.14038510
6.05212501	11.96325000	-0.14038510
6.05712501	11.96325000	0.35401470
6.06212501	12.19214000	1.37333300
6.06712501	11.07822000	1.37333300
6.07212501	8.75881200	0.35401470
6.07712501	7.58384900	-0.11597030
6.08212501	7.58384900	-0.02441481
6.08712501	8.81984900	0.00000000
6.09212501	11.36814000	0.00000000
6.09712501	11.30711000	0.00000000
6.10212501	8.52992300	0.00000000
6.10712501	8.52992300	0.00000000
6.11212501	11.30711000	0.00000000
6.11712501	11.30711000	0.00000000
6.12212501	8.52992300	0.00000000
6.12712501	8.52992300	0.02441481
6.13212501	11.30711000	0.11597030
6.13712501	11.30711000	-0.35401470
6.14212501	8.52992300	-1.37333300
6.14712501	8.52992300	-1.37333300
6.15212501	11.30711000	-0.35401470
6.15712501	11.30711000	0.11597030
6.16212501	8.52992300	0.02441481
6.16712501	8.52992300	0.00000000
6.17212501	11.30711000	0.00000000
6.17712501	11.36814000	-0.02441481
6.18212501	8.81984900	-0.11597030
6.18712501	7.64488600	0.35401470
6.19212501	7.87377500	1.37333300
6.19712501	7.93481200	1.37333300
6.20212501	7.93481200	0.35401470
6.20712501	7.93481200	-0.14038510
6.21212501	7.93481200	-0.14038510
6.21712501	7.87377500	0.32959990
6.22212501	7.64488600	1.25736300
6.22712501	8.81984900	1.72734800
6.23212501	11.36814000	1.72734800
6.23712501	11.36814000	1.25736300
6.24212501	8.81984900	0.32959990
6.24712501	7.64488600	-0.14038510
6.25212501	7.87377500	-0.14038510
6.25712501	7.93481200	0.35401470
6.26212501	7.93481200	1.37333300
6.26712501	7.93481200	1.34891800
6.27212501	7.93481200	0.23804440
6.27712501	7.87377500	0.21362960
6.28212501	7.64488600	1.23294800
6.28712501	8.81984900	1.75176200
6.29212501	11.36814000	1.84331800
6.29712501	11.36814000	0.90334780
6.30212501	8.81984900	-1.04373300
6.30712501	7.64488600	-1.48930300
6.31212501	7.87377500	-0.37842950
6.31712501	7.93481200	0.11597030
6.32212501	7.93481200	0.02441481
6.32712501	7.93481200	0.02441481
6.33212501	7.93481200	0.11597030
6.33712501	7.87377500	-0.35401470
6.34212501	7.64488600	-1.37333300
6.34712501	8.81984900	-1.37333300
6.35212501	11.36814000	-0.35401470
6.35712501	11.36814000	0.11597030
6.36212501	8.81984900	0.02441481
6.36712501	7.64488600	0.00000000
6.37212500	7.87377500	0.00000000
6.37712500	7.93481200	0.02441481
6.38212500	7.93481200	0.11597030
6.38712500	7.93481200	-0.32959990
6.39212500	7.93481200	-1.25736300
6.39712500	7.93481200	-1.72734800
6.40212500	7.93481200	-1.72734800
6.40712500	7.93481200	-1.25736300
6.41212500	7.93481200	-0.32959990
6.41712500	7.93481200	0.09155553
6.42212500	7.93481200	-0.09155553
6.42712500	7.93481200	0.37842950
6.43212500	7.93481200	1.48930300
6.43712500	7.93481200	1.01931800
6.44212500	7.93481200	-1.01931800
6.44712500	7.93481200	-1.51371800
6.45212500	7.93481200	-0.49439980
6.45712500	7.93481200	0.44557020
6.46212500	7.93481200	1.28177700
6.46712500	7.93481200	1.70293300
6.47212500	7.93481200	1.61137700
6.47712500	7.93481200	1.58696200
6.48212500	7.93481200	1.58696200
6.48712500	7.93481200	1.58696200
6.49212500	7.93481200	1.58696200
6.49712500	7.93481200	1.58696200
6.50212500	7.93481200	1.58696200
6.50712500	7.93481200	1.56254800
6.51212500	7.93481200	1.47099200
6.51712500	7.93481200	1.94097700
6.52212500	7.93481200	2.96029500
6.52712500	7.93481200	2.98471000
6.53212500	7.93481200	2.05694700
6.53712500	7.93481200	1.11697700
6.54212500	7.93481200	0.18921480
6.54712500	7.93481200	0.21362960
6.55212500	7.93481200	1.23294800
6.55712500	7.93481200	1.70293300
6.56212500	7.93481200	1.61137700
6.56712500	7.93481200	1.58696200
6.57212500	7.93481200	1.58696200
6.57712500	7.93481200	1.58696200
6.58212500	7.93481200	1.58696200
6.58712500	7.93481200	1.61137700
6.59212500	7.93481200	1.70293300
6.59712500	7.93481200	1.25736300
6.60212500	7.93481200	0.32959990
6.60712500	7.93481200	-0.14038510
6.61212500	7.93481200	-0.14038510
6.61712500	7.93481200	0.35401470
6.62212500	7.93481200	1.37333300
6.62712500	7.93481200	1.37333300
6.63212500	7.93481200	0.35401470
6.63712500	7.93481200	-0.11597030
6.64212500	7.93481200	-0.02441481
6.64712500	7.93481200	-0.02441481
6.65212500	7.93481200	-0.11597030
6.65712500	7.93481200	0.35401470
6.66212500	7.93481200	1.37333300
6.66712500	7.93481200	1.34891800
6.67212500	7.93481200	0.23804440
6.67712500	7.93481200	0.23804440
6.68212500	7.93481200	1.34891800
6.68712500	7.93481200	1.37333300
6.69212500	7.93481200	0.35401470
6.69712500	7.93481200	-0.11597030
6.70212500	7.93481200	-0.02441481
6.70712500	7.93481200	0.00000000
6.71212500	7.93481200	0.00000000
6.71712500	7.93481200	0.00000000
6.72212500	7.93481200	0.00000000
6.72712500	7.93481200	0.00000000
6.73212500	7.93481200	0.00000000
6.73712500	7.93481200	0.00000000
6.74212500	7.93481200	0.00000000
6.74712500	7.93481200	0.00000000
6.75212500	7.93481200	0.00000000
6.75712500	7.93481200	-0.02441481
6.76212500	7.93481200	-0.11597030
6.76712500	7.93481200	0.35401470
6.77212500	7.93481200	1.37333300
6.77712500	7.93481200	1.34891800
6.78212500	7.93481200	0.23804440
6.78712500	7.93481200	0.23804440
6.79212500	7.93481200	1.34891800
6.79712500	7.93481200	1.37333300
6.80212500	7.93481200	0.35401470
6.80712500	7.93481200	-0.11597030
6.81212500	7.93481200	-0.02441481
6.81712500	7.93481200	0.00000000
6.82212500	7.93481200	0.00000000
6.82712500	7.93481200	0.00000000
6.83212500	7.93481200	0.00000000
6.83712500	7.93481200	0.00000000
6.84212500	7.93481200	0.00000000
6.84712500	7.93481200	-0.02441481
6.85212500	7.93481200	-0.11597030
6.85712500	7.93481200	0.35401470
6.86212500	7.93481200	1.37333300
6.86712500	7.93481200	1.37333300
6.87212500	7.93481200	0.35401470
6.87712500	7.93481200	-0.11597030
6.88212500	7.93481200	-0.02441481
6.88712500	7.93481200	-0.02441481
6.89212500	7.93481200	-0.11597030
6.89712500	7.93481200	0.35401470
6.90212500	7.93481200	1.37333300
6.90712500	7.93481200	1.34891800
6.91212500	7.93481200	0.23804440
6.91712500	7.93481200	0.21362960
6.92212500	7.93481200	1.23294800
6.92712500	7.93481200	1.67851800
6.93212500	7.93481200	1.49540700
6.93712500	7.93481200	1.91656200
6.94212500	7.93481200	2.84432500
6.94712500	7.93481200	3.24106600
6.95212500	7.93481200	2.96639900
6.95712500	7.93481200	3.79039900
6.96212500	7.93481200	5.45060500
6.96712500	7.93481200	7.14743500
6.97212500	7.93481200	8.44142000
6.97712500	7.93481200	10.95615000
6.98212500	7.93481200	14.00800000
6.98712500	7.93481200	17.87164000
6.99212500	7.93481200	21.66204000
6.99712500	7.93481200	25.89801000
7.00212500	7.93481200	29.50529000
7.00712500	7.93481200	34.15021000
7.01212500	7.93481200	38.58150000
7.01712500	7.93481200	44.14197000
7.02212500	7.93481200	49.50102000
7.02712500	7.93481200	55.01266000
7.03212500	7.93481200	59.26694000
7.03712500	7.93481200	64.77859000
7.04212500	7.93481200	70.13763000
7.04712500	7.93481200	75.69811000
7.05212500	7.93481200	80.12939000
7.05712500	7.93481200	84.81704000
7.06212500	7.93481200	88.61354000
7.06712500	7.93481200	91.95837000
7.07212500	7.93481200	93.89325000
7.07712500	7.93481200	96.85964000
7.08212500	7.93481200	100.10070000
7.08712500	7.93481200	102.63980000
7.09212500	7.93481200	103.84230000
7.09712500	7.93481200	105.96030000
7.10212500	7.93481200	108.45670000
7.10712500	7.93481200	110.24510000
7.11212500	7.93481200	111.08130000
7.11712500	7.93481200	110.56250000
7.12212500	7.93481200	108.61540000
7.12712500	7.93481200	107.74250000
7.13212500	7.93481200	108.12100000
7.13712500	7.93481200	107.31530000
7.14212500	7.93481200	105.65510000
7.14712500	7.93481200	103.93380000
7.15212500	7.93481200	102.54830000
7.15712500	7.93481200	100.40590000
7.16212500	7.93481200	98.00104000
7.16712500	7.93481200	95.85863000
7.17212500	7.93481200	94.47310000
7.17712500	7.93481200	92.82510000
7.18212500	7.93481200	91.43955000
7.18712500	7.93481200	89.29716000
7.19212500	7.93481200	86.89230000
7.19712500	7.93481200	84.77431000
7.20212500	7.93481200	83.47423000
7.20712500	7.93481200	81.35625000
7.21212500	7.93481200	78.95139000
7.21712500	7.93481200	76.80898000
7.22212500	7.93481200	75.42345000
7.22712500	7.93481200	73.75103000
7.23212500	7.93481200	72.27393000
7.23712500	7.93481200	70.57710000
7.24212500	7.93481200	69.10001000
7.24712500	7.93481200	67.42760000
7.25212500	7.93481200	66.04205000
7.25712500	7.93481200	63.89965000
7.26212500	7.93481200	61.49479000
7.26712500	7.93481200	59.35240000
7.27212500	7.93481200	57.96685000
7.27712500	7.93481200	56.27003000
7.28212500	7.93481200	54.69527000
7.28712500	7.93481200	53.44401000
7.29212500	7.93481200	52.89468000
7.29712500	7.93481200	51.64342000
7.30212500	7.93481200	50.07477000
7.30712500	7.93481200	48.35352000
7.31212500	7.93481200	46.87643000
7.31712500	7.93481200	45.15519000
7.32212500	7.93481200	43.58654000
7.32712500	7.93481200	42.31086000
7.33212500	7.93481200	41.66998000
7.33712500	7.93481200	40.86428000
7.34212500	7.93481200	40.22340000
7.34712500	7.93481200	38.90499000
7.35212500	7.93481200	37.14103000
7.35712500	7.93481200	36.29872000
7.36212500	7.93481200	36.57338000
7.36712500	7.93481200	36.20105000
7.37212500	7.93481200	35.36485000
7.37712500	7.93481200	34.49812000
7.38212500	7.93481200	33.75347000
7.38712500	7.99584900	32.91116000
7.39212500	8.22473800	32.16651000
7.39712500	7.04977500	31.32420000
7.40212500	4.50148000	30.57955000
7.40712500	4.50148000	29.73724000
7.41212500	7.04977500	28.99869000
7.41712500	8.22473800	28.11975000
7.42212500	7.99584900	27.28355000
7.42712500	7.93481200	26.88681000
7.43212500	7.93481200	27.06992000
7.43712500	7.99584900	26.67318000
7.44212500	8.22473800	25.83697000
7.44712500	7.11081200	24.94583000
7.45212500	4.79140600	24.10962000
7.45712500	3.61644300	23.71288000
7.46212500	3.61644300	23.89599000
7.46712500	4.79140600	23.49925000
7.47212500	7.11081200	22.66304000
7.47712500	8.28577500	21.77190000
7.48212500	8.28577500	20.93570000
7.48712500	7.04977500	20.51454000
7.49212500	4.50148000	20.60610000
7.49712500	4.50148000	20.65493000
7.50212500	7.04977500	20.74648000
7.50712500	8.28577500	20.32533000
7.51212500	8.28577500	19.48912000
7.51712500	7.04977500	18.59798000
7.52212500	4.50148000	17.76177000
7.52712500	4.56251700	17.34062000
7.53212500	7.33970100	17.43217000
7.53712500	7.40073800	17.45659000
7.54212500	4.85244300	17.45659000
7.54712500	3.67748000	17.45659000
7.55212500	3.90636900	17.45659000
7.55712500	3.96740600	17.48100000
7.56212500	3.96740600	17.57256000
7.56712500	3.90636900	17.15140000
7.57212500	3.67748000	16.31520000
7.57712500	4.79140600	15.42405000
7.58212500	7.11081200	14.58785000
7.58712500	8.28577500	14.19111000
7.59212500	8.28577500	14.37422000
7.59712500	7.11081200	13.95306000
7.60212500	4.79140600	13.02530000
7.60712500	3.67748000	12.57973000
7.61212500	3.90636900	12.67128000
7.61712500	3.96740600	12.69570000
7.62212500	3.96740600	12.69570000
7.62712500	3.96740600	12.69570000
7.63212500	3.96740600	12.69570000
7.63712500	3.96740600	12.69570000
7.64212500	3.96740600	12.69570000
7.64712500	3.96740600	12.72011000
7.65212500	3.96740600	12.81167000
7.65712500	3.96740600	12.34169000
7.66212500	3.96740600	11.32237000
7.66712500	3.90636900	11.29795000
7.67212500	3.67748000	12.22571000
7.67712500	4.85244300	13.16568000
7.68212500	7.40073800	14.09345000
7.68712500	7.40073800	14.06903000
7.69212500	4.85244300	13.04971000
7.69712500	3.67748000	12.57973000
7.70212500	3.90636900	12.67128000
7.70712500	3.90636900	12.72011000
7.71212500	3.67748000	12.81167000
7.71712500	4.79140600	12.36610000
7.72212500	7.11081200	11.43834000
7.72712500	8.28577500	10.96835000
7.73212500	8.28577500	10.96835000
7.73712500	7.11081200	11.46275000
7.74212500	4.79140600	12.48207000
7.74712500	3.67748000	12.48207000
7.75212500	3.90636900	11.46275000
7.75712500	3.96740600	10.99277000
7.76212500	3.96740600	11.08432000
7.76712500	3.96740600	11.10874000
7.77212500	3.96740600	11.10874000
7.77712500	3.96740600	11.10874000
7.78212500	3.96740600	11.10874000
7.78712500	3.90636900	11.13315000
7.79212500	3.67748000	11.22471000
7.79712500	4.79140600	10.75472000
7.80212500	7.11081200	9.73540400
7.80712500	8.22473800	9.75981900
7.81212500	7.99584900	10.87069000
7.81712500	7.99584900	10.89511000
7.82212500	8.22473800	9.87579000
7.82712500	7.11081200	9.38139000
7.83212500	4.79140600	9.38139000
7.83712500	3.67748000	9.87579000
7.84212500	3.90636900	10.89511000
7.84712500	3.90636900	10.87069000
7.85212500	3.67748000	9.75981900
7.85712500	4.85244300	9.73540400
7.86212500	7.40073800	10.75472000
7.86712500	7.40073800	11.22471000
7.87212500	4.85244300	11.13315000
7.87712500	3.67748000	11.13315000
7.88212500	3.90636900	11.22471000
7.88712500	3.90636900	10.77914000
7.89212500	3.67748000	9.85137500
7.89712500	4.85244300	9.40580500
7.90212500	7.40073800	9.49735900
7.90712500	7.40073800	9.49735900
7.91212500	4.85244300	9.40580500
7.91712500	3.67748000	9.87579000
7.92212500	3.90636900	10.89511000
7.92712500	3.96740600	10.87069000
7.93212500	3.96740600	9.75981900
7.93712500	3.90636900	9.75981900
7.94212500	3.67748000	10.87069000
7.94712500	4.85244300	10.89511000
7.95212500	7.40073800	9.87579000
7.95712500	7.40073800	9.40580500
7.96212500	4.85244300	9.49735900
7.96712500	3.67748000	9.49735900
7.97212500	3.90636900	9.40580500
7.97712500	3.96740600	9.87579000
7.98212500	3.96740600	10.89511000
7.98712500	3.96740600	10.91952000
7.99212500	3.96740600	9.99175900
7.99712500	3.96740600	9.07620400
8.00212500	3.96740600	8.23999700
8.00712500	3.96740600	7.81884200
8.01212500	3.96740600	7.91039800
8.01712499	3.96740600	7.93481200
8.02212499	3.96740600	7.93481200
8.02712499	3.90636900	7.93481200
8.03212499	3.67748000	7.93481200
8.03712499	4.85244300	7.93481200
8.04212499	7.40073800	7.93481200
8.04712499	7.40073800	7.95922800
8.05212499	4.85244300	8.05078300
8.05712499	3.67748000	7.60521200
8.06212499	3.90636900	6.67745000
8.06712499	3.96740600	6.20746500
8.07212499	3.96740600	6.20746500
8.07712499	3.96740600	6.67745000
8.08212499	3.96740600	7.60521200
8.08712499	3.96740600	8.07519700
8.09212499	3.96740600	8.07519700
8.09712499	3.96740600	7.58079800
8.10212499	3.96740600	6.56148000
8.10712499	3.96740600	6.58589400
8.11212499	3.96740600	7.69676800
8.11712499	3.96740600	7.74559700
8.12212499	3.96740600	6.81783500
8.12712499	3.96740600	5.87786500
8.13212499	3.96740600	4.95010200
8.13712499	3.96740600	4.97451700
8.14212499	3.96740600	5.99383500
8.14712499	3.96740600	6.46382000
8.15212499	3.96740600	6.37226500
8.15712499	3.96740600	6.37226500
8.16212499	3.96740600	6.46382000
8.16712499	3.96740600	5.99383500
8.17212499	3.96740600	4.97451700
8.17712499	3.96740600	4.97451700
8.18212499	3.96740600	5.99383500
8.18712499	3.96740600	6.46382000
8.19212499	3.96740600	6.37226500
8.19712499	3.96740600	6.34785000
8.20212499	3.96740600	6.34785000
8.20712499	3.96740600	6.34785000
8.21212499	3.96740600	6.34785000
8.21712499	3.96740600	6.32343500
8.22212499	3.96740600	6.23187900
8.22712499	3.96740600	6.67745000
8.23212499	3.96740600	7.60521200
8.23712499	3.96740600	8.05078300
8.24212499	3.96740600	7.95922800
8.24712499	3.96740600	7.95922800
8.25212499	3.96740600	8.05078300
8.25712499	3.96740600	7.58079800
8.26212499	3.96740600	6.56148000
8.26712499	3.96740600	6.56148000
8.27212499	3.96740600	7.58079800
8.27712499	3.96740600	8.05078300
8.28212499	3.96740600	7.95922800
8.28712499	3.96740600	7.95922800
8.29212499	3.96740600	8.05078300
8.29712499	3.96740600	7.58079800
8.30212499	3.96740600	6.56148000
8.30712499	3.96740600	6.58589400
8.31212499	3.96740600	7.69676800
8.31712499	3.96740600	7.74559700
8.32212499	3.96740600	6.81783500
8.32712499	3.96740600	5.87786500
8.33212499	3.96740600	4.95010200
8.33712499	3.96740600	4.99893200
8.34212499	3.96740600	6.10980600
8.34712499	3.96740600	6.10980600
8.35212499	3.96740600	4.99893200
8.35712499	3.96740600	4.99893200
8.36212499	3.96740600	6.10980600
8.36712499	3.96740600	6.13422100
8.37212499	3.96740600	5.11490200
8.37712499	3.96740600	4.64491700
8.38212499	3.96740600	4.73647300
8.38712499	3.96740600	4.76088700
8.39212499	3.96740600	4.76088700
8.39712499	3.96740600	4.76088700
8.40212499	3.96740600	4.76088700
8.40712499	3.96740600	4.76088700
8.41212499	3.96740600	4.76088700
8.41712499	3.96740600	4.76088700
8.42212499	3.96740600	4.76088700
8.42712499	3.96740600	4.76088700
8.43212499	3.96740600	4.76088700
8.43712499	3.96740600	4.73647300
8.44212499	3.96740600	4.64491700
8.44712499	3.96740600	5.09048700
8.45212499	3.96740600	6.01825000
8.45712499	3.96740600	6.46382000
8.46212499	3.96740600	6.37226500
8.46712499	3.96740600	6.37226500
8.47212499	3.96740600	6.46382000
8.47712499	3.96740600	5.99383500
8.48212499	3.96740600	4.97451700
8.48712499	3.96740600	4.99893200
8.49212499	3.96740600	6.10980600
8.49712499	3.96740600	6.10980600
8.50212499	3.96740600	4.99893200
8.50712499	3.96740600	4.97451700
8.51212499	3.96740600	5.99383500
8.51712499	3.96740600	6.48823500
8.52212499	3.96740600	6.48823500
8.52712499	3.96740600	6.01825000
8.53212499	3.96740600	5.09048700
8.53712499	3.96740600	4.62050200
8.54212499	3.96740600	4.62050200
8.54712499	3.96740600	5.09048700
8.55212499	3.96740600	6.01825000
8.55712499	3.96740600	6.43940500
8.56212499	3.96740600	6.25629500
8.56712499	3.96740600	6.72627900
8.57212499	3.96740600	7.83715300
8.57712499	3.96740600	7.36716800
8.58212499	3.96740600	5.32853200
8.58712499	3.96740600	4.85854700
8.59212499	3.96740600	5.96942000
8.59712499	3.96740600	6.46382000
8.60212499	3.96740600	6.37226500
8.60712499	3.96740600	6.34785000
8.61212499	3.96740600	6.34785000
8.61712499	3.96740600	6.34785000
8.62212499	3.96740600	6.34785000
8.62712499	3.96740600	6.37226500
8.63212499	3.96740600	6.46382000
8.63712499	3.96740600	6.01825000
8.64212499	3.96740600	5.09048700
8.64712499	3.96740600	4.64491700
8.65212499	3.96740600	4.73647300
8.65712499	3.96740600	4.76088700
8.66212499	3.96740600	4.76088700
8.66712499	3.96740600	4.76088700
8.67212499	3.96740600	4.76088700
8.67712499	3.96740600	4.76088700
8.68212499	3.96740600	4.76088700
8.68712499	3.96740600	4.76088700
8.69212499	3.96740600	4.76088700
8.69712499	3.96740600	4.73647300
8.70212499	3.96740600	4.64491700
8.70712499	3.96740600	5.09048700
8.71212499	3.96740600	6.01825000
8.71712499	3.96740600	6.48823500
8.72212499	3.96740600	6.48823500
8.72712499	3.96740600	6.01825000
8.73212499	3.96740600	5.09048700
8.73712499	4.02844300	4.62050200
8.74212499	4.25733200	4.62050200
8.74712499	3.08236900	5.11490200
8.75212499	0.53407390	6.13422100
8.75712499	0.59511090	6.13422100
8.76212499	3.37229500	5.11490200
8.76712499	3.37229500	4.64491700
8.77212499	0.59511090	4.73647300
8.77712499	0.53407390	4.76088700
8.78212499	3.08236900	4.76088700
8.78712499	4.25733200	4.76088700
8.79212499	4.02844300	4.76088700
8.79712499	4.02844300	4.78530200
8.80212499	4.25733200	4.87685800
8.80712499	3.08236900	4.38245800
8.81212499	0.53407390	3.27158400
8.81712499	0.59511090	3.74156900
8.82212499	3.37229500	5.78020600
8.82712499	3.37229500	6.25019100
8.83212499	0.59511090	5.13931700
8.83712499	0.53407390	4.62050200
8.84212499	3.08236900	4.62050200
8.84712499	4.25733200	5.09048700
8.85212499	4.02844300	6.01825000
8.85712499	3.96740600	6.46382000
8.86212499	3.96740600	6.37226500
8.86712499	3.96740600	6.34785000
8.87212499	3.96740600	6.34785000
8.87712499	3.96740600	6.34785000
8.88212499	3.96740600	6.34785000
8.88712499	3.96740600	6.34785000
8.89212499	3.96740600	6.34785000
8.89712499	3.96740600	6.34785000
8.90212499	3.96740600	6.34785000
8.90712499	3.96740600	6.34785000
8.91212499	3.96740600	6.34785000
8.91712499	3.96740600	6.37226500
8.92212499	3.96740600	6.46382000
8.92712499	3.96740600	6.01825000
8.93212499	3.96740600	5.09048700
8.93712499	3.96740600	4.64491700
8.94212499	3.96740600	4.73647300
8.94712499	3.96740600	4.76088700
8.95212499	3.96740600	4.76088700
8.95712499	3.96740600	4.78530200
8.96212499	3.96740600	4.87685800
8.96712499	3.96740600	4.43128700
8.97212499	3.96740600	3.50352500
8.97712499	3.96740600	3.05795500
8.98212499	3.96740600	3.14951000
8.98712499	3.96740600	3.14951000
8.99212499	3.96740600	3.05795500
8.99712499	3.96740600	3.50352500
9.00212499	3.96740600	4.43128700
9.00712499	3.96740600	4.87685800
9.01212499	3.96740600	4.78530200
9.01712499	3.96740600	4.76088700
9.02212499	3.96740600	4.76088700
9.02712499	3.96740600	4.73647300
9.03212499	3.96740600	4.64491700
