Time	Channel A	Channel B
(us)	(mV)	(mV)

-1.00461095	0.00000000	0.00000000
-0.99961095	0.00000000	0.00000000
-0.99461095	0.00000000	-0.02441481
-0.98961095	0.00000000	-0.11597030
-0.98461095	0.00000000	0.35401470
-0.97961095	0.00000000	1.37333300
-0.97461095	0.00000000	1.34891800
-0.96961095	0.00000000	0.23804440
-0.96461095	0.00000000	0.21362960
-0.95961095	0.00000000	1.23294800
-0.95461095	0.00000000	1.70293300
-0.94961095	0.00000000	1.61137700
-0.94461095	0.00000000	1.58696200
-0.93961095	0.00000000	1.58696200
-0.93461095	0.00000000	1.61137700
-0.92961095	0.00000000	1.70293300
-0.92461095	0.00000000	1.25736300
-0.91961095	0.00000000	0.32959990
-0.91461095	0.00000000	-0.11597030
-0.90961095	0.00000000	-0.02441481
-0.90461095	0.00000000	0.00000000
-0.89961095	0.00000000	0.00000000
-0.89461095	0.00000000	0.00000000
-0.88961095	0.00000000	0.00000000
-0.88461095	0.00000000	0.00000000
-0.87961095	0.00000000	0.00000000
-0.87461095	0.00000000	0.00000000
-0.86961095	0.00000000	0.00000000
-0.86461095	0.00000000	0.00000000
-0.85961095	0.00000000	0.00000000
-0.85461095	0.00000000	0.00000000
-0.84961095	0.00000000	0.00000000
-0.84461095	0.00000000	0.00000000
-0.83961095	0.00000000	0.00000000
-0.83461095	0.00000000	0.00000000
-0.82961095	0.00000000	0.00000000
-0.82461095	0.00000000	-0.02441481
-0.81961095	0.00000000	-0.11597030
-0.81461095	0.00000000	0.35401470
-0.80961095	0.00000000	1.37333300
-0.80461095	0.00000000	1.37333300
-0.79961095	0.00000000	0.35401470
-0.79461095	0.00000000	-0.11597030
-0.78961095	0.00000000	-0.02441481
-0.78461095	0.00000000	-0.02441481
-0.77961095	0.00000000	-0.11597030
-0.77461095	0.00000000	0.32959990
-0.76961095	0.00000000	1.25736300
-0.76461095	0.00000000	1.72734800
-0.75961095	0.00000000	1.72734800
-0.75461095	0.00000000	1.23294800
-0.74961095	0.00000000	0.21362960
-0.74461095	0.00000000	0.21362960
-0.73961095	0.00000000	1.23294800
-0.73461095	0.00000000	1.70293300
-0.72961095	0.00000000	1.61137700
-0.72461095	0.00000000	1.61137700
-0.71961095	0.00000000	1.70293300
-0.71461095	0.00000000	1.23294800
-0.70961095	0.00000000	0.21362960
-0.70461095	0.00000000	0.23804440
-0.69961095	0.00000000	1.34891800
-0.69461095	0.00000000	1.37333300
-0.68961095	0.00000000	0.35401470
-0.68461095	0.00000000	-0.11597030
-0.67961095	0.00000000	-0.02441481
-0.67461095	0.00000000	0.00000000
-0.66961095	0.00000000	0.00000000
-0.66461095	0.00000000	0.00000000
-0.65961095	0.00000000	0.00000000
-0.65461095	0.00000000	0.00000000
-0.64961095	0.00000000	0.00000000
-0.64461095	0.00000000	0.00000000
-0.63961095	0.00000000	0.00000000
-0.63461095	0.00000000	0.02441481
-0.62961095	0.00000000	0.11597030
-0.62461095	0.00000000	-0.35401470
-0.61961095	0.00000000	-1.37333300
-0.61461095	0.00000000	-1.37333300
-0.60961095	0.00000000	-0.35401470
-0.60461095	0.00000000	0.09155553
-0.59961095	0.00000000	-0.09155553
-0.59461095	0.00000000	0.35401470
-0.58961095	0.00000000	1.37333300
-0.58461095	0.00000000	1.37333300
-0.57961095	0.00000000	0.35401470
-0.57461095	0.00000000	-0.11597030
-0.56961095	0.00000000	-0.02441481
-0.56461095	0.00000000	-0.02441481
-0.55961095	0.00000000	-0.11597030
-0.55461095	0.00000000	0.35401470
-0.54961095	0.00000000	1.37333300
-0.54461095	0.00000000	1.34891800
-0.53961095	0.00000000	0.23804440
-0.53461095	0.00000000	0.21362960
-0.52961095	0.00000000	1.23294800
-0.52461095	0.00000000	1.67851800
-0.51961095	0.00000000	1.49540700
-0.51461095	0.00000000	1.94097700
-0.50961095	0.00000000	2.96029500
-0.50461095	0.00000000	2.93588100
-0.49961095	0.00000000	1.82500700
-0.49461095	0.00000000	1.80059200
-0.48961095	0.00000000	2.81991000
-0.48461095	0.00000000	3.28989500
-0.47961095	0.00000000	3.19834000
-0.47461095	0.00000000	3.19834000
-0.46961095	0.00000000	3.28989500
-0.46461095	0.00000000	2.84432500
-0.45961095	0.00000000	1.91656200
-0.45461095	0.00000000	1.51982200
-0.44961095	0.00000000	1.79448800
-0.44461095	0.00000000	0.90334780
-0.43961095	0.00000000	-1.04373300
-0.43461095	0.00000000	-1.48930300
-0.42961095	0.00000000	-0.37842950
-0.42461095	0.00000000	0.14038510
-0.41961095	0.00000000	0.14038510
-0.41461095	0.00000000	-0.32959990
-0.40961095	0.00000000	-1.25736300
-0.40461095	0.06103702	-1.72734800
-0.39961095	0.28992580	-1.72734800
-0.39461095	-0.88503670	-1.23294800
-0.38961095	-3.43333200	-0.21362960
-0.38461095	-3.43333200	-0.23804440
-0.37961095	-0.88503670	-1.34891800
-0.37461095	0.28992580	-1.34891800
-0.36961095	0.06103702	-0.23804440
-0.36461095	0.00000000	-0.21362960
-0.35961095	0.00000000	-1.23294800
-0.35461095	0.00000000	-1.72734800
-0.34961095	0.00000000	-1.72734800
-0.34461095	0.00000000	-1.23294800
-0.33961095	0.00000000	-0.21362960
-0.33461095	0.06103702	-0.23804440
-0.32961095	0.28992580	-1.34891800
-0.32461095	-0.88503670	-1.34891800
-0.31961095	-3.43333200	-0.23804440
-0.31461095	-3.43333200	-0.23804440
-0.30961095	-0.88503670	-1.34891800
-0.30461095	0.28992580	-1.37333300
-0.29961095	0.06103702	-0.35401470
-0.29461095	0.00000000	0.11597030
-0.28961095	0.00000000	0.02441481
-0.28461095	0.00000000	0.00000000
-0.27961095	0.00000000	0.00000000
-0.27461095	0.00000000	0.00000000
-0.26961095	0.00000000	0.00000000
-0.26461095	0.00000000	-0.02441481
-0.25961095	0.00000000	-0.11597030
-0.25461095	0.00000000	0.32959990
-0.24961095	0.00000000	1.25736300
-0.24461095	0.00000000	1.72734800
-0.23961095	0.00000000	1.72734800
-0.23461095	0.00000000	1.25736300
-0.22961095	0.00000000	0.32959990
-0.22461095	0.00000000	-0.14038510
-0.21961095	0.00000000	-0.14038510
-0.21461095	0.00000000	0.32959990
-0.20961095	0.00000000	1.25736300
-0.20461095	0.00000000	1.70293300
-0.19961095	0.00000000	1.61137700
-0.19461095	0.00000000	1.58696200
-0.18961095	0.00000000	1.58696200
-0.18461095	0.00000000	1.61137700
-0.17961095	0.00000000	1.70293300
-0.17461095	-0.06103702	1.28177700
-0.16961095	-0.28992580	0.44557020
-0.16461095	0.76296270	-0.42115540
-0.15961095	2.85348100	-1.16580700
-0.15461095	5.02029500	-2.03253300
-0.14961095	6.88192400	-2.86874000
-0.14461095	8.98770000	-3.28989500
-0.13961095	10.84933000	-3.19834000
-0.13461095	12.95511000	-3.14951000
-0.12961095	14.81674000	-3.05795500
-0.12461095	16.87673000	-3.47911000
-0.11961095	18.47896000	-4.31531700
-0.11461095	21.72918000	-5.20645800
-0.10961095	25.87969000	-6.04266500
-0.10461095	29.06888000	-6.48823500
-0.09961095	30.44221000	-6.48823500
-0.09461095	33.63140000	-6.01825000
-0.08961095	37.78191000	-5.09048700
-0.08461095	40.91006000	-4.64491700
-0.07961095	42.05450000	-4.73647300
-0.07461095	46.35761000	-4.76088700
-0.06961095	52.82754000	-4.76088700
-0.06461095	57.13065000	-4.78530200
-0.05961095	58.27509000	-4.87685800
-0.05461095	61.34220000	-4.40687300
-0.04961095	65.26382000	-3.38755500
-0.04461095	69.56694000	-3.38755500
-0.03961095	73.27493000	-4.40687300
-0.03461095	77.51701000	-4.87685800
-0.02961095	81.20975000	-4.78530200
-0.02461095	85.51286000	-4.78530200
-0.01961095	89.43449000	-4.87685800
-0.01461095	92.56263000	-4.40687300
-0.00961095	93.93597000	-3.38755500
-0.00461095	97.06412000	-3.38755500
0.00038905	100.98570000	-4.40687300
0.00538905	105.34990000	-4.87685800
0.01038905	109.27150000	-4.78530200
0.01538905	112.46070000	-4.78530200
0.02038905	114.06290000	-4.87685800
0.02538905	116.07710000	-4.43128700
0.03038905	117.67940000	-3.50352500
0.03538905	120.92960000	-3.05795500
0.04038905	125.08010000	-3.14951000
0.04538905	128.26930000	-3.19834000
0.05038905	129.64260000	-3.28989500
0.05538905	132.83180000	-2.81991000
0.06038905	136.98230000	-1.80059200
0.06538905	140.23250000	-1.80059200
0.07038905	141.85000000	-2.81991000
0.07538905	143.92530000	-3.26548100
0.08038905	145.77170000	-3.08237000
0.08538905	147.87740000	-3.52794000
0.09038905	149.73910000	-4.54725700
0.09538905	151.84480000	-4.54725700
0.10038905	153.70650000	-3.52794000
0.10538905	155.87330000	-3.03354000
0.11038905	157.96380000	-3.03354000
0.11538904	158.95570000	-3.50352500
0.12038904	158.49790000	-4.43128700
0.12538904	159.48970000	-4.87685800
0.13038904	161.58020000	-4.78530200
0.13538904	163.80810000	-4.76088700
0.14038904	165.89860000	-4.76088700
0.14538904	166.95150000	-4.76088700
0.15038904	166.72260000	-4.76088700
0.15538904	166.60050000	-4.76088700
0.16038904	166.37160000	-4.76088700
0.16538904	167.42450000	-4.76088700
0.17038904	169.51500000	-4.76088700
0.17538904	171.74290000	-4.76088700
0.18038904	173.83340000	-4.76088700
0.18538904	174.88630000	-4.76088700
0.19038904	174.65740000	-4.76088700
0.19538904	174.53530000	-4.78530200
0.20038904	174.30650000	-4.87685800
0.20538904	175.42040000	-4.43128700
0.21038904	177.73980000	-3.50352500
0.21538904	178.85370000	-3.03354000
0.22038904	178.62480000	-3.03354000
0.22538904	178.56380000	-3.50352500
0.23038904	178.56380000	-4.43128700
0.23538904	178.50280000	-4.87685800
0.24038904	178.27390000	-4.78530200
0.24538904	179.38780000	-4.73647300
0.25038904	181.70720000	-4.64491700
0.25538904	182.82110000	-5.09048700
0.26038904	182.59220000	-6.01825000
0.26538904	182.53120000	-6.46382000
0.27038904	182.53120000	-6.37226500
0.27538904	182.53120000	-6.34785000
0.28038904	182.53120000	-6.34785000
0.28538904	182.47020000	-6.34785000
0.29038904	182.24130000	-6.34785000
0.29538904	183.41620000	-6.34785000
0.30038904	185.96450000	-6.34785000
0.30538904	185.96450000	-6.34785000
0.31038904	183.41620000	-6.34785000
0.31538904	182.18020000	-6.34785000
0.32038904	182.18020000	-6.34785000
0.32538904	183.35520000	-6.37226500
0.33038904	185.67460000	-6.46382000
0.33538904	186.78850000	-6.01825000
0.34038904	186.55960000	-5.09048700
0.34538904	186.49860000	-4.64491700
0.35038904	186.49860000	-4.73647300
0.35538904	186.49860000	-4.73647300
0.36038904	186.49860000	-4.64491700
0.36538904	186.49860000	-5.09048700
0.37038904	186.49860000	-6.01825000
0.37538904	186.55960000	-6.48823500
0.38038904	186.78850000	-6.48823500
0.38538904	185.67460000	-6.01825000
0.39038904	183.35520000	-5.09048700
0.39538904	182.24130000	-4.64491700
0.40038904	182.47020000	-4.73647300
0.40538904	182.53120000	-4.76088700
0.41038904	182.53120000	-4.76088700
0.41538904	182.53120000	-4.76088700
0.42038904	182.53120000	-4.76088700
0.42538904	182.53120000	-4.78530200
0.43038904	182.53120000	-4.87685800
0.43538904	182.59220000	-4.43128700
0.44038904	182.82110000	-3.50352500
0.44538904	181.70720000	-3.05795500
0.45038904	179.38780000	-3.14951000
0.45538904	178.33490000	-3.17392500
0.46038904	178.79270000	-3.17392500
0.46538904	177.73980000	-3.19834000
0.47038904	175.42040000	-3.28989500
0.47538904	174.30650000	-2.84432500
0.48038904	174.53530000	-1.91656200
0.48538904	174.65740000	-1.47099200
0.49038904	174.88630000	-1.56254800
0.49538904	173.77240000	-1.58696200
0.50038904	171.45300000	-1.58696200
0.50538904	170.40010000	-1.58696200
0.51038904	170.85790000	-1.58696200
0.51538904	169.80500000	-1.53813300
0.52038904	167.48560000	-1.35502200
0.52538904	166.37160000	-2.27057700
0.53038904	166.60050000	-4.21765800
0.53538904	166.66160000	-4.66322800
0.54038904	166.66160000	-3.55235400
0.54538904	166.72260000	-3.05795500
0.55038904	166.95150000	-3.14951000
0.55538904	165.83760000	-3.17392500
0.56038904	163.51820000	-3.17392500
0.56538904	162.40430000	-3.17392500
0.57038904	162.63310000	-3.17392500
0.57538904	162.75520000	-3.17392500
0.58038904	162.98410000	-3.17392500
0.58538904	161.87020000	-3.17392500
0.59038904	159.55080000	-3.17392500
0.59538904	158.43680000	-3.17392500
0.60038904	158.66570000	-3.17392500
0.60538904	158.72680000	-3.17392500
0.61038904	158.72680000	-3.17392500
0.61538904	158.78780000	-3.19834000
0.62038904	159.01670000	-3.28989500
0.62538904	157.90280000	-2.84432500
0.63038904	155.58340000	-1.91656200
0.63538904	154.46940000	-1.47099200
0.64038904	154.69830000	-1.56254800
0.64538904	154.75940000	-1.61137700
0.65038904	154.75940000	-1.70293300
0.65538904	154.82040000	-1.25736300
0.66038904	155.04930000	-0.32959990
0.66538904	153.93530000	0.11597030
0.67038904	151.61590000	0.02441481
0.67538904	150.50200000	0.00000000
0.68038904	150.73090000	0.00000000
0.68538904	150.79190000	0.00000000
0.69038904	150.79190000	0.00000000
0.69538904	150.79190000	0.00000000
0.70038904	150.79190000	0.00000000
0.70538904	150.79190000	0.00000000
0.71038904	150.79190000	0.00000000
0.71538904	150.85300000	0.00000000
0.72038904	151.08190000	0.00000000
0.72538904	149.96790000	0.00000000
0.73038904	147.64850000	0.00000000
0.73538904	146.53460000	0.00000000
0.74038904	146.76350000	0.00000000
0.74538904	146.82450000	0.00000000
0.75038904	146.82450000	0.00000000
0.75538904	146.82450000	0.02441481
0.76038904	146.82450000	0.11597030
0.76538904	146.88560000	-0.32959990
0.77038904	147.11450000	-1.25736300
0.77538904	146.00050000	-1.70293300
0.78038904	143.68110000	-1.61137700
0.78538904	142.56720000	-1.58696200
0.79038904	142.79610000	-1.58696200
0.79538904	142.85710000	-1.61137700
0.80038904	142.85710000	-1.70293300
0.80538904	142.85710000	-1.25736300
0.81038904	142.85710000	-0.32959990
0.81538904	142.91820000	0.11597030
0.82038904	143.14710000	0.02441481
0.82538904	142.03310000	0.00000000
0.83038904	139.69850000	0.00000000
0.83538904	138.58450000	-0.02441481
0.84038904	138.81340000	-0.11597030
0.84538904	138.87450000	0.32959990
0.85038904	138.87450000	1.25736300
0.85538904	138.87450000	1.72734800
0.86038904	138.87450000	1.72734800
0.86538904	138.93550000	1.23294800
0.87038904	139.16440000	0.21362960
0.87538904	138.05050000	0.23804440
0.88038904	135.73110000	1.34891800
0.88538904	134.61710000	1.34891800
0.89038904	134.84600000	0.23804440
0.89538904	134.90710000	0.21362960
0.90038904	134.90710000	1.23294800
0.90538904	134.90710000	1.70293300
0.91038904	134.90710000	1.61137700
0.91538904	134.90710000	1.61137700
0.92038904	134.90710000	1.70293300
0.92538904	134.96810000	1.23294800
0.93038904	135.19700000	0.21362960
0.93538904	134.08310000	0.21362960
0.94038904	131.76370000	1.23294800
0.94538904	130.64970000	1.70293300
0.95038904	130.87860000	1.61137700
0.95538904	130.93970000	1.58696200
0.96038904	130.93970000	1.58696200
0.96538904	130.93970000	1.58696200
0.97038904	130.93970000	1.58696200
0.97538904	131.00070000	1.61137700
0.98038904	131.22960000	1.70293300
0.98538904	130.05460000	1.28177700
0.99038904	127.50630000	0.44557020
0.99538904	127.56740000	-0.44557020
1.00038904	130.34450000	-1.28177700
1.00538904	130.40560000	-1.70293300
1.01038904	127.85730000	-1.61137700
1.01538904	126.68230000	-1.61137700
1.02038904	126.91120000	-1.70293300
1.02538904	126.97230000	-1.23294800
1.03038904	126.97230000	-0.21362960
1.03538904	127.03330000	-0.23804440
1.04038904	127.26220000	-1.34891800
1.04538904	126.14820000	-1.37333300
1.05038904	123.82880000	-0.35401470
1.05538904	122.71490000	0.11597030
1.06038904	122.94380000	0.02441481
1.06538904	123.00480000	0.00000000
1.07038904	123.00480000	0.00000000
1.07538904	123.00480000	0.02441481
1.08038904	123.00480000	0.11597030
1.08538904	123.06590000	-0.35401470
1.09038904	123.29480000	-1.37333300
1.09538904	122.11980000	-1.37333300
1.10038904	119.57150000	-0.35401470
1.10538904	119.63260000	0.11597030
1.11038904	122.40970000	0.02441481
1.11538904	122.47080000	0.02441481
1.12038904	119.92250000	0.11597030
1.12538904	118.74750000	-0.35401470
1.13038904	118.97640000	-1.37333300
1.13538904	119.03740000	-1.37333300
1.14038904	119.03740000	-0.35401470
1.14538904	119.03740000	0.11597030
1.15038904	119.03740000	0.02441481
1.15538904	119.03740000	0.00000000
1.16038904	119.03740000	0.00000000
1.16538904	119.09850000	0.00000000
1.17038904	119.32740000	0.00000000
1.17538904	118.21340000	0.02441481
1.18038904	115.89400000	0.11597030
1.18538904	114.78010000	-0.35401470
1.19038904	115.00900000	-1.37333300
1.19538904	115.07000000	-1.37333300
1.20038904	115.07000000	-0.35401470
1.20538904	115.07000000	0.11597030
1.21038904	115.07000000	0.02441481
1.21538904	115.07000000	-0.02441481
1.22038904	115.07000000	-0.11597030
1.22538904	115.07000000	0.32959990
1.23038904	115.07000000	1.25736300
1.23538904	115.13110000	1.72734800
1.24038904	115.36000000	1.72734800
1.24538904	114.24600000	1.23294800
1.25038904	111.92660000	0.21362960
1.25538904	110.81270000	0.21362960
1.26038904	111.04160000	1.23294800
1.26538904	111.10260000	1.70293300
1.27038904	111.10260000	1.61137700
1.27538904	111.10260000	1.61137700
1.28038904	111.10260000	1.70293300
1.28538904	111.10260000	1.23294800
1.29038904	111.10260000	0.21362960
1.29538904	111.10260000	0.23804440
1.30038904	111.10260000	1.34891800
1.30538904	111.10260000	1.37333300
1.31038904	111.10260000	0.35401470
1.31538904	111.16370000	-0.11597030
1.32038904	111.39250000	-0.02441481
1.32538904	110.21760000	0.00000000
1.33038904	107.66930000	0.00000000
1.33538904	107.73030000	0.02441481
1.34038904	110.50750000	0.11597030
1.34538904	110.56860000	-0.32959990
1.35038904	108.02030000	-1.25736300
1.35538904	106.84530000	-1.72734800
1.36038904	107.07420000	-1.72734800
1.36538904	107.13520000	-1.23294800
1.37038904	107.13520000	-0.21362960
1.37538904	107.13520000	-0.23804440
1.38038904	107.13520000	-1.34891800
1.38538904	107.19630000	-1.34891800
1.39038904	107.42510000	-0.23804440
1.39538904	106.31120000	-0.21362960
1.40038904	103.99180000	-1.23294800
1.40538904	102.87790000	-1.72734800
1.41038904	103.10680000	-1.72734800
1.41538904	103.16780000	-1.20853300
1.42038904	103.16780000	-0.09765923
1.42538904	103.16780000	-0.59205910
1.43038904	103.16780000	-2.72225100
1.43538904	103.16780000	-2.74666600
1.44038904	103.16780000	-0.70802940
1.44538904	103.16780000	0.28077030
1.45038904	103.16780000	0.28077030
1.45538904	103.16780000	-0.68361460
1.46038904	103.16780000	-2.63069600
1.46538904	103.22890000	-3.10068000
1.47038904	103.45770000	-2.08136200
1.47538904	102.34380000	-1.14139200
1.48038904	100.02440000	-0.30518510
1.48538904	98.91048000	0.11597030
1.49038904	99.13937000	0.02441481
1.49538904	99.20041000	0.02441481
1.50038904	99.20041000	0.11597030
1.50538904	99.20041000	-0.32959990
1.51038904	99.20041000	-1.25736300
1.51538904	99.20041000	-1.72734800
1.52038904	99.20041000	-1.72734800
1.52538904	99.26145000	-1.25736300
1.53038904	99.49034000	-0.32959990
1.53538904	98.37641000	0.11597030
1.54038904	96.05700000	0.02441481
1.54538904	94.94308000	0.00000000
1.55038904	95.17197000	0.00000000
1.55538904	95.23300000	0.00000000
1.56038904	95.23300000	0.00000000
1.56538904	95.23300000	0.00000000
1.57038904	95.23300000	0.00000000
1.57538904	95.23300000	0.00000000
1.58038904	95.23300000	0.00000000
1.58538904	95.23300000	0.02441481
1.59038904	95.23300000	0.11597030
1.59538904	95.23300000	-0.32959990
1.60038904	95.23300000	-1.25736300
1.60538904	95.23300000	-1.72734800
1.61038904	95.23300000	-1.72734800
1.61538904	95.29404000	-1.25736300
1.62038904	95.52293000	-0.32959990
1.62538904	94.34796000	0.14038510
1.63038904	91.79967000	0.14038510
1.63538904	91.86070000	-0.32959990
1.64038904	94.63789000	-1.25736300
1.64538904	94.69893000	-1.70293300
1.65038904	92.15063000	-1.61137700
1.65538904	90.97568000	-1.58696200
1.66038904	91.20457000	-1.58696200
1.66538904	91.32664000	-1.58696200
1.67038904	91.55552000	-1.58696200
1.67538904	90.38056000	-1.58696200
1.68038904	87.83227000	-1.58696200
1.68538904	87.89330000	-1.61137700
1.69038904	90.67049000	-1.70293300
1.69538904	90.73153000	-1.28177700
1.70038904	88.18323000	-0.44557020
1.70538904	87.00826000	0.46998500
1.71038904	87.23715000	1.39774800
1.71538904	87.29819000	1.37333300
1.72038904	87.29819000	0.35401470
1.72538904	87.29819000	-0.11597030
1.73038904	87.29819000	-0.02441481
1.73538904	87.29819000	-0.02441481
1.74038904	87.29819000	-0.11597030
1.74538904	87.29819000	0.35401470
1.75038904	87.29819000	1.37333300
1.75538904	87.29819000	1.34891800
1.76038903	87.29819000	0.23804440
1.76538903	87.29819000	0.23804440
1.77038903	87.29819000	1.34891800
1.77538903	87.35923000	1.34891800
1.78038903	87.58812000	0.23804440
1.78538903	86.47419000	0.21362960
1.79038903	84.15479000	1.23294800
1.79538903	83.04086000	1.70293300
1.80038903	83.26974000	1.61137700
1.80538903	83.33078000	1.58696200
1.81038903	83.33078000	1.58696200
1.81538903	83.33078000	1.58696200
1.82038903	83.33078000	1.58696200
1.82538903	83.33078000	1.58696200
1.83038903	83.33078000	1.58696200
1.83538903	83.33078000	1.58696200
1.84038903	83.33078000	1.58696200
1.84538903	83.33078000	1.58696200
1.85038903	83.33078000	1.58696200
1.85538903	83.33078000	1.61137700
1.86038903	83.33078000	1.70293300
1.86538903	83.33078000	1.25736300
1.87038903	83.33078000	0.32959990
1.87538903	83.39182000	-0.14038510
1.88038903	83.62070000	-0.14038510
1.88538903	82.50678000	0.32959990
1.89038903	80.18738000	1.25736300
1.89538903	79.07346000	1.70293300
1.90038903	79.30235000	1.61137700
1.90538903	79.36338000	1.58696200
1.91038903	79.36338000	1.58696200
1.91538903	79.36338000	1.58696200
1.92038903	79.36338000	1.58696200
1.92538903	79.36338000	1.58696200
1.93038903	79.36338000	1.58696200
1.93538903	79.36338000	1.58696200
1.94038903	79.36338000	1.58696200
1.94538903	79.42442000	1.58696200
1.95038903	79.65331000	1.58696200
1.95538903	78.47834000	1.58696200
1.96038903	75.93005000	1.58696200
1.96538903	75.93005000	1.58696200
1.97038903	78.47834000	1.58696200
1.97538903	79.65331000	1.58696200
1.98038903	79.42442000	1.58696200
1.98538903	79.42442000	1.58696200
1.99038903	79.65331000	1.58696200
1.99538903	78.53938000	1.58696200
2.00038903	76.21997000	1.58696200
2.00538903	75.10605000	1.58696200
2.01038903	75.33494000	1.58696200
2.01538903	75.39597000	1.56254800
2.02038903	75.39597000	1.47099200
2.02538903	75.39597000	1.94097700
2.03038903	75.39597000	2.96029500
2.03538903	75.39597000	2.96029500
2.04038903	75.39597000	1.94097700
2.04538903	75.39597000	1.47099200
2.05038903	75.39597000	1.56254800
2.05538903	75.39597000	1.61137700
2.06038903	75.39597000	1.70293300
2.06538903	75.39597000	1.23294800
2.07038903	75.39597000	0.21362960
2.07538903	75.39597000	0.21362960
2.08038903	75.39597000	1.23294800
2.08538903	75.45701000	1.70293300
2.09038903	75.68590000	1.61137700
2.09538903	74.57197000	1.61137700
2.10038903	72.25256000	1.70293300
2.10538903	71.13864000	1.25736300
2.11038903	71.36753000	0.32959990
2.11538903	71.42857000	-0.11597030
2.12038903	71.42857000	-0.02441481
2.12538903	71.42857000	0.00000000
2.13038903	71.42857000	0.00000000
2.13538903	71.42857000	-0.02441481
2.14038903	71.42857000	-0.11597030
2.14538903	71.42857000	0.32959990
2.15038903	71.42857000	1.25736300
2.15538903	71.42857000	1.70293300
2.16038903	71.42857000	1.61137700
2.16538903	71.42857000	1.58696200
2.17038903	71.42857000	1.58696200
2.17538903	71.48961000	1.58696200
2.18038903	71.71850000	1.58696200
2.18538903	70.54353000	1.61137700
2.19038903	67.97997000	1.70293300
2.19538903	68.04102000	1.25736300
2.20038903	70.83346000	0.32959990
2.20538903	70.89449000	-0.11597030
2.21038903	68.33094000	-0.02441481
2.21538903	67.15598000	0.00000000
2.22038903	67.38486000	0.00000000
2.22538903	67.44590000	0.02441481
2.23038903	67.44590000	0.11597030
2.23538903	67.44590000	-0.32959990
2.24038903	67.44590000	-1.25736300
2.24538903	67.44590000	-1.70293300
2.25038903	67.44590000	-1.61137700
2.25538903	67.50694000	-1.58696200
2.26038903	67.73582000	-1.58696200
2.26538903	66.56087000	-1.61137700
2.27038903	64.01257000	-1.70293300
2.27538903	64.07360000	-1.25736300
2.28038903	66.85079000	-0.32959990
2.28538903	66.91183000	0.11597030
2.29038903	64.36353000	0.02441481
2.29538903	63.12754000	0.00000000
2.30038903	63.12754000	0.00000000
2.30538903	64.36353000	0.00000000
2.31038903	66.91183000	0.00000000
2.31538903	66.91183000	-0.04882962
2.32038903	64.36353000	-0.23194070
2.32538903	63.18857000	0.68361460
2.33038903	63.41746000	2.63069600
2.33538903	63.47850000	3.07626600
2.34038903	63.47850000	1.96539200
2.34538903	63.47850000	1.49540700
2.35038903	63.47850000	1.67851800
2.35538903	63.47850000	1.23294800
2.36038903	63.47850000	0.21362960
2.36538903	63.47850000	0.23804440
2.37038903	63.47850000	1.34891800
2.37538903	63.47850000	1.34891800
2.38038903	63.47850000	0.23804440
2.38538903	63.47850000	0.23804440
2.39038903	63.47850000	1.34891800
2.39538903	63.47850000	1.34891800
2.40038903	63.47850000	0.23804440
2.40538903	63.53953000	0.23804440
2.41038903	63.76842000	1.34891800
2.41538903	62.65450000	1.34891800
2.42038903	60.33509000	0.23804440
2.42538903	59.22116000	0.21362960
2.43038903	59.45005000	1.23294800
2.43538903	59.51109000	1.70293300
2.44038903	59.51109000	1.61137700
2.44538903	59.51109000	1.58696200
2.45038903	59.51109000	1.58696200
2.45538903	59.51109000	1.61137700
2.46038903	59.51109000	1.70293300
2.46538903	59.51109000	1.23294800
2.47038903	59.51109000	0.21362960
2.47538903	59.51109000	0.23804440
2.48038903	59.51109000	1.34891800
2.48538903	59.51109000	1.34891800
2.49038903	59.51109000	0.23804440
2.49538903	59.51109000	0.23804440
2.50038903	59.51109000	1.34891800
2.50538903	59.51109000	1.34891800
2.51038903	59.51109000	0.23804440
2.51538903	59.51109000	0.23804440
2.52038903	59.51109000	1.34891800
2.52538903	59.51109000	1.37333300
2.53038903	59.51109000	0.35401470
2.53538903	59.51109000	-0.14038510
2.54038903	59.51109000	-0.14038510
2.54538903	59.57213000	0.35401470
2.55038903	59.80102000	1.37333300
2.55538903	58.68709000	1.34891800
2.56038903	56.36768000	0.23804440
2.56538903	55.25376000	0.21362960
2.57038903	55.48264000	1.23294800
2.57538903	55.54368000	1.70293300
2.58038903	55.54368000	1.61137700
2.58538903	55.54368000	1.58696200
2.59038903	55.54368000	1.58696200
2.59538903	55.54368000	1.61137700
2.60038903	55.54368000	1.70293300
2.60538903	55.54368000	1.25736300
2.61038903	55.54368000	0.32959990
2.61538903	55.54368000	-0.14038510
2.62038903	55.54368000	-0.14038510
2.62538903	55.54368000	0.32959990
2.63038903	55.54368000	1.25736300
2.63538903	55.54368000	1.72734800
2.64038903	55.54368000	1.72734800
2.64538903	55.54368000	1.25736300
2.65038903	55.54368000	0.32959990
2.65538903	55.54368000	-0.14038510
2.66038903	55.54368000	-0.14038510
2.66538903	55.60472000	0.35401470
2.67038903	55.83361000	1.37333300
2.67538903	54.65865000	1.34891800
2.68038903	52.11035000	0.23804440
2.68538903	52.17139000	0.21362960
2.69038903	54.94857000	1.23294800
2.69538903	55.00961000	1.70293300
2.70038903	52.46132000	1.61137700
2.70538903	51.22532000	1.61137700
2.71038903	51.22532000	1.70293300
2.71538903	52.46132000	1.23294800
2.72038903	55.00961000	0.21362960
2.72538903	55.00961000	0.23804440
2.73038903	52.46132000	1.34891800
2.73538903	51.28635000	1.34891800
2.74038903	51.51524000	0.23804440
2.74538903	51.57627000	0.21362960
2.75038903	51.57627000	1.23294800
2.75538903	51.57627000	1.72734800
2.76038903	51.57627000	1.72734800
2.76538903	51.57627000	1.25736300
2.77038903	51.57627000	0.32959990
2.77538903	51.57627000	-0.11597030
2.78038903	51.57627000	-0.02441481
2.78538903	51.57627000	0.00000000
2.79038903	51.57627000	0.00000000
2.79538903	51.57627000	0.00000000
2.80038903	51.57627000	0.00000000
2.80538903	51.57627000	0.00000000
2.81038903	51.57627000	0.00000000
2.81538903	51.57627000	0.00000000
2.82038903	51.57627000	0.00000000
2.82538903	51.57627000	0.00000000
2.83038903	51.57627000	0.00000000
2.83538903	51.63731000	0.00000000
2.84038903	51.86620000	0.00000000
2.84538903	50.75228000	0.00000000
2.85038903	48.43287000	0.00000000
2.85538903	47.31895000	0.00000000
2.86038903	47.54784000	0.00000000
2.86538903	47.60887000	0.00000000
2.87038903	47.60887000	0.00000000
2.87538903	47.60887000	0.00000000
2.88038903	47.60887000	0.00000000
2.88538903	47.60887000	-0.02441481
2.89038903	47.60887000	-0.11597030
2.89538903	47.60887000	0.35401470
2.90038903	47.60887000	1.37333300
2.90538903	47.60887000	1.34891800
2.91038903	47.60887000	0.23804440
2.91538903	47.60887000	0.21362960
2.92038903	47.60887000	1.23294800
2.92538903	47.60887000	1.70293300
2.93038903	47.60887000	1.61137700
2.93538903	47.60887000	1.58696200
2.94038903	47.60887000	1.58696200
2.94538903	47.60887000	1.61137700
2.95038903	47.60887000	1.70293300
2.95538903	47.60887000	1.25736300
2.96038903	47.60887000	0.32959990
2.96538903	47.60887000	-0.11597030
2.97038903	47.60887000	-0.02441481
2.97538903	47.60887000	0.02441481
2.98038903	47.60887000	0.11597030
2.98538903	47.60887000	-0.32959990
2.99038903	47.60887000	-1.25736300
2.99538903	47.66991000	-1.70293300
3.00038903	47.89880000	-1.61137700
3.00538903	46.78487000	-1.58696200
3.01038903	44.46547000	-1.58696200
3.01538903	43.29050000	-1.61137700
3.02038903	43.29050000	-1.70293300
3.02538903	44.52650000	-1.23294800
3.03038903	47.07480000	-0.21362960
3.03538903	47.07480000	-0.21362960
3.04038903	44.52650000	-1.23294800
3.04538903	43.35154000	-1.72734800
3.05038903	43.58043000	-1.72734800
3.05538903	43.64147000	-1.23294800
3.06038903	43.64147000	-0.21362960
3.06538903	43.64147000	-0.21362960
3.07038903	43.64147000	-1.23294800
3.07538903	43.64147000	-1.72734800
3.08038903	43.64147000	-1.72734800
3.08538903	43.64147000	-1.23294800
3.09038903	43.64147000	-0.21362960
3.09538903	43.64147000	-0.26245920
3.10038903	43.64147000	-1.46488800
3.10538903	43.64147000	-0.99490340
3.11038903	43.64147000	1.13528900
3.11538903	43.64147000	1.13528900
3.12038903	43.64147000	-0.99490340
3.12538903	43.64147000	-1.51371800
3.13038903	43.64147000	-0.49439980
3.13538903	43.64147000	0.44557020
3.14038903	43.64147000	1.28177700
3.14538903	43.64147000	1.72734800
3.15038903	43.64147000	1.72734800
3.15538903	43.70250000	1.23294800
3.16038903	43.93139000	0.21362960
3.16538903	42.75643000	0.21362960
3.17038903	40.20813000	1.23294800
3.17538903	40.26917000	1.70293300
3.18038903	43.04636000	1.61137700
3.18538903	43.04636000	1.61137700
3.19038903	40.26917000	1.70293300
3.19538903	40.26917000	1.20853300
3.20038903	43.04636000	0.09765923
3.20538903	43.10739000	0.56764430
3.21038903	40.55910000	2.60628100
3.21538903	39.38414000	3.07626600
3.22038903	39.61302000	1.96539200
3.22538903	39.67406000	1.44657700
3.23038903	39.67406000	1.44657700
3.23538903	39.67406000	1.91656200
3.24038903	39.67406000	2.84432500
3.24538903	39.67406000	3.31431000
3.25038903	39.67406000	3.31431000
3.25538903	39.67406000	2.84432500
3.26038903	39.67406000	1.91656200
3.26538903	39.67406000	1.47099200
3.27038903	39.67406000	1.56254800
3.27538903	39.67406000	1.58696200
3.28038903	39.67406000	1.58696200
3.28538903	39.67406000	1.58696200
3.29038903	39.67406000	1.58696200
3.29538903	39.67406000	1.58696200
3.30038903	39.67406000	1.58696200
3.30538903	39.67406000	1.61137700
3.31038903	39.67406000	1.70293300
3.31538903	39.67406000	1.25736300
3.32038903	39.67406000	0.32959990
3.32538903	39.67406000	-0.14038510
3.33038903	39.67406000	-0.14038510
3.33538903	39.67406000	0.32959990
3.34038903	39.67406000	1.25736300
3.34538903	39.73510000	1.70293300
3.35038903	39.96399000	1.61137700
3.35538903	38.78902000	1.58696200
3.36038903	36.24073000	1.58696200
3.36538903	36.24073000	1.58696200
3.37038903	38.78902000	1.58696200
3.37538903	39.96399000	1.56254800
3.38038903	39.73510000	1.47099200
3.38538903	39.67406000	1.94097700
3.39038903	39.67406000	2.96029500
3.39538903	39.73510000	2.98471000
3.40038903	39.96399000	2.05694700
3.40538902	38.85006000	1.11697700
3.41038902	36.53065000	0.18921480
3.41538902	35.41673000	0.23804440
3.42038902	35.64562000	1.34891800
3.42538902	35.70665000	1.37333300
3.43038902	35.70665000	0.35401470
3.43538902	35.70665000	-0.11597030
3.44038902	35.70665000	-0.02441481
3.44538902	35.70665000	0.00000000
3.45038902	35.70665000	0.00000000
3.45538902	35.70665000	0.00000000
3.46038902	35.70665000	0.00000000
3.46538902	35.70665000	-0.02441481
3.47038902	35.70665000	-0.11597030
3.47538902	35.70665000	0.35401470
3.48038902	35.70665000	1.37333300
3.48538902	35.70665000	1.34891800
3.49038902	35.70665000	0.23804440
3.49538902	35.70665000	0.21362960
3.50038902	35.70665000	1.23294800
3.50538902	35.70665000	1.70293300
3.51038902	35.70665000	1.61137700
3.51538902	35.70665000	1.61137700
3.52038902	35.70665000	1.70293300
3.52538902	35.70665000	1.23294800
3.53038902	35.70665000	0.21362960
3.53538902	35.70665000	0.23804440
3.54038902	35.70665000	1.34891800
3.54538902	35.70665000	1.37333300
3.55038902	35.70665000	0.35401470
3.55538902	35.70665000	-0.11597030
3.56038902	35.70665000	-0.02441481
3.56538902	35.70665000	-0.02441481
3.57038902	35.70665000	-0.11597030
3.57538902	35.70665000	0.35401470
3.58038902	35.70665000	1.37333300
3.58538902	35.70665000	1.37333300
3.59038902	35.70665000	0.35401470
3.59538902	35.76769000	-0.11597030
3.60038902	35.99658000	-0.02441481
3.60538902	34.88266000	0.02441481
3.61038902	32.56325000	0.11597030
3.61538902	31.44932000	-0.35401470
3.62038902	31.67821000	-1.37333300
3.62538902	31.67821000	-1.37333300
3.63038902	31.44932000	-0.35401470
3.63538902	32.62428000	0.11597030
3.64038902	35.17258000	0.02441481
3.64538902	35.17258000	0.00000000
3.65038902	32.62428000	0.00000000
3.65538902	31.44932000	0.00000000
3.66038902	31.67821000	0.00000000
3.66538902	31.73925000	0.00000000
3.67038902	31.73925000	0.00000000
3.67538902	31.73925000	-0.02441481
3.68038902	31.73925000	-0.11597030
3.68538902	31.73925000	0.35401470
3.69038902	31.73925000	1.37333300
3.69538902	31.73925000	1.37333300
3.70038902	31.73925000	0.35401470
3.70538902	31.73925000	-0.14038510
3.71038902	31.73925000	-0.14038510
3.71538902	31.73925000	0.35401470
3.72038902	31.73925000	1.37333300
3.72538902	31.73925000	1.34891800
3.73038902	31.73925000	0.23804440
3.73538902	31.73925000	0.21362960
3.74038902	31.73925000	1.23294800
3.74538902	31.73925000	1.70293300
3.75038902	31.73925000	1.61137700
3.75538902	31.73925000	1.58696200
3.76038902	31.73925000	1.58696200
3.76538902	31.73925000	1.58696200
3.77038902	31.73925000	1.58696200
3.77538902	31.73925000	1.58696200
3.78038902	31.73925000	1.58696200
3.78538902	31.73925000	1.58696200
3.79038902	31.73925000	1.58696200
3.79538902	31.73925000	1.58696200
3.80038902	31.73925000	1.58696200
3.80538902	31.73925000	1.58696200
3.81038902	31.73925000	1.58696200
3.81538902	31.73925000	1.56254800
3.82038902	31.73925000	1.47099200
3.82538902	31.73925000	1.94097700
3.83038902	31.73925000	2.96029500
3.83538902	31.73925000	2.96029500
3.84038902	31.73925000	1.94097700
3.84538902	31.73925000	1.49540700
3.85038902	31.73925000	1.67851800
3.85538902	31.73925000	1.28177700
3.86038902	31.73925000	0.44557020
3.86538902	31.80028000	-0.46998500
3.87038902	32.02917000	-1.39774800
3.87538902	30.91525000	-1.37333300
3.88038902	28.59584000	-0.35401470
3.88538902	27.42088000	0.11597030
3.89038902	27.42088000	0.02441481
3.89538902	28.59584000	0.00000000
3.90038902	30.91525000	0.00000000
3.90538902	32.09021000	0.02441481
3.91038902	32.09021000	0.11597030
3.91538902	30.91525000	-0.32959990
3.92038902	28.59584000	-1.25736300
3.92538902	27.42088000	-1.75176200
3.93038902	27.42088000	-1.84331800
3.93538902	28.65688000	-0.92776260
3.94038902	31.20517000	0.92776260
3.94538902	31.20517000	1.81890300
3.95038902	28.65688000	1.63579200
3.95538902	27.48192000	1.61137700
3.96038902	27.71080000	1.70293300
3.96538902	27.77184000	1.23294800
3.97038902	27.77184000	0.21362960
3.97538902	27.77184000	0.21362960
3.98038902	27.77184000	1.23294800
3.98538902	27.77184000	1.70293300
3.99038902	27.77184000	1.61137700
3.99538902	27.77184000	1.61137700
4.00038902	27.77184000	1.70293300
4.00538902	27.77184000	1.25736300
4.01038902	27.77184000	0.32959990
4.01538902	27.77184000	-0.14038510
4.02038902	27.77184000	-0.14038510
4.02538902	27.77184000	0.32959990
4.03038902	27.77184000	1.25736300
4.03538902	27.77184000	1.70293300
4.04038902	27.77184000	1.61137700
4.04538902	27.77184000	1.56254800
4.05038902	27.77184000	1.47099200
4.05538902	27.77184000	1.91656200
4.06038902	27.77184000	2.84432500
4.06538902	27.77184000	3.28989500
4.07038902	27.77184000	3.19834000
4.07538902	27.77184000	3.19834000
4.08038902	27.77184000	3.28989500
4.08538902	27.77184000	2.84432500
4.09038902	27.77184000	1.91656200
4.09538902	27.77184000	1.47099200
4.10038902	27.77184000	1.56254800
4.10538902	27.77184000	1.58696200
4.11038902	27.77184000	1.58696200
4.11538902	27.77184000	1.58696200
4.12038902	27.77184000	1.58696200
4.12538902	27.77184000	1.58696200
4.13038902	27.77184000	1.58696200
4.13538902	27.83288000	1.58696200
4.14038902	28.06177000	1.58696200
4.14538902	26.88680000	1.58696200
4.15038902	24.33851000	1.58696200
4.15538902	24.33851000	1.56254800
4.16038902	26.88680000	1.47099200
4.16538902	28.12280000	1.96539200
4.17038902	28.12280000	3.07626600
4.17538902	26.94784000	2.60628100
4.18038902	24.62844000	0.56764430
4.18538902	23.51451000	0.12207400
4.19038902	23.74340000	1.32450300
4.19538902	23.80444000	1.37333300
4.20038902	23.80444000	0.35401470
4.20538902	23.80444000	-0.09155553
4.21038902	23.80444000	0.09155553
4.21538902	23.80444000	-0.32959990
4.22038902	23.80444000	-1.25736300
4.22538902	23.74340000	-1.70293300
4.23038902	23.51451000	-1.61137700
4.23538902	24.68947000	-1.58696200
4.24038902	27.23777000	-1.58696200
4.24538902	27.23777000	-1.61137700
4.25038902	24.68947000	-1.70293300
4.25538902	23.45347000	-1.25736300
4.26038902	23.45347000	-0.32959990
4.26538902	24.68947000	0.14038510
4.27038902	27.23777000	0.14038510
4.27538902	27.23777000	-0.35401470
4.28038902	24.68947000	-1.37333300
4.28538902	23.51451000	-1.37333300
4.29038902	23.74340000	-0.35401470
4.29538902	23.80444000	0.11597030
4.30038902	23.80444000	0.02441481
4.30538902	23.80444000	-0.02441481
4.31038902	23.80444000	-0.11597030
4.31538902	23.80444000	0.32959990
4.32038902	23.80444000	1.25736300
4.32538902	23.80444000	1.70293300
4.33038902	23.80444000	1.61137700
4.33538902	23.80444000	1.58696200
4.34038902	23.80444000	1.58696200
4.34538902	23.80444000	1.58696200
4.35038902	23.80444000	1.58696200
4.35538902	23.80444000	1.58696200
4.36038902	23.80444000	1.58696200
4.36538902	23.80444000	1.56254800
4.37038902	23.80444000	1.47099200
4.37538902	23.80444000	1.94097700
4.38038902	23.80444000	2.96029500
4.38538902	23.80444000	2.93588100
4.39038902	23.80444000	1.82500700
4.39538902	23.80444000	1.80059200
4.40038902	23.80444000	2.81991000
4.40538902	23.80444000	3.31431000
4.41038902	23.80444000	3.31431000
4.41538902	23.80444000	2.84432500
4.42038902	23.80444000	1.91656200
4.42538902	23.80444000	1.47099200
4.43038902	23.80444000	1.56254800
4.43538902	23.86547000	1.61137700
4.44038902	24.09436000	1.70293300
4.44538902	22.91940000	1.25736300
4.45038902	20.37111000	0.32959990
4.45538902	20.37111000	-0.11597030
4.46038902	22.91940000	-0.02441481
4.46538902	24.09436000	0.02441481
4.47038902	23.86547000	0.11597030
4.47538902	23.80444000	-0.32959990
4.48038902	23.80444000	-1.25736300
4.48538902	23.86547000	-1.67851800
4.49038902	24.09436000	-1.49540700
4.49538902	22.91940000	-1.94097700
4.50038902	20.37111000	-2.96029500
4.50538902	20.43214000	-2.96029500
4.51038902	23.20932000	-1.94097700
4.51538902	23.20932000	-1.47099200
4.52038902	20.43214000	-1.56254800
4.52538902	20.43214000	-1.56254800
4.53038902	23.20932000	-1.47099200
4.53538902	23.27036000	-1.91656200
4.54038902	20.72207000	-2.84432500
4.54538902	19.54710000	-3.31431000
4.55038902	19.77599000	-3.31431000
4.55538902	19.83703000	-2.86874000
4.56038902	19.83703000	-2.03253300
4.56538902	19.83703000	-1.11697700
4.57038902	19.83703000	-0.18921480
4.57538902	19.83703000	-0.23804440
4.58038902	19.83703000	-1.34891800
4.58538902	19.77599000	-1.37333300
4.59038902	19.54710000	-0.35401470
4.59538902	20.72207000	0.11597030
4.60038902	23.27036000	0.02441481
4.60538902	23.27036000	0.02441481
4.61038902	20.72207000	0.11597030
4.61538902	19.54710000	-0.32959990
4.62038902	19.77599000	-1.25736300
4.62538902	19.83703000	-1.75176200
4.63038902	19.83703000	-1.84331800
4.63538902	19.83703000	-0.92776260
4.64038902	19.83703000	0.92776260
4.64538902	19.83703000	1.86773300
4.65038902	19.83703000	1.86773300
4.65538902	19.83703000	0.90334780
4.66038902	19.83703000	-1.04373300
4.66538902	19.83703000	-1.48930300
4.67038902	19.83703000	-0.37842950
4.67538902	19.83703000	0.11597030
4.68038902	19.83703000	0.02441481
4.68538902	19.83703000	0.00000000
4.69038902	19.83703000	0.00000000
4.69538902	19.83703000	-0.02441481
4.70038902	19.83703000	-0.11597030
4.70538902	19.83703000	0.35401470
4.71038902	19.83703000	1.37333300
4.71538902	19.83703000	1.34891800
4.72038902	19.83703000	0.23804440
4.72538902	19.83703000	0.23804440
4.73038902	19.83703000	1.34891800
4.73538902	19.83703000	1.37333300
4.74038902	19.83703000	0.35401470
4.74538902	19.83703000	-0.11597030
4.75038902	19.83703000	-0.02441481
4.75538902	19.83703000	-0.02441481
4.76038902	19.83703000	-0.11597030
4.76538902	19.83703000	0.35401470
4.77038902	19.83703000	1.37333300
4.77538902	19.83703000	1.39774800
4.78038902	19.83703000	0.46998500
4.78538902	19.83703000	-0.44557020
4.79038902	19.83703000	-1.28177700
4.79538902	19.83703000	-1.72734800
4.80038902	19.83703000	-1.72734800
4.80538902	19.83703000	-1.25736300
4.81038902	19.83703000	-0.32959990
4.81538902	19.89807000	0.11597030
4.82038902	20.12696000	0.02441481
4.82538902	18.95199000	0.02441481
4.83038902	16.40370000	0.11597030
4.83538902	16.40370000	-0.32959990
4.84038902	18.95199000	-1.25736300
4.84538902	20.12696000	-1.70293300
4.85038902	19.89807000	-1.61137700
4.85538902	19.83703000	-1.61137700
4.86038902	19.83703000	-1.70293300
4.86538902	19.89807000	-1.25736300
4.87038902	20.12696000	-0.32959990
4.87538902	18.95199000	0.14038510
4.88038902	16.40370000	0.14038510
4.88538902	16.46474000	-0.32959990
4.89038902	19.24192000	-1.25736300
4.89538902	19.24192000	-1.70293300
4.90038902	16.46474000	-1.61137700
4.90538902	16.46474000	-1.63579200
4.91038902	19.24192000	-1.81890300
4.91538902	19.30296000	-0.90334780
4.92038902	16.75466000	1.04373300
4.92538902	15.57970000	1.48930300
4.93038902	15.80859000	0.37842950
4.93538902	15.86962000	-0.11597030
4.94038902	15.86962000	-0.02441481
4.94538902	15.86962000	-0.02441481
4.95038902	15.86962000	-0.11597030
4.95538902	15.86962000	0.32959990
4.96038902	15.86962000	1.25736300
4.96538902	15.86962000	1.70293300
4.97038902	15.86962000	1.61137700
4.97538902	15.86962000	1.58696200
4.98038902	15.86962000	1.58696200
4.98538902	15.80859000	1.56254800
4.99038902	15.57970000	1.47099200
4.99538902	16.75466000	1.91656200
5.00038902	19.30296000	2.84432500
5.00538902	19.30296000	3.31431000
5.01038902	16.75466000	3.31431000
5.01538902	15.57970000	2.84432500
5.02038902	15.80859000	1.91656200
5.02538902	15.86962000	1.47099200
5.03038902	15.86962000	1.56254800
5.03538902	15.86962000	1.61137700
5.04038902	15.86962000	1.70293300
5.04538902	15.86962000	1.25736300
5.05038901	15.86962000	0.32959990
5.05538901	15.86962000	-0.09155553
5.06038901	15.86962000	0.09155553
5.06538901	15.86962000	-0.32959990
5.07038901	15.86962000	-1.25736300
5.07538901	15.86962000	-1.72734800
5.08038901	15.86962000	-1.72734800
5.08538901	15.86962000	-1.23294800
5.09038901	15.86962000	-0.21362960
5.09538901	15.86962000	-0.23804440
5.10038901	15.86962000	-1.34891800
5.10538901	15.86962000	-1.37333300
5.11038901	15.86962000	-0.35401470
5.11538901	15.86962000	0.14038510
5.12038901	15.86962000	0.14038510
5.12538901	15.86962000	-0.35401470
5.13038901	15.86962000	-1.37333300
5.13538901	15.86962000	-1.37333300
5.14038901	15.86962000	-0.35401470
5.14538901	15.86962000	0.11597030
5.15038901	15.86962000	0.02441481
5.15538901	15.86962000	0.00000000
5.16038901	15.86962000	0.00000000
5.16538901	15.86962000	0.00000000
5.17038901	15.86962000	0.00000000
5.17538901	15.86962000	0.02441481
5.18038901	15.86962000	0.11597030
5.18538901	15.86962000	-0.37842950
5.19038901	15.86962000	-1.48930300
5.19538901	15.86962000	-1.04373300
5.20038901	15.86962000	0.90334780
5.20538901	15.86962000	1.81890300
5.21038901	15.86962000	1.63579200
5.21538901	15.86962000	1.61137700
5.22038901	15.86962000	1.70293300
5.22538901	15.86962000	1.25736300
5.23038901	15.86962000	0.32959990
5.23538901	15.86962000	-0.14038510
5.24038901	15.86962000	-0.14038510
5.24538901	15.86962000	0.35401470
5.25038901	15.86962000	1.37333300
5.25538901	15.86962000	1.34891800
5.26038901	15.86962000	0.23804440
5.26538901	15.86962000	0.23804440
5.27038901	15.86962000	1.34891800
5.27538901	15.86962000	1.37333300
5.28038901	15.86962000	0.35401470
5.28538901	15.93066000	-0.11597030
5.29038901	16.15955000	-0.02441481
5.29538901	14.98459000	0.00000000
5.30038901	12.43629000	0.00000000
5.30538901	12.43629000	0.00000000
5.31038901	14.98459000	0.00000000
5.31538901	16.22059000	0.00000000
5.32038901	16.22059000	0.00000000
5.32538901	14.98459000	0.00000000
5.33038901	12.43629000	0.00000000
5.33538901	12.43629000	0.02441481
5.34038901	14.98459000	0.11597030
5.34538901	16.15955000	-0.32959990
5.35038901	15.93066000	-1.25736300
5.35538901	15.86962000	-1.72734800
5.36038901	15.86962000	-1.72734800
5.36538901	15.93066000	-1.23294800
5.37038901	16.15955000	-0.21362960
5.37538901	15.04562000	-0.21362960
5.38038901	12.72622000	-1.23294800
5.38538901	11.55125000	-1.72734800
5.39038901	11.55125000	-1.72734800
5.39538901	12.78725000	-1.23294800
5.40038901	15.33555000	-0.21362960
5.40538901	15.33555000	-0.23804440
5.41038901	12.78725000	-1.34891800
5.41538901	11.61229000	-1.37333300
5.42038901	11.84118000	-0.35401470
5.42538901	11.90222000	0.14038510
5.43038901	11.90222000	0.14038510
5.43538901	11.90222000	-0.35401470
5.44038901	11.90222000	-1.37333300
5.44538901	11.90222000	-1.37333300
5.45038901	11.90222000	-0.35401470
5.45538901	11.90222000	0.11597030
5.46038901	11.90222000	0.02441481
5.46538901	11.90222000	0.00000000
5.47038901	11.90222000	0.00000000
5.47538901	11.84118000	0.02441481
5.48038901	11.61229000	0.11597030
5.48538901	12.78725000	-0.32959990
5.49038901	15.33555000	-1.25736300
5.49538901	15.33555000	-1.72734800
5.50038901	12.78725000	-1.72734800
5.50538901	11.61229000	-1.25736300
5.51038901	11.84118000	-0.32959990
5.51538901	11.90222000	0.11597030
5.52038901	11.90222000	0.02441481
5.52538901	11.90222000	0.00000000
5.53038901	11.90222000	0.00000000
5.53538901	11.90222000	0.00000000
5.54038901	11.90222000	0.00000000
5.54538901	11.90222000	0.02441481
5.55038901	11.90222000	0.11597030
5.55538901	11.90222000	-0.32959990
5.56038901	11.90222000	-1.25736300
5.56538901	11.90222000	-1.72734800
5.57038901	11.90222000	-1.72734800
5.57538901	11.90222000	-1.28177700
5.58038901	11.90222000	-0.44557020
5.58538901	11.90222000	0.46998500
5.59038901	11.90222000	1.39774800
5.59538901	11.90222000	1.37333300
5.60038901	11.90222000	0.35401470
5.60538901	11.90222000	-0.09155553
5.61038901	11.90222000	0.09155553
5.61538901	11.90222000	-0.35401470
5.62038901	11.90222000	-1.37333300
5.62538901	11.90222000	-1.37333300
5.63038901	11.90222000	-0.35401470
5.63538901	11.90222000	0.11597030
5.64038901	11.90222000	0.02441481
5.64538901	11.90222000	0.02441481
5.65038901	11.90222000	0.11597030
5.65538901	11.90222000	-0.32959990
5.66038901	11.90222000	-1.25736300
5.66538901	11.90222000	-1.70293300
5.67038901	11.90222000	-1.61137700
5.67538901	11.90222000	-1.58696200
5.68038901	11.90222000	-1.58696200
5.68538901	11.90222000	-1.61137700
5.69038901	11.90222000	-1.70293300
5.69538901	11.90222000	-1.23294800
5.70038901	11.90222000	-0.21362960
5.70538901	11.90222000	-0.23804440
5.71038901	11.90222000	-1.34891800
5.71538901	11.90222000	-1.37333300
5.72038901	11.90222000	-0.35401470
5.72538901	11.90222000	0.11597030
5.73038901	11.90222000	0.02441481
5.73538901	11.90222000	0.00000000
5.74038901	11.90222000	0.00000000
5.74538901	11.90222000	-0.02441481
5.75038901	11.90222000	-0.11597030
5.75538901	11.90222000	0.32959990
5.76038901	11.90222000	1.25736300
5.76538901	11.90222000	1.70293300
5.77038901	11.90222000	1.61137700
5.77538901	11.90222000	1.58696200
5.78038901	11.90222000	1.58696200
5.78538901	11.90222000	1.58696200
5.79038901	11.90222000	1.58696200
5.79538901	11.90222000	1.61137700
5.80038901	11.90222000	1.70293300
5.80538901	11.90222000	1.23294800
5.81038901	11.90222000	0.21362960
5.81538901	11.90222000	0.21362960
5.82038901	11.90222000	1.23294800
5.82538901	11.90222000	1.72734800
5.83038901	11.90222000	1.72734800
5.83538901	11.90222000	1.23294800
5.84038901	11.90222000	0.21362960
5.84538901	11.90222000	0.21362960
5.85038901	11.90222000	1.23294800
5.85538901	11.90222000	1.72734800
5.86038901	11.90222000	1.72734800
5.86538901	11.90222000	1.25736300
5.87038901	11.90222000	0.32959990
5.87538901	11.90222000	-0.11597030
5.88038901	11.90222000	-0.02441481
5.88538901	11.90222000	0.00000000
5.89038901	11.90222000	0.00000000
5.89538901	11.90222000	0.00000000
5.90038901	11.90222000	0.00000000
5.90538901	11.90222000	0.00000000
5.91038901	11.90222000	0.00000000
5.91538901	11.90222000	0.00000000
5.92038901	11.90222000	0.00000000
5.92538901	11.90222000	0.00000000
5.93038901	11.90222000	0.00000000
5.93538901	11.90222000	-0.02441481
5.94038901	11.90222000	-0.11597030
5.94538901	11.96325000	0.35401470
5.95038901	12.19214000	1.37333300
5.95538901	11.01718000	1.37333300
5.96038901	8.46888600	0.35401470
5.96538901	8.52992300	-0.11597030
5.97038901	11.30711000	-0.02441481
5.97538901	11.30711000	0.00000000
5.98038901	8.52992300	0.00000000
5.98538901	8.46888600	-0.02441481
5.99038901	11.01718000	-0.11597030
5.99538901	12.25318000	0.32959990
6.00038901	12.25318000	1.25736300
6.00538901	11.07822000	1.70293300
6.01038901	8.75881200	1.61137700
6.01538901	7.58384900	1.58696200
6.02038901	7.58384900	1.58696200
6.02538901	8.81984900	1.58696200
6.03038901	11.36814000	1.58696200
6.03538901	11.36814000	1.58696200
6.04038901	8.81984900	1.58696200
6.04538901	7.64488600	1.58696200
6.05038901	7.87377500	1.58696200
6.05538901	7.87377500	1.61137700
6.06038901	7.64488600	1.70293300
6.06538901	8.75881200	1.23294800
6.07038901	11.07822000	0.21362960
6.07538901	12.25318000	0.21362960
6.08038901	12.25318000	1.23294800
6.08538901	11.01718000	1.70293300
6.09038901	8.46888600	1.61137700
6.09538901	8.52992300	1.58696200
6.10038901	11.30711000	1.58696200
6.10538901	11.30711000	1.58696200
6.11038901	8.52992300	1.58696200
6.11538901	8.52992300	1.61137700
6.12038901	11.30711000	1.70293300
6.12538901	11.36814000	1.25736300
6.13038901	8.81984900	0.32959990
6.13538901	7.58384900	-0.14038510
6.14038901	7.58384900	-0.14038510
6.14538901	8.75881200	0.32959990
6.15038901	11.07822000	1.25736300
6.15538901	12.19214000	1.70293300
6.16038901	11.96325000	1.61137700
6.16538901	11.96325000	1.61137700
6.17038901	12.19214000	1.70293300
6.17538901	11.07822000	1.25736300
6.18038901	8.75881200	0.32959990
6.18538901	7.64488600	-0.09155553
6.19038901	7.87377500	0.09155553
6.19538901	7.93481200	-0.35401470
6.20038901	7.93481200	-1.37333300
6.20538901	7.93481200	-1.37333300
6.21038901	7.93481200	-0.35401470
6.21538901	7.93481200	0.11597030
6.22038901	7.93481200	0.02441481
6.22538901	7.93481200	0.02441481
6.23038901	7.93481200	0.11597030
6.23538901	7.93481200	-0.32959990
6.24038901	7.93481200	-1.25736300
6.24538901	7.93481200	-1.70293300
6.25038901	7.93481200	-1.61137700
6.25538901	7.93481200	-1.58696200
6.26038901	7.93481200	-1.58696200
6.26538901	7.93481200	-1.61137700
6.27038901	7.93481200	-1.70293300
6.27538901	7.93481200	-1.28177700
6.28038901	7.93481200	-0.44557020
6.28538901	7.93481200	0.46998500
6.29038901	7.93481200	1.39774800
6.29538901	7.93481200	1.37333300
6.30038901	7.93481200	0.35401470
6.30538901	7.93481200	-0.14038510
6.31038901	7.93481200	-0.14038510
6.31538901	7.93481200	0.32959990
6.32038901	7.93481200	1.25736300
6.32538901	7.93481200	1.72734800
6.33038901	7.93481200	1.72734800
6.33538901	7.87377500	1.23294800
6.34038901	7.64488600	0.21362960
6.34538901	8.81984900	0.21362960
6.35038901	11.36814000	1.23294800
6.35538901	11.36814000	1.70293300
6.36038901	8.81984900	1.61137700
6.36538901	7.64488600	1.61137700
6.37038901	7.87377500	1.70293300
6.37538901	7.93481200	1.25736300
6.38038901	7.93481200	0.32959990
6.38538901	7.93481200	-0.14038510
6.39038901	7.93481200	-0.14038510
6.39538901	7.93481200	0.35401470
6.40038901	7.93481200	1.37333300
6.40538901	7.93481200	1.37333300
6.41038901	7.93481200	0.35401470
6.41538901	7.93481200	-0.14038510
6.42038901	7.93481200	-0.14038510
6.42538901	7.93481200	0.35401470
6.43038901	7.93481200	1.37333300
6.43538901	7.93481200	1.37333300
6.44038901	7.93481200	0.35401470
6.44538901	7.93481200	-0.14038510
6.45038901	7.93481200	-0.14038510
6.45538901	7.93481200	0.35401470
6.46038901	7.93481200	1.37333300
6.46538901	7.93481200	1.34891800
6.47038901	7.93481200	0.23804440
6.47538901	7.93481200	0.23804440
6.48038901	7.93481200	1.34891800
6.48538901	7.93481200	1.37333300
6.49038901	7.93481200	0.35401470
6.49538901	7.93481200	-0.09155553
6.50038901	7.93481200	0.09155553
6.50538901	7.93481200	-0.35401470
6.51038901	7.93481200	-1.37333300
6.51538901	7.93481200	-1.34891800
6.52038901	7.93481200	-0.23804440
6.52538901	7.93481200	-0.23804440
6.53038901	7.93481200	-1.34891800
6.53538901	7.93481200	-1.37333300
6.54038901	7.93481200	-0.35401470
6.54538901	7.93481200	0.14038510
6.55038901	7.93481200	0.14038510
6.55538901	7.93481200	-0.32959990
6.56038901	7.93481200	-1.25736300
6.56538901	7.93481200	-1.70293300
6.57038901	7.93481200	-1.61137700
6.57538901	7.93481200	-1.58696200
6.58038901	7.93481200	-1.58696200
6.58538901	7.93481200	-1.61137700
6.59038901	7.93481200	-1.70293300
6.59538901	7.93481200	-1.23294800
6.60038901	7.93481200	-0.21362960
6.60538901	7.93481200	-0.21362960
6.61038901	7.93481200	-1.23294800
6.61538901	7.93481200	-1.70293300
6.62038901	7.93481200	-1.61137700
6.62538901	7.93481200	-1.61137700
6.63038901	7.93481200	-1.70293300
6.63538901	7.93481200	-1.25736300
6.64038901	7.93481200	-0.32959990
6.64538901	7.93481200	0.11597030
6.65038901	7.93481200	0.02441481
6.65538901	7.93481200	0.00000000
6.66038901	7.93481200	0.00000000
6.66538901	7.93481200	0.00000000
6.67038901	7.93481200	0.00000000
6.67538901	7.93481200	0.00000000
6.68038901	7.93481200	0.00000000
6.68538901	7.93481200	0.00000000
6.69038901	7.93481200	0.00000000
6.69538900	7.93481200	0.00000000
6.70038900	7.93481200	0.00000000
6.70538900	7.93481200	0.02441481
6.71038900	7.93481200	0.11597030
6.71538900	7.93481200	-0.32959990
6.72038900	7.93481200	-1.25736300
6.72538900	7.93481200	-1.70293300
6.73038900	7.93481200	-1.61137700
6.73538900	7.93481200	-1.58696200
6.74038900	7.93481200	-1.58696200
6.74538900	7.93481200	-1.58696200
6.75038900	7.93481200	-1.58696200
6.75538900	7.93481200	-1.58696200
6.76038900	7.93481200	-1.58696200
6.76538900	7.99584900	-1.58696200
6.77038900	8.22473800	-1.58696200
6.77538900	7.04977500	-1.58696200
6.78038900	4.50148000	-1.58696200
6.78538900	4.50148000	-1.61137700
6.79038900	7.04977500	-1.70293300
6.79538900	8.22473800	-1.25736300
6.80038900	7.99584900	-0.32959990
6.80538900	7.93481200	0.11597030
6.81038900	7.93481200	0.02441481
6.81538900	7.93481200	0.00000000
6.82038900	7.93481200	0.00000000
6.82538900	7.93481200	-0.02441481
6.83038900	7.93481200	-0.11597030
6.83538900	7.93481200	0.32959990
6.84038900	7.93481200	1.25736300
6.84538900	7.93481200	1.65410300
6.85038900	7.93481200	1.37943700
6.85538900	7.93481200	2.24616200
6.86038900	7.93481200	4.10168800
6.86538900	7.93481200	4.95010200
6.87038900	7.93481200	4.57167300
6.87538900	7.93481200	5.35294700
6.88038900	7.93481200	6.92159800
6.88538900	7.93481200	9.06399600
6.89038900	7.93481200	11.28574000
6.89538900	7.93481200	14.25214000
6.90038900	7.93481200	17.20634000
6.90538900	7.93481200	21.02115000
6.91038900	7.93481200	24.71999000
6.91538900	7.93481200	29.38322000
6.92038900	7.93481200	33.82061000
6.92538900	7.93481200	39.35667000
6.93038900	7.93481200	44.62416000
6.93538900	7.93481200	50.55696000
6.94038900	7.93481200	55.64745000
6.94538900	7.93481200	62.05023000
6.95038900	7.93481200	68.24549000
6.95538900	7.93481200	74.17829000
6.96038900	7.93481200	78.33491000
6.96538900	7.93481200	83.79772000
6.97038900	7.93481200	89.07132000
6.97538900	7.93481200	95.07736000
6.98038900	7.93481200	100.43640000
6.98538900	7.93481200	105.56960000
6.99038900	7.93481200	109.26850000
6.99538900	7.93481200	112.61330000
7.00038900	7.93481200	114.64580000
7.00538900	7.93481200	117.19110000
7.01038900	7.93481200	119.59590000
7.01538900	7.93481200	121.29280000
7.02038900	7.93481200	121.84210000
7.02538900	7.93481200	122.69050000
7.03038900	7.93481200	123.61830000
7.03538900	7.93481200	123.61830000
7.04038900	7.93481200	122.69050000
7.04538900	7.99584900	121.81770000
7.05038900	8.22473800	121.17680000
7.05538900	7.04977500	119.87670000
7.06038900	4.50148000	118.21650000
7.06538900	4.56251700	116.96520000
7.07038900	7.33970100	116.50750000
7.07538900	7.33970100	114.83500000
7.08038900	4.56251700	112.42410000
7.08538900	4.50148000	109.83610000
7.09038900	7.04977500	107.61440000
7.09538900	8.28577500	105.07520000
7.10038900	8.28577500	102.85350000
7.10538900	7.04977500	100.33880000
7.11038900	4.50148000	98.20856000
7.11538900	4.50148000	95.22385000
7.12038900	7.04977500	92.07434000
7.12538900	8.22473800	89.08964000
7.13038900	7.99584900	86.95944000
7.13538900	7.99584900	84.42030000
7.14038900	8.22473800	82.10089000
7.14538900	7.04977500	80.03174000
7.15038900	4.50148000	78.82931000
7.15538900	4.50148000	76.26575000
7.16038900	7.04977500	72.93314000
7.16538900	8.22473800	70.34517000
7.17038900	7.99584900	69.05118000
7.17538900	7.93481200	67.40318000
7.18038900	7.93481200	65.92609000
7.18538900	7.99584900	64.22926000
7.19038900	8.22473800	62.75216000
7.19538900	7.04977500	61.07974000
7.20038900	4.50148000	59.69421000
7.20538900	4.50148000	57.52739000
7.21038900	7.04977500	55.02487000
7.21538900	8.28577500	53.32804000
7.22038900	8.28577500	52.87027000
7.22538900	7.11081200	51.64342000
7.23038900	4.79140600	50.07477000
7.23538900	3.67748000	48.35352000
7.24038900	3.90636900	46.87643000
7.24538900	3.90636900	45.17960000
7.25038900	3.67748000	43.70251000
7.25538900	4.85244300	42.00567000
7.26038900	7.40073800	40.52858000
7.26538900	7.40073800	38.80734000
7.27038900	4.85244300	37.23869000
7.27538900	3.61644300	35.98743000
7.28038900	3.61644300	35.43809000
7.28538900	4.85244300	34.14411000
7.29038900	7.40073800	32.38014000
7.29538900	7.33970100	31.58055000
7.30038900	4.56251700	32.05054000
7.30538900	4.56251700	30.75045000
7.31038900	7.33970100	27.97326000
7.31538900	7.40073800	26.64876000
7.32038900	4.85244300	27.02719000
7.32538900	3.61644300	26.67318000
7.33038900	3.61644300	25.83697000
7.33538900	4.85244300	24.94583000
7.34038900	7.40073800	24.10962000
7.34538900	7.40073800	23.71288000
7.35038900	4.85244300	23.89599000
7.35538900	3.67748000	23.47484000
7.36038900	3.90636900	22.54707000
7.36538900	3.96740600	22.12592000
7.37038900	3.96740600	22.30903000
7.37538900	3.96740600	21.91229000
7.38038900	3.96740600	21.07608000
7.38538900	3.96740600	20.16053000
7.39038900	3.96740600	19.23276000
7.39538900	3.96740600	19.25718000
7.40038900	3.96740600	20.27650000
7.40538900	3.96740600	20.77090000
7.41038900	3.96740600	20.77090000
7.41538900	3.96740600	20.30091000
7.42038900	3.96740600	19.37315000
7.42538900	3.96740600	18.92758000
7.43038900	3.96740600	19.01913000
7.43538900	3.96740600	19.01913000
7.44038900	3.96740600	18.92758000
7.44538900	3.96740600	19.39757000
7.45038900	3.96740600	20.41688000
7.45538900	3.96740600	20.44130000
7.46038900	3.96740600	19.51353000
7.46538900	3.96740600	18.59798000
7.47038900	3.96740600	17.76177000
7.47538900	3.96740600	17.34062000
7.48038900	3.96740600	17.43217000
7.48538900	3.96740600	17.48100000
7.49038900	3.96740600	17.57256000
7.49538900	3.96740600	17.12699000
7.50038900	3.96740600	16.19922000
7.50538900	3.96740600	15.75365000
7.51038900	3.96740600	15.84521000
7.51538900	3.96740600	15.86962000
7.52038900	3.96740600	15.86962000
7.52538900	3.96740600	15.89404000
7.53038900	3.96740600	15.98559000
7.53538900	3.96740600	15.54002000
7.54038900	3.96740600	14.61226000
7.54538900	3.96740600	14.19111000
7.55038900	3.96740600	14.37422000
7.55538900	3.96740600	13.95306000
7.56038900	3.96740600	13.02530000
7.56538900	3.96740600	12.60414000
7.57038900	3.96740600	12.78726000
7.57538900	3.96740600	12.36610000
7.58038900	3.96740600	11.43834000
7.58538900	3.96740600	10.99277000
7.59038900	3.96740600	11.08432000
7.59538900	3.96740600	11.08432000
7.60038900	3.96740600	10.99277000
7.60538900	3.96740600	11.46275000
7.61038900	3.96740600	12.48207000
7.61538900	3.96740600	12.50648000
7.62038900	3.96740600	11.57872000
7.62538900	3.96740600	10.63875000
7.63038900	3.96740600	9.71098900
7.63538900	3.96740600	9.75981900
7.64038900	3.96740600	10.87069000
7.64538900	3.96740600	10.89511000
7.65038900	3.96740600	9.87579000
7.65538900	3.96740600	9.40580500
7.66038900	3.96740600	9.49735900
7.66538900	3.96740600	9.52177400
7.67038900	3.96740600	9.52177400
7.67538900	3.96740600	9.52177400
7.68038900	3.96740600	9.52177400
7.68538900	3.96740600	9.52177400
7.69038900	3.96740600	9.52177400
7.69538900	3.96740600	9.49735900
7.70038900	3.96740600	9.40580500
7.70538900	3.96740600	9.87579000
7.71038900	3.96740600	10.89511000
7.71538900	3.96740600	10.89511000
7.72038900	3.96740600	9.87579000
7.72538900	3.96740600	9.40580500
7.73038900	3.96740600	9.49735900
7.73538900	3.96740600	9.52177400
7.74038900	3.96740600	9.52177400
7.74538900	3.96740600	9.52177400
7.75038900	3.96740600	9.52177400
7.75538900	3.96740600	9.54619000
7.76038900	3.96740600	9.63774600
7.76538900	3.96740600	9.19217500
7.77038900	3.96740600	8.26441300
7.77538900	3.96740600	7.79442700
7.78038900	3.96740600	7.79442700
7.78538900	3.96740600	8.26441300
7.79038900	3.96740600	9.19217500
7.79538900	3.96740600	9.63774600
7.80038900	3.96740600	9.54619000
7.80538900	3.96740600	9.52177400
7.81038900	3.96740600	9.52177400
7.81538900	3.96740600	9.54619000
7.82038900	3.96740600	9.63774600
7.82538900	3.96740600	9.16776000
7.83038900	3.96740600	8.14844100
7.83538900	3.96740600	8.17285700
7.84038900	3.96740600	9.28373100
7.84538900	3.96740600	9.30814500
7.85038900	3.96740600	8.28882700
7.85538900	3.96740600	7.81884200
7.86038900	3.96740600	7.91039800
7.86538900	3.96740600	7.95922800
7.87038900	3.96740600	8.05078300
7.87538900	3.96740600	7.60521200
7.88038900	3.96740600	6.67745000
7.88538900	3.96740600	6.23187900
7.89038900	3.96740600	6.32343500
7.89538900	3.96740600	6.34785000
7.90038900	3.96740600	6.34785000
7.90538900	3.96740600	6.34785000
7.91038900	3.96740600	6.34785000
7.91538900	3.96740600	6.37226500
7.92038900	3.96740600	6.46382000
7.92538900	3.96740600	5.99383500
7.93038900	3.96740600	4.97451700
7.93538900	3.96740600	4.97451700
7.94038900	3.96740600	5.99383500
7.94538900	3.96740600	6.48823500
7.95038900	3.96740600	6.48823500
7.95538900	3.96740600	5.96942000
7.96038900	3.96740600	4.85854700
7.96538900	3.96740600	5.32853200
7.97038900	3.96740600	7.36716800
7.97538900	3.96740600	7.88598300
7.98038900	3.96740600	6.95822000
7.98538900	3.96740600	5.52385000
7.99038900	3.96740600	3.57676900
7.99538900	3.96740600	3.57676900
8.00038900	3.96740600	5.52385000
8.00538900	3.96740600	6.95822000
8.01038900	3.96740600	7.88598300
8.01538900	3.96740600	7.39158200
8.02038900	3.96740600	5.44450200
8.02538900	3.96740600	4.52894700
8.03038900	3.96740600	4.71205800
8.03538900	3.96740600	4.73647300
8.04038900	3.96740600	4.64491700
8.04538900	3.96740600	5.11490200
8.05038900	3.96740600	6.13422100
8.05538900	3.96740600	6.10980600
8.06038900	3.96740600	4.99893200
8.06538900	3.96740600	4.99893200
8.07038900	3.96740600	6.10980600
8.07538900	3.96740600	6.10980600
8.08038900	3.96740600	4.99893200
8.08538900	3.96740600	4.97451700
8.09038900	3.96740600	5.99383500
8.09538900	3.96740600	6.46382000
8.10038900	3.96740600	6.37226500
8.10538900	3.96740600	6.34785000
8.11038900	3.96740600	6.34785000
8.11538900	3.96740600	6.37226500
8.12038900	3.96740600	6.46382000
8.12538900	3.96740600	5.99383500
8.13038900	3.96740600	4.97451700
8.13538900	3.96740600	4.99893200
8.14038900	3.96740600	6.10980600
8.14538900	3.96740600	6.13422100
8.15038900	3.96740600	5.11490200
8.15538900	3.96740600	4.64491700
8.16038900	3.96740600	4.73647300
8.16538900	3.96740600	4.76088700
8.17038900	3.96740600	4.76088700
8.17538900	3.96740600	4.76088700
8.18038900	3.96740600	4.76088700
8.18538900	3.96740600	4.78530200
8.19038900	3.96740600	4.87685800
8.19538900	3.96740600	4.40687300
8.20038900	3.96740600	3.38755500
8.20538900	3.96740600	3.38755500
8.21038900	3.96740600	4.40687300
8.21538900	3.96740600	4.85244300
8.22038900	3.96740600	4.66933200
8.22538900	3.96740600	5.11490200
8.23038900	3.96740600	6.13422100
8.23538900	3.96740600	6.13422100
8.24038900	3.96740600	5.11490200
8.24538900	3.96740600	4.64491700
8.25038900	3.96740600	4.73647300
8.25538900	3.96740600	4.76088700
8.26038900	3.96740600	4.76088700
8.26538900	3.96740600	4.73647300
8.27038900	3.96740600	4.64491700
8.27538900	3.96740600	5.09048700
8.28038900	3.96740600	6.01825000
8.28538900	3.96740600	6.46382000
8.29038900	3.96740600	6.37226500
8.29538900	3.96740600	6.34785000
8.30038900	3.96740600	6.34785000
8.30538900	3.96740600	6.34785000
8.31038900	3.96740600	6.34785000
8.31538900	3.96740600	6.34785000
8.32038900	3.96740600	6.34785000
8.32538900	3.96740600	6.34785000
8.33038900	3.96740600	6.34785000
8.33538900	3.96740600	6.34785000
8.34038899	3.96740600	6.34785000
8.34538899	3.96740600	6.34785000
8.35038899	3.96740600	6.34785000
8.35538899	3.96740600	6.37226500
8.36038899	3.96740600	6.46382000
8.36538899	3.96740600	5.99383500
8.37038899	3.96740600	4.97451700
8.37538899	3.96740600	4.97451700
8.38038899	3.96740600	5.99383500
8.38538899	3.96740600	6.48823500
8.39038899	3.96740600	6.48823500
8.39538899	3.96740600	6.01825000
8.40038899	3.96740600	5.09048700
8.40538899	3.96740600	4.64491700
8.41038899	3.96740600	4.73647300
8.41538899	3.96740600	4.73647300
8.42038899	3.96740600	4.64491700
8.42538899	3.96740600	5.11490200
8.43038899	3.96740600	6.13422100
8.43538899	3.96740600	6.15863500
8.44038899	3.96740600	5.23087300
8.44538899	3.96740600	4.29090200
8.45038899	3.96740600	3.36314000
8.45538899	3.96740600	3.38755500
8.46038899	3.96740600	4.40687300
8.46538899	3.96740600	4.90127200
8.47038899	3.96740600	4.90127200
8.47538899	3.96740600	4.43128700
8.48038899	3.96740600	3.50352500
8.48538899	3.96740600	3.08237000
8.49038899	3.96740600	3.26548100
8.49538899	3.96740600	2.81991000
8.50038899	3.96740600	1.80059200
8.50538899	3.96740600	1.82500700
8.51038899	3.96740600	2.93588100
8.51538899	3.96740600	2.96029500
8.52038899	3.96740600	1.94097700
8.52538899	3.96740600	1.47099200
8.53038899	3.96740600	1.56254800
8.53538899	3.96740600	1.56254800
8.54038899	3.96740600	1.47099200
8.54538899	3.96740600	1.94097700
8.55038899	3.96740600	2.96029500
8.55538899	3.96740600	2.93588100
8.56038899	3.96740600	1.82500700
8.56538899	4.02844300	1.80059200
8.57038899	4.25733200	2.81991000
8.57538899	3.08236900	3.28989500
8.58038899	0.53407390	3.19834000
8.58538899	0.53407390	3.17392500
8.59038899	3.08236900	3.17392500
8.59538899	4.25733200	3.17392500
8.60038899	4.02844300	3.17392500
8.60538899	3.96740600	3.17392500
8.61038899	3.96740600	3.17392500
8.61538899	3.96740600	3.17392500
8.62038899	3.96740600	3.17392500
8.62538899	3.96740600	3.17392500
8.63038899	3.96740600	3.17392500
8.63538899	3.96740600	3.17392500
8.64038899	3.96740600	3.17392500
8.64538899	3.96740600	3.17392500
8.65038899	3.96740600	3.17392500
8.65538899	3.96740600	3.17392500
8.66038899	3.96740600	3.17392500
8.66538899	3.96740600	3.17392500
8.67038899	3.96740600	3.17392500
8.67538899	3.96740600	3.17392500
8.68038899	3.96740600	3.17392500
8.68538899	3.96740600	3.17392500
8.69038899	3.96740600	3.17392500
8.69538899	3.96740600	3.17392500
8.70038899	3.96740600	3.17392500
8.70538899	3.96740600	3.17392500
8.71038899	3.96740600	3.17392500
8.71538899	3.96740600	3.19834000
8.72038899	3.96740600	3.28989500
8.72538899	3.96740600	2.84432500
8.73038899	3.96740600	1.91656200
8.73538899	3.96740600	1.47099200
8.74038899	3.96740600	1.56254800
8.74538899	3.96740600	1.56254800
8.75038899	3.96740600	1.47099200
8.75538899	3.96740600	1.91656200
8.76038899	3.96740600	2.84432500
8.76538899	3.96740600	3.28989500
8.77038899	3.96740600	3.19834000
8.77538899	3.96740600	3.17392500
8.78038899	3.96740600	3.17392500
8.78538899	3.96740600	3.17392500
8.79038899	3.96740600	3.17392500
8.79538899	3.96740600	3.17392500
8.80038899	3.96740600	3.17392500
8.80538899	3.96740600	3.17392500
8.81038899	3.96740600	3.17392500
8.81538899	3.96740600	3.17392500
8.82038899	3.96740600	3.17392500
8.82538899	3.96740600	3.17392500
8.83038899	3.96740600	3.17392500
8.83538899	3.96740600	3.17392500
8.84038899	3.96740600	3.17392500
8.84538899	3.96740600	3.17392500
8.85038899	3.96740600	3.17392500
8.85538899	3.96740600	3.17392500
8.86038899	3.96740600	3.17392500
8.86538899	3.96740600	3.17392500
8.87038899	3.96740600	3.17392500
8.87538899	3.96740600	3.14951000
8.88038899	3.96740600	3.05795500
8.88538899	3.96740600	3.52794000
8.89038899	3.96740600	4.54725700
8.89538899	3.96740600	4.54725700
8.90038899	3.96740600	3.52794000
8.90538899	3.96740600	3.05795500
8.91038899	3.96740600	3.14951000
8.91538899	3.96740600	3.17392500
8.92038899	3.96740600	3.17392500
8.92538899	3.96740600	3.14951000
8.93038899	3.96740600	3.05795500
8.93538899	3.96740600	3.50352500
8.94038899	3.96740600	4.43128700
8.94538899	3.96740600	4.90127200
8.95038899	3.96740600	4.90127200
8.95538899	4.02844300	4.43128700
8.96038899	4.25733200	3.50352500
8.96538899	3.08236900	3.08237000
8.97038899	0.53407390	3.26548100
8.97538899	0.59511090	2.84432500
8.98038899	3.37229500	1.91656200
8.98538899	3.37229500	1.47099200
8.99038899	0.59511090	1.56254800
8.99538899	0.53407390	1.58696200
9.00038899	3.08236900	1.58696200
9.00538899	4.25733200	1.58696200
9.01038899	4.02844300	1.58696200
9.01538899	3.96740600	1.58696200
9.02038899	3.96740600	1.58696200
9.02538899	3.96740600	1.58696200
9.03038899	3.96740600	1.58696200
