Time	Channel A	Channel B
(us)	(mV)	(mV)

-1.00543700	0.00000000	0.32959990
-1.00043700	0.00000000	1.25736300
-0.99543700	0.06103702	1.70293300
-0.99043700	0.28992580	1.61137700
-0.98543700	-0.88503670	1.61137700
-0.98043700	-3.43333200	1.70293300
-0.97543700	-3.43333200	1.20853300
-0.97043700	-0.88503670	0.09765923
-0.96543700	0.28992580	0.56764430
-0.96043700	0.06103702	2.60628100
-0.95543700	0.00000000	3.05185100
-0.95043700	0.00000000	1.84942200
-0.94543700	0.00000000	1.84942200
-0.94043700	0.00000000	3.05185100
-0.93543700	0.00000000	2.63069600
-0.93043700	0.00000000	0.68361460
-0.92543700	0.00000000	-0.28077030
-0.92043700	0.00000000	-0.28077030
-0.91543700	0.00000000	0.68361460
-0.91043700	0.00000000	2.63069600
-0.90543700	0.06103702	3.07626600
-0.90043700	0.28992580	1.96539200
-0.89543700	-0.88503670	1.47099200
-0.89043700	-3.43333200	1.56254800
-0.88543700	-3.43333200	1.58696200
-0.88043700	-0.88503670	1.58696200
-0.87543700	0.28992580	1.58696200
-0.87043700	0.06103702	1.58696200
-0.86543700	0.00000000	1.58696200
-0.86043700	0.00000000	1.58696200
-0.85543700	0.00000000	1.61137700
-0.85043700	0.00000000	1.70293300
-0.84543700	0.00000000	1.23294800
-0.84043700	0.00000000	0.21362960
-0.83543700	0.00000000	0.18921480
-0.83043700	0.00000000	1.11697700
-0.82543700	0.00000000	2.08136200
-0.82043700	0.00000000	3.10068000
-0.81543700	0.00000000	2.63069600
-0.81043700	0.00000000	0.68361460
-0.80543700	0.00000000	-0.23194070
-0.80043700	0.00000000	-0.04882962
-0.79543700	0.00000000	-0.02441481
-0.79043700	0.00000000	-0.11597030
-0.78543700	0.00000000	0.35401470
-0.78043700	0.00000000	1.37333300
-0.77543700	0.00000000	1.37333300
-0.77043700	0.00000000	0.35401470
-0.76543700	0.00000000	-0.14038510
-0.76043700	0.00000000	-0.14038510
-0.75543700	0.00000000	0.35401470
-0.75043700	0.00000000	1.37333300
-0.74543700	0.00000000	1.34891800
-0.74043700	0.00000000	0.23804440
-0.73543700	0.00000000	0.21362960
-0.73043700	0.00000000	1.23294800
-0.72543700	0.00000000	1.72734800
-0.72043700	0.00000000	1.72734800
-0.71543700	0.00000000	1.23294800
-0.71043700	0.00000000	0.21362960
-0.70543700	0.00000000	0.23804440
-0.70043700	0.00000000	1.34891800
-0.69543700	0.00000000	1.37333300
-0.69043700	0.00000000	0.35401470
-0.68543700	0.06103702	-0.09155553
-0.68043700	0.28992580	0.09155553
-0.67543700	-0.88503670	-0.35401470
-0.67043700	-3.43333200	-1.37333300
-0.66543700	-3.43333200	-1.37333300
-0.66043700	-0.88503670	-0.35401470
-0.65543700	0.28992580	0.11597030
-0.65043700	0.06103702	0.02441481
-0.64543700	0.00000000	0.00000000
-0.64043700	0.00000000	0.00000000
-0.63543700	0.00000000	0.02441481
-0.63043700	0.00000000	0.11597030
-0.62543700	0.00000000	-0.32959990
-0.62043700	0.00000000	-1.25736300
-0.61543700	0.00000000	-1.72734800
-0.61043700	0.00000000	-1.72734800
-0.60543700	0.00000000	-1.25736300
-0.60043700	0.00000000	-0.32959990
-0.59543700	0.00000000	0.14038510
-0.59043700	0.00000000	0.14038510
-0.58543700	0.00000000	-0.35401470
-0.58043700	0.00000000	-1.37333300
-0.57543700	0.00000000	-1.34891800
-0.57043700	0.00000000	-0.23804440
-0.56543700	0.00000000	-0.26245920
-0.56043700	0.00000000	-1.46488800
-0.55543700	0.00000000	-1.01931800
-0.55043700	0.00000000	1.01931800
-0.54543700	0.00000000	1.48930300
-0.54043700	0.00000000	0.37842950
-0.53543700	0.00000000	-0.11597030
-0.53043700	0.00000000	-0.02441481
-0.52543700	0.00000000	0.00000000
-0.52043700	0.00000000	0.00000000
-0.51543700	0.00000000	0.00000000
-0.51043700	0.00000000	0.00000000
-0.50543700	0.00000000	0.00000000
-0.50043700	0.00000000	0.00000000
-0.49543700	0.00000000	0.00000000
-0.49043700	0.00000000	0.00000000
-0.48543700	0.00000000	0.02441481
-0.48043700	0.00000000	0.11597030
-0.47543700	0.00000000	-0.35401470
-0.47043700	0.00000000	-1.37333300
-0.46543700	0.00000000	-1.34891800
-0.46043700	0.00000000	-0.23804440
-0.45543700	0.00000000	-0.23804440
-0.45043700	0.00000000	-1.34891800
-0.44543700	0.00000000	-1.37333300
-0.44043700	0.00000000	-0.35401470
-0.43543700	0.00000000	0.11597030
-0.43043700	0.00000000	0.02441481
-0.42543700	0.00000000	0.00000000
-0.42043700	0.00000000	0.00000000
-0.41543700	0.00000000	0.00000000
-0.41043700	0.00000000	0.00000000
-0.40543700	0.00000000	0.00000000
-0.40043700	0.00000000	0.00000000
-0.39543700	0.00000000	-0.02441481
-0.39043700	0.00000000	-0.11597030
-0.38543700	0.00000000	0.32959990
-0.38043700	0.00000000	1.25736300
-0.37543700	0.00000000	1.67851800
-0.37043700	0.00000000	1.49540700
-0.36543700	0.00000000	1.91656200
-0.36043700	0.00000000	2.84432500
-0.35543700	0.00000000	3.28989500
-0.35043700	0.00000000	3.19834000
-0.34543700	0.00000000	3.19834000
-0.34043700	0.00000000	3.28989500
-0.33543700	0.00000000	2.84432500
-0.33043700	0.00000000	1.91656200
-0.32543700	0.00000000	1.47099200
-0.32043700	0.00000000	1.56254800
-0.31543700	0.00000000	1.61137700
-0.31043700	0.00000000	1.70293300
-0.30543700	0.00000000	1.25736300
-0.30043700	0.00000000	0.32959990
-0.29543700	0.00000000	-0.11597030
-0.29043700	0.00000000	-0.02441481
-0.28543700	0.00000000	0.00000000
-0.28043700	0.00000000	0.00000000
-0.27543700	0.00000000	0.02441481
-0.27043700	0.00000000	0.11597030
-0.26543700	0.00000000	-0.35401470
-0.26043700	0.00000000	-1.37333300
-0.25543700	0.00000000	-1.37333300
-0.25043700	0.00000000	-0.35401470
-0.24543700	0.00000000	0.11597030
-0.24043700	0.00000000	0.02441481
-0.23543700	0.00000000	0.00000000
-0.23043700	0.00000000	0.00000000
-0.22543700	0.00000000	0.00000000
-0.22043700	0.00000000	0.00000000
-0.21543700	0.00000000	0.02441481
-0.21043700	0.00000000	0.11597030
-0.20543700	0.00000000	-0.35401470
-0.20043700	0.00000000	-1.37333300
-0.19543700	0.00000000	-1.37333300
-0.19043700	0.00000000	-0.35401470
-0.18543700	0.00000000	0.11597030
-0.18043700	0.00000000	0.02441481
-0.17543700	0.00000000	0.00000000
-0.17043700	0.00000000	0.00000000
-0.16543700	0.00000000	0.02441481
-0.16043700	0.00000000	0.11597030
-0.15543700	0.00000000	-0.35401470
-0.15043700	0.00000000	-1.37333300
-0.14543700	0.00000000	-1.37333300
-0.14043700	0.00000000	-0.35401470
-0.13543700	0.00000000	0.11597030
-0.13043700	0.00000000	0.02441481
-0.12543700	0.00000000	0.02441481
-0.12043700	0.00000000	0.11597030
-0.11543700	-0.06103702	-0.30518510
-0.11043700	-0.28992580	-1.14139200
-0.10543700	0.76296270	-2.03253300
-0.10043700	2.85348100	-2.86874000
-0.09543700	4.91348000	-3.26548100
-0.09043700	6.28681300	-3.08237000
-0.08543700	10.52888000	-3.45469500
-0.08043700	16.54103000	-4.19934700
-0.07543700	23.07199000	-5.49333200
-0.07043700	28.85525000	-7.06198300
-0.06543700	34.08917000	-8.83205600
-0.06043700	37.32413000	-10.49226000
-0.05543700	42.55806000	-11.34068000
-0.05043700	48.34132000	-11.15757000
-0.04543700	54.81124000	-11.10874000
-0.04043700	60.59449000	-11.10874000
-0.03543700	65.82842000	-11.10874000
-0.03043700	69.07864000	-11.10874000
-0.02543700	74.31256000	-11.13315000
-0.02043700	80.09583000	-11.22471000
-0.01543700	86.56575000	-10.80355000
-0.01043700	92.34900000	-9.96734500
-0.00543700	97.58293000	-9.10061900
-0.00043700	100.81790000	-8.35596800
0.00456300	106.11290000	-7.48924200
0.00956300	112.12500000	-6.65303500
0.01456300	117.42000000	-6.25629500
0.01956300	120.65490000	-6.43940500
0.02456300	125.94990000	-6.04266500
0.02956300	131.96200000	-5.20645800
0.03456300	137.31800000	-4.31531700
0.03956300	140.79710000	-3.47911000
0.04456300	144.97820000	-3.05795500
0.04956300	148.67090000	-3.14951000
0.05456300	152.85190000	-3.17392500
0.05956300	156.31580000	-3.17392500
0.06456300	161.67180000	-3.17392500
0.06956300	167.68390000	-3.17392500
0.07456300	173.03990000	-3.17392500
0.07956300	176.50380000	-3.17392500
0.08456300	180.68480000	-3.14951000
0.08956300	184.37760000	-3.05795500
0.09456300	188.68070000	-3.50352500
0.09956300	192.60230000	-4.43128700
0.10456300	195.73050000	-4.90127200
0.10956300	197.10380000	-4.90127200
0.11456300	200.29300000	-4.38245800
0.11956300	204.44350000	-3.27158400
0.12456300	207.69370000	-3.74156900
0.12956300	209.29590000	-5.78020600
0.13456300	211.31020000	-6.22577600
0.13956300	212.92760000	-5.02334600
0.14456300	216.23890000	-4.97451700
0.14956300	220.63360000	-5.99383500
0.15456300	222.73930000	-6.43940500
0.15956300	222.05270000	-6.25629500
0.16456300	222.98350000	-6.67745000
0.16956300	225.07400000	-7.60521200
0.17456300	227.24080000	-8.02636700
0.17956300	229.10240000	-7.84325600
0.18456300	231.26930000	-8.28882700
0.18956300	233.35980000	-9.30814500
0.19456300	234.41270000	-9.33256100
0.19956300	234.18380000	-8.40479800
0.20456300	234.06170000	-7.48924200
0.20956300	233.83280000	-6.65303500
0.21456300	234.94670000	-6.25629500
0.21956300	237.26610000	-6.43940500
0.22456300	238.38010000	-5.99383500
0.22956300	238.15120000	-4.97451700
0.23456300	238.09010000	-4.99893200
0.23956300	238.09010000	-6.10980600
0.24456300	238.09010000	-6.13422100
0.24956300	238.09010000	-5.11490200
0.25456300	238.09010000	-4.62050200
0.25956300	238.09010000	-4.62050200
0.26456300	238.09010000	-5.09048700
0.26956300	238.09010000	-6.01825000
0.27456300	238.09010000	-6.46382000
0.27956300	238.09010000	-6.37226500
0.28456300	238.09010000	-6.34785000
0.28956300	238.09010000	-6.34785000
0.29456300	238.09010000	-6.32343500
0.29956300	238.09010000	-6.23187900
0.30456300	238.09010000	-6.67745000
0.30956300	238.09010000	-7.60521200
0.31456300	238.15120000	-8.05078300
0.31956300	238.38010000	-7.95922800
0.32456300	237.26610000	-7.95922800
0.32956300	234.94670000	-8.05078300
0.33456300	233.83280000	-7.60521200
0.33956300	234.06170000	-6.67745000
0.34456300	234.12270000	-6.23187900
0.34956299	234.12270000	-6.32343500
0.35456299	234.18380000	-6.37226500
0.35956299	234.41270000	-6.46382000
0.36456299	233.29870000	-5.99383500
0.36956299	230.97930000	-4.97451700
0.37456299	229.86540000	-4.99893200
0.37956299	230.09430000	-6.10980600
0.38456299	230.21640000	-6.13422100
0.38956299	230.44530000	-5.11490200
0.39456299	229.39240000	-4.64491700
0.39956299	227.30180000	-4.73647300
0.40456299	225.07400000	-4.78530200
0.40956299	222.98350000	-4.87685800
0.41456299	221.93060000	-4.43128700
0.41956299	222.15950000	-3.50352500
0.42456299	222.28150000	-3.08237000
0.42956299	222.51040000	-3.26548100
0.43456299	221.45760000	-2.84432500
0.43956299	219.36700000	-1.91656200
0.44456299	217.13920000	-1.49540700
0.44956299	215.04870000	-1.67851800
0.45456299	214.05680000	-1.23294800
0.45956299	214.51460000	-0.21362960
0.46456299	213.46170000	-0.21362960
0.46956299	211.12700000	-1.23294800
0.47456299	210.07410000	-1.72734800
0.47956299	210.53190000	-1.72734800
0.48456299	209.47900000	-1.23294800
0.48956299	207.15960000	-0.21362960
0.49456299	206.04570000	-0.21362960
0.49956299	206.27460000	-1.23294800
0.50456299	206.39670000	-1.70293300
0.50956299	206.62550000	-1.61137700
0.51456299	205.51160000	-1.56254800
0.51956299	203.19220000	-1.47099200
0.52456299	202.13930000	-1.91656200
0.52956299	202.59710000	-2.84432500
0.53456299	201.54420000	-3.26548100
0.53956299	199.22480000	-3.08237000
0.54456299	198.11090000	-3.50352500
0.54956299	198.33980000	-4.43128700
0.55456299	198.46190000	-4.90127200
0.55956299	198.69080000	-4.90127200
0.56456299	197.57680000	-4.43128700
0.56956299	195.25740000	-3.50352500
0.57456299	194.14350000	-3.08237000
0.57956299	194.37240000	-3.26548100
0.58456299	194.43340000	-2.84432500
0.58956299	194.43340000	-1.91656200
0.59456299	194.49440000	-1.47099200
0.59956299	194.72330000	-1.56254800
0.60456299	193.60940000	-1.58696200
0.60956299	191.29000000	-1.58696200
0.61456299	190.17610000	-1.58696200
0.61956299	190.40500000	-1.58696200
0.62456299	190.46600000	-1.58696200
0.62956299	190.46600000	-1.58696200
0.63456299	190.46600000	-1.61137700
0.63956299	190.46600000	-1.70293300
0.64456299	190.52700000	-1.25736300
0.64956299	190.75590000	-0.32959990
0.65456299	189.64200000	0.11597030
0.65956299	187.32260000	0.02441481
0.66456299	186.20870000	0.04882962
0.66956299	186.43760000	0.23194070
0.67456299	186.49860000	-0.70802940
0.67956299	186.49860000	-2.74666600
0.68456299	186.55960000	-2.77108000
0.68956299	186.78850000	-0.82399980
0.69456299	185.67460000	0.58595540
0.69956299	183.35520000	1.42216300
0.70456299	182.24130000	1.39774800
0.70956299	182.47020000	0.46998500
0.71456299	182.53120000	-0.44557020
0.71956299	182.53120000	-1.28177700
0.72456299	182.59220000	-1.70293300
0.72956299	182.82110000	-1.61137700
0.73456299	181.70720000	-1.56254800
0.73956299	179.38780000	-1.47099200
0.74456299	178.27390000	-1.94097700
0.74956299	178.50280000	-2.96029500
0.75456299	178.56380000	-2.96029500
0.75956299	178.56380000	-1.94097700
0.76456299	178.62480000	-1.47099200
0.76956299	178.85370000	-1.56254800
0.77456299	177.73980000	-1.58696200
0.77956299	175.42040000	-1.58696200
0.78456299	174.30650000	-1.61137700
0.78956299	174.53530000	-1.70293300
0.79456299	174.59640000	-1.25736300
0.79956299	174.59640000	-0.32959990
0.80456299	174.59640000	0.11597030
0.80956299	174.59640000	0.02441481
0.81456299	174.65740000	0.00000000
0.81956299	174.88630000	0.00000000
0.82456299	173.77240000	0.00000000
0.82956299	171.45300000	0.00000000
0.83456299	170.33910000	0.00000000
0.83956299	170.56790000	0.00000000
0.84456299	170.62900000	0.00000000
0.84956299	170.62900000	0.00000000
0.85456299	170.69000000	0.00000000
0.85956299	170.91890000	0.00000000
0.86456299	169.80500000	0.00000000
0.86956299	167.48560000	0.00000000
0.87456299	166.37160000	0.00000000
0.87956299	166.60050000	0.00000000
0.88456299	166.66160000	0.00000000
0.88956299	166.66160000	0.00000000
0.89456299	166.66160000	0.00000000
0.89956299	166.66160000	0.00000000
0.90456299	166.72260000	0.00000000
0.90956299	166.95150000	0.00000000
0.91456299	165.83760000	0.02441481
0.91956299	163.51820000	0.11597030
0.92456299	162.40430000	-0.32959990
0.92956299	162.63310000	-1.25736300
0.93456299	162.69420000	-1.70293300
0.93956299	162.69420000	-1.61137700
0.94456299	162.69420000	-1.58696200
0.94956299	162.69420000	-1.58696200
0.95456299	162.69420000	-1.61137700
0.95956299	162.69420000	-1.70293300
0.96456299	162.75520000	-1.25736300
0.96956299	162.98410000	-0.32959990
0.97456299	161.87020000	0.11597030
0.97956299	159.55080000	0.02441481
0.98456299	158.43680000	0.00000000
0.98956299	158.66570000	0.00000000
0.99456299	158.72680000	0.02441481
0.99956299	158.72680000	0.11597030
1.00456299	158.78780000	-0.35401470
1.00956299	159.01670000	-1.37333300
1.01456299	157.90280000	-1.37333300
1.01956299	155.58340000	-0.35401470
1.02456299	154.46940000	0.11597030
1.02956299	154.69830000	0.02441481
1.03456299	154.75940000	0.02441481
1.03956299	154.75940000	0.11597030
1.04456299	154.75940000	-0.32959990
1.04956299	154.75940000	-1.25736300
1.05456299	154.82040000	-1.70293300
1.05956299	155.04930000	-1.61137700
1.06456299	153.93530000	-1.61137700
1.06956299	151.61590000	-1.70293300
1.07456299	150.50200000	-1.25736300
1.07956299	150.73090000	-0.32959990
1.08456299	150.79190000	0.09155553
1.08956299	150.79190000	-0.09155553
1.09456299	150.85300000	0.35401470
1.09956299	151.08190000	1.37333300
1.10456299	149.96790000	1.37333300
1.10956299	147.64850000	0.35401470
1.11456299	146.53460000	-0.11597030
1.11956299	146.76350000	-0.02441481
1.12456299	146.82450000	-0.02441481
1.12956299	146.82450000	-0.11597030
1.13456299	146.82450000	0.35401470
1.13956299	146.82450000	1.37333300
1.14456299	146.82450000	1.34891800
1.14956299	146.82450000	0.23804440
1.15456299	146.88560000	0.21362960
1.15956299	147.11450000	1.23294800
1.16456299	146.00050000	1.72734800
1.16956299	143.68110000	1.72734800
1.17456299	142.56720000	1.25736300
1.17956299	142.79610000	0.32959990
1.18456299	142.85710000	-0.09155553
1.18956299	142.85710000	0.09155553
1.19456299	142.85710000	-0.32959990
1.19956299	142.85710000	-1.25736300
1.20456299	142.85710000	-1.72734800
1.20956299	142.85710000	-1.72734800
1.21456299	142.91820000	-1.28177700
1.21956299	143.14710000	-0.44557020
1.22456299	142.03310000	0.46998500
1.22956299	139.69850000	1.39774800
1.23456299	138.58450000	1.34891800
1.23956299	138.81340000	0.23804440
1.24456299	138.87450000	0.21362960
1.24956299	138.87450000	1.23294800
1.25456299	138.93550000	1.70293300
1.25956299	139.16440000	1.61137700
1.26456299	138.05050000	1.58696200
1.26956299	135.73110000	1.58696200
1.27456299	134.61710000	1.58696200
1.27956299	134.84600000	1.58696200
1.28456299	134.90710000	1.56254800
1.28956299	134.90710000	1.47099200
1.29456299	134.90710000	1.91656200
1.29956299	134.90710000	2.84432500
1.30456299	134.90710000	3.28989500
1.30956299	134.90710000	3.19834000
1.31456299	134.96810000	3.19834000
1.31956299	135.19700000	3.28989500
1.32456299	134.08310000	2.86874000
1.32956299	131.76370000	2.03253300
1.33456299	130.64970000	1.11697700
1.33956299	130.87860000	0.18921480
1.34456299	130.93970000	0.21362960
1.34956299	130.93970000	1.23294800
1.35456299	131.00070000	1.72734800
1.35956299	131.22960000	1.72734800
1.36456299	130.11560000	1.23294800
1.36956299	127.79630000	0.21362960
1.37456299	126.68230000	0.21362960
1.37956299	126.91120000	1.23294800
1.38456299	126.97230000	1.70293300
1.38956299	126.97230000	1.61137700
1.39456299	126.97230000	1.58696200
1.39956299	126.97230000	1.58696200
1.40456299	126.97230000	1.58696200
1.40956299	126.97230000	1.58696200
1.41456299	126.97230000	1.61137700
1.41956299	126.97230000	1.70293300
1.42456299	126.97230000	1.25736300
1.42956299	126.97230000	0.32959990
1.43456299	127.03330000	-0.11597030
1.43956299	127.26220000	-0.02441481
1.44456299	126.14820000	0.00000000
1.44956299	123.82880000	0.00000000
1.45456299	122.71490000	0.02441481
1.45956299	122.94380000	0.11597030
1.46456299	123.00480000	-0.35401470
1.46956299	123.00480000	-1.37333300
1.47456299	123.00480000	-1.37333300
1.47956299	123.00480000	-0.35401470
1.48456299	123.06590000	0.09155553
1.48956299	123.29480000	-0.09155553
1.49456299	122.18080000	0.32959990
1.49956299	119.86140000	1.25736300
1.50456299	118.74750000	1.72734800
1.50956299	118.97640000	1.72734800
1.51456299	119.03740000	1.23294800
1.51956299	119.03740000	0.21362960
1.52456299	119.03740000	0.21362960
1.52956299	119.03740000	1.23294800
1.53456299	119.03740000	1.70293300
1.53956299	119.03740000	1.61137700
1.54456299	119.09850000	1.58696200
1.54956299	119.32740000	1.58696200
1.55456299	118.21340000	1.58696200
1.55956299	115.89400000	1.58696200
1.56456299	114.78010000	1.58696200
1.56956299	115.00900000	1.58696200
1.57456299	115.07000000	1.58696200
1.57956299	115.07000000	1.58696200
1.58456299	115.07000000	1.61137700
1.58956299	115.07000000	1.70293300
1.59456299	115.07000000	1.23294800
1.59956299	115.07000000	0.21362960
1.60456299	115.07000000	0.23804440
1.60956299	115.07000000	1.34891800
1.61456299	115.13110000	1.37333300
1.61956299	115.36000000	0.35401470
1.62456299	114.24600000	-0.11597030
1.62956299	111.92660000	-0.02441481
1.63456299	110.81270000	-0.02441481
1.63956299	111.04160000	-0.11597030
1.64456299	111.10260000	0.35401470
1.64956299	111.10260000	1.37333300
1.65456299	111.10260000	1.37333300
1.65956299	111.10260000	0.35401470
1.66456299	111.10260000	-0.11597030
1.66956299	111.10260000	-0.02441481
1.67456299	111.10260000	-0.02441481
1.67956299	111.10260000	-0.11597030
1.68456299	111.10260000	0.32959990
1.68956299	111.10260000	1.25736300
1.69456299	111.16370000	1.70293300
1.69956299	111.39250000	1.61137700
1.70456299	110.27860000	1.58696200
1.70956299	107.95920000	1.58696200
1.71456299	106.84530000	1.58696200
1.71956299	107.07420000	1.58696200
1.72456299	107.13520000	1.61137700
1.72956299	107.13520000	1.70293300
1.73456299	107.13520000	1.23294800
1.73956299	107.13520000	0.21362960
1.74456299	107.13520000	0.23804440
1.74956299	107.13520000	1.34891800
1.75456299	107.13520000	1.34891800
1.75956299	107.13520000	0.23804440
1.76456299	107.19630000	0.21362960
1.76956299	107.42510000	1.23294800
1.77456299	106.31120000	1.70293300
1.77956299	103.99180000	1.61137700
1.78456299	102.87790000	1.58696200
1.78956299	103.10680000	1.58696200
1.79456299	103.16780000	1.58696200
1.79956299	103.16780000	1.58696200
1.80456299	103.16780000	1.58696200
1.80956299	103.16780000	1.58696200
1.81456299	103.16780000	1.56254800
1.81956299	103.16780000	1.47099200
1.82456299	103.16780000	1.94097700
1.82956299	103.16780000	2.96029500
1.83456299	103.22890000	2.93588100
1.83956299	103.45770000	1.82500700
1.84456299	102.34380000	1.82500700
1.84956299	100.02440000	2.93588100
1.85456299	98.91048000	2.96029500
1.85956299	99.13937000	1.94097700
1.86456299	99.20041000	1.44657700
1.86956299	99.20041000	1.44657700
1.87456299	99.20041000	1.94097700
1.87956299	99.20041000	2.96029500
1.88456299	99.26145000	2.96029500
1.88956299	99.49034000	1.94097700
1.89456299	98.31538000	1.44657700
1.89956299	95.76707000	1.44657700
1.90456299	95.76707000	1.94097700
1.90956299	98.31538000	2.96029500
1.91456299	99.55138000	2.98471000
1.91956299	99.55138000	2.05694700
1.92456299	98.37641000	1.11697700
1.92956299	96.05700000	0.18921480
1.93456299	94.94308000	0.23804440
1.93956299	95.17197000	1.34891800
1.94456299	95.23300000	1.37333300
1.94956299	95.23300000	0.35401470
1.95456299	95.23300000	-0.14038510
1.95956299	95.23300000	-0.14038510
1.96456299	95.23300000	0.32959990
1.96956299	95.23300000	1.25736300
1.97456299	95.23300000	1.72734800
1.97956299	95.23300000	1.72734800
1.98456299	95.23300000	1.25736300
1.98956299	95.23300000	0.32959990
1.99456298	95.29404000	-0.11597030
1.99956298	95.52293000	-0.02441481
2.00456298	94.40900000	-0.02441481
2.00956298	92.08959000	-0.11597030
2.01456298	90.97568000	0.32959990
2.01956298	91.20457000	1.25736300
2.02456298	91.26560000	1.72734800
2.02956298	91.26560000	1.72734800
2.03456298	91.26560000	1.25736300
2.03956298	91.26560000	0.32959990
2.04456298	91.26560000	-0.11597030
2.04956298	91.26560000	-0.02441481
2.05456298	91.26560000	-0.02441481
2.05956298	91.26560000	-0.11597030
2.06456298	91.26560000	0.32959990
2.06956298	91.26560000	1.25736300
2.07456298	91.26560000	1.70293300
2.07956298	91.26560000	1.61137700
2.08456298	91.32664000	1.58696200
2.08956298	91.55552000	1.58696200
2.09456298	90.44160000	1.58696200
2.09956298	88.12219000	1.58696200
2.10456298	87.00826000	1.58696200
2.10956298	87.23715000	1.58696200
2.11456298	87.29819000	1.61137700
2.11956298	87.29819000	1.70293300
2.12456298	87.29819000	1.23294800
2.12956298	87.29819000	0.21362960
2.13456298	87.29819000	0.21362960
2.13956298	87.29819000	1.23294800
2.14456298	87.29819000	1.70293300
2.14956298	87.29819000	1.61137700
2.15456298	87.29819000	1.58696200
2.15956298	87.29819000	1.58696200
2.16456298	87.35923000	1.58696200
2.16956298	87.58812000	1.58696200
2.17456298	86.47419000	1.58696200
2.17956298	84.15479000	1.58696200
2.18456298	83.04086000	1.58696200
2.18956298	83.26974000	1.58696200
2.19456298	83.33078000	1.58696200
2.19956298	83.33078000	1.58696200
2.20456298	83.33078000	1.58696200
2.20956298	83.33078000	1.58696200
2.21456298	83.33078000	1.58696200
2.21956298	83.33078000	1.58696200
2.22456298	83.33078000	1.61137700
2.22956298	83.33078000	1.70293300
2.23456298	83.33078000	1.25736300
2.23956298	83.33078000	0.32959990
2.24456298	83.39182000	-0.11597030
2.24956298	83.62070000	-0.02441481
2.25456298	82.50678000	0.00000000
2.25956298	80.18738000	0.00000000
2.26456298	79.07346000	0.02441481
2.26956298	79.30235000	0.11597030
2.27456298	79.36338000	-0.32959990
2.27956298	79.36338000	-1.25736300
2.28456298	79.36338000	-1.72734800
2.28956298	79.36338000	-1.72734800
2.29456298	79.36338000	-1.25736300
2.29956298	79.36338000	-0.32959990
2.30456298	79.36338000	0.09155553
2.30956298	79.36338000	-0.09155553
2.31456298	79.36338000	0.32959990
2.31956298	79.36338000	1.25736300
2.32456298	79.36338000	1.70293300
2.32956298	79.36338000	1.61137700
2.33456298	79.36338000	1.58696200
2.33956298	79.36338000	1.58696200
2.34456298	79.36338000	1.58696200
2.34956298	79.36338000	1.58696200
2.35456298	79.36338000	1.61137700
2.35956298	79.36338000	1.70293300
2.36456298	79.42442000	1.23294800
2.36956298	79.65331000	0.21362960
2.37456298	78.53938000	0.23804440
2.37956298	76.21997000	1.34891800
2.38456298	75.10605000	1.37333300
2.38956298	75.33494000	0.35401470
2.39456298	75.39597000	-0.11597030
2.39956298	75.39597000	-0.02441481
2.40456298	75.39597000	0.00000000
2.40956298	75.39597000	0.00000000
2.41456298	75.39597000	-0.02441481
2.41956298	75.39597000	-0.11597030
2.42456298	75.39597000	0.32959990
2.42956298	75.39597000	1.25736300
2.43456298	75.39597000	1.70293300
2.43956298	75.39597000	1.61137700
2.44456298	75.45701000	1.58696200
2.44956298	75.68590000	1.58696200
2.45456298	74.57197000	1.56254800
2.45956298	72.25256000	1.47099200
2.46456298	71.13864000	1.91656200
2.46956298	71.36753000	2.84432500
2.47456298	71.42857000	3.31431000
2.47956298	71.42857000	3.31431000
2.48456298	71.42857000	2.84432500
2.48956298	71.42857000	1.91656200
2.49456298	71.42857000	1.44657700
2.49956298	71.42857000	1.44657700
2.50456298	71.42857000	1.94097700
2.50956298	71.42857000	2.96029500
2.51456298	71.42857000	2.93588100
2.51956298	71.42857000	1.82500700
2.52456298	71.42857000	1.82500700
2.52956298	71.42857000	2.93588100
2.53456298	71.42857000	2.96029500
2.53956298	71.42857000	1.94097700
2.54456298	71.42857000	1.47099200
2.54956298	71.42857000	1.56254800
2.55456298	71.48961000	1.61137700
2.55956298	71.71850000	1.70293300
2.56456298	70.60457000	1.23294800
2.56956298	68.26991000	0.21362960
2.57456298	67.15598000	0.21362960
2.57956298	67.38486000	1.23294800
2.58456298	67.44590000	1.70293300
2.58956298	67.44590000	1.61137700
2.59456298	67.44590000	1.61137700
2.59956298	67.44590000	1.70293300
2.60456298	67.44590000	1.23294800
2.60956298	67.44590000	0.21362960
2.61456298	67.44590000	0.21362960
2.61956298	67.44590000	1.23294800
2.62456298	67.44590000	1.70293300
2.62956298	67.44590000	1.61137700
2.63456298	67.44590000	1.61137700
2.63956298	67.44590000	1.70293300
2.64456298	67.50694000	1.23294800
2.64956298	67.73582000	0.21362960
2.65456298	66.62190000	0.21362960
2.65956298	64.30249000	1.23294800
2.66456298	63.12754000	1.72734800
2.66956298	63.12754000	1.72734800
2.67456298	64.36353000	1.23294800
2.67956298	66.91183000	0.21362960
2.68456298	66.91183000	0.21362960
2.68956298	64.36353000	1.23294800
2.69456298	63.18857000	1.70293300
2.69956298	63.41746000	1.61137700
2.70456298	63.47850000	1.58696200
2.70956298	63.47850000	1.58696200
2.71456298	63.47850000	1.56254800
2.71956298	63.47850000	1.47099200
2.72456298	63.47850000	1.94097700
2.72956298	63.47850000	2.96029500
2.73456298	63.47850000	2.93588100
2.73956298	63.47850000	1.82500700
2.74456298	63.47850000	1.82500700
2.74956298	63.47850000	2.93588100
2.75456298	63.47850000	2.96029500
2.75956298	63.47850000	1.94097700
2.76456298	63.53953000	1.49540700
2.76956298	63.76842000	1.67851800
2.77456298	62.59346000	1.23294800
2.77956298	60.04517000	0.21362960
2.78456298	60.10620000	0.21362960
2.78956298	62.88339000	1.23294800
2.79456298	62.94442000	1.70293300
2.79956298	60.39613000	1.61137700
2.80456298	59.22116000	1.63579200
2.80956298	59.45005000	1.81890300
2.81456298	59.51109000	0.90334780
2.81956298	59.51109000	-1.04373300
2.82456298	59.51109000	-1.51371800
2.82956298	59.51109000	-0.49439980
2.83456298	59.51109000	0.44557020
2.83956298	59.51109000	1.28177700
2.84456298	59.51109000	1.72734800
2.84956298	59.51109000	1.72734800
2.85456298	59.51109000	1.25736300
2.85956298	59.51109000	0.32959990
2.86456298	59.51109000	-0.11597030
2.86956298	59.51109000	-0.02441481
2.87456298	59.51109000	-0.02441481
2.87956298	59.51109000	-0.11597030
2.88456298	59.51109000	0.32959990
2.88956298	59.51109000	1.25736300
2.89456298	59.57213000	1.70293300
2.89956298	59.80102000	1.61137700
2.90456298	58.62605000	1.58696200
2.90956298	56.07775000	1.58696200
2.91456298	56.13879000	1.58696200
2.91956298	58.91598000	1.58696200
2.92456298	58.97702000	1.58696200
2.92956298	56.42872000	1.58696200
2.93456298	55.25376000	1.58696200
2.93956298	55.48264000	1.58696200
2.94456298	55.54368000	1.58696200
2.94956298	55.54368000	1.58696200
2.95456298	55.54368000	1.58696200
2.95956298	55.54368000	1.58696200
2.96456298	55.54368000	1.58696200
2.96956298	55.54368000	1.58696200
2.97456298	55.54368000	1.58696200
2.97956298	55.54368000	1.58696200
2.98456298	55.54368000	1.58696200
2.98956298	55.54368000	1.58696200
2.99456298	55.54368000	1.58696200
2.99956298	55.54368000	1.58696200
3.00456298	55.54368000	1.58696200
3.00956298	55.54368000	1.58696200
3.01456298	55.54368000	1.58696200
3.01956298	55.54368000	1.58696200
3.02456298	55.54368000	1.58696200
3.02956298	55.54368000	1.58696200
3.03456298	55.60472000	1.56254800
3.03956298	55.83361000	1.47099200
3.04456298	54.71968000	1.94097700
3.04956298	52.40028000	2.96029500
3.05456298	51.28635000	2.96029500
3.05956298	51.51524000	1.94097700
3.06456298	51.57627000	1.47099200
3.06956298	51.57627000	1.56254800
3.07456298	51.57627000	1.58696200
3.07956298	51.57627000	1.58696200
3.08456298	51.57627000	1.56254800
3.08956298	51.57627000	1.47099200
3.09456298	51.57627000	1.94097700
3.09956298	51.57627000	2.96029500
3.10456298	51.57627000	2.96029500
3.10956298	51.57627000	1.94097700
3.11456298	51.57627000	1.44657700
3.11956298	51.57627000	1.44657700
3.12456298	51.57627000	1.94097700
3.12956298	51.57627000	2.96029500
3.13456298	51.57627000	2.96029500
3.13956298	51.57627000	1.94097700
3.14456298	51.63731000	1.47099200
3.14956298	51.86620000	1.56254800
3.15456298	50.75228000	1.58696200
3.15956298	48.43287000	1.58696200
3.16456298	47.31895000	1.58696200
3.16956298	47.54784000	1.58696200
3.17456298	47.60887000	1.58696200
3.17956298	47.60887000	1.58696200
3.18456298	47.60887000	1.58696200
3.18956298	47.60887000	1.58696200
3.19456298	47.54784000	1.58696200
3.19956298	47.31895000	1.58696200
3.20456298	48.49391000	1.58696200
3.20956298	51.04220000	1.58696200
3.21456298	51.04220000	1.56254800
3.21956298	48.49391000	1.47099200
3.22456298	47.31895000	1.94097700
3.22956298	47.54784000	2.96029500
3.23456298	47.60887000	2.93588100
3.23956298	47.60887000	1.82500700
3.24456298	47.60887000	1.80059200
3.24956298	47.60887000	2.81991000
3.25456298	47.60887000	3.28989500
3.25956298	47.60887000	3.19834000
3.26456298	47.60887000	3.17392500
3.26956298	47.60887000	3.17392500
3.27456298	47.60887000	3.17392500
3.27956298	47.60887000	3.17392500
3.28456298	47.60887000	3.14951000
3.28956298	47.60887000	3.05795500
3.29456298	47.60887000	3.52794000
3.29956298	47.60887000	4.54725700
3.30456298	47.60887000	4.57167300
3.30956298	47.60887000	3.64391000
3.31456298	47.60887000	2.72835500
3.31956298	47.60887000	1.89214800
3.32456298	47.60887000	1.47099200
3.32956298	47.60887000	1.56254800
3.33456298	47.66991000	1.58696200
3.33956298	47.89880000	1.58696200
3.34456298	46.78487000	1.58696200
3.34956298	44.46547000	1.58696200
3.35456298	43.35154000	1.61137700
3.35956298	43.58043000	1.70293300
3.36456298	43.64147000	1.23294800
3.36956298	43.64147000	0.21362960
3.37456298	43.64147000	0.23804440
3.37956298	43.64147000	1.34891800
3.38456298	43.64147000	1.34891800
3.38956298	43.64147000	0.23804440
3.39456298	43.64147000	0.21362960
3.39956298	43.64147000	1.23294800
3.40456298	43.64147000	1.72734800
3.40956298	43.64147000	1.72734800
3.41456298	43.64147000	1.25736300
3.41956298	43.64147000	0.32959990
3.42456298	43.64147000	-0.09155553
3.42956298	43.64147000	0.09155553
3.43456298	43.64147000	-0.32959990
3.43956298	43.64147000	-1.25736300
3.44456298	43.64147000	-1.72734800
3.44956298	43.64147000	-1.72734800
3.45456298	43.64147000	-1.25736300
3.45956298	43.64147000	-0.32959990
3.46456298	43.64147000	0.09155553
3.46956298	43.64147000	-0.09155553
3.47456298	43.64147000	0.32959990
3.47956298	43.64147000	1.25736300
3.48456298	43.70250000	1.70293300
3.48956298	43.93139000	1.61137700
3.49456298	42.75643000	1.58696200
3.49956298	40.20813000	1.58696200
3.50456298	40.20813000	1.58696200
3.50956298	42.75643000	1.58696200
3.51456298	43.99243000	1.58696200
3.51956298	43.99243000	1.58696200
3.52456298	42.81747000	1.58696200
3.52956298	40.49806000	1.58696200
3.53456298	39.32310000	1.56254800
3.53956298	39.32310000	1.47099200
3.54456298	40.55910000	1.91656200
3.54956298	43.10739000	2.84432500
3.55456298	43.10739000	3.28989500
3.55956298	40.55910000	3.19834000
3.56456298	39.38414000	3.17392500
3.56956298	39.61302000	3.17392500
3.57456298	39.67406000	3.19834000
3.57956298	39.67406000	3.28989500
3.58456298	39.67406000	2.81991000
3.58956298	39.67406000	1.80059200
3.59456298	39.67406000	1.80059200
3.59956298	39.67406000	2.81991000
3.60456298	39.67406000	3.28989500
3.60956298	39.67406000	3.19834000
3.61456298	39.67406000	3.19834000
3.61956298	39.67406000	3.28989500
3.62456298	39.67406000	2.84432500
3.62956298	39.67406000	1.91656200
3.63456298	39.67406000	1.47099200
3.63956297	39.67406000	1.56254800
3.64456297	39.67406000	1.58696200
3.64956297	39.67406000	1.58696200
3.65456297	39.67406000	1.58696200
3.65956297	39.67406000	1.58696200
3.66456297	39.67406000	1.58696200
3.66956297	39.67406000	1.58696200
3.67456297	39.67406000	1.58696200
3.67956297	39.67406000	1.58696200
3.68456297	39.67406000	1.61137700
3.68956297	39.67406000	1.70293300
3.69456297	39.67406000	1.25736300
3.69956297	39.67406000	0.32959990
3.70456297	39.67406000	-0.14038510
3.70956297	39.67406000	-0.14038510
3.71456297	39.73510000	0.35401470
3.71956297	39.96399000	1.37333300
3.72456297	38.85006000	1.34891800
3.72956297	36.53065000	0.23804440
3.73456297	35.41673000	0.23804440
3.73956297	35.64562000	1.34891800
3.74456297	35.70665000	1.34891800
3.74956297	35.70665000	0.23804440
3.75456297	35.70665000	0.21362960
3.75956297	35.70665000	1.23294800
3.76456297	35.70665000	1.70293300
3.76956297	35.70665000	1.61137700
3.77456297	35.64562000	1.58696200
3.77956297	35.41673000	1.58696200
3.78456297	36.59169000	1.58696200
3.78956297	39.13999000	1.58696200
3.79456297	39.13999000	1.58696200
3.79956297	36.59169000	1.58696200
3.80456297	35.41673000	1.56254800
3.80956297	35.64562000	1.47099200
3.81456297	35.70665000	1.94097700
3.81956297	35.70665000	2.96029500
3.82456297	35.70665000	2.96029500
3.82956297	35.70665000	1.94097700
3.83456297	35.70665000	1.47099200
3.83956297	35.70665000	1.56254800
3.84456297	35.70665000	1.58696200
3.84956297	35.70665000	1.58696200
3.85456297	35.70665000	1.61137700
3.85956297	35.70665000	1.70293300
3.86456297	35.70665000	1.25736300
3.86956297	35.70665000	0.32959990
3.87456297	35.70665000	-0.11597030
3.87956297	35.70665000	-0.02441481
3.88456297	35.70665000	-0.02441481
3.88956297	35.70665000	-0.11597030
3.89456297	35.76769000	0.32959990
3.89956297	35.99658000	1.25736300
3.90456297	34.82162000	1.70293300
3.90956297	32.27332000	1.61137700
3.91456297	32.27332000	1.58696200
3.91956297	34.82162000	1.58696200
3.92456297	36.05762000	1.58696200
3.92956297	36.05762000	1.58696200
3.93456297	34.82162000	1.58696200
3.93956297	32.27332000	1.58696200
3.94456297	32.33436000	1.58696200
3.94956297	35.11155000	1.58696200
3.95456297	35.17258000	1.58696200
3.95956297	32.62428000	1.58696200
3.96456297	31.44932000	1.61137700
3.96956297	31.67821000	1.70293300
3.97456297	31.73925000	1.23294800
3.97956297	31.73925000	0.21362960
3.98456297	31.73925000	0.23804440
3.98956297	31.73925000	1.34891800
3.99456297	31.73925000	1.37333300
3.99956297	31.73925000	0.35401470
4.00456297	31.73925000	-0.14038510
4.00956297	31.73925000	-0.14038510
4.01456297	31.73925000	0.32959990
4.01956297	31.73925000	1.25736300
4.02456297	31.73925000	1.70293300
4.02956297	31.73925000	1.61137700
4.03456297	31.73925000	1.58696200
4.03956297	31.73925000	1.58696200
4.04456297	31.73925000	1.58696200
4.04956297	31.73925000	1.58696200
4.05456297	31.73925000	1.58696200
4.05956297	31.73925000	1.58696200
4.06456297	31.73925000	1.58696200
4.06956297	31.73925000	1.58696200
4.07456297	31.73925000	1.56254800
4.07956297	31.73925000	1.47099200
4.08456297	31.73925000	1.94097700
4.08956297	31.73925000	2.96029500
4.09456297	31.73925000	2.96029500
4.09956297	31.73925000	1.94097700
4.10456297	31.73925000	1.44657700
4.10956297	31.73925000	1.44657700
4.11456297	31.73925000	1.89214800
4.11956297	31.73925000	2.72835500
4.12456297	31.73925000	3.64391000
4.12956297	31.73925000	4.57167300
4.13456297	31.73925000	4.59608700
4.13956297	31.73925000	3.75988000
4.14456297	31.73925000	2.34992500
4.14956297	31.73925000	0.40284430
4.15456297	31.73925000	0.40284430
4.15956297	31.73925000	2.34992500
4.16456297	31.73925000	3.75988000
4.16956297	31.73925000	4.59608700
4.17456297	31.73925000	4.57167300
4.17956297	31.73925000	3.64391000
4.18456297	31.73925000	2.70394000
4.18956297	31.73925000	1.77617700
4.19456297	31.73925000	1.82500700
4.19956297	31.73925000	2.93588100
4.20456297	31.73925000	2.96029500
4.20956297	31.73925000	1.94097700
4.21456297	31.80028000	1.47099200
4.21956297	32.02917000	1.56254800
4.22456297	30.91525000	1.61137700
4.22956297	28.59584000	1.70293300
4.23456297	27.48192000	1.23294800
4.23956297	27.71080000	0.21362960
4.24456297	27.77184000	0.21362960
4.24956297	27.77184000	1.23294800
4.25456297	27.77184000	1.72734800
4.25956297	27.77184000	1.72734800
4.26456297	27.77184000	1.25736300
4.26956297	27.77184000	0.32959990
4.27456297	27.77184000	-0.11597030
4.27956297	27.77184000	-0.02441481
4.28456297	27.77184000	0.00000000
4.28956297	27.77184000	0.00000000
4.29456297	27.77184000	0.00000000
4.29956297	27.77184000	0.00000000
4.30456297	27.77184000	0.00000000
4.30956297	27.77184000	0.00000000
4.31456297	27.77184000	0.00000000
4.31956297	27.77184000	0.00000000
4.32456297	27.77184000	0.00000000
4.32956297	27.77184000	0.00000000
4.33456297	27.77184000	0.00000000
4.33956297	27.77184000	0.00000000
4.34456297	27.77184000	0.00000000
4.34956297	27.77184000	0.00000000
4.35456297	27.77184000	-0.02441481
4.35956297	27.77184000	-0.11597030
4.36456297	27.77184000	0.35401470
4.36956297	27.77184000	1.37333300
4.37456297	27.77184000	1.37333300
4.37956297	27.77184000	0.35401470
4.38456297	27.77184000	-0.11597030
4.38956297	27.77184000	-0.02441481
4.39456297	27.77184000	0.00000000
4.39956297	27.77184000	0.00000000
4.40456297	27.77184000	0.00000000
4.40956297	27.77184000	0.00000000
4.41456297	27.77184000	-0.02441481
4.41956297	27.77184000	-0.11597030
4.42456297	27.83288000	0.32959990
4.42956297	28.06177000	1.25736300
4.43456297	26.94784000	1.70293300
4.43956297	24.62844000	1.61137700
4.44456297	23.51451000	1.58696200
4.44956297	23.74340000	1.58696200
4.45456297	23.80444000	1.58696200
4.45956297	23.80444000	1.58696200
4.46456297	23.74340000	1.58696200
4.46956297	23.51451000	1.58696200
4.47456297	24.68947000	1.58696200
4.47956297	27.23777000	1.58696200
4.48456297	27.23777000	1.58696200
4.48956297	24.68947000	1.58696200
4.49456297	23.51451000	1.58696200
4.49956297	23.74340000	1.58696200
4.50456297	23.80444000	1.61137700
4.50956297	23.80444000	1.70293300
4.51456297	23.80444000	1.25736300
4.51956297	23.80444000	0.32959990
4.52456297	23.80444000	-0.14038510
4.52956297	23.80444000	-0.14038510
4.53456297	23.80444000	0.35401470
4.53956297	23.80444000	1.37333300
4.54456297	23.80444000	1.37333300
4.54956297	23.80444000	0.35401470
4.55456297	23.80444000	-0.11597030
4.55956297	23.80444000	-0.02441481
4.56456297	23.80444000	0.00000000
4.56956297	23.80444000	0.00000000
4.57456297	23.80444000	0.00000000
4.57956297	23.80444000	0.00000000
4.58456297	23.80444000	0.00000000
4.58956297	23.80444000	0.00000000
4.59456297	23.80444000	0.00000000
4.59956297	23.80444000	0.00000000
4.60456297	23.80444000	0.02441481
4.60956297	23.80444000	0.11597030
4.61456297	23.80444000	-0.35401470
4.61956297	23.80444000	-1.37333300
4.62456297	23.80444000	-1.37333300
4.62956297	23.80444000	-0.35401470
4.63456297	23.80444000	0.14038510
4.63956297	23.80444000	0.14038510
4.64456297	23.80444000	-0.35401470
4.64956297	23.80444000	-1.37333300
4.65456297	23.80444000	-1.34891800
4.65956297	23.80444000	-0.23804440
4.66456297	23.80444000	-0.21362960
4.66956297	23.80444000	-1.23294800
4.67456297	23.80444000	-1.72734800
4.67956297	23.80444000	-1.72734800
4.68456297	23.80444000	-1.23294800
4.68956297	23.80444000	-0.21362960
4.69456297	23.80444000	-0.21362960
4.69956297	23.80444000	-1.23294800
4.70456297	23.80444000	-1.72734800
4.70956297	23.80444000	-1.72734800
4.71456297	23.86547000	-1.25736300
4.71956297	24.09436000	-0.32959990
4.72456297	22.91940000	0.09155553
4.72956297	20.37111000	-0.09155553
4.73456297	20.37111000	0.35401470
4.73956297	22.91940000	1.37333300
4.74456297	24.15540000	1.37333300
4.74956297	24.15540000	0.35401470
4.75456297	22.91940000	-0.11597030
4.75956297	20.37111000	-0.02441481
4.76456297	20.43214000	0.02441481
4.76956297	23.20932000	0.11597030
4.77456297	23.20932000	-0.32959990
4.77956297	20.43214000	-1.25736300
4.78456297	20.43214000	-1.72734800
4.78956297	23.20932000	-1.72734800
4.79456297	23.20932000	-1.25736300
4.79956297	20.43214000	-0.32959990
4.80456297	20.43214000	0.09155553
4.80956297	23.20932000	-0.09155553
4.81456297	23.27036000	0.35401470
4.81956297	20.72207000	1.37333300
4.82456297	19.48607000	1.39774800
4.82956297	19.48607000	0.46998500
4.83456297	20.72207000	-0.46998500
4.83956297	23.27036000	-1.39774800
4.84456297	23.27036000	-1.39774800
4.84956297	20.72207000	-0.46998500
4.85456297	19.54710000	0.44557020
4.85956297	19.77599000	1.28177700
4.86456297	19.83703000	1.72734800
4.86956297	19.83703000	1.72734800
4.87456297	19.83703000	1.25736300
4.87956297	19.83703000	0.32959990
4.88456297	19.83703000	-0.11597030
4.88956297	19.83703000	-0.02441481
4.89456297	19.83703000	0.00000000
4.89956297	19.83703000	0.00000000
4.90456297	19.83703000	0.00000000
4.90956297	19.83703000	0.00000000
4.91456297	19.83703000	0.00000000
4.91956297	19.83703000	0.00000000
4.92456297	19.83703000	0.00000000
4.92956297	19.83703000	0.00000000
4.93456297	19.83703000	-0.02441481
4.93956297	19.83703000	-0.11597030
4.94456297	19.83703000	0.35401470
4.94956297	19.83703000	1.37333300
4.95456297	19.83703000	1.34891800
4.95956297	19.83703000	0.23804440
4.96456297	19.83703000	0.18921480
4.96956297	19.83703000	1.11697700
4.97456297	19.83703000	2.03253300
4.97956297	19.83703000	2.86874000
4.98456297	19.83703000	3.28989500
4.98956297	19.83703000	3.19834000
4.99456297	19.83703000	3.19834000
4.99956297	19.83703000	3.28989500
5.00456297	19.83703000	2.84432500
5.00956297	19.83703000	1.91656200
5.01456297	19.83703000	1.47099200
5.01956297	19.83703000	1.56254800
5.02456297	19.83703000	1.61137700
5.02956297	19.83703000	1.70293300
5.03456297	19.83703000	1.23294800
5.03956297	19.83703000	0.21362960
5.04456297	19.89807000	0.23804440
5.04956297	20.12696000	1.34891800
5.05456297	18.95199000	1.37333300
5.05956297	16.40370000	0.35401470
5.06456297	16.46474000	-0.11597030
5.06956297	19.24192000	-0.02441481
5.07456297	19.24192000	0.02441481
5.07956297	16.46474000	0.11597030
5.08456297	16.46474000	-0.32959990
5.08956297	19.24192000	-1.25736300
5.09456297	19.24192000	-1.72734800
5.09956297	16.46474000	-1.72734800
5.10456297	16.40370000	-1.25736300
5.10956297	18.95199000	-0.32959990
5.11456297	20.12696000	0.11597030
5.11956297	19.89807000	0.02441481
5.12456297	19.89807000	0.00000000
5.12956297	20.12696000	0.00000000
5.13456297	19.01303000	0.02441481
5.13956297	16.69362000	0.11597030
5.14456297	15.57970000	-0.35401470
5.14956297	15.80859000	-1.37333300
5.15456297	15.80859000	-1.37333300
5.15956297	15.57970000	-0.35401470
5.16456297	16.69362000	0.11597030
5.16956297	19.01303000	0.02441481
5.17456297	20.12696000	0.00000000
5.17956297	19.89807000	0.00000000
5.18456297	19.89807000	0.02441481
5.18956297	20.12696000	0.11597030
5.19456297	19.01303000	-0.35401470
5.19956297	16.69362000	-1.37333300
5.20456297	15.57970000	-1.37333300
5.20956297	15.80859000	-0.35401470
5.21456297	15.80859000	0.11597030
5.21956297	15.57970000	0.02441481
5.22456297	16.75466000	0.00000000
5.22956297	19.30296000	0.00000000
5.23456297	19.30296000	-0.02441481
5.23956297	16.75466000	-0.11597030
5.24456297	15.57970000	0.32959990
5.24956297	15.80859000	1.25736300
5.25456297	15.86962000	1.70293300
5.25956297	15.86962000	1.61137700
5.26456297	15.86962000	1.61137700
5.26956297	15.86962000	1.70293300
5.27456297	15.86962000	1.25736300
5.27956297	15.86962000	0.32959990
5.28456297	15.86962000	-0.14038510
5.28956296	15.86962000	-0.14038510
5.29456296	15.86962000	0.32959990
5.29956296	15.86962000	1.25736300
5.30456296	15.86962000	1.70293300
5.30956296	15.86962000	1.61137700
5.31456296	15.86962000	1.58696200
5.31956296	15.86962000	1.58696200
5.32456296	15.86962000	1.58696200
5.32956296	15.86962000	1.58696200
5.33456296	15.86962000	1.61137700
5.33956296	15.86962000	1.70293300
5.34456296	15.86962000	1.25736300
5.34956296	15.86962000	0.32959990
5.35456296	15.86962000	-0.14038510
5.35956296	15.86962000	-0.14038510
5.36456296	15.86962000	0.32959990
5.36956296	15.86962000	1.25736300
5.37456296	15.86962000	1.70293300
5.37956296	15.86962000	1.61137700
5.38456296	15.86962000	1.58696200
5.38956296	15.86962000	1.58696200
5.39456296	15.86962000	1.58696200
5.39956296	15.86962000	1.58696200
5.40456296	15.86962000	1.61137700
5.40956296	15.86962000	1.70293300
5.41456296	15.86962000	1.25736300
5.41956296	15.86962000	0.32959990
5.42456296	15.86962000	-0.14038510
5.42956296	15.86962000	-0.14038510
5.43456296	15.86962000	0.35401470
5.43956296	15.86962000	1.37333300
5.44456296	15.86962000	1.34891800
5.44956296	15.86962000	0.23804440
5.45456296	15.86962000	0.26245920
5.45956296	15.86962000	1.46488800
5.46456296	15.86962000	1.01931800
5.46956296	15.86962000	-1.01931800
5.47456296	15.86962000	-1.48930300
5.47956296	15.86962000	-0.37842950
5.48456296	15.86962000	0.11597030
5.48956296	15.86962000	0.02441481
5.49456296	15.86962000	0.00000000
5.49956296	15.86962000	0.00000000
5.50456296	15.86962000	0.00000000
5.50956296	15.86962000	0.00000000
5.51456296	15.86962000	0.00000000
5.51956296	15.86962000	0.00000000
5.52456296	15.86962000	0.00000000
5.52956296	15.86962000	0.00000000
5.53456296	15.86962000	-0.02441481
5.53956296	15.86962000	-0.11597030
5.54456296	15.86962000	0.32959990
5.54956296	15.86962000	1.25736300
5.55456296	15.86962000	1.67851800
5.55956296	15.86962000	1.49540700
5.56456296	15.86962000	1.94097700
5.56956296	15.86962000	2.96029500
5.57456296	15.86962000	2.96029500
5.57956296	15.86962000	1.94097700
5.58456296	15.86962000	1.47099200
5.58956296	15.86962000	1.56254800
5.59456296	15.86962000	1.58696200
5.59956296	15.86962000	1.58696200
5.60456296	15.86962000	1.58696200
5.60956296	15.86962000	1.58696200
5.61456296	15.86962000	1.58696200
5.61956296	15.86962000	1.58696200
5.62456296	15.93066000	1.58696200
5.62956296	16.15955000	1.58696200
5.63456296	15.04562000	1.61137700
5.63956296	12.72622000	1.70293300
5.64456296	11.55125000	1.25736300
5.64956296	11.55125000	0.32959990
5.65456296	12.78725000	-0.11597030
5.65956296	15.33555000	-0.02441481
5.66456296	15.27451000	0.00000000
5.66956296	12.49733000	0.00000000
5.67456296	12.43629000	0.02441481
5.67956296	14.98459000	0.11597030
5.68456296	16.22059000	-0.32959990
5.68956296	16.22059000	-1.25736300
5.69456296	14.98459000	-1.70293300
5.69956296	12.43629000	-1.61137700
5.70456296	12.49733000	-1.58696200
5.70956296	15.27451000	-1.58696200
5.71456296	15.33555000	-1.58696200
5.71956296	12.78725000	-1.58696200
5.72456296	11.61229000	-1.61137700
5.72956296	11.84118000	-1.70293300
5.73456296	11.90222000	-1.23294800
5.73956296	11.90222000	-0.21362960
5.74456296	11.90222000	-0.21362960
5.74956296	11.90222000	-1.23294800
5.75456296	11.90222000	-1.72734800
5.75956296	11.90222000	-1.72734800
5.76456296	11.84118000	-1.25736300
5.76956296	11.61229000	-0.32959990
5.77456296	12.78725000	0.11597030
5.77956296	15.33555000	0.02441481
5.78456296	15.33555000	0.00000000
5.78956296	12.78725000	0.00000000
5.79456296	11.61229000	0.00000000
5.79956296	11.84118000	0.00000000
5.80456296	11.90222000	0.00000000
5.80956296	11.90222000	0.00000000
5.81456296	11.90222000	0.00000000
5.81956296	11.90222000	0.00000000
5.82456296	11.90222000	0.00000000
5.82956296	11.90222000	0.00000000
5.83456296	11.90222000	-0.02441481
5.83956296	11.90222000	-0.11597030
5.84456296	11.90222000	0.32959990
5.84956296	11.90222000	1.25736300
5.85456296	11.90222000	1.70293300
5.85956296	11.90222000	1.61137700
5.86456296	11.90222000	1.58696200
5.86956296	11.90222000	1.58696200
5.87456296	11.90222000	1.58696200
5.87956296	11.90222000	1.58696200
5.88456296	11.90222000	1.58696200
5.88956296	11.90222000	1.58696200
5.89456296	11.90222000	1.58696200
5.89956296	11.90222000	1.58696200
5.90456296	11.90222000	1.58696200
5.90956296	11.90222000	1.58696200
5.91456296	11.90222000	1.58696200
5.91956296	11.90222000	1.58696200
5.92456296	11.90222000	1.58696200
5.92956296	11.90222000	1.58696200
5.93456296	11.90222000	1.58696200
5.93956296	11.90222000	1.58696200
5.94456296	11.90222000	1.58696200
5.94956296	11.90222000	1.58696200
5.95456296	11.90222000	1.56254800
5.95956296	11.90222000	1.47099200
5.96456296	11.90222000	1.96539200
5.96956296	11.90222000	3.07626600
5.97456296	11.90222000	2.63069600
5.97956296	11.90222000	0.68361460
5.98456296	11.90222000	-0.23194070
5.98956296	11.90222000	-0.04882962
5.99456296	11.90222000	0.00000000
5.99956296	11.90222000	0.00000000
6.00456296	11.90222000	0.00000000
6.00956296	11.90222000	0.00000000
6.01456296	11.90222000	-0.02441481
6.01956296	11.90222000	-0.11597030
6.02456296	11.90222000	0.35401470
6.02956296	11.90222000	1.37333300
6.03456296	11.90222000	1.37333300
6.03956296	11.90222000	0.35401470
6.04456296	11.90222000	-0.11597030
6.04956296	11.90222000	-0.02441481
6.05456296	11.90222000	0.02441481
6.05956296	11.90222000	0.11597030
6.06456296	11.90222000	-0.35401470
6.06956296	11.90222000	-1.37333300
6.07456296	11.90222000	-1.34891800
6.07956296	11.90222000	-0.23804440
6.08456296	11.90222000	-0.23804440
6.08956296	11.90222000	-1.34891800
6.09456296	11.90222000	-1.32450300
6.09956296	11.90222000	-0.12207400
6.10456296	11.90222000	-0.56764430
6.10956296	11.90222000	-2.60628100
6.11456296	11.90222000	-3.07626600
6.11956296	11.90222000	-1.96539200
6.12456296	11.90222000	-1.47099200
6.12956296	11.90222000	-1.56254800
6.13456296	11.90222000	-1.58696200
6.13956296	11.90222000	-1.58696200
6.14456296	11.96325000	-1.61137700
6.14956296	12.19214000	-1.70293300
6.15456296	11.01718000	-1.25736300
6.15956296	8.46888600	-0.32959990
6.16456296	8.46888600	0.09155553
6.16956296	11.01718000	-0.09155553
6.17456296	12.19214000	0.35401470
6.17956296	11.96325000	1.37333300
6.18456296	11.90222000	1.34891800
6.18956296	11.90222000	0.23804440
6.19456296	11.96325000	0.23804440
6.19956296	12.19214000	1.34891800
6.20456296	11.01718000	1.34891800
6.20956296	8.46888600	0.23804440
6.21456296	8.52992300	0.23804440
6.21956296	11.30711000	1.34891800
6.22456296	11.36814000	1.34891800
6.22956296	8.81984900	0.23804440
6.23456296	7.58384900	0.23804440
6.23956296	7.58384900	1.34891800
6.24456296	8.75881200	1.37333300
6.24956296	11.07822000	0.35401470
6.25456296	12.19214000	-0.11597030
6.25956296	11.96325000	-0.02441481
6.26456296	11.90222000	0.00000000
6.26956296	11.90222000	0.00000000
6.27456296	11.90222000	0.00000000
6.27956296	11.90222000	0.00000000
6.28456296	11.96325000	-0.02441481
6.28956296	12.19214000	-0.11597030
6.29456296	11.01718000	0.32959990
6.29956296	8.46888600	1.25736300
6.30456296	8.46888600	1.70293300
6.30956296	11.01718000	1.61137700
6.31456296	12.19214000	1.56254800
6.31956296	11.96325000	1.47099200
6.32456296	11.96325000	1.91656200
6.32956296	12.19214000	2.84432500
6.33456296	11.07822000	3.31431000
6.33956296	8.75881200	3.31431000
6.34456296	7.64488600	2.84432500
6.34956296	7.87377500	1.91656200
6.35456296	7.87377500	1.44657700
6.35956296	7.64488600	1.44657700
6.36456296	8.81984900	1.94097700
6.36956296	11.36814000	2.96029500
6.37456296	11.30711000	2.96029500
6.37956296	8.52992300	1.94097700
6.38456296	8.46888600	1.44657700
6.38956296	11.01718000	1.44657700
6.39456296	12.25318000	1.94097700
6.39956296	12.25318000	2.96029500
6.40456296	11.07822000	2.93588100
6.40956296	8.75881200	1.82500700
6.41456296	7.64488600	1.80059200
6.41956296	7.87377500	2.81991000
6.42456296	7.93481200	3.28989500
6.42956296	7.93481200	3.19834000
6.43456296	7.93481200	3.17392500
6.43956296	7.93481200	3.17392500
6.44456296	7.93481200	3.17392500
6.44956296	7.93481200	3.17392500
6.45456296	7.93481200	3.17392500
6.45956296	7.93481200	3.17392500
6.46456296	7.93481200	3.17392500
6.46956296	7.93481200	3.17392500
6.47456296	7.93481200	3.19834000
6.47956296	7.93481200	3.28989500
6.48456296	7.93481200	2.84432500
6.48956296	7.93481200	1.91656200
6.49456296	7.93481200	1.47099200
6.49956296	7.93481200	1.56254800
6.50456296	7.93481200	1.61137700
6.50956296	7.93481200	1.70293300
6.51456296	7.93481200	1.25736300
6.51956296	7.93481200	0.32959990
6.52456296	7.93481200	-0.09155553
6.52956296	7.93481200	0.09155553
6.53456296	7.93481200	-0.35401470
6.53956296	7.93481200	-1.37333300
6.54456296	7.93481200	-1.37333300
6.54956296	7.93481200	-0.35401470
6.55456296	7.93481200	0.11597030
6.55956296	7.93481200	0.02441481
6.56456296	7.93481200	0.00000000
6.56956296	7.93481200	0.00000000
6.57456296	7.93481200	0.02441481
6.57956296	7.93481200	0.11597030
6.58456296	7.93481200	-0.35401470
6.58956296	7.93481200	-1.37333300
6.59456296	7.93481200	-1.37333300
6.59956296	7.93481200	-0.35401470
6.60456296	7.93481200	0.11597030
6.60956296	7.93481200	0.02441481
6.61456296	7.93481200	0.00000000
6.61956296	7.93481200	0.00000000
6.62456296	7.93481200	0.02441481
6.62956296	7.93481200	0.11597030
6.63456296	7.93481200	-0.32959990
6.63956296	7.93481200	-1.25736300
6.64456296	7.93481200	-1.72734800
6.64956296	7.93481200	-1.72734800
6.65456296	7.93481200	-1.25736300
6.65956296	7.93481200	-0.32959990
6.66456296	7.93481200	0.14038510
6.66956296	7.93481200	0.14038510
6.67456296	7.93481200	-0.32959990
6.67956296	7.93481200	-1.25736300
6.68456296	7.93481200	-1.72734800
6.68956296	7.93481200	-1.72734800
6.69456296	7.93481200	-1.25736300
6.69956296	7.93481200	-0.32959990
6.70456296	7.93481200	0.14038510
6.70956296	7.93481200	0.14038510
6.71456296	7.93481200	-0.32959990
6.71956296	7.93481200	-1.25736300
6.72456296	7.93481200	-1.70293300
6.72956296	7.93481200	-1.61137700
6.73456296	7.93481200	-1.61137700
6.73956296	7.93481200	-1.70293300
6.74456296	7.93481200	-1.23294800
6.74956296	7.93481200	-0.21362960
6.75456296	7.93481200	-0.23804440
6.75956296	7.93481200	-1.34891800
6.76456296	7.93481200	-1.34891800
6.76956296	7.93481200	-0.23804440
6.77456296	7.93481200	-0.21362960
6.77956296	7.93481200	-1.23294800
6.78456296	7.93481200	-1.72734800
6.78956296	7.93481200	-1.72734800
6.79456296	7.93481200	-1.23294800
6.79956296	7.93481200	-0.21362960
6.80456296	7.93481200	-0.23804440
6.80956296	7.93481200	-1.34891800
6.81456296	7.93481200	-1.34891800
6.81956296	7.93481200	-0.23804440
6.82456296	7.93481200	-0.18921480
6.82956296	7.93481200	-1.11697700
6.83456296	7.93481200	-2.05694700
6.83956296	7.93481200	-2.98471000
6.84456296	7.93481200	-2.96029500
6.84956296	7.93481200	-1.94097700
6.85456296	7.93481200	-1.47099200
6.85956296	7.93481200	-1.56254800
6.86456296	7.93481200	-1.58696200
6.86956296	7.93481200	-1.58696200
6.87456296	7.93481200	-1.58696200
6.87956296	7.93481200	-1.58696200
6.88456296	7.93481200	-1.56254800
6.88956296	7.93481200	-1.47099200
6.89456296	7.93481200	-1.94097700
6.89956296	7.93481200	-2.96029500
6.90456296	7.93481200	-2.98471000
6.90956296	7.93481200	-2.05694700
6.91456296	7.93481200	-1.14139200
6.91956296	7.93481200	-0.30518510
6.92456296	7.93481200	0.06714072
6.92956296	7.93481200	-0.20752580
6.93456295	7.93481200	0.63478500
6.93956295	7.93481200	2.39875500
6.94456295	7.93481200	3.69274000
6.94956295	7.93481200	4.24207300
6.95456295	7.93481200	5.46891700
6.95956295	7.93481200	6.94601200
6.96456295	7.93481200	9.06399600
6.96956295	7.93481200	11.28574000
6.97456295	7.93481200	14.25214000
6.97956295	7.93481200	17.20634000
6.98456295	7.93481200	21.04556000
6.98956295	7.93481200	24.83596000
6.99456295	7.93481200	29.07193000
6.99956295	7.93481200	32.67922000
7.00456295	7.93481200	37.36686000
7.00956295	7.93481200	41.99347000
7.01456295	7.93481200	46.63228000
7.01956295	7.93481200	50.04425000
7.02456295	7.93481200	55.11032000
7.02956295	7.93481200	60.47548000
7.03456295	7.93481200	66.48152000
7.03956295	7.93481200	71.74902000
7.04456295	7.93481200	77.28507000
7.04956295	7.93481200	81.71636000
7.05456295	7.93481200	86.40401000
7.05956295	7.93481200	90.20051000
7.06456295	7.93481200	93.52092000
7.06956295	7.93481200	95.36423000
7.07456295	7.93481200	98.77621000
7.07956295	7.93481200	102.94500000
7.08456295	7.93481200	105.95420000
7.08956295	7.93481200	107.15660000
7.09456295	7.93481200	108.80460000
7.09956295	7.93481200	110.37320000
7.10456295	7.93481200	111.69160000
7.10956295	7.93481200	112.52780000
7.11456295	7.93481200	112.47900000
7.11956295	7.93481200	111.45970000
7.12456295	7.93481200	111.01410000
7.12956295	7.93481200	111.19720000
7.13456295	7.93481200	110.82490000
7.13956295	7.93481200	110.08030000
7.14456295	7.93481200	108.78630000
7.14956295	7.93481200	107.21760000
7.15456295	7.93481200	105.49640000
7.15956295	7.93481200	104.01930000
7.16456295	7.93481200	102.34690000
7.16956295	7.93481200	100.96130000
7.17456295	7.93481200	98.84335000
7.17956295	7.93481200	96.53004000
7.18456295	7.93481200	93.96648000
7.18956295	7.93481200	91.74474000
7.19456295	7.93481200	89.18119000
7.19956295	7.93481200	86.86789000
7.20456295	7.93481200	84.74990000
7.20956295	7.93481200	83.35825000
7.21456295	7.93481200	81.71026000
7.21956295	7.93481200	80.32471000
7.22456295	7.93481200	78.18231000
7.22956295	7.93481200	75.77746000
7.23456295	7.93481200	73.63506000
7.23956295	7.93481200	72.24952000
7.24456295	7.93481200	70.57710000
7.24956295	7.93481200	69.10001000
7.25456295	7.99584900	67.42760000
7.25956295	8.22473800	66.04205000
7.26456295	7.11081200	63.87524000
7.26956295	4.79140600	61.37883000
7.27456295	3.67748000	59.68200000
7.27956295	3.90636900	59.22422000
7.28456295	3.90636900	57.99738000
7.28956295	3.67748000	56.42262000
7.29456295	4.79140600	54.70138000
7.29956295	7.11081200	53.22428000
7.30456295	8.28577500	51.52745000
7.30956295	8.28577500	50.05036000
7.31456295	7.11081200	48.37794000
7.31956295	4.79140600	46.99240000
7.32456295	3.61644300	44.80117000
7.32956295	3.61644300	42.21320000
7.33456295	4.79140600	40.93753000
7.33956295	7.11081200	41.31596000
7.34456295	8.28577500	40.98635000
7.34956295	8.28577500	40.24170000
7.35456295	7.11081200	38.92331000
7.35956295	4.79140600	37.26310000
7.36456295	3.67748000	35.94470000
7.36956295	3.90636900	35.20005000
7.37456295	3.96740600	34.85214000
7.37956295	3.96740600	35.12680000
7.38456295	3.90636900	34.28449000
7.38956295	3.67748000	32.52052000
7.39456295	4.85244300	31.20212000
7.39956295	7.40073800	30.56124000
7.40456295	7.40073800	29.71282000
7.40956295	4.85244300	28.87661000
7.41456295	3.67748000	28.47987000
7.41956295	3.90636900	28.66298000
7.42456295	3.96740600	28.26624000
7.42956295	3.96740600	27.43003000
7.43456295	3.96740600	26.53279000
7.43956295	3.96740600	25.69658000
7.44456295	3.90636900	25.32426000
7.44956295	3.67748000	25.59892000
7.45456295	4.85244300	24.73220000
7.45956295	7.40073800	22.87667000
7.46456295	7.40073800	22.00995000
7.46956295	4.85244300	22.28461000
7.47456295	3.67748000	21.88787000
7.47956295	3.90636900	20.96011000
7.48456295	3.96740600	20.51454000
7.48956295	3.96740600	20.60610000
7.49456295	3.96740600	20.63051000
7.49956295	3.96740600	20.63051000
7.50456295	3.96740600	20.63051000
7.50956295	3.96740600	20.63051000
7.51456295	3.90636900	20.63051000
7.51956295	3.67748000	20.63051000
7.52456295	4.85244300	20.65493000
7.52956295	7.40073800	20.74648000
7.53456295	7.40073800	20.30091000
7.53956295	4.85244300	19.37315000
7.54456295	3.67748000	18.92758000
7.54956295	3.90636900	19.01913000
7.55456295	3.96740600	19.09238000
7.55956295	3.96740600	19.27549000
7.56456295	3.96740600	18.40877000
7.56956295	3.96740600	16.64479000
7.57456295	3.96740600	15.23484000
7.57956295	3.96740600	14.21552000
7.58456295	3.96740600	15.17991000
7.58956295	3.96740600	18.14631000
7.59456295	3.96740600	19.11069000
7.59956295	3.96740600	18.09137000
7.60456295	3.96740600	16.65700000
7.60956295	3.96740600	14.80148000
7.61456295	3.96740600	14.38032000
7.61956295	3.96740600	15.49119000
7.62456295	3.96740600	16.01001000
7.62956295	3.96740600	16.01001000
7.63456295	3.96740600	15.56444000
7.63956295	3.96740600	14.72823000
7.64456295	3.96740600	13.83709000
7.64956295	3.96740600	13.00089000
7.65456295	3.96740600	12.55531000
7.65956295	3.96740600	12.55531000
7.66456295	3.96740600	13.04971000
7.66956295	3.96740600	14.06903000
7.67456295	3.96740600	14.06903000
7.67956295	3.96740600	13.04971000
7.68456295	3.96740600	12.57973000
7.68956295	3.96740600	12.67128000
7.69456295	3.96740600	12.69570000
7.69956295	3.96740600	12.69570000
7.70456295	3.96740600	12.72011000
7.70956295	3.96740600	12.81167000
7.71456295	3.96740600	12.36610000
7.71956295	3.96740600	11.43834000
7.72456295	3.96740600	10.99277000
7.72956295	3.96740600	11.08432000
7.73456295	3.96740600	11.13315000
7.73956295	3.96740600	11.22471000
7.74456295	3.96740600	10.75472000
7.74956295	3.96740600	9.73540400
7.75456295	3.96740600	9.75981900
7.75956295	3.96740600	10.87069000
7.76456295	3.96740600	10.89511000
7.76956295	3.96740600	9.87579000
7.77456295	3.96740600	9.38139000
7.77956295	3.96740600	9.38139000
7.78456295	3.96740600	9.85137500
7.78956295	3.96740600	10.77914000
7.79456295	3.96740600	11.24912000
7.79956295	3.96740600	11.24912000
7.80456295	3.96740600	10.75472000
7.80956295	3.96740600	9.73540400
7.81456295	3.96740600	9.73540400
7.81956295	3.96740600	10.75472000
7.82456295	3.96740600	11.24912000
7.82956295	3.96740600	11.24912000
7.83456295	3.96740600	10.80355000
7.83956295	3.96740600	9.96734500
7.84456295	3.96740600	9.07620400
7.84956295	3.96740600	8.23999700
7.85456295	3.96740600	7.81884200
7.85956295	3.96740600	7.91039800
7.86456295	3.96740600	7.93481200
7.86956295	3.96740600	7.93481200
7.87456295	3.96740600	7.95922800
7.87956295	3.96740600	8.05078300
7.88456295	3.96740600	7.58079800
7.88956295	3.96740600	6.56148000
7.89456295	3.96740600	6.58589400
7.89956295	3.96740600	7.69676800
7.90456295	3.96740600	7.69676800
7.90956295	3.96740600	6.58589400
7.91456295	3.96740600	6.58589400
7.91956295	3.96740600	7.69676800
7.92456295	3.96740600	7.72118300
7.92956295	3.96740600	6.70186400
7.93456295	3.96740600	6.23187900
7.93956295	3.96740600	6.32343500
7.94456295	3.96740600	6.32343500
7.94956295	3.96740600	6.23187900
7.95456295	3.96740600	6.67745000
7.95956295	3.96740600	7.60521200
7.96456295	3.96740600	8.05078300
7.96956295	3.96740600	7.95922800
7.97456295	3.96740600	7.95922800
7.97956295	3.96740600	8.05078300
7.98456295	3.96740600	7.60521200
7.98956295	3.96740600	6.67745000
7.99456295	3.96740600	6.23187900
7.99956295	3.96740600	6.32343500
8.00456295	3.96740600	6.34785000
8.00956295	3.96740600	6.34785000
8.01456295	3.96740600	6.32343500
8.01956295	3.96740600	6.23187900
8.02456295	3.96740600	6.67745000
8.02956295	3.96740600	7.60521200
8.03456295	3.96740600	8.05078300
8.03956295	3.96740600	7.95922800
8.04456295	3.96740600	7.93481200
8.04956295	3.96740600	7.93481200
8.05456295	3.96740600	7.93481200
8.05956295	3.96740600	7.93481200
8.06456295	3.96740600	7.93481200
8.06956295	3.96740600	7.93481200
8.07456295	3.96740600	7.95922800
8.07956295	3.96740600	8.05078300
8.08456295	3.96740600	7.60521200
8.08956295	3.96740600	6.67745000
8.09456295	3.96740600	6.23187900
8.09956295	3.96740600	6.32343500
8.10456295	3.96740600	6.34785000
8.10956295	3.96740600	6.34785000
8.11456295	3.96740600	6.34785000
8.11956295	3.96740600	6.34785000
8.12456295	3.96740600	6.34785000
8.12956295	3.96740600	6.34785000
8.13456295	3.96740600	6.34785000
8.13956295	3.96740600	6.34785000
8.14456295	3.96740600	6.34785000
8.14956295	3.96740600	6.34785000
8.15456295	3.96740600	6.34785000
8.15956295	3.96740600	6.34785000
8.16456295	3.96740600	6.34785000
8.16956295	3.96740600	6.34785000
8.17456295	3.96740600	6.34785000
8.17956295	3.96740600	6.34785000
8.18456295	3.96740600	6.37226500
8.18956295	3.96740600	6.46382000
8.19456295	3.96740600	5.99383500
8.19956295	3.96740600	4.97451700
8.20456295	3.96740600	4.97451700
8.20956295	3.96740600	5.99383500
8.21456295	3.96740600	6.48823500
8.21956295	3.96740600	6.48823500
8.22456295	3.96740600	6.01825000
8.22956295	3.96740600	5.09048700
8.23456295	3.96740600	4.64491700
8.23956295	3.96740600	4.73647300
8.24456295	3.96740600	4.76088700
8.24956295	3.96740600	4.76088700
8.25456295	3.96740600	4.76088700
8.25956295	3.96740600	4.76088700
8.26456295	3.96740600	4.76088700
8.26956295	3.96740600	4.76088700
8.27456295	3.96740600	4.76088700
8.27956295	3.96740600	4.76088700
8.28456295	3.96740600	4.76088700
8.28956295	3.96740600	4.76088700
8.29456295	3.96740600	4.76088700
8.29956295	3.96740600	4.76088700
8.30456295	3.96740600	4.73647300
8.30956295	3.96740600	4.64491700
8.31456295	3.96740600	5.11490200
8.31956295	3.96740600	6.13422100
8.32456295	3.96740600	6.13422100
8.32956295	3.96740600	5.11490200
8.33456295	3.96740600	4.66933200
8.33956295	3.96740600	4.85244300
8.34456295	3.96740600	4.40687300
8.34956295	3.96740600	3.38755500
8.35456295	3.96740600	3.38755500
8.35956295	3.96740600	4.40687300
8.36456295	3.96740600	4.87685800
8.36956295	3.96740600	4.78530200
8.37456295	3.96740600	4.76088700
8.37956295	3.96740600	4.76088700
8.38456295	3.96740600	4.73647300
8.38956295	3.96740600	4.64491700
8.39456295	3.96740600	5.11490200
8.39956295	3.96740600	6.13422100
8.40456295	3.96740600	6.10980600
8.40956295	3.96740600	4.99893200
8.41456295	3.96740600	4.97451700
8.41956295	3.96740600	5.99383500
8.42456295	3.96740600	6.46382000
8.42956295	3.96740600	6.37226500
8.43456295	3.96740600	6.32343500
8.43956295	3.96740600	6.23187900
8.44456295	3.96740600	6.70186400
8.44956295	3.96740600	7.72118300
8.45456295	3.96740600	7.72118300
8.45956295	3.96740600	6.70186400
8.46456295	3.96740600	6.23187900
8.46956295	3.96740600	6.32343500
8.47456295	3.96740600	6.37226500
8.47956295	3.96740600	6.46382000
8.48456295	3.96740600	6.01825000
8.48956295	3.96740600	5.09048700
8.49456295	3.96740600	4.64491700
8.49956295	3.96740600	4.73647300
8.50456295	3.96740600	4.76088700
8.50956295	3.96740600	4.76088700
8.51456295	3.96740600	4.76088700
8.51956295	3.96740600	4.76088700
8.52456295	3.96740600	4.76088700
8.52956295	3.96740600	4.76088700
8.53456295	3.96740600	4.78530200
8.53956295	3.96740600	4.87685800
8.54456295	3.96740600	4.40687300
8.54956295	3.96740600	3.38755500
8.55456295	3.96740600	3.38755500
8.55956295	3.96740600	4.40687300
8.56456295	3.96740600	4.85244300
8.56956295	3.96740600	4.66933200
8.57456295	4.02844300	5.09048700
8.57956294	4.25733200	6.01825000
8.58456294	3.08236900	6.48823500
8.58956294	0.53407390	6.48823500
8.59456294	0.53407390	6.01825000
8.59956294	3.08236900	5.09048700
8.60456294	4.25733200	4.64491700
8.60956294	4.02844300	4.73647300
8.61456294	3.96740600	4.76088700
8.61956294	3.96740600	4.76088700
8.62456294	3.96740600	4.78530200
8.62956294	3.96740600	4.87685800
8.63456294	3.96740600	4.43128700
8.63956294	3.96740600	3.50352500
8.64456294	3.96740600	3.05795500
8.64956294	3.96740600	3.14951000
8.65456294	3.96740600	3.14951000
8.65956294	3.96740600	3.05795500
8.66456294	3.96740600	3.50352500
8.66956294	3.96740600	4.43128700
8.67456294	4.02844300	4.85244300
8.67956294	4.25733200	4.66933200
8.68456294	3.14340600	5.11490200
8.68956294	0.82399970	6.13422100
8.69456294	-0.35096280	6.10980600
8.69956294	-0.35096280	4.99893200
8.70456294	0.82399970	4.97451700
8.70956294	3.14340600	5.99383500
8.71456294	4.25733200	6.46382000
8.71956294	4.02844300	6.37226500
8.72456294	3.96740600	6.34785000
8.72956294	3.96740600	6.34785000
8.73456294	4.02844300	6.34785000
8.73956294	4.25733200	6.34785000
8.74456294	3.08236900	6.34785000
8.74956294	0.53407390	6.34785000
8.75456294	0.53407390	6.34785000
8.75956294	3.08236900	6.34785000
8.76456294	4.25733200	6.34785000
8.76956294	4.02844300	6.34785000
8.77456294	3.96740600	6.34785000
8.77956294	3.96740600	6.34785000
8.78456294	4.02844300	6.37226500
8.78956294	4.25733200	6.46382000
8.79456294	3.14340600	6.01825000
8.79956294	0.82399970	5.09048700
8.80456294	-0.28992580	4.64491700
8.80956294	-0.06103702	4.73647300
8.81456294	0.00000000	4.76088700
8.81956294	0.00000000	4.76088700
8.82456294	-0.06103702	4.78530200
8.82956294	-0.28992580	4.87685800
8.83456294	0.88503670	4.43128700
8.83956294	3.43333200	3.50352500
8.84456294	3.37229500	3.03354000
8.84956294	0.59511090	3.03354000
8.85456294	0.53407390	3.50352500
8.85956294	3.08236900	4.43128700
8.86456294	4.25733200	4.90127200
8.86956294	4.02844300	4.90127200
8.87456294	4.02844300	4.43128700
8.87956294	4.25733200	3.50352500
8.88456294	3.14340600	3.05795500
8.88956294	0.82399970	3.14951000
8.89456294	-0.28992580	3.17392500
8.89956294	-0.06103702	3.17392500
8.90456294	-0.06103702	3.17392500
8.90956294	-0.28992580	3.17392500
8.91456294	0.82399970	3.17392500
8.91956294	3.14340600	3.17392500
8.92456294	4.25733200	3.17392500
8.92956294	4.02844300	3.17392500
8.93456294	4.02844300	3.17392500
8.93956294	4.25733200	3.17392500
8.94456294	3.14340600	3.17392500
8.94956294	0.82399970	3.17392500
8.95456294	-0.35096280	3.14951000
8.95956294	-0.35096280	3.05795500
8.96456294	0.82399970	3.50352500
8.96956294	3.14340600	4.43128700
8.97456294	4.25733200	4.87685800
8.97956294	4.02844300	4.78530200
8.98456294	4.02844300	4.76088700
8.98956294	4.25733200	4.76088700
8.99456294	3.08236900	4.76088700
8.99956294	0.53407390	4.76088700
9.00456294	0.53407390	4.76088700
9.00956294	3.08236900	4.76088700
9.01456294	4.31836900	4.73647300
9.01956294	4.31836900	4.64491700
9.02456294	3.08236900	5.11490200
9.02956294	0.53407390	6.13422100
