Time	Channel A	Channel B
(us)	(mV)	(mV)

-1.00601202	-3.96740600	-3.96740600
-1.00101202	-3.96740600	-3.96740600
-0.99601202	-3.96740600	-3.96740600
-0.99101202	-3.96740600	-3.96740600
-0.98601202	-3.96740600	-3.96740600
-0.98101202	-3.96740600	-3.96740600
-0.97601202	-3.96740600	-3.96740600
-0.97101203	-3.96740600	-3.96740600
-0.96601203	-3.96740600	-3.96740600
-0.96101203	-3.96740600	-3.96740600
-0.95601203	-3.96740600	-3.96740600
-0.95101203	-3.96740600	-3.96740600
-0.94601203	-3.96740600	-3.96740600
-0.94101203	-3.96740600	-3.96740600
-0.93601203	-3.96740600	-3.96740600
-0.93101203	-3.96740600	-3.96740600
-0.92601203	-3.96740600	-3.96740600
-0.92101203	-3.96740600	-3.96740600
-0.91601203	-3.96740600	-3.96740600
-0.91101203	-3.96740600	-3.96740600
-0.90601203	-3.96740600	-3.96740600
-0.90101203	-3.96740600	-3.96740600
-0.89601203	-3.96740600	-3.96740600
-0.89101203	-3.96740600	-3.96740600
-0.88601203	-3.96740600	-3.96740600
-0.88101203	-3.96740600	-3.96740600
-0.87601203	-3.96740600	-3.96740600
-0.87101203	-3.96740600	-3.96740600
-0.86601203	-3.96740600	-3.96740600
-0.86101203	-3.96740600	-3.96740600
-0.85601203	-3.96740600	-3.90636900
-0.85101203	-3.96740600	-3.67748000
-0.84601203	-3.96740600	-4.85244300
-0.84101203	-3.96740600	-7.40073800
-0.83601203	-3.96740600	-7.40073800
-0.83101203	-3.96740600	-4.85244300
-0.82601203	-3.96740600	-3.61644300
-0.82101203	-3.96740600	-3.61644300
-0.81601203	-3.96740600	-4.85244300
-0.81101203	-3.96740600	-7.40073800
-0.80601203	-3.96740600	-7.40073800
-0.80101203	-3.96740600	-4.85244300
-0.79601203	-3.96740600	-3.67748000
-0.79101203	-3.96740600	-3.90636900
-0.78601203	-3.96740600	-3.96740600
-0.78101203	-3.96740600	-3.96740600
-0.77601203	-3.96740600	-3.96740600
-0.77101203	-3.96740600	-3.96740600
-0.76601203	-3.96740600	-3.96740600
-0.76101203	-3.96740600	-3.96740600
-0.75601203	-3.96740600	-3.96740600
-0.75101203	-3.96740600	-3.96740600
-0.74601203	-3.96740600	-3.96740600
-0.74101203	-3.96740600	-3.96740600
-0.73601203	-3.96740600	-3.96740600
-0.73101203	-3.96740600	-3.96740600
-0.72601203	-3.96740600	-3.96740600
-0.72101203	-3.96740600	-3.96740600
-0.71601203	-3.96740600	-3.96740600
-0.71101203	-3.96740600	-3.96740600
-0.70601203	-3.96740600	-3.96740600
-0.70101203	-3.96740600	-3.96740600
-0.69601203	-3.96740600	-3.96740600
-0.69101203	-3.96740600	-3.96740600
-0.68601203	-3.96740600	-3.96740600
-0.68101203	-3.96740600	-3.96740600
-0.67601203	-3.96740600	-3.96740600
-0.67101203	-3.96740600	-3.96740600
-0.66601203	-3.96740600	-3.96740600
-0.66101203	-3.96740600	-3.96740600
-0.65601203	-3.96740600	-3.90636900
-0.65101203	-3.96740600	-3.67748000
-0.64601203	-3.96740600	-4.85244300
-0.64101203	-3.96740600	-7.40073800
-0.63601203	-3.96740600	-7.33970100
-0.63101203	-3.96740600	-4.56251700
-0.62601203	-3.96740600	-4.50148000
-0.62101203	-3.96740600	-7.04977500
-0.61601203	-3.96740600	-8.22473800
-0.61101203	-3.96740600	-7.99584900
-0.60601203	-3.96740600	-7.93481200
-0.60101203	-3.96740600	-7.93481200
-0.59601203	-3.96740600	-7.93481200
-0.59101203	-3.96740600	-7.93481200
-0.58601203	-3.96740600	-7.93481200
-0.58101203	-3.96740600	-7.93481200
-0.57601203	-3.96740600	-7.99584900
-0.57101203	-3.96740600	-8.22473800
-0.56601203	-3.96740600	-7.11081200
-0.56101203	-3.96740600	-4.79140600
-0.55601203	-3.96740600	-3.61644300
-0.55101203	-3.96740600	-3.61644300
-0.54601203	-3.96740600	-4.79140600
-0.54101203	-3.96740600	-7.11081200
-0.53601203	-3.96740600	-8.22473800
-0.53101203	-3.96740600	-7.99584900
-0.52601203	-3.96740600	-7.93481200
-0.52101203	-3.96740600	-7.93481200
-0.51601203	-3.96740600	-7.93481200
-0.51101203	-3.96740600	-7.93481200
-0.50601203	-3.96740600	-7.93481200
-0.50101203	-3.96740600	-7.93481200
-0.49601203	-3.96740600	-7.99584900
-0.49101203	-3.96740600	-8.22473800
-0.48601203	-3.96740600	-7.11081200
-0.48101203	-3.96740600	-4.79140600
-0.47601203	-3.96740600	-3.67748000
-0.47101203	-3.96740600	-3.90636900
-0.46601203	-3.96740600	-3.96740600
-0.46101203	-3.96740600	-3.96740600
-0.45601203	-3.96740600	-3.96740600
-0.45101203	-3.96740600	-3.96740600
-0.44601203	-3.96740600	-3.96740600
-0.44101203	-3.96740600	-3.96740600
-0.43601203	-3.96740600	-3.96740600
-0.43101203	-3.96740600	-3.96740600
-0.42601203	-3.96740600	-3.96740600
-0.42101203	-3.96740600	-3.96740600
-0.41601203	-3.96740600	-3.96740600
-0.41101203	-3.96740600	-3.96740600
-0.40601203	-3.96740600	-3.96740600
-0.40101203	-3.96740600	-3.96740600
-0.39601203	-3.96740600	-3.96740600
-0.39101203	-3.96740600	-3.96740600
-0.38601203	-3.96740600	-3.96740600
-0.38101203	-3.96740600	-3.96740600
-0.37601203	-3.96740600	-3.96740600
-0.37101203	-3.96740600	-3.96740600
-0.36601203	-3.96740600	-3.96740600
-0.36101203	-3.96740600	-3.96740600
-0.35601203	-3.96740600	-3.96740600
-0.35101203	-3.96740600	-3.96740600
-0.34601203	-3.96740600	-3.96740600
-0.34101203	-3.96740600	-3.96740600
-0.33601203	-3.96740600	-3.96740600
-0.33101203	-3.96740600	-3.96740600
-0.32601203	-3.96740600	-3.96740600
-0.32101203	-3.96740600	-3.96740600
-0.31601203	-3.96740600	-3.96740600
-0.31101203	-3.96740600	-3.96740600
-0.30601203	-3.96740600	-3.96740600
-0.30101203	-3.96740600	-3.96740600
-0.29601203	-3.96740600	-3.96740600
-0.29101203	-3.96740600	-3.96740600
-0.28601203	-3.96740600	-3.96740600
-0.28101203	-3.96740600	-3.96740600
-0.27601203	-3.96740600	-3.96740600
-0.27101203	-3.96740600	-3.96740600
-0.26601203	-3.90636900	-3.90636900
-0.26101203	-3.67748000	-3.67748000
-0.25601203	-4.85244300	-4.79140600
-0.25101203	-7.40073800	-7.11081200
-0.24601203	-7.40073800	-8.28577500
-0.24101203	-4.85244300	-8.28577500
-0.23601203	-3.67748000	-7.11081200
-0.23101203	-3.90636900	-4.79140600
-0.22601203	-3.96740600	-3.67748000
-0.22101203	-3.96740600	-3.90636900
-0.21601203	-3.96740600	-3.96740600
-0.21101203	-3.96740600	-3.96740600
-0.20601203	-3.96740600	-3.96740600
-0.20101203	-3.96740600	-3.96740600
-0.19601203	-3.96740600	-3.96740600
-0.19101203	-3.96740600	-3.96740600
-0.18601203	-3.96740600	-3.96740600
-0.18101203	-3.96740600	-3.96740600
-0.17601203	-3.96740600	-3.96740600
-0.17101203	-3.96740600	-3.96740600
-0.16601203	-3.96740600	-3.96740600
-0.16101203	-3.96740600	-3.96740600
-0.15601203	-4.02844300	-3.96740600
-0.15101203	-4.25733200	-3.96740600
-0.14601203	-3.14340600	-3.96740600
-0.14101203	-0.82399970	-3.96740600
-0.13601203	0.16785180	-3.90636900
-0.13101203	-0.51881460	-3.67748000
-0.12601203	1.54118500	-4.79140600
-0.12101203	5.69170200	-7.11081200
-0.11601203	10.11689000	-8.22473800
-0.11101203	14.03851000	-7.99584900
-0.10601203	17.16666000	-7.87377500
-0.10101203	18.53999000	-7.64488600
-0.09601203	21.66814000	-8.75881200
-0.09101203	25.58977000	-11.07822000
-0.08601203	29.89288000	-12.19214000
-0.08101203	33.58562000	-11.96325000
-0.07601203	37.82769000	-11.90222000
-0.07101203	41.52043000	-11.90222000
-0.06601203	45.76250000	-11.84118000
-0.06101203	49.45524000	-11.61229000
-0.05601203	53.63628000	-12.72622000
-0.05101203	57.10013000	-15.04562000
-0.04601203	62.45613000	-16.15955000
-0.04101203	68.48353000	-15.93066000
-0.03601203	73.83952000	-15.86962000
-0.03101203	77.30338000	-15.86962000
-0.02601203	81.48442000	-15.86962000
-0.02101203	85.17715000	-15.86962000
-0.01601203	89.41923000	-15.86962000
-0.01101203	93.11196000	-15.86962000
-0.00601203	97.35404000	-15.86962000
-0.00101203	101.04680000	-15.86962000
0.00398797	105.28880000	-15.86962000
0.00898797	108.98160000	-15.86962000
0.01398797	113.22370000	-15.86962000
0.01898797	116.91640000	-15.86962000
0.02398797	121.15850000	-15.86962000
0.02898797	124.85120000	-15.86962000
0.03398797	129.09330000	-15.86962000
0.03898797	132.78600000	-15.86962000
0.04398797	137.02810000	-15.86962000
0.04898797	140.73610000	-15.86962000
0.05398797	144.97820000	-15.86962000
0.05898797	148.67090000	-15.86962000
0.06398797	152.97400000	-15.86962000
0.06898797	156.89560000	-15.86962000
0.07398797	160.02380000	-15.86962000
0.07898797	161.39710000	-15.86962000
0.08398797	164.58630000	-15.86962000
0.08898797	168.73680000	-15.86962000
0.09398797	171.92600000	-15.86962000
0.09898797	173.29930000	-15.86962000
0.10398797	176.48850000	-15.86962000
0.10898797	180.63910000	-15.86962000
0.11398797	183.88930000	-15.86962000
0.11898797	185.49150000	-15.86962000
0.12398797	187.55150000	-15.86962000
0.12898797	189.41310000	-15.86962000
0.13398797	191.51890000	-15.86962000
0.13898797	193.38050000	-15.86962000
0.14398797	195.48630000	-15.86962000
0.14898797	197.34790000	-15.86962000
0.15398797	199.45370000	-15.86962000
0.15898797	201.31530000	-15.86962000
0.16398797	203.48210000	-15.86962000
0.16898797	205.57270000	-15.86962000
0.17398797	206.62550000	-15.86962000
0.17898797	206.39670000	-15.86962000
0.18398797	206.27460000	-15.86962000
0.18898797	206.04570000	-15.86962000
0.19398797	207.15960000	-15.86962000
0.19898797	209.47900000	-15.86962000
0.20398797	210.59300000	-15.86962000
0.20898797	210.36410000	-15.86962000
0.21398797	210.30300000	-15.86962000
0.21898797	210.30300000	-15.86962000
0.22398797	210.24200000	-15.86962000
0.22898797	210.01310000	-15.86962000
0.23398797	211.12700000	-15.86962000
0.23898797	213.46170000	-15.86962000
0.24398797	214.57560000	-15.93066000
0.24898797	214.34670000	-16.15955000
0.25398797	214.28570000	-14.98459000
0.25898797	214.28570000	-12.43629000
0.26398797	214.28570000	-12.43629000
0.26898797	214.28570000	-14.98459000
0.27398797	214.34670000	-16.15955000
0.27898797	214.57560000	-15.93066000
0.28398797	213.40070000	-15.86962000
0.28898797	210.83710000	-15.86962000
0.29398797	210.83710000	-15.86962000
0.29898797	213.40070000	-15.86962000
0.30398797	214.57560000	-15.86962000
0.30898797	214.34670000	-15.86962000
0.31398797	214.28570000	-15.86962000
0.31898797	214.28570000	-15.86962000
0.32398797	214.28570000	-15.86962000
0.32898797	214.28570000	-15.86962000
0.33398797	214.28570000	-15.86962000
0.33898797	214.28570000	-15.86962000
0.34398797	214.28570000	-15.86962000
0.34898797	214.28570000	-15.86962000
0.35398797	214.28570000	-15.86962000
0.35898797	214.28570000	-15.86962000
0.36398797	214.28570000	-15.86962000
0.36898797	214.28570000	-15.86962000
0.37398797	214.28570000	-15.86962000
0.37898797	214.28570000	-15.86962000
0.38398797	214.28570000	-15.86962000
0.38898797	214.28570000	-15.86962000
0.39398797	214.28570000	-15.86962000
0.39898797	214.28570000	-15.86962000
0.40398797	214.28570000	-15.93066000
0.40898797	214.28570000	-16.15955000
0.41398797	214.22470000	-15.04562000
0.41898797	213.99580000	-12.72622000
0.42398797	215.17070000	-11.61229000
0.42898797	217.71900000	-11.84118000
0.43398797	217.71900000	-11.90222000
0.43898797	215.17070000	-11.90222000
0.44398797	213.99580000	-11.84118000
0.44898797	214.22470000	-11.61229000
0.45398797	214.28570000	-12.78725000
0.45898797	214.28570000	-15.33555000
0.46398797	214.28570000	-15.33555000
0.46898797	214.28570000	-12.78725000
0.47398797	214.28570000	-11.61229000
0.47898797	214.28570000	-11.84118000
0.48398797	214.28570000	-11.90222000
0.48898797	214.28570000	-11.90222000
0.49398797	214.28570000	-11.90222000
0.49898797	214.28570000	-11.90222000
0.50398797	214.34670000	-11.90222000
0.50898797	214.57560000	-11.90222000
0.51398797	213.46170000	-11.90222000
0.51898797	211.12700000	-11.90222000
0.52398797	210.01310000	-11.90222000
0.52898797	210.24200000	-11.90222000
0.53398797	210.36410000	-11.90222000
0.53898797	210.59300000	-11.90222000
0.54398797	209.47900000	-11.90222000
0.54898797	207.15960000	-11.90222000
0.55398797	206.04570000	-11.90222000
0.55898797	206.27460000	-11.90222000
0.56398797	206.33560000	-11.90222000
0.56898797	206.33560000	-11.90222000
0.57398797	206.39670000	-11.90222000
0.57898797	206.62550000	-11.90222000
0.58398797	205.57270000	-11.90222000
0.58898797	203.48210000	-11.90222000
0.59398797	201.25430000	-11.90222000
0.59898797	199.16380000	-11.90222000
0.60398797	198.17190000	-11.84118000
0.60898797	198.62970000	-11.61229000
0.61398797	197.57680000	-12.78725000
0.61898797	195.25740000	-15.33555000
0.62398797	194.20450000	-15.33555000
0.62898797	194.66230000	-12.78725000
0.63398797	193.60940000	-11.61229000
0.63898797	191.29000000	-11.84118000
0.64398797	190.23710000	-11.90222000
0.64898797	190.69490000	-11.90222000
0.65398797	189.64200000	-11.90222000
0.65898797	187.32260000	-11.90222000
0.66398797	186.26970000	-11.90222000
0.66898797	186.72750000	-11.90222000
0.67398796	185.67460000	-11.90222000
0.67898796	183.35520000	-11.90222000
0.68398796	182.24130000	-11.90222000
0.68898796	182.47020000	-11.90222000
0.69398796	182.53120000	-11.90222000
0.69898796	182.53120000	-11.90222000
0.70398796	182.59220000	-11.90222000
0.70898796	182.82110000	-11.90222000
0.71398796	181.70720000	-11.90222000
0.71898796	179.38780000	-11.90222000
0.72398796	178.33490000	-11.90222000
0.72898796	178.79270000	-11.90222000
0.73398796	177.73980000	-11.90222000
0.73898796	175.42040000	-11.90222000
0.74398796	174.30650000	-11.90222000
0.74898796	174.53530000	-11.90222000
0.75398796	174.59640000	-11.90222000
0.75898796	174.59640000	-11.90222000
0.76398796	174.59640000	-11.90222000
0.76898796	174.59640000	-11.90222000
0.77398796	174.65740000	-11.96325000
0.77898796	174.88630000	-12.19214000
0.78398796	173.77240000	-11.01718000
0.78898796	171.45300000	-8.46888600
0.79398796	170.33910000	-8.52992300
0.79898796	170.56790000	-11.30711000
0.80398796	170.62900000	-11.36814000
0.80898796	170.62900000	-8.81984900
0.81398796	170.69000000	-7.64488600
0.81898796	170.91890000	-7.87377500
0.82398796	169.80500000	-7.93481200
0.82898796	167.48560000	-7.93481200
0.83398796	166.37160000	-7.87377500
0.83898796	166.60050000	-7.64488600
0.84398796	166.66160000	-8.81984900
0.84898796	166.66160000	-11.36814000
0.85398796	166.66160000	-11.36814000
0.85898796	166.66160000	-8.81984900
0.86398796	166.72260000	-7.64488600
0.86898796	166.95150000	-7.87377500
0.87398796	165.83760000	-7.93481200
0.87898796	163.51820000	-7.93481200
0.88398796	162.40430000	-7.93481200
0.88898796	162.63310000	-7.93481200
0.89398796	162.69420000	-7.93481200
0.89898796	162.69420000	-7.93481200
0.90398796	162.75520000	-7.93481200
0.90898796	162.98410000	-7.93481200
0.91398796	161.87020000	-7.93481200
0.91898796	159.55080000	-7.93481200
0.92398796	158.43680000	-7.93481200
0.92898796	158.66570000	-7.93481200
0.93398796	158.72680000	-7.93481200
0.93898796	158.72680000	-7.93481200
0.94398796	158.72680000	-7.93481200
0.94898796	158.72680000	-7.93481200
0.95398796	158.78780000	-7.93481200
0.95898796	159.01670000	-7.93481200
0.96398796	157.90280000	-7.93481200
0.96898796	155.58340000	-7.93481200
0.97398796	154.46940000	-7.93481200
0.97898796	154.69830000	-7.93481200
0.98398796	154.82040000	-7.93481200
0.98898796	155.04930000	-7.93481200
0.99398796	153.93530000	-7.93481200
0.99898796	151.61590000	-7.93481200
1.00398796	150.50200000	-7.93481200
1.00898796	150.73090000	-7.93481200
1.01398796	150.79190000	-7.93481200
1.01898796	150.79190000	-7.93481200
1.02398796	150.79190000	-7.93481200
1.02898796	150.79190000	-7.93481200
1.03398796	150.79190000	-7.93481200
1.03898796	150.79190000	-7.93481200
1.04398796	150.79190000	-7.93481200
1.04898796	150.79190000	-7.93481200
1.05398796	150.85300000	-7.93481200
1.05898796	151.08190000	-7.93481200
1.06398796	149.96790000	-7.93481200
1.06898796	147.64850000	-7.93481200
1.07398796	146.53460000	-7.93481200
1.07898796	146.76350000	-7.93481200
1.08398796	146.88560000	-7.93481200
1.08898796	147.11450000	-7.93481200
1.09398796	145.93950000	-7.93481200
1.09898796	143.39120000	-7.93481200
1.10398796	143.45230000	-7.93481200
1.10898796	146.22940000	-7.93481200
1.11398796	146.29050000	-7.93481200
1.11898796	143.74220000	-7.93481200
1.12398796	142.56720000	-7.93481200
1.12898796	142.79610000	-7.93481200
1.13398796	142.85710000	-7.93481200
1.13898796	142.85710000	-7.93481200
1.14398796	142.91820000	-7.93481200
1.14898796	143.14710000	-7.93481200
1.15398796	142.03310000	-7.87377500
1.15898796	139.69850000	-7.64488600
1.16398796	138.58450000	-8.81984900
1.16898796	138.81340000	-11.36814000
1.17398796	138.87450000	-11.36814000
1.17898796	138.87450000	-8.81984900
1.18398796	138.87450000	-7.64488600
1.18898796	138.87450000	-7.87377500
1.19398796	138.93550000	-7.87377500
1.19898796	139.16440000	-7.64488600
1.20398796	138.05050000	-8.81984900
1.20898796	135.73110000	-11.36814000
1.21398796	134.61710000	-11.36814000
1.21898796	134.84600000	-8.81984900
1.22398796	134.90710000	-7.64488600
1.22898796	134.90710000	-7.87377500
1.23398796	134.90710000	-7.93481200
1.23898796	134.90710000	-7.93481200
1.24398796	134.90710000	-7.93481200
1.24898796	134.90710000	-7.93481200
1.25398796	134.96810000	-7.93481200
1.25898796	135.19700000	-7.93481200
1.26398796	134.08310000	-7.99584900
1.26898796	131.76370000	-8.22473800
1.27398796	130.64970000	-7.11081200
1.27898796	130.87860000	-4.79140600
1.28398796	130.93970000	-3.67748000
1.28898796	130.93970000	-3.90636900
1.29398796	130.93970000	-3.96740600
1.29898796	130.93970000	-3.96740600
1.30398796	131.00070000	-3.96740600
1.30898796	131.22960000	-3.96740600
1.31398796	130.11560000	-3.90636900
1.31898796	127.79630000	-3.67748000
1.32398796	126.68230000	-4.85244300
1.32898796	126.91120000	-7.40073800
1.33398796	126.97230000	-7.40073800
1.33898796	126.97230000	-4.85244300
1.34398796	127.03330000	-3.61644300
1.34898796	127.26220000	-3.61644300
1.35398796	126.08720000	-4.79140600
1.35898796	123.53890000	-7.11081200
1.36398796	123.60000000	-8.22473800
1.36898796	126.37710000	-7.99584900
1.37398796	126.43820000	-7.93481200
1.37898796	123.88990000	-7.93481200
1.38398796	122.71490000	-7.93481200
1.38898796	122.94380000	-7.93481200
1.39398796	123.06590000	-7.93481200
1.39898796	123.29480000	-7.93481200
1.40398796	122.11980000	-7.93481200
1.40898796	119.57150000	-7.93481200
1.41398796	119.63260000	-7.93481200
1.41898796	122.40970000	-7.93481200
1.42398796	122.47080000	-7.93481200
1.42898796	119.92250000	-7.93481200
1.43398796	118.74750000	-7.93481200
1.43898796	118.97640000	-7.93481200
1.44398796	119.03740000	-7.93481200
1.44898796	119.03740000	-7.93481200
1.45398796	119.03740000	-7.93481200
1.45898796	119.03740000	-7.93481200
1.46398796	119.09850000	-7.93481200
1.46898796	119.32740000	-7.93481200
1.47398796	118.21340000	-7.93481200
1.47898796	115.89400000	-7.93481200
1.48398796	114.78010000	-7.93481200
1.48898796	115.00900000	-7.93481200
1.49398796	115.07000000	-7.93481200
1.49898796	115.07000000	-7.93481200
1.50398796	115.07000000	-7.93481200
1.50898796	115.07000000	-7.93481200
1.51398796	115.07000000	-7.93481200
1.51898796	115.07000000	-7.93481200
1.52398796	115.07000000	-7.93481200
1.52898796	115.07000000	-7.93481200
1.53398796	115.13110000	-7.93481200
1.53898796	115.36000000	-7.93481200
1.54398796	114.24600000	-7.93481200
1.54898796	111.92660000	-7.93481200
1.55398796	110.81270000	-7.93481200
1.55898796	111.04160000	-7.93481200
1.56398796	111.10260000	-7.93481200
1.56898796	111.10260000	-7.93481200
1.57398796	111.10260000	-7.93481200
1.57898796	111.10260000	-7.93481200
1.58398796	111.16370000	-7.93481200
1.58898796	111.39250000	-7.93481200
1.59398796	110.27860000	-7.93481200
1.59898796	107.95920000	-7.93481200
1.60398796	106.84530000	-7.93481200
1.60898796	107.07420000	-7.93481200
1.61398796	107.13520000	-7.93481200
1.61898796	107.13520000	-7.93481200
1.62398796	107.13520000	-7.93481200
1.62898796	107.13520000	-7.93481200
1.63398796	107.13520000	-7.93481200
1.63898796	107.13520000	-7.93481200
1.64398796	107.13520000	-7.93481200
1.64898796	107.13520000	-7.93481200
1.65398796	107.19630000	-7.93481200
1.65898796	107.42510000	-7.93481200
1.66398796	106.31120000	-7.93481200
1.66898796	103.99180000	-7.93481200
1.67398796	102.87790000	-7.93481200
1.67898796	103.10680000	-7.93481200
1.68398796	103.16780000	-7.93481200
1.68898796	103.16780000	-7.93481200
1.69398796	103.16780000	-7.93481200
1.69898796	103.16780000	-7.93481200
1.70398796	103.16780000	-7.93481200
1.70898796	103.16780000	-7.93481200
1.71398796	103.16780000	-7.99584900
1.71898796	103.16780000	-8.22473800
1.72398796	103.22890000	-7.11081200
1.72898796	103.45770000	-4.79140600
1.73398796	102.34380000	-3.61644300
1.73898796	100.02440000	-3.61644300
1.74398796	98.91048000	-4.79140600
1.74898796	99.13937000	-7.11081200
1.75398796	99.20041000	-8.22473800
1.75898796	99.20041000	-7.99584900
1.76398796	99.20041000	-7.93481200
1.76898796	99.20041000	-7.93481200
1.77398796	99.20041000	-7.93481200
1.77898796	99.20041000	-7.93481200
1.78398796	99.20041000	-7.93481200
1.78898796	99.20041000	-7.93481200
1.79398796	99.20041000	-7.93481200
1.79898796	99.20041000	-7.93481200
1.80398796	99.26145000	-7.99584900
1.80898796	99.49034000	-8.22473800
1.81398796	98.37641000	-7.04977500
1.81898796	96.05700000	-4.50148000
1.82398796	94.94308000	-4.56251700
1.82898796	95.17197000	-7.33970100
1.83398796	95.23300000	-7.40073800
1.83898796	95.23300000	-4.85244300
1.84398796	95.23300000	-3.67748000
1.84898796	95.23300000	-3.90636900
1.85398796	95.23300000	-3.96740600
1.85898796	95.23300000	-3.96740600
1.86398796	95.23300000	-3.96740600
1.86898796	95.23300000	-3.96740600
1.87398796	95.29404000	-3.96740600
1.87898796	95.52293000	-3.96740600
1.88398796	94.40900000	-3.96740600
1.88898796	92.08959000	-3.96740600
1.89398796	90.97568000	-3.96740600
1.89898796	91.20457000	-3.96740600
1.90398796	91.26560000	-3.96740600
1.90898796	91.26560000	-3.96740600
1.91398796	91.26560000	-3.96740600
1.91898796	91.26560000	-3.96740600
1.92398796	91.26560000	-3.96740600
1.92898796	91.26560000	-3.96740600
1.93398796	91.26560000	-3.90636900
1.93898796	91.26560000	-3.67748000
1.94398796	91.26560000	-4.79140600
1.94898796	91.26560000	-7.11081200
1.95398796	91.32664000	-8.28577500
1.95898796	91.55552000	-8.28577500
1.96398796	90.44160000	-7.11081200
1.96898796	88.12219000	-4.79140600
1.97398796	87.00826000	-3.67748000
1.97898796	87.23715000	-3.90636900
1.98398796	87.29819000	-3.96740600
1.98898796	87.29819000	-3.96740600
1.99398796	87.29819000	-3.90636900
1.99898796	87.29819000	-3.67748000
2.00398796	87.29819000	-4.85244300
2.00898796	87.29819000	-7.40073800
2.01398796	87.29819000	-7.33970100
2.01898796	87.29819000	-4.56251700
2.02398796	87.29819000	-4.50148000
2.02898796	87.29819000	-7.04977500
2.03398796	87.35923000	-8.22473800
2.03898796	87.58812000	-7.99584900
2.04398796	86.47419000	-7.93481200
2.04898796	84.15479000	-7.93481200
2.05398796	83.04086000	-7.93481200
2.05898796	83.26974000	-7.93481200
2.06398796	83.33078000	-7.93481200
2.06898796	83.33078000	-7.93481200
2.07398796	83.33078000	-7.93481200
2.07898796	83.33078000	-7.93481200
2.08398796	83.33078000	-7.93481200
2.08898796	83.33078000	-7.93481200
2.09398796	83.33078000	-7.93481200
2.09898796	83.33078000	-7.93481200
2.10398796	83.39182000	-7.93481200
2.10898796	83.62070000	-7.93481200
2.11398796	82.44575000	-7.93481200
2.11898796	79.89745000	-7.93481200
2.12398796	79.89745000	-7.93481200
2.12898796	82.44575000	-7.93481200
2.13398796	83.68175000	-7.93481200
2.13898796	83.68175000	-7.93481200
2.14398796	82.50678000	-7.93481200
2.14898796	80.18738000	-7.93481200
2.15398796	79.07346000	-7.93481200
2.15898796	79.30235000	-7.93481200
2.16398796	79.36338000	-7.93481200
2.16898796	79.36338000	-7.93481200
2.17398796	79.36338000	-7.93481200
2.17898796	79.36338000	-7.93481200
2.18398796	79.36338000	-7.93481200
2.18898796	79.36338000	-7.93481200
2.19398796	79.36338000	-7.93481200
2.19898796	79.36338000	-7.93481200
2.20398796	79.36338000	-7.93481200
2.20898796	79.36338000	-7.93481200
2.21398796	79.36338000	-7.93481200
2.21898796	79.36338000	-7.93481200
2.22398796	79.42442000	-7.93481200
2.22898796	79.65331000	-7.93481200
2.23398796	78.53938000	-7.93481200
2.23898796	76.21997000	-7.93481200
2.24398796	75.10605000	-7.93481200
2.24898796	75.33494000	-7.93481200
2.25398796	75.39597000	-7.93481200
2.25898796	75.39597000	-7.93481200
2.26398796	75.39597000	-7.99584900
2.26898796	75.39597000	-8.22473800
2.27398796	75.39597000	-7.11081200
2.27898796	75.39597000	-4.79140600
2.28398796	75.39597000	-3.67748000
2.28898796	75.39597000	-3.90636900
2.29398796	75.45701000	-3.96740600
2.29898796	75.68590000	-3.96740600
2.30398796	74.57197000	-3.96740600
2.30898796	72.25256000	-3.96740600
2.31398796	71.13864000	-3.96740600
2.31898795	71.36753000	-3.96740600
2.32398795	71.42857000	-3.96740600
2.32898795	71.42857000	-3.96740600
2.33398795	71.42857000	-3.90636900
2.33898795	71.42857000	-3.67748000
2.34398795	71.42857000	-4.85244300
2.34898795	71.42857000	-7.40073800
2.35398795	71.42857000	-7.33970100
2.35898795	71.42857000	-4.56251700
2.36398795	71.42857000	-4.50148000
2.36898795	71.42857000	-7.04977500
2.37398795	71.42857000	-8.22473800
2.37898795	71.42857000	-7.99584900
2.38398795	71.48961000	-7.99584900
2.38898795	71.71850000	-8.22473800
2.39398795	70.60457000	-7.11081200
2.39898795	68.26991000	-4.79140600
2.40398795	67.15598000	-3.67748000
2.40898795	67.38486000	-3.90636900
2.41398795	67.44590000	-3.96740600
2.41898795	67.44590000	-3.96740600
2.42398795	67.44590000	-3.96740600
2.42898795	67.44590000	-3.96740600
2.43398795	67.44590000	-3.90636900
2.43898795	67.44590000	-3.67748000
2.44398795	67.44590000	-4.79140600
2.44898795	67.44590000	-7.11081200
2.45398795	67.44590000	-8.22473800
2.45898795	67.44590000	-7.99584900
2.46398795	67.44590000	-7.93481200
2.46898795	67.44590000	-7.93481200
2.47398795	67.44590000	-7.93481200
2.47898795	67.44590000	-7.93481200
2.48398795	67.44590000	-7.93481200
2.48898795	67.44590000	-7.93481200
2.49398795	67.50694000	-7.99584900
2.49898795	67.73582000	-8.22473800
2.50398795	66.62190000	-7.04977500
2.50898795	64.30249000	-4.50148000
2.51398795	63.18857000	-4.50148000
2.51898795	63.41746000	-7.04977500
2.52398795	63.47850000	-8.22473800
2.52898795	63.47850000	-7.99584900
2.53398795	63.47850000	-7.93481200
2.53898795	63.47850000	-7.93481200
2.54398795	63.47850000	-7.93481200
2.54898795	63.47850000	-7.93481200
2.55398795	63.47850000	-7.93481200
2.55898795	63.47850000	-7.93481200
2.56398795	63.47850000	-7.93481200
2.56898795	63.47850000	-7.93481200
2.57398795	63.47850000	-7.93481200
2.57898795	63.47850000	-7.93481200
2.58398795	63.47850000	-7.93481200
2.58898795	63.47850000	-7.93481200
2.59398795	63.47850000	-7.93481200
2.59898795	63.47850000	-7.93481200
2.60398795	63.53953000	-7.93481200
2.60898795	63.76842000	-7.93481200
2.61398795	62.65450000	-7.93481200
2.61898795	60.33509000	-7.93481200
2.62398795	59.22116000	-7.93481200
2.62898795	59.45005000	-7.93481200
2.63398795	59.51109000	-7.99584900
2.63898795	59.51109000	-8.22473800
2.64398795	59.51109000	-7.11081200
2.64898795	59.51109000	-4.79140600
2.65398795	59.51109000	-3.61644300
2.65898795	59.51109000	-3.61644300
2.66398795	59.51109000	-4.79140600
2.66898795	59.51109000	-7.11081200
2.67398795	59.51109000	-8.28577500
2.67898795	59.51109000	-8.28577500
2.68398795	59.51109000	-7.11081200
2.68898795	59.51109000	-4.79140600
2.69398795	59.51109000	-3.61644300
2.69898795	59.51109000	-3.61644300
2.70398795	59.51109000	-4.79140600
2.70898795	59.51109000	-7.11081200
2.71398795	59.57213000	-8.22473800
2.71898795	59.80102000	-7.99584900
2.72398795	58.62605000	-7.93481200
2.72898795	56.07775000	-7.93481200
2.73398795	56.13879000	-7.99584900
2.73898795	58.91598000	-8.22473800
2.74398795	58.97702000	-7.11081200
2.74898795	56.42872000	-4.79140600
2.75398795	55.25376000	-3.67748000
2.75898795	55.48264000	-3.90636900
2.76398795	55.54368000	-3.96740600
2.76898795	55.54368000	-3.96740600
2.77398795	55.54368000	-3.96740600
2.77898795	55.54368000	-3.96740600
2.78398795	55.54368000	-3.96740600
2.78898795	55.54368000	-3.96740600
2.79398795	55.54368000	-3.96740600
2.79898795	55.54368000	-3.96740600
2.80398795	55.54368000	-3.96740600
2.80898795	55.54368000	-3.96740600
2.81398795	55.54368000	-3.90636900
2.81898795	55.54368000	-3.67748000
2.82398795	55.54368000	-4.85244300
2.82898795	55.54368000	-7.40073800
2.83398795	55.54368000	-7.33970100
2.83898795	55.54368000	-4.56251700
2.84398795	55.54368000	-4.50148000
2.84898795	55.54368000	-7.04977500
2.85398795	55.54368000	-8.22473800
2.85898795	55.54368000	-7.99584900
2.86398795	55.54368000	-7.93481200
2.86898795	55.54368000	-7.93481200
2.87398795	55.60472000	-7.93481200
2.87898795	55.83361000	-7.93481200
2.88398795	54.71968000	-7.93481200
2.88898795	52.40028000	-7.93481200
2.89398795	51.28635000	-7.99584900
2.89898795	51.51524000	-8.22473800
2.90398795	51.57627000	-7.11081200
2.90898795	51.57627000	-4.79140600
2.91398795	51.57627000	-3.67748000
2.91898795	51.57627000	-3.90636900
2.92398795	51.57627000	-3.96740600
2.92898795	51.57627000	-3.96740600
2.93398795	51.57627000	-3.96740600
2.93898795	51.57627000	-3.96740600
2.94398795	51.57627000	-3.96740600
2.94898795	51.57627000	-3.96740600
2.95398795	51.57627000	-3.96740600
2.95898795	51.57627000	-3.96740600
2.96398795	51.63731000	-3.90636900
2.96898795	51.86620000	-3.67748000
2.97398795	50.69124000	-4.79140600
2.97898795	48.14294000	-7.11081200
2.98398795	48.20398000	-8.28577500
2.98898795	50.98117000	-8.28577500
2.99398795	51.04220000	-7.04977500
2.99898795	48.49391000	-4.50148000
3.00398795	47.25791000	-4.50148000
3.00898795	47.25791000	-7.04977500
3.01398795	48.49391000	-8.22473800
3.01898795	51.04220000	-7.99584900
3.02398795	51.04220000	-7.93481200
3.02898795	48.49391000	-7.93481200
3.03398795	47.31895000	-7.99584900
3.03898795	47.54784000	-8.22473800
3.04398795	47.60887000	-7.04977500
3.04898795	47.60887000	-4.50148000
3.05398795	47.60887000	-4.56251700
3.05898795	47.60887000	-7.33970100
3.06398795	47.60887000	-7.33970100
3.06898795	47.60887000	-4.56251700
3.07398795	47.60887000	-4.50148000
3.07898795	47.60887000	-7.04977500
3.08398795	47.60887000	-8.22473800
3.08898795	47.60887000	-7.99584900
3.09398795	47.60887000	-7.99584900
3.09898795	47.60887000	-8.22473800
3.10398795	47.66991000	-7.17184900
3.10898795	47.89880000	-5.08133200
3.11398795	46.78487000	-2.91451700
3.11898795	44.46547000	-1.05288900
3.12398795	43.35154000	0.94607370
3.12898795	43.58043000	2.31940700
3.13398795	43.64147000	6.50044200
3.13898795	43.64147000	12.28370000
3.14398795	43.64147000	19.76073000
3.14898795	43.64147000	27.14621000
3.15398795	43.64147000	36.68324000
3.15898795	43.64147000	45.93035000
3.16398795	43.64147000	57.64946000
3.16898795	43.64147000	68.97182000
3.17398795	43.64147000	81.69804000
3.17898795	43.64147000	92.54737000
3.18398795	43.64147000	106.44860000
3.18898795	43.64147000	120.07510000
3.19398795	43.64147000	132.92340000
3.19898795	43.64147000	141.94160000
3.20398795	43.64147000	151.41760000
3.20898795	43.64147000	158.80310000
3.21398795	43.64147000	166.15800000
3.21898795	43.64147000	171.48350000
3.22398795	43.64147000	177.89240000
3.22898795	43.64147000	183.90450000
3.23398795	43.64147000	188.20760000
3.23898795	43.64147000	189.82510000
3.24398795	43.64147000	190.75590000
3.24898795	43.64147000	190.52700000
3.25398795	43.70250000	190.52700000
3.25898795	43.93139000	190.75590000
3.26398795	42.81747000	189.76410000
3.26898795	40.49806000	187.90250000
3.27398795	39.38414000	184.60640000
3.27898795	39.61302000	180.45590000
3.28398795	39.67406000	177.26680000
3.28898795	39.67406000	175.89340000
3.29398795	39.67406000	172.76530000
3.29898795	39.67406000	168.84360000
3.30398795	39.67406000	164.60160000
3.30898795	39.67406000	161.13770000
3.31398795	39.67406000	155.78170000
3.31898795	39.67406000	149.76960000
3.32398795	39.67406000	144.41360000
3.32898795	39.67406000	140.93450000
3.33398795	39.67406000	136.75340000
3.33898795	39.67406000	133.06070000
3.34398795	39.67406000	128.81860000
3.34898795	39.67406000	125.12590000
3.35398795	39.67406000	120.88380000
3.35898795	39.67406000	117.19110000
3.36398795	39.67406000	112.94900000
3.36898795	39.67406000	109.25630000
3.37398795	39.67406000	105.01420000
3.37898795	39.67406000	101.32140000
3.38398795	39.67406000	97.01833000
3.38898795	39.67406000	93.09670000
3.39398795	39.67406000	89.96856000
3.39898795	39.67406000	88.59523000
3.40398795	39.67406000	85.40604000
3.40898795	39.67406000	81.25553000
3.41398795	39.67406000	78.00531000
3.41898795	39.67406000	76.40308000
3.42398795	39.67406000	74.34308000
3.42898795	39.67406000	72.49671000
3.43398795	39.67406000	70.36042000
3.43898795	39.67406000	68.51405000
3.44398795	39.67406000	66.37775000
3.44898795	39.67406000	64.53138000
3.45398795	39.73510000	62.42561000
3.45898795	39.96399000	60.56398000
3.46398795	38.85006000	58.39716000
3.46898795	36.53065000	56.30664000
3.47398795	35.41673000	55.31479000
3.47898795	35.64562000	55.77257000
3.48398795	35.70665000	54.78072000
3.48898795	35.70665000	52.69020000
3.49398795	35.70665000	50.52339000
3.49898795	35.70665000	48.66176000
3.50398795	35.70665000	46.49495000
3.50898795	35.70665000	44.40443000
3.51398795	35.70665000	43.35154000
3.51898795	35.70665000	43.58043000
3.52398795	35.70665000	43.70250000
3.52898795	35.70665000	43.93139000
3.53398795	35.70665000	42.81747000
3.53898795	35.70665000	40.49806000
3.54398795	35.70665000	39.44517000
3.54898795	35.70665000	39.90295000
3.55398795	35.70665000	38.85006000
3.55898795	35.70665000	36.53065000
3.56398795	35.70665000	35.41673000
3.56898795	35.70665000	35.64562000
3.57398795	35.70665000	35.76769000
3.57898795	35.70665000	35.99658000
3.58398795	35.70665000	34.88266000
3.58898795	35.70665000	32.56325000
3.59398795	35.70665000	31.51036000
3.59898795	35.70665000	31.96814000
3.60398795	35.70665000	30.91525000
3.60898795	35.70665000	28.59584000
3.61398795	35.70665000	27.54295000
3.61898795	35.70665000	28.00073000
3.62398795	35.76769000	26.94784000
3.62898795	35.99658000	24.62844000
3.63398795	34.88266000	23.51451000
3.63898795	32.56325000	23.74340000
3.64398795	31.44932000	23.80444000
3.64898795	31.67821000	23.80444000
3.65398795	31.73925000	23.80444000
3.65898795	31.73925000	23.80444000
3.66398795	31.73925000	23.86547000
3.66898795	31.73925000	24.09436000
3.67398795	31.73925000	22.98043000
3.67898795	31.73925000	20.66103000
3.68398795	31.73925000	19.54710000
3.68898795	31.73925000	19.77599000
3.69398795	31.73925000	19.83703000
3.69898795	31.73925000	19.83703000
3.70398795	31.73925000	19.83703000
3.70898795	31.73925000	19.83703000
3.71398795	31.73925000	19.89807000
3.71898795	31.73925000	20.12696000
3.72398795	31.73925000	19.01303000
3.72898795	31.73925000	16.69362000
3.73398795	31.73925000	15.57970000
3.73898795	31.73925000	15.80859000
3.74398795	31.73925000	15.86962000
3.74898795	31.73925000	15.86962000
3.75398795	31.73925000	15.86962000
3.75898795	31.73925000	15.86962000
3.76398795	31.73925000	15.93066000
3.76898795	31.73925000	16.15955000
3.77398795	31.73925000	15.04562000
3.77898795	31.73925000	12.72622000
3.78398795	31.73925000	11.61229000
3.78898795	31.73925000	11.84118000
3.79398795	31.73925000	11.90222000
3.79898795	31.73925000	11.90222000
3.80398795	31.73925000	11.90222000
3.80898795	31.73925000	11.90222000
3.81398795	31.73925000	11.90222000
3.81898795	31.73925000	11.90222000
3.82398795	31.73925000	11.90222000
3.82898795	31.73925000	11.90222000
3.83398795	31.73925000	11.90222000
3.83898795	31.73925000	11.90222000
3.84398795	31.73925000	11.90222000
3.84898795	31.73925000	11.90222000
3.85398795	31.73925000	11.90222000
3.85898795	31.73925000	11.90222000
3.86398795	31.73925000	11.90222000
3.86898795	31.73925000	11.90222000
3.87398795	31.73925000	11.96325000
3.87898795	31.73925000	12.19214000
3.88398795	31.80028000	11.07822000
3.88898795	32.02917000	8.75881200
3.89398795	30.91525000	7.64488600
3.89898795	28.59584000	7.87377500
3.90398795	27.48192000	7.93481200
3.90898795	27.71080000	7.93481200
3.91398795	27.77184000	7.87377500
3.91898795	27.77184000	7.64488600
3.92398795	27.77184000	8.81984900
3.92898795	27.77184000	11.36814000
3.93398795	27.77184000	11.36814000
3.93898795	27.77184000	8.81984900
3.94398795	27.77184000	7.64488600
3.94898795	27.77184000	7.87377500
3.95398795	27.77184000	7.93481200
3.95898795	27.77184000	7.93481200
3.96398794	27.77184000	7.93481200
3.96898794	27.77184000	7.93481200
3.97398794	27.77184000	7.93481200
3.97898794	27.77184000	7.93481200
3.98398794	27.77184000	7.93481200
3.98898794	27.77184000	7.93481200
3.99398794	27.77184000	7.93481200
3.99898794	27.77184000	7.93481200
4.00398794	27.77184000	7.93481200
4.00898794	27.77184000	7.93481200
4.01398794	27.77184000	7.99584900
4.01898794	27.77184000	8.22473800
4.02398794	27.77184000	7.04977500
4.02898794	27.77184000	4.50148000
4.03398794	27.77184000	4.56251700
4.03898794	27.77184000	7.33970100
4.04398794	27.77184000	7.40073800
4.04898794	27.77184000	4.85244300
4.05398794	27.83288000	3.67748000
4.05898794	28.06177000	3.90636900
4.06398794	26.88680000	3.90636900
4.06898794	24.33851000	3.67748000
4.07398794	24.33851000	4.79140600
4.07898794	26.88680000	7.11081200
4.08398794	28.06177000	8.28577500
4.08898794	27.83288000	8.28577500
4.09398794	27.77184000	7.04977500
4.09898794	27.77184000	4.50148000
4.10398794	27.83288000	4.50148000
4.10898794	28.06177000	7.04977500
4.11398794	26.94784000	8.22473800
4.11898794	24.62844000	7.99584900
4.12398794	23.51451000	7.93481200
4.12898794	23.74340000	7.93481200
4.13398794	23.80444000	7.99584900
4.13898794	23.80444000	8.22473800
4.14398794	23.80444000	7.11081200
4.14898794	23.80444000	4.79140600
4.15398794	23.80444000	3.67748000
4.15898794	23.80444000	3.90636900
4.16398794	23.80444000	3.96740600
4.16898794	23.80444000	3.96740600
4.17398794	23.80444000	3.96740600
4.17898794	23.80444000	3.96740600
4.18398794	23.80444000	3.96740600
4.18898794	23.80444000	3.96740600
4.19398794	23.80444000	3.96740600
4.19898794	23.80444000	3.96740600
4.20398794	23.80444000	3.96740600
4.20898794	23.80444000	3.96740600
4.21398794	23.80444000	3.96740600
4.21898794	23.80444000	3.96740600
4.22398794	23.80444000	3.96740600
4.22898794	23.80444000	3.96740600
4.23398794	23.80444000	3.96740600
4.23898794	23.80444000	3.96740600
4.24398794	23.80444000	3.96740600
4.24898794	23.80444000	3.96740600
4.25398794	23.80444000	3.96740600
4.25898794	23.80444000	3.96740600
4.26398794	23.80444000	3.96740600
4.26898794	23.80444000	3.96740600
4.27398794	23.80444000	3.96740600
4.27898794	23.80444000	3.96740600
4.28398794	23.80444000	3.96740600
4.28898794	23.80444000	3.96740600
4.29398794	23.80444000	3.96740600
4.29898794	23.80444000	3.96740600
4.30398794	23.80444000	3.96740600
4.30898794	23.80444000	3.96740600
4.31398794	23.80444000	3.96740600
4.31898794	23.80444000	3.96740600
4.32398794	23.80444000	3.96740600
4.32898794	23.80444000	3.96740600
4.33398794	23.80444000	3.96740600
4.33898794	23.80444000	3.96740600
4.34398794	23.86547000	3.96740600
4.34898794	24.09436000	3.96740600
4.35398794	22.91940000	3.96740600
4.35898794	20.37111000	3.96740600
4.36398794	20.43214000	3.96740600
4.36898794	23.20932000	3.96740600
4.37398794	23.20932000	3.96740600
4.37898794	20.43214000	3.96740600
4.38398794	20.43214000	3.96740600
4.38898794	23.20932000	3.96740600
4.39398794	23.27036000	3.96740600
4.39898794	20.72207000	3.96740600
4.40398794	19.48607000	3.96740600
4.40898794	19.48607000	3.96740600
4.41398794	20.72207000	3.96740600
4.41898794	23.27036000	3.96740600
4.42398794	23.27036000	3.96740600
4.42898794	20.72207000	3.96740600
4.43398794	19.54710000	3.96740600
4.43898794	19.77599000	3.96740600
4.44398794	19.83703000	3.96740600
4.44898794	19.83703000	3.96740600
4.45398794	19.83703000	3.96740600
4.45898794	19.83703000	3.96740600
4.46398794	19.83703000	3.96740600
4.46898794	19.83703000	3.96740600
4.47398794	19.83703000	4.02844300
4.47898794	19.83703000	4.25733200
4.48398794	19.83703000	3.08236900
4.48898794	19.83703000	0.53407390
4.49398794	19.83703000	0.59511090
4.49898794	19.83703000	3.37229500
4.50398794	19.83703000	3.43333200
4.50898794	19.83703000	0.88503670
4.51398794	19.83703000	-0.28992580
4.51898794	19.83703000	-0.06103702
4.52398794	19.83703000	0.00000000
4.52898794	19.83703000	0.00000000
4.53398794	19.83703000	0.00000000
4.53898794	19.83703000	0.00000000
4.54398794	19.83703000	0.00000000
4.54898794	19.83703000	0.00000000
4.55398794	19.83703000	0.00000000
4.55898794	19.83703000	0.00000000
4.56398794	19.83703000	0.00000000
4.56898794	19.83703000	0.00000000
4.57398794	19.83703000	0.00000000
4.57898794	19.83703000	0.00000000
4.58398794	19.83703000	0.00000000
4.58898794	19.83703000	0.00000000
4.59398794	19.83703000	0.00000000
4.59898794	19.83703000	0.00000000
4.60398794	19.83703000	0.00000000
4.60898794	19.83703000	0.00000000
4.61398794	19.89807000	0.00000000
4.61898794	20.12696000	0.00000000
4.62398794	19.01303000	0.00000000
4.62898794	16.69362000	0.00000000
4.63398794	15.51866000	0.00000000
4.63898794	15.51866000	0.00000000
4.64398794	16.75466000	0.00000000
4.64898794	19.30296000	0.00000000
4.65398794	19.30296000	0.00000000
4.65898794	16.75466000	0.00000000
4.66398794	15.51866000	0.00000000
4.66898794	15.51866000	0.00000000
4.67398794	16.75466000	0.00000000
4.67898794	19.30296000	0.00000000
4.68398794	19.30296000	0.00000000
4.68898794	16.75466000	0.00000000
4.69398794	15.51866000	0.00000000
4.69898794	15.51866000	0.00000000
4.70398794	16.75466000	0.00000000
4.70898794	19.30296000	0.00000000
4.71398794	19.30296000	0.00000000
4.71898794	16.75466000	0.00000000
4.72398794	15.57970000	0.00000000
4.72898794	15.80859000	0.00000000
4.73398794	15.86962000	0.00000000
4.73898794	15.86962000	0.00000000
4.74398794	15.86962000	0.00000000
4.74898794	15.86962000	0.00000000
4.75398794	15.86962000	0.00000000
4.75898794	15.86962000	0.00000000
4.76398794	15.86962000	0.00000000
4.76898794	15.86962000	0.00000000
4.77398794	15.86962000	0.00000000
4.77898794	15.86962000	0.00000000
4.78398794	15.86962000	0.00000000
4.78898794	15.86962000	0.00000000
4.79398794	15.86962000	0.00000000
4.79898794	15.86962000	0.00000000
4.80398794	15.86962000	0.00000000
4.80898794	15.86962000	0.00000000
4.81398794	15.86962000	0.00000000
4.81898794	15.86962000	0.00000000
4.82398794	15.86962000	0.06103702
4.82898794	15.86962000	0.28992580
4.83398794	15.86962000	-0.82399970
4.83898794	15.86962000	-3.14340600
4.84398794	15.86962000	-4.31836900
4.84898794	15.86962000	-4.31836900
4.85398794	15.86962000	-3.14340600
4.85898794	15.86962000	-0.82399970
4.86398794	15.86962000	0.28992580
4.86898794	15.86962000	0.06103702
4.87398794	15.86962000	0.00000000
4.87898794	15.86962000	0.00000000
4.88398794	15.86962000	0.06103702
4.88898794	15.86962000	0.28992580
4.89398794	15.86962000	-0.88503670
4.89898794	15.86962000	-3.43333200
4.90398794	15.86962000	-3.43333200
4.90898794	15.86962000	-0.88503670
4.91398794	15.86962000	0.28992580
4.91898794	15.86962000	0.06103702
4.92398794	15.86962000	0.00000000
4.92898794	15.86962000	0.00000000
4.93398794	15.86962000	0.00000000
4.93898794	15.86962000	0.00000000
4.94398794	15.86962000	0.00000000
4.94898794	15.86962000	0.00000000
4.95398794	15.86962000	0.00000000
4.95898794	15.86962000	0.00000000
4.96398794	15.86962000	0.00000000
4.96898794	15.86962000	0.00000000
4.97398794	15.86962000	0.00000000
4.97898794	15.86962000	0.00000000
4.98398794	15.86962000	0.00000000
4.98898794	15.86962000	0.00000000
4.99398794	15.86962000	0.00000000
4.99898794	15.86962000	0.00000000
5.00398794	15.86962000	0.00000000
5.00898794	15.86962000	0.00000000
5.01398794	15.86962000	0.00000000
5.01898794	15.86962000	0.00000000
5.02398794	15.86962000	0.00000000
5.02898794	15.86962000	0.00000000
5.03398794	15.93066000	0.00000000
5.03898794	16.15955000	0.00000000
5.04398794	15.04562000	0.00000000
5.04898794	12.72622000	0.00000000
5.05398794	11.55125000	0.00000000
5.05898794	11.55125000	0.00000000
5.06398794	12.72622000	0.00000000
5.06898794	15.04562000	0.00000000
5.07398794	16.15955000	0.00000000
5.07898794	15.93066000	0.00000000
5.08398794	15.93066000	0.00000000
5.08898794	16.15955000	0.00000000
5.09398794	15.04562000	0.00000000
5.09898794	12.72622000	0.00000000
5.10398794	11.55125000	0.06103702
5.10898794	11.55125000	0.28992580
5.11398794	12.78725000	-0.82399970
5.11898794	15.33555000	-3.14340600
5.12398794	15.33555000	-4.25733200
5.12898794	12.78725000	-4.02844300
5.13398794	11.61229000	-3.96740600
5.13898794	11.84118000	-3.96740600
5.14398794	11.90222000	-4.02844300
5.14898794	11.90222000	-4.25733200
5.15398794	11.90222000	-3.14340600
5.15898794	11.90222000	-0.82399970
5.16398794	11.90222000	0.28992580
5.16898794	11.90222000	0.06103702
5.17398794	11.90222000	0.00000000
5.17898794	11.90222000	0.00000000
5.18398794	11.90222000	0.00000000
5.18898794	11.90222000	0.00000000
5.19398794	11.90222000	0.00000000
5.19898794	11.90222000	0.00000000
5.20398794	11.90222000	0.06103702
5.20898794	11.90222000	0.28992580
5.21398794	11.90222000	-0.88503670
5.21898794	11.90222000	-3.43333200
5.22398794	11.90222000	-3.37229500
5.22898794	11.90222000	-0.59511090
5.23398794	11.90222000	-0.53407390
5.23898794	11.90222000	-3.08236900
5.24398794	11.90222000	-4.31836900
5.24898794	11.90222000	-4.31836900
5.25398794	11.90222000	-3.08236900
5.25898794	11.90222000	-0.53407390
5.26398794	11.90222000	-0.53407390
5.26898794	11.90222000	-3.08236900
5.27398794	11.90222000	-4.31836900
5.27898794	11.90222000	-4.31836900
5.28398794	11.90222000	-3.14340600
5.28898794	11.90222000	-0.82399970
5.29398794	11.90222000	0.28992580
5.29898794	11.90222000	0.06103702
5.30398794	11.90222000	0.00000000
5.30898794	11.90222000	0.00000000
5.31398794	11.90222000	0.00000000
5.31898794	11.90222000	0.00000000
5.32398794	11.90222000	0.00000000
5.32898794	11.90222000	0.00000000
5.33398794	11.90222000	0.06103702
5.33898794	11.90222000	0.28992580
5.34398794	11.90222000	-0.82399970
5.34898794	11.90222000	-3.14340600
5.35398794	11.90222000	-4.25733200
5.35898794	11.90222000	-4.02844300
5.36398794	11.90222000	-3.96740600
5.36898794	11.90222000	-3.96740600
5.37398794	11.90222000	-3.96740600
5.37898794	11.90222000	-3.96740600
5.38398794	11.90222000	-3.96740600
5.38898794	11.90222000	-3.96740600
5.39398794	11.96325000	-3.96740600
5.39898794	12.19214000	-3.96740600
5.40398794	11.01718000	-3.96740600
5.40898794	8.46888600	-3.96740600
5.41398794	8.46888600	-3.96740600
5.41898794	11.01718000	-3.96740600
5.42398794	12.19214000	-3.96740600
5.42898794	11.96325000	-3.96740600
5.43398794	11.90222000	-3.96740600
5.43898794	11.90222000	-3.96740600
5.44398794	11.90222000	-4.02844300
5.44898794	11.90222000	-4.25733200
5.45398794	11.96325000	-3.08236900
5.45898794	12.19214000	-0.53407390
5.46398794	11.01718000	-0.53407390
5.46898794	8.46888600	-3.08236900
5.47398794	8.46888600	-4.25733200
5.47898794	11.01718000	-4.02844300
5.48398794	12.19214000	-3.96740600
5.48898794	11.96325000	-3.96740600
5.49398794	11.90222000	-3.96740600
5.49898794	11.90222000	-3.96740600
5.50398794	11.90222000	-3.96740600
5.50898794	11.90222000	-3.96740600
5.51398794	11.96325000	-3.96740600
5.51898794	12.19214000	-3.96740600
5.52398794	11.01718000	-3.96740600
5.52898794	8.46888600	-3.96740600
5.53398794	8.52992300	-3.96740600
5.53898794	11.30711000	-3.96740600
5.54398794	11.30711000	-3.96740600
5.54898794	8.52992300	-3.96740600
5.55398794	8.52992300	-3.96740600
5.55898794	11.30711000	-3.96740600
5.56398794	11.36814000	-4.02844300
5.56898794	8.81984900	-4.25733200
5.57398794	7.58384900	-3.08236900
5.57898794	7.58384900	-0.53407390
5.58398794	8.81984900	-0.53407390
5.58898794	11.36814000	-3.08236900
5.59398794	11.36814000	-4.25733200
5.59898794	8.81984900	-4.02844300
5.60398794	7.64488600	-3.96740600
5.60898794	7.87377500	-3.96740600
5.61398793	7.87377500	-3.96740600
5.61898793	7.64488600	-3.96740600
5.62398793	8.81984900	-3.96740600
5.62898793	11.36814000	-3.96740600
5.63398793	11.30711000	-3.96740600
5.63898793	8.52992300	-3.96740600
5.64398793	8.52992300	-3.96740600
5.64898793	11.30711000	-3.96740600
5.65398793	11.36814000	-3.96740600
5.65898793	8.81984900	-3.96740600
5.66398793	7.64488600	-3.96740600
5.66898793	7.87377500	-3.96740600
5.67398793	7.93481200	-3.96740600
5.67898793	7.93481200	-3.96740600
5.68398793	7.93481200	-3.96740600
5.68898793	7.93481200	-3.96740600
5.69398793	7.93481200	-3.96740600
5.69898793	7.93481200	-3.96740600
5.70398793	7.93481200	-4.02844300
5.70898793	7.93481200	-4.25733200
5.71398793	7.93481200	-3.08236900
5.71898793	7.93481200	-0.53407390
5.72398793	7.93481200	-0.59511090
5.72898793	7.93481200	-3.37229500
5.73398793	7.93481200	-3.37229500
5.73898793	7.93481200	-0.59511090
5.74398793	7.93481200	-0.53407390
5.74898793	7.93481200	-3.08236900
5.75398793	7.93481200	-4.25733200
5.75898793	7.93481200	-4.02844300
5.76398793	7.93481200	-3.96740600
5.76898793	7.93481200	-3.96740600
5.77398793	7.93481200	-3.96740600
5.77898793	7.93481200	-3.96740600
5.78398793	7.93481200	-3.96740600
5.78898793	7.93481200	-3.96740600
5.79398793	7.93481200	-3.96740600
5.79898793	7.93481200	-3.96740600
5.80398793	7.93481200	-3.96740600
5.80898793	7.93481200	-3.96740600
5.81398793	7.93481200	-4.02844300
5.81898793	7.93481200	-4.25733200
5.82398793	7.93481200	-3.08236900
5.82898793	7.93481200	-0.53407390
5.83398793	7.93481200	-0.59511090
5.83898793	7.93481200	-3.37229500
5.84398793	7.93481200	-3.37229500
5.84898793	7.93481200	-0.59511090
5.85398793	7.93481200	-0.53407390
5.85898793	7.93481200	-3.08236900
5.86398793	7.93481200	-4.31836900
5.86898793	7.93481200	-4.31836900
5.87398793	7.93481200	-3.08236900
5.87898793	7.93481200	-0.53407390
5.88398793	7.93481200	-0.53407390
5.88898793	7.93481200	-3.08236900
5.89398793	7.93481200	-4.25733200
5.89898793	7.93481200	-4.02844300
5.90398793	7.93481200	-3.96740600
5.90898793	7.93481200	-3.96740600
5.91398793	7.93481200	-3.96740600
5.91898793	7.93481200	-3.96740600
5.92398793	7.93481200	-3.96740600
5.92898793	7.93481200	-3.96740600
5.93398793	7.93481200	-3.96740600
5.93898793	7.93481200	-3.96740600
5.94398793	7.93481200	-4.02844300
5.94898793	7.93481200	-4.25733200
5.95398793	7.93481200	-3.08236900
5.95898793	7.93481200	-0.53407390
5.96398793	7.93481200	-0.53407390
5.96898793	7.93481200	-3.08236900
5.97398793	7.93481200	-4.25733200
5.97898793	7.93481200	-4.02844300
5.98398793	7.93481200	-3.96740600
5.98898793	7.93481200	-3.96740600
5.99398793	7.93481200	-4.02844300
5.99898793	7.93481200	-4.25733200
6.00398793	7.93481200	-3.08236900
6.00898793	7.93481200	-0.53407390
6.01398793	7.93481200	-0.53407390
6.01898793	7.93481200	-3.08236900
6.02398793	7.93481200	-4.25733200
6.02898793	7.93481200	-4.02844300
6.03398793	7.93481200	-3.96740600
6.03898793	7.93481200	-3.96740600
6.04398793	7.93481200	-3.96740600
6.04898793	7.93481200	-3.96740600
6.05398793	7.93481200	-3.96740600
6.05898793	7.93481200	-3.96740600
6.06398793	7.93481200	-3.96740600
6.06898793	7.93481200	-3.96740600
6.07398793	7.93481200	-3.96740600
6.07898793	7.93481200	-3.96740600
6.08398793	7.93481200	-3.96740600
6.08898793	7.93481200	-3.96740600
6.09398793	7.93481200	-3.96740600
6.09898793	7.93481200	-3.96740600
6.10398793	7.99584900	-3.96740600
6.10898793	8.22473800	-3.96740600
6.11398793	7.04977500	-3.96740600
6.11898793	4.50148000	-3.96740600
6.12398793	4.50148000	-3.96740600
6.12898793	7.04977500	-3.96740600
6.13398793	8.22473800	-3.96740600
6.13898793	7.99584900	-3.96740600
6.14398793	7.93481200	-3.96740600
6.14898793	7.93481200	-3.96740600
6.15398793	7.93481200	-3.96740600
6.15898793	7.93481200	-3.96740600
6.16398793	7.99584900	-3.96740600
6.16898793	8.22473800	-3.96740600
6.17398793	7.11081200	-3.96740600
6.17898793	4.79140600	-3.96740600
6.18398793	3.67748000	-3.96740600
6.18898793	3.90636900	-3.96740600
6.19398793	3.90636900	-3.96740600
6.19898793	3.67748000	-3.96740600
6.20398793	4.85244300	-3.96740600
6.20898793	7.40073800	-3.96740600
6.21398793	7.40073800	-3.96740600
6.21898793	4.85244300	-3.96740600
6.22398793	3.67748000	-3.96740600
6.22898793	3.90636900	-3.96740600
6.23398793	3.96740600	-3.96740600
6.23898793	3.96740600	-3.96740600
6.24398793	3.90636900	-3.96740600
6.24898793	3.67748000	-3.96740600
6.25398793	4.79140600	-3.96740600
6.25898793	7.11081200	-3.96740600
6.26398793	8.28577500	-3.96740600
6.26898793	8.28577500	-3.96740600
6.27398793	7.11081200	-3.96740600
6.27898793	4.79140600	-3.96740600
6.28398793	3.67748000	-3.96740600
6.28898793	3.90636900	-3.96740600
6.29398793	3.90636900	-3.96740600
6.29898793	3.67748000	-3.96740600
6.30398793	4.85244300	-3.96740600
6.30898793	7.40073800	-3.96740600
6.31398793	7.33970100	-3.96740600
6.31898793	4.56251700	-3.96740600
6.32398793	4.50148000	-3.96740600
6.32898793	7.04977500	-3.96740600
6.33398793	8.28577500	-3.96740600
6.33898793	8.28577500	-3.96740600
6.34398793	7.04977500	-3.96740600
6.34898793	4.50148000	-3.96740600
6.35398793	4.56251700	-3.96740600
6.35898793	7.33970100	-3.96740600
6.36398793	7.33970100	-3.96740600
6.36898793	4.56251700	-3.96740600
6.37398793	4.56251700	-3.96740600
6.37898793	7.33970100	-3.96740600
6.38398793	7.40073800	-4.02844300
6.38898793	4.85244300	-4.25733200
6.39398793	3.67748000	-3.14340600
6.39898793	3.90636900	-0.82399970
6.40398793	3.96740600	0.28992580
6.40898793	3.96740600	0.06103702
6.41398793	3.96740600	0.00000000
6.41898793	3.96740600	0.00000000
6.42398793	3.96740600	0.00000000
6.42898793	3.96740600	0.00000000
6.43398793	3.96740600	0.06103702
6.43898793	3.96740600	0.28992580
6.44398793	3.96740600	-0.88503670
6.44898793	3.96740600	-3.43333200
6.45398793	3.96740600	-3.37229500
6.45898793	3.96740600	-0.59511090
6.46398793	3.96740600	-0.53407390
6.46898793	3.96740600	-3.08236900
6.47398793	3.96740600	-4.25733200
6.47898793	3.96740600	-4.02844300
6.48398793	3.96740600	-3.96740600
6.48898793	3.96740600	-3.96740600
6.49398793	3.96740600	-4.02844300
6.49898793	3.96740600	-4.25733200
6.50398793	3.96740600	-3.08236900
6.50898793	3.96740600	-0.53407390
6.51398793	3.96740600	-0.53407390
6.51898793	3.96740600	-3.08236900
6.52398793	3.96740600	-4.25733200
6.52898793	3.96740600	-4.02844300
6.53398793	3.96740600	-3.96740600
6.53898793	3.96740600	-3.96740600
6.54398793	3.96740600	-3.96740600
6.54898793	3.96740600	-3.96740600
6.55398793	3.96740600	-3.96740600
6.55898793	3.96740600	-3.96740600
6.56398793	3.96740600	-3.96740600
6.56898793	3.96740600	-3.96740600
6.57398793	3.96740600	-3.96740600
6.57898793	3.96740600	-3.96740600
6.58398793	3.96740600	-3.96740600
6.58898793	3.96740600	-3.96740600
6.59398793	3.96740600	-3.96740600
6.59898793	3.96740600	-3.96740600
6.60398793	3.96740600	-3.96740600
6.60898793	3.96740600	-3.96740600
6.61398793	3.96740600	-3.96740600
6.61898793	3.96740600	-3.96740600
6.62398793	3.96740600	-3.96740600
6.62898793	3.96740600	-3.96740600
6.63398793	3.96740600	-3.96740600
6.63898793	3.96740600	-3.96740600
6.64398793	3.96740600	-3.96740600
6.64898793	3.96740600	-3.96740600
6.65398793	3.96740600	-3.96740600
6.65898793	3.96740600	-3.96740600
6.66398793	3.96740600	-3.96740600
6.66898793	3.96740600	-3.96740600
6.67398793	3.96740600	-3.96740600
6.67898793	3.96740600	-3.96740600
6.68398793	3.96740600	-3.96740600
6.68898793	3.96740600	-3.96740600
6.69398793	3.96740600	-3.96740600
6.69898793	3.96740600	-3.96740600
6.70398793	3.96740600	-3.96740600
6.70898793	3.96740600	-3.96740600
6.71398793	3.96740600	-3.96740600
6.71898793	3.96740600	-3.96740600
6.72398793	3.96740600	-3.96740600
6.72898793	3.96740600	-3.96740600
6.73398793	3.96740600	-3.96740600
6.73898793	3.96740600	-3.96740600
6.74398793	3.96740600	-4.02844300
6.74898793	3.96740600	-4.25733200
6.75398793	3.96740600	-3.08236900
6.75898793	3.96740600	-0.53407390
6.76398793	3.96740600	-0.53407390
6.76898793	3.96740600	-3.08236900
6.77398793	3.96740600	-4.31836900
6.77898793	3.96740600	-4.31836900
6.78398793	3.96740600	-3.14340600
6.78898793	3.96740600	-0.82399970
6.79398793	3.96740600	0.35096280
6.79898793	3.96740600	0.35096280
6.80398793	3.96740600	-0.82399970
6.80898793	3.96740600	-3.14340600
6.81398793	4.02844300	-4.25733200
6.81898793	4.25733200	-4.02844300
6.82398793	3.08236900	-3.96740600
6.82898793	0.53407390	-3.96740600
6.83398793	0.53407390	-3.96740600
6.83898793	3.08236900	-3.96740600
6.84398793	4.25733200	-3.96740600
6.84898793	4.02844300	-3.96740600
6.85398793	3.96740600	-3.96740600
6.85898793	3.96740600	-3.96740600
6.86398793	3.96740600	-3.96740600
6.86898793	3.96740600	-3.96740600
6.87398793	3.96740600	-3.96740600
6.87898793	3.96740600	-3.96740600
6.88398793	3.96740600	-3.96740600
6.88898793	3.96740600	-3.96740600
6.89398793	3.96740600	-3.96740600
6.89898793	3.96740600	-3.96740600
6.90398793	3.96740600	-3.96740600
6.90898793	3.96740600	-3.96740600
6.91398793	3.96740600	-3.96740600
6.91898793	3.96740600	-3.96740600
6.92398793	3.96740600	-3.96740600
6.92898793	3.96740600	-3.96740600
6.93398793	3.96740600	-3.96740600
6.93898793	3.96740600	-3.96740600
6.94398793	3.96740600	-3.96740600
6.94898793	3.96740600	-3.96740600
6.95398793	3.96740600	-3.96740600
6.95898793	3.96740600	-3.96740600
6.96398793	3.96740600	-3.96740600
6.96898793	3.96740600	-3.96740600
6.97398793	3.96740600	-3.96740600
6.97898793	3.96740600	-3.96740600
6.98398793	3.96740600	-3.96740600
6.98898793	3.96740600	-3.96740600
6.99398793	3.96740600	-3.96740600
6.99898793	3.96740600	-3.96740600
7.00398793	4.02844300	-3.96740600
7.00898793	4.25733200	-3.96740600
7.01398793	3.14340600	-3.96740600
7.01898793	0.82399970	-3.96740600
7.02398793	-0.35096280	-3.96740600
7.02898793	-0.35096280	-3.96740600
7.03398793	0.82399970	-3.96740600
7.03898793	3.14340600	-3.96740600
7.04398793	4.25733200	-3.96740600
7.04898793	4.02844300	-3.96740600
7.05398793	3.96740600	-3.96740600
7.05898793	3.96740600	-3.96740600
7.06398793	3.96740600	-3.96740600
7.06898793	3.96740600	-3.96740600
7.07398793	3.96740600	-3.96740600
7.07898793	3.96740600	-3.96740600
7.08398793	3.96740600	-3.96740600
7.08898793	3.96740600	-3.96740600
7.09398793	3.96740600	-3.96740600
7.09898793	3.96740600	-3.96740600
7.10398793	4.02844300	-3.96740600
7.10898793	4.25733200	-3.96740600
7.11398793	3.08236900	-3.96740600
7.11898793	0.53407390	-3.96740600
7.12398793	0.59511090	-3.96740600
7.12898793	3.37229500	-3.96740600
7.13398793	3.37229500	-3.96740600
7.13898793	0.59511090	-3.96740600
7.14398793	0.53407390	-3.96740600
7.14898793	3.08236900	-3.96740600
7.15398793	4.25733200	-3.96740600
7.15898793	4.02844300	-3.96740600
7.16398793	3.96740600	-3.96740600
7.16898793	3.96740600	-3.96740600
7.17398793	3.96740600	-3.96740600
7.17898793	3.96740600	-3.96740600
7.18398793	4.02844300	-3.96740600
7.18898793	4.25733200	-3.96740600
7.19398793	3.08236900	-3.96740600
7.19898793	0.53407390	-3.96740600
7.20398793	0.59511090	-3.96740600
7.20898793	3.37229500	-3.96740600
7.21398793	3.43333200	-3.96740600
7.21898793	0.88503670	-3.96740600
7.22398793	-0.28992580	-3.96740600
7.22898793	-0.06103702	-3.96740600
7.23398793	-0.06103702	-3.96740600
7.23898793	-0.28992580	-3.96740600
7.24398793	0.88503670	-3.96740600
7.24898793	3.43333200	-3.96740600
7.25398793	3.43333200	-3.96740600
7.25898792	0.88503670	-3.96740600
7.26398792	-0.28992580	-3.96740600
7.26898792	-0.06103702	-3.96740600
7.27398792	0.00000000	-3.96740600
7.27898792	0.00000000	-3.96740600
7.28398792	0.00000000	-3.96740600
7.28898792	0.00000000	-3.96740600
7.29398792	0.00000000	-3.96740600
7.29898792	0.00000000	-3.96740600
7.30398792	0.00000000	-3.96740600
7.30898792	0.00000000	-3.96740600
7.31398792	0.00000000	-3.96740600
7.31898792	0.00000000	-3.96740600
7.32398792	0.00000000	-3.96740600
7.32898792	0.00000000	-3.96740600
7.33398792	0.00000000	-3.96740600
7.33898792	0.00000000	-3.96740600
7.34398792	0.00000000	-3.96740600
7.34898792	0.00000000	-3.96740600
7.35398792	-0.06103702	-3.96740600
7.35898792	-0.28992580	-3.96740600
7.36398792	0.88503670	-3.96740600
7.36898792	3.43333200	-3.96740600
7.37398792	3.43333200	-3.96740600
7.37898792	0.88503670	-3.96740600
7.38398792	-0.28992580	-3.96740600
7.38898792	-0.06103702	-3.96740600
7.39398792	0.00000000	-3.96740600
7.39898792	0.00000000	-3.96740600
7.40398792	0.00000000	-3.96740600
7.40898792	0.00000000	-3.96740600
7.41398792	0.00000000	-3.96740600
7.41898792	0.00000000	-3.96740600
7.42398792	0.00000000	-3.96740600
7.42898792	0.00000000	-3.96740600
7.43398792	0.00000000	-3.90636900
7.43898792	0.00000000	-3.67748000
7.44398792	0.00000000	-4.85244300
7.44898792	0.00000000	-7.40073800
7.45398792	0.00000000	-7.40073800
7.45898792	0.00000000	-4.85244300
7.46398792	0.00000000	-3.67748000
7.46898792	0.00000000	-3.90636900
7.47398792	0.00000000	-3.96740600
7.47898792	0.00000000	-3.96740600
7.48398792	0.00000000	-3.96740600
7.48898792	0.00000000	-3.96740600
7.49398792	0.00000000	-3.96740600
7.49898792	0.00000000	-3.96740600
7.50398792	0.00000000	-3.96740600
7.50898792	0.00000000	-3.96740600
7.51398792	0.00000000	-3.96740600
7.51898792	0.00000000	-3.96740600
7.52398792	0.00000000	-3.96740600
7.52898792	0.00000000	-3.96740600
7.53398792	0.00000000	-3.96740600
7.53898792	0.00000000	-3.96740600
7.54398792	0.00000000	-3.96740600
7.54898792	0.00000000	-3.96740600
7.55398792	0.00000000	-3.96740600
7.55898792	0.00000000	-3.96740600
7.56398792	0.00000000	-3.96740600
7.56898792	0.00000000	-3.96740600
7.57398792	0.00000000	-3.96740600
7.57898792	0.00000000	-3.96740600
7.58398792	0.00000000	-3.96740600
7.58898792	0.00000000	-3.96740600
7.59398792	0.00000000	-3.96740600
7.59898792	0.00000000	-3.96740600
7.60398792	0.00000000	-3.96740600
7.60898792	0.00000000	-3.96740600
7.61398792	0.00000000	-3.96740600
7.61898792	0.00000000	-3.96740600
7.62398792	0.00000000	-3.96740600
7.62898792	0.00000000	-3.96740600
7.63398792	0.00000000	-3.96740600
7.63898792	0.00000000	-3.96740600
7.64398792	0.00000000	-3.96740600
7.64898792	0.00000000	-3.96740600
7.65398792	0.00000000	-3.96740600
7.65898792	0.00000000	-3.96740600
7.66398792	0.00000000	-3.96740600
7.66898792	0.00000000	-3.96740600
7.67398792	0.00000000	-3.96740600
7.67898792	0.00000000	-3.96740600
7.68398792	0.00000000	-3.96740600
7.68898792	0.00000000	-3.96740600
7.69398792	0.00000000	-3.96740600
7.69898792	0.00000000	-3.96740600
7.70398792	0.00000000	-3.96740600
7.70898792	0.00000000	-3.96740600
7.71398792	0.00000000	-3.90636900
7.71898792	0.00000000	-3.67748000
7.72398792	0.00000000	-4.79140600
7.72898792	0.00000000	-7.11081200
7.73398792	0.00000000	-8.22473800
7.73898792	0.00000000	-7.99584900
7.74398792	0.00000000	-7.93481200
7.74898792	0.00000000	-7.93481200
7.75398792	0.00000000	-7.99584900
7.75898792	0.00000000	-8.22473800
7.76398792	0.00000000	-7.11081200
7.76898792	0.00000000	-4.79140600
7.77398792	0.00000000	-3.61644300
7.77898792	0.00000000	-3.61644300
7.78398792	0.00000000	-4.85244300
7.78898792	0.00000000	-7.40073800
7.79398792	0.00000000	-7.40073800
7.79898792	0.00000000	-4.85244300
7.80398792	0.00000000	-3.67748000
7.80898792	0.00000000	-3.90636900
7.81398792	0.00000000	-3.96740600
7.81898792	0.00000000	-3.96740600
7.82398792	0.00000000	-3.96740600
7.82898792	0.00000000	-3.96740600
7.83398792	0.00000000	-3.96740600
7.83898792	0.00000000	-3.96740600
7.84398792	0.00000000	-3.96740600
7.84898792	0.00000000	-3.96740600
7.85398792	0.00000000	-3.96740600
7.85898792	0.00000000	-3.96740600
7.86398792	0.00000000	-3.96740600
7.86898792	0.00000000	-3.96740600
7.87398792	0.00000000	-3.96740600
7.87898792	0.00000000	-3.96740600
7.88398792	0.00000000	-3.96740600
7.88898792	0.00000000	-3.96740600
7.89398792	0.00000000	-3.96740600
7.89898792	0.00000000	-3.96740600
7.90398792	0.00000000	-3.96740600
7.90898792	0.00000000	-3.96740600
7.91398792	0.00000000	-3.96740600
7.91898792	0.00000000	-3.96740600
7.92398792	0.00000000	-3.96740600
7.92898792	0.00000000	-3.96740600
7.93398792	0.00000000	-3.96740600
7.93898792	0.00000000	-3.96740600
7.94398792	0.00000000	-3.96740600
7.94898792	0.00000000	-3.96740600
7.95398792	0.00000000	-3.96740600
7.95898792	0.00000000	-3.96740600
7.96398792	0.00000000	-3.96740600
7.96898792	0.00000000	-3.96740600
7.97398792	0.00000000	-3.96740600
7.97898792	0.00000000	-3.96740600
7.98398792	0.00000000	-3.96740600
7.98898792	0.00000000	-3.96740600
7.99398792	0.00000000	-3.96740600
7.99898792	0.00000000	-3.96740600
8.00398792	0.00000000	-3.96740600
8.00898792	0.00000000	-3.96740600
8.01398792	0.00000000	-3.96740600
8.01898792	0.00000000	-3.96740600
8.02398792	0.00000000	-3.96740600
8.02898792	0.00000000	-3.96740600
8.03398792	0.00000000	-3.96740600
8.03898792	0.00000000	-3.96740600
8.04398792	0.00000000	-3.96740600
8.04898792	0.00000000	-3.96740600
8.05398792	0.00000000	-3.96740600
8.05898792	0.00000000	-3.96740600
8.06398792	0.00000000	-3.96740600
8.06898792	0.00000000	-3.96740600
8.07398792	0.00000000	-3.96740600
8.07898792	0.00000000	-3.96740600
8.08398792	0.00000000	-3.96740600
8.08898792	0.00000000	-3.96740600
8.09398792	0.00000000	-3.96740600
8.09898792	0.00000000	-3.96740600
8.10398792	0.00000000	-3.96740600
8.10898792	0.00000000	-3.96740600
8.11398792	0.00000000	-3.96740600
8.11898792	0.00000000	-3.96740600
8.12398792	0.00000000	-3.96740600
8.12898792	0.00000000	-3.96740600
8.13398792	0.00000000	-3.96740600
8.13898792	0.00000000	-3.96740600
8.14398792	0.00000000	-3.96740600
8.14898792	0.00000000	-3.96740600
8.15398792	0.00000000	-3.96740600
8.15898792	0.00000000	-3.96740600
8.16398792	0.00000000	-3.96740600
8.16898792	0.00000000	-3.96740600
8.17398792	0.00000000	-3.96740600
8.17898792	0.00000000	-3.96740600
8.18398792	0.00000000	-3.96740600
8.18898792	0.00000000	-3.96740600
8.19398792	0.00000000	-3.96740600
8.19898792	0.00000000	-3.96740600
8.20398792	0.00000000	-3.96740600
8.20898792	0.00000000	-3.96740600
8.21398792	0.00000000	-3.90636900
8.21898792	0.00000000	-3.67748000
8.22398792	0.00000000	-4.85244300
8.22898792	0.00000000	-7.40073800
8.23398792	0.00000000	-7.33970100
8.23898792	0.00000000	-4.56251700
8.24398792	0.00000000	-4.56251700
8.24898792	0.00000000	-7.33970100
8.25398792	0.00000000	-7.33970100
8.25898792	0.00000000	-4.56251700
8.26398792	0.00000000	-4.56251700
8.26898792	0.00000000	-7.33970100
8.27398792	0.00000000	-7.40073800
8.27898792	0.00000000	-4.85244300
8.28398792	0.00000000	-3.67748000
8.28898792	0.00000000	-3.90636900
8.29398792	0.00000000	-3.96740600
8.29898792	0.00000000	-3.96740600
8.30398792	0.00000000	-3.96740600
8.30898792	0.00000000	-3.96740600
8.31398792	0.00000000	-3.90636900
8.31898792	0.00000000	-3.67748000
8.32398792	0.00000000	-4.85244300
8.32898792	0.00000000	-7.40073800
8.33398792	0.00000000	-7.33970100
8.33898792	0.00000000	-4.56251700
8.34398792	0.00000000	-4.50148000
8.34898792	0.00000000	-7.04977500
8.35398792	0.00000000	-8.28577500
8.35898792	0.00000000	-8.28577500
8.36398792	0.00000000	-7.04977500
8.36898792	0.00000000	-4.50148000
8.37398792	0.00000000	-4.56251700
8.37898792	0.00000000	-7.33970100
8.38398792	0.00000000	-7.40073800
8.38898792	0.00000000	-4.85244300
8.39398792	0.00000000	-3.67748000
8.39898792	0.00000000	-3.90636900
8.40398792	0.00000000	-3.96740600
8.40898792	0.00000000	-3.96740600
8.41398792	0.00000000	-3.96740600
8.41898792	0.00000000	-3.96740600
8.42398792	0.00000000	-3.96740600
8.42898792	0.00000000	-3.96740600
8.43398792	0.00000000	-3.96740600
8.43898792	0.00000000	-3.96740600
8.44398792	0.00000000	-3.96740600
8.44898792	0.00000000	-3.96740600
8.45398792	0.00000000	-3.96740600
8.45898792	0.00000000	-3.96740600
8.46398792	0.00000000	-3.96740600
8.46898792	0.00000000	-3.96740600
8.47398792	0.00000000	-3.96740600
8.47898792	0.00000000	-3.96740600
8.48398792	0.00000000	-3.96740600
8.48898792	0.00000000	-3.96740600
8.49398792	0.00000000	-3.96740600
8.49898792	0.00000000	-3.96740600
8.50398792	0.00000000	-3.96740600
8.50898792	0.00000000	-3.96740600
8.51398792	0.00000000	-3.96740600
8.51898792	0.00000000	-3.96740600
8.52398792	0.00000000	-3.96740600
8.52898792	0.00000000	-3.96740600
8.53398792	0.00000000	-3.90636900
8.53898792	0.00000000	-3.67748000
8.54398792	0.00000000	-4.79140600
8.54898792	0.00000000	-7.11081200
8.55398792	0.00000000	-8.22473800
8.55898792	0.00000000	-7.99584900
8.56398792	0.00000000	-7.93481200
8.56898792	0.00000000	-7.93481200
8.57398792	0.00000000	-7.93481200
8.57898792	0.00000000	-7.93481200
8.58398792	0.00000000	-7.93481200
8.58898792	0.00000000	-7.93481200
8.59398792	0.00000000	-7.93481200
8.59898792	0.00000000	-7.93481200
8.60398792	0.00000000	-7.99584900
8.60898792	0.00000000	-8.22473800
8.61398792	0.00000000	-7.11081200
8.61898792	0.00000000	-4.79140600
8.62398792	0.00000000	-3.67748000
8.62898792	0.00000000	-3.90636900
8.63398792	0.00000000	-3.96740600
8.63898792	0.00000000	-3.96740600
8.64398792	0.00000000	-3.96740600
8.64898792	0.00000000	-3.96740600
8.65398792	0.00000000	-3.96740600
8.65898792	0.00000000	-3.96740600
8.66398792	0.06103702	-3.96740600
8.66898792	0.28992580	-3.96740600
8.67398792	-0.88503670	-3.96740600
8.67898792	-3.43333200	-3.96740600
8.68398792	-3.43333200	-3.96740600
8.68898792	-0.88503670	-3.96740600
8.69398792	0.28992580	-3.96740600
8.69898792	0.06103702	-3.96740600
8.70398792	0.00000000	-3.96740600
8.70898792	0.00000000	-3.96740600
8.71398792	0.00000000	-3.96740600
8.71898792	0.00000000	-3.96740600
8.72398792	0.00000000	-3.96740600
8.72898792	0.00000000	-3.96740600
8.73398792	0.00000000	-3.96740600
8.73898792	0.00000000	-3.96740600
8.74398792	0.00000000	-3.96740600
8.74898792	0.00000000	-3.96740600
8.75398792	0.00000000	-3.96740600
8.75898792	0.00000000	-3.96740600
8.76398792	0.00000000	-3.96740600
8.76898792	0.00000000	-3.96740600
8.77398792	0.00000000	-3.96740600
8.77898792	0.00000000	-3.96740600
8.78398792	0.00000000	-3.96740600
8.78898792	0.00000000	-3.96740600
8.79398792	0.00000000	-3.96740600
8.79898792	0.00000000	-3.96740600
8.80398792	0.00000000	-3.96740600
8.80898792	0.00000000	-3.96740600
8.81398792	0.00000000	-3.96740600
8.81898792	0.00000000	-3.96740600
8.82398792	0.00000000	-3.96740600
8.82898792	0.00000000	-3.96740600
8.83398792	0.00000000	-3.96740600
8.83898792	0.00000000	-3.96740600
8.84398792	0.00000000	-3.96740600
8.84898792	0.00000000	-3.96740600
8.85398792	0.00000000	-3.96740600
8.85898792	0.00000000	-3.96740600
8.86398792	0.00000000	-3.96740600
8.86898792	0.00000000	-3.96740600
8.87398792	0.00000000	-3.96740600
8.87898792	0.00000000	-3.96740600
8.88398792	0.00000000	-3.96740600
8.88898792	0.00000000	-3.96740600
8.89398792	0.00000000	-3.96740600
8.89898792	0.00000000	-3.96740600
8.90398791	0.00000000	-3.96740600
8.90898791	0.00000000	-3.96740600
8.91398791	0.00000000	-3.96740600
8.91898791	0.00000000	-3.96740600
8.92398791	0.00000000	-3.96740600
8.92898791	0.00000000	-3.96740600
8.93398791	0.00000000	-3.96740600
8.93898791	0.00000000	-3.96740600
8.94398791	0.00000000	-3.90636900
8.94898791	0.00000000	-3.67748000
8.95398791	0.00000000	-4.85244300
8.95898791	0.00000000	-7.40073800
8.96398791	0.00000000	-7.40073800
8.96898791	0.00000000	-4.85244300
8.97398791	0.00000000	-3.67748000
8.97898791	0.00000000	-3.90636900
8.98398791	0.00000000	-3.96740600
8.98898791	0.00000000	-3.96740600
8.99398791	0.06103702	-3.96740600
8.99898791	0.28992580	-3.96740600
9.00398791	-0.82399970	-3.96740600
9.00898791	-3.14340600	-3.96740600
9.01398791	-4.31836900	-3.96740600
9.01898791	-4.31836900	-3.96740600
9.02398791	-3.14340600	-3.96740600
9.02898791	-0.82399970	-3.96740600
