Time	Channel A	Channel B
(us)	(mV)	(mV)

-1.00363597	-7.93481200	-7.93481200
-0.99863597	-7.93481200	-7.93481200
-0.99363597	-7.93481200	-7.93481200
-0.98863597	-7.93481200	-7.93481200
-0.98363597	-7.93481200	-7.93481200
-0.97863597	-7.93481200	-7.93481200
-0.97363597	-7.93481200	-7.93481200
-0.96863597	-7.93481200	-7.93481200
-0.96363597	-7.93481200	-7.93481200
-0.95863597	-7.93481200	-7.93481200
-0.95363597	-7.93481200	-7.87377500
-0.94863597	-7.93481200	-7.64488600
-0.94363597	-7.93481200	-8.81984900
-0.93863597	-7.93481200	-11.36814000
-0.93363597	-7.93481200	-11.36814000
-0.92863597	-7.93481200	-8.81984900
-0.92363597	-7.93481200	-7.64488600
-0.91863597	-7.93481200	-7.87377500
-0.91363597	-7.93481200	-7.87377500
-0.90863597	-7.93481200	-7.64488600
-0.90363597	-7.93481200	-8.75881200
-0.89863597	-7.93481200	-11.07822000
-0.89363597	-7.93481200	-12.25318000
-0.88863597	-7.93481200	-12.25318000
-0.88363597	-7.93481200	-11.07822000
-0.87863597	-7.93481200	-8.75881200
-0.87363597	-7.93481200	-7.64488600
-0.86863597	-7.93481200	-7.87377500
-0.86363597	-7.93481200	-7.87377500
-0.85863597	-7.93481200	-7.64488600
-0.85363597	-7.93481200	-8.75881200
-0.84863597	-7.93481200	-11.07822000
-0.84363597	-7.93481200	-12.25318000
-0.83863597	-7.93481200	-12.25318000
-0.83363597	-7.93481200	-11.07822000
-0.82863597	-7.93481200	-8.75881200
-0.82363597	-7.93481200	-7.64488600
-0.81863597	-7.93481200	-7.87377500
-0.81363597	-7.93481200	-7.93481200
-0.80863597	-7.93481200	-7.93481200
-0.80363597	-7.93481200	-7.93481200
-0.79863597	-7.93481200	-7.93481200
-0.79363597	-7.93481200	-7.93481200
-0.78863597	-7.93481200	-7.93481200
-0.78363597	-7.93481200	-7.93481200
-0.77863597	-7.93481200	-7.93481200
-0.77363597	-7.93481200	-7.93481200
-0.76863597	-7.93481200	-7.93481200
-0.76363597	-7.93481200	-7.93481200
-0.75863597	-7.93481200	-7.93481200
-0.75363597	-7.93481200	-7.93481200
-0.74863597	-7.93481200	-7.93481200
-0.74363597	-7.93481200	-7.93481200
-0.73863597	-7.93481200	-7.93481200
-0.73363597	-7.93481200	-7.93481200
-0.72863597	-7.93481200	-7.93481200
-0.72363597	-7.93481200	-7.87377500
-0.71863597	-7.93481200	-7.64488600
-0.71363597	-7.93481200	-8.81984900
-0.70863597	-7.93481200	-11.36814000
-0.70363597	-7.93481200	-11.36814000
-0.69863597	-7.93481200	-8.81984900
-0.69363597	-7.93481200	-7.58384900
-0.68863597	-7.93481200	-7.58384900
-0.68363597	-7.93481200	-8.75881200
-0.67863597	-7.93481200	-11.07822000
-0.67363597	-7.93481200	-12.19214000
-0.66863597	-7.93481200	-11.96325000
-0.66363597	-7.93481200	-11.96325000
-0.65863597	-7.93481200	-12.19214000
-0.65363597	-7.93481200	-11.07822000
-0.64863597	-7.93481200	-8.75881200
-0.64363597	-7.93481200	-7.64488600
-0.63863597	-7.93481200	-7.87377500
-0.63363597	-7.93481200	-7.87377500
-0.62863597	-7.93481200	-7.64488600
-0.62363597	-7.93481200	-8.81984900
-0.61863597	-7.93481200	-11.36814000
-0.61363597	-7.93481200	-11.36814000
-0.60863597	-7.93481200	-8.81984900
-0.60363597	-7.93481200	-7.64488600
-0.59863597	-7.93481200	-7.87377500
-0.59363597	-7.93481200	-7.93481200
-0.58863597	-7.93481200	-7.93481200
-0.58363597	-7.93481200	-7.93481200
-0.57863597	-7.93481200	-7.93481200
-0.57363597	-7.93481200	-7.93481200
-0.56863597	-7.93481200	-7.93481200
-0.56363597	-7.93481200	-7.93481200
-0.55863597	-7.93481200	-7.93481200
-0.55363597	-7.93481200	-7.87377500
-0.54863597	-7.93481200	-7.64488600
-0.54363597	-7.93481200	-8.81984900
-0.53863597	-7.93481200	-11.36814000
-0.53363597	-7.93481200	-11.30711000
-0.52863597	-7.93481200	-8.52992300
-0.52363597	-7.93481200	-8.52992300
-0.51863597	-7.93481200	-11.30711000
-0.51363597	-7.93481200	-11.36814000
-0.50863597	-7.93481200	-8.81984900
-0.50363597	-7.93481200	-7.64488600
-0.49863597	-7.93481200	-7.87377500
-0.49363597	-7.93481200	-7.93481200
-0.48863597	-7.93481200	-7.93481200
-0.48363597	-7.93481200	-7.93481200
-0.47863597	-7.93481200	-7.93481200
-0.47363597	-7.93481200	-7.93481200
-0.46863597	-7.93481200	-7.93481200
-0.46363597	-7.93481200	-7.93481200
-0.45863597	-7.93481200	-7.93481200
-0.45363597	-7.93481200	-7.93481200
-0.44863597	-7.93481200	-7.93481200
-0.44363597	-7.93481200	-7.93481200
-0.43863597	-7.93481200	-7.93481200
-0.43363597	-7.93481200	-7.93481200
-0.42863597	-7.93481200	-7.93481200
-0.42363597	-7.93481200	-7.93481200
-0.41863597	-7.93481200	-7.93481200
-0.41363597	-7.93481200	-7.93481200
-0.40863597	-7.93481200	-7.93481200
-0.40363597	-7.93481200	-7.93481200
-0.39863597	-7.93481200	-7.93481200
-0.39363597	-7.93481200	-7.93481200
-0.38863597	-7.93481200	-7.93481200
-0.38363597	-7.93481200	-7.93481200
-0.37863597	-7.93481200	-7.93481200
-0.37363597	-7.93481200	-7.93481200
-0.36863597	-7.93481200	-7.93481200
-0.36363597	-7.93481200	-7.93481200
-0.35863597	-7.93481200	-7.93481200
-0.35363597	-7.93481200	-7.93481200
-0.34863597	-7.93481200	-7.93481200
-0.34363597	-7.93481200	-7.93481200
-0.33863597	-7.93481200	-7.93481200
-0.33363597	-7.93481200	-7.93481200
-0.32863597	-7.93481200	-7.93481200
-0.32363597	-7.93481200	-7.93481200
-0.31863597	-7.93481200	-7.93481200
-0.31363597	-7.93481200	-7.93481200
-0.30863597	-7.93481200	-7.93481200
-0.30363597	-7.93481200	-7.93481200
-0.29863597	-7.93481200	-7.93481200
-0.29363597	-7.93481200	-7.93481200
-0.28863597	-7.93481200	-7.93481200
-0.28363597	-7.93481200	-7.93481200
-0.27863597	-7.93481200	-7.93481200
-0.27363597	-7.93481200	-7.93481200
-0.26863597	-7.93481200	-7.93481200
-0.26363597	-7.93481200	-7.93481200
-0.25863597	-7.93481200	-7.93481200
-0.25363597	-7.93481200	-7.93481200
-0.24863597	-7.93481200	-7.93481200
-0.24363597	-7.93481200	-7.93481200
-0.23863597	-7.93481200	-7.93481200
-0.23363597	-7.99584900	-7.93481200
-0.22863597	-8.22473800	-7.93481200
-0.22363597	-7.17184900	-7.87377500
-0.21863597	-5.08133200	-7.64488600
-0.21363597	-2.85348100	-8.75881200
-0.20863597	-0.76296270	-11.07822000
-0.20363597	0.22888880	-12.19214000
-0.19863597	-0.22888880	-11.96325000
-0.19363597	0.82399970	-11.90222000
-0.18863597	3.14340600	-11.90222000
-0.18363597	4.19629500	-11.90222000
-0.17863597	3.73851700	-11.90222000
-0.17363597	4.79140600	-11.90222000
-0.16863597	7.11081200	-11.90222000
-0.16363597	8.16370100	-11.90222000
-0.15863598	7.70592300	-11.90222000
-0.15363598	8.69777500	-11.90222000
-0.14863598	10.78829000	-11.90222000
-0.14363598	12.95511000	-11.90222000
-0.13863598	14.81674000	-11.90222000
-0.13363598	16.92251000	-11.90222000
-0.12863598	18.78414000	-11.90222000
-0.12363598	20.88992000	-11.84118000
-0.11863598	22.75155000	-11.61229000
-0.11363598	24.81155000	-12.72622000
-0.10863598	26.41377000	-15.04562000
-0.10363598	29.60295000	-16.15955000
-0.09863598	33.52458000	-15.93066000
-0.09363598	37.88873000	-15.86962000
-0.08863598	41.81035000	-15.86962000
-0.08363598	44.93850000	-15.86962000
-0.07863598	46.31183000	-15.86962000
-0.07363598	49.43998000	-15.86962000
-0.06863598	53.36161000	-15.86962000
-0.06363598	57.66472000	-15.86962000
-0.05863598	61.35746000	-15.86962000
-0.05363598	65.59953000	-15.80859000
-0.04863598	69.30753000	-15.57970000
-0.04363598	73.54960000	-16.75466000
-0.03863598	77.24234000	-19.30296000
-0.03363598	81.54546000	-19.30296000
-0.02863598	85.46708000	-16.75466000
-0.02363598	88.59523000	-15.57970000
-0.01863598	89.96856000	-15.80859000
-0.01363598	93.15775000	-15.86962000
-0.00863598	97.30827000	-15.86962000
-0.00363598	100.55850000	-15.86962000
0.00136402	102.16070000	-15.86962000
0.00636402	104.22070000	-15.86962000
0.01136402	106.08230000	-15.86962000
0.01636402	108.14230000	-15.86962000
0.02136402	109.74460000	-15.86962000
0.02636402	112.99480000	-15.86962000
0.03136402	117.14530000	-15.86962000
0.03636402	120.39550000	-15.86962000
0.04136402	121.99770000	-15.86962000
0.04636402	124.05770000	-15.86962000
0.05136402	125.91940000	-15.86962000
0.05636402	128.02510000	-15.86962000
0.06136402	129.88680000	-15.86962000
0.06636402	131.99250000	-15.80859000
0.07136402	133.85420000	-15.57970000
0.07636402	135.95990000	-16.75466000
0.08136402	137.80630000	-19.30296000
0.08636402	139.94260000	-19.24192000
0.09136402	141.78900000	-16.46474000
0.09636402	143.92530000	-16.40370000
0.10136402	145.77170000	-18.95199000
0.10636402	147.87740000	-20.12696000
0.11136402	149.73910000	-19.89807000
0.11636402	151.84480000	-19.89807000
0.12136402	153.70650000	-20.12696000
0.12636402	155.87330000	-19.01303000
0.13136402	157.96380000	-16.69362000
0.13636402	158.95570000	-15.51866000
0.14136402	158.49790000	-15.51866000
0.14636402	159.55080000	-16.75466000
0.15136402	161.87020000	-19.30296000
0.15636402	162.92310000	-19.24192000
0.16136402	162.46530000	-16.46474000
0.16636402	163.45710000	-16.40370000
0.17136402	165.54760000	-18.95199000
0.17636402	167.77550000	-20.12696000
0.18136402	169.86600000	-19.89807000
0.18636402	170.85790000	-19.83703000
0.19136402	170.40010000	-19.83703000
0.19636402	171.45300000	-19.83703000
0.20136402	173.77240000	-19.83703000
0.20636402	174.82530000	-19.83703000
0.21136402	174.36750000	-19.83703000
0.21636402	175.42040000	-19.83703000
0.22136402	177.73980000	-19.83703000
0.22636402	178.79270000	-19.83703000
0.23136402	178.33490000	-19.83703000
0.23636402	179.38780000	-19.83703000
0.24136402	181.70720000	-19.83703000
0.24636402	182.76010000	-19.83703000
0.25136402	182.30230000	-19.83703000
0.25636402	183.35520000	-19.83703000
0.26136402	185.67460000	-19.83703000
0.26636402	186.78850000	-19.83703000
0.27136402	186.55960000	-19.83703000
0.27636402	186.43760000	-19.83703000
0.28136402	186.20870000	-19.83703000
0.28636402	187.32260000	-19.83703000
0.29136402	189.64200000	-19.83703000
0.29636402	190.75590000	-19.83703000
0.30136402	190.52700000	-19.83703000
0.30636402	190.40500000	-19.83703000
0.31136402	190.17610000	-19.83703000
0.31636402	191.29000000	-19.83703000
0.32136402	193.60940000	-19.83703000
0.32636402	194.72330000	-19.83703000
0.33136402	194.49440000	-19.83703000
0.33636402	194.37240000	-19.83703000
0.34136402	194.14350000	-19.83703000
0.34636402	195.25740000	-19.83703000
0.35136402	197.57680000	-19.83703000
0.35636402	198.69080000	-19.83703000
0.36136402	198.46190000	-19.83703000
0.36636402	198.40080000	-19.83703000
0.37136402	198.40080000	-19.83703000
0.37636402	198.33980000	-19.83703000
0.38136402	198.11090000	-19.83703000
0.38636402	199.22480000	-19.83703000
0.39136402	201.54420000	-19.83703000
0.39636402	202.65810000	-19.83703000
0.40136402	202.42930000	-19.83703000
0.40636402	202.30720000	-19.83703000
0.41136402	202.07830000	-19.83703000
0.41636402	203.19220000	-19.83703000
0.42136402	205.51160000	-19.83703000
0.42636402	206.62550000	-19.83703000
0.43136402	206.39670000	-19.83703000
0.43636402	206.33560000	-19.83703000
0.44136402	206.33560000	-19.83703000
0.44636402	206.33560000	-19.83703000
0.45136402	206.33560000	-19.83703000
0.45636402	206.33560000	-19.89807000
0.46136402	206.33560000	-20.12696000
0.46636402	206.33560000	-19.01303000
0.47136402	206.33560000	-16.69362000
0.47636402	206.33560000	-15.57970000
0.48136402	206.33560000	-15.80859000
0.48636402	206.33560000	-15.86962000
0.49136402	206.33560000	-15.86962000
0.49636402	206.33560000	-15.80859000
0.50136402	206.33560000	-15.57970000
0.50636402	206.33560000	-16.69362000
0.51136402	206.33560000	-19.01303000
0.51636402	206.39670000	-20.18799000
0.52136402	206.62550000	-20.18799000
0.52636402	205.51160000	-19.01303000
0.53136402	203.19220000	-16.69362000
0.53636402	202.13930000	-15.57970000
0.54136402	202.59710000	-15.80859000
0.54636402	201.60530000	-15.86962000
0.55136402	199.51480000	-15.86962000
0.55636402	197.28690000	-15.86962000
0.56136402	195.19640000	-15.86962000
0.56636402	194.14350000	-15.86962000
0.57136402	194.37240000	-15.86962000
0.57636402	194.49440000	-15.93066000
0.58136402	194.72330000	-16.15955000
0.58636402	193.67050000	-15.04562000
0.59136402	191.57990000	-12.72622000
0.59636402	189.35210000	-11.61229000
0.60136402	187.26160000	-11.84118000
0.60636402	186.26970000	-11.90222000
0.61136402	186.72750000	-11.90222000
0.61636402	185.67460000	-11.90222000
0.62136402	183.35520000	-11.90222000
0.62636402	182.30230000	-11.90222000
0.63136402	182.76010000	-11.90222000
0.63636402	181.76820000	-11.90222000
0.64136402	179.67770000	-11.90222000
0.64636402	177.44990000	-11.90222000
0.65136402	175.35930000	-11.90222000
0.65636402	174.30650000	-11.90222000
0.66136402	174.53530000	-11.90222000
0.66636402	174.65740000	-11.90222000
0.67136402	174.88630000	-11.90222000
0.67636402	173.77240000	-11.90222000
0.68136402	171.45300000	-11.90222000
0.68636402	170.33910000	-11.90222000
0.69136402	170.56790000	-11.90222000
0.69636402	170.62900000	-11.90222000
0.70136402	170.62900000	-11.90222000
0.70636402	170.69000000	-11.84118000
0.71136402	170.91890000	-11.61229000
0.71636402	169.80500000	-12.78725000
0.72136402	167.48560000	-15.33555000
0.72636402	166.43270000	-15.33555000
0.73136402	166.89050000	-12.78725000
0.73636402	165.83760000	-11.61229000
0.74136402	163.51820000	-11.84118000
0.74636402	162.40430000	-11.90222000
0.75136402	162.63310000	-11.90222000
0.75636402	162.75520000	-11.90222000
0.76136402	162.98410000	-11.90222000
0.76636402	161.80910000	-11.90222000
0.77136402	159.26080000	-11.90222000
0.77636402	159.32190000	-11.90222000
0.78136402	162.09910000	-11.90222000
0.78636402	162.16010000	-11.90222000
0.79136402	159.61180000	-11.90222000
0.79636402	158.43680000	-11.90222000
0.80136402	158.66570000	-11.90222000
0.80636402	158.72680000	-11.90222000
0.81136402	158.72680000	-11.90222000
0.81636402	158.72680000	-11.90222000
0.82136402	158.72680000	-11.90222000
0.82636402	158.78780000	-11.90222000
0.83136402	159.01670000	-11.90222000
0.83636402	157.90280000	-11.90222000
0.84136402	155.58340000	-11.90222000
0.84636402	154.46940000	-11.90222000
0.85136402	154.69830000	-11.90222000
0.85636402	154.82040000	-11.90222000
0.86136402	155.04930000	-11.90222000
0.86636402	153.93530000	-11.90222000
0.87136402	151.61590000	-11.90222000
0.87636402	150.50200000	-11.90222000
0.88136402	150.73090000	-11.90222000
0.88636402	150.79190000	-11.90222000
0.89136402	150.79190000	-11.90222000
0.89636402	150.79190000	-11.90222000
0.90136402	150.79190000	-11.90222000
0.90636402	150.85300000	-11.90222000
0.91136402	151.08190000	-11.90222000
0.91636402	149.96790000	-11.90222000
0.92136402	147.64850000	-11.90222000
0.92636402	146.53460000	-11.90222000
0.93136402	146.76350000	-11.90222000
0.93636402	146.88560000	-11.90222000
0.94136402	147.11450000	-11.90222000
0.94636402	145.93950000	-11.90222000
0.95136402	143.39120000	-11.90222000
0.95636402	143.45230000	-11.96325000
0.96136402	146.22940000	-12.19214000
0.96636402	146.29050000	-11.07822000
0.97136402	143.74220000	-8.75881200
0.97636402	142.56720000	-7.64488600
0.98136402	142.79610000	-7.87377500
0.98636402	142.85710000	-7.93481200
0.99136402	142.85710000	-7.93481200
0.99636402	142.85710000	-7.93481200
1.00136402	142.85710000	-7.93481200
1.00636402	142.91820000	-7.93481200
1.01136402	143.14710000	-7.93481200
1.01636402	142.03310000	-7.93481200
1.02136402	139.69850000	-7.93481200
1.02636402	138.58450000	-7.93481200
1.03136402	138.81340000	-7.93481200
1.03636402	138.87450000	-7.93481200
1.04136402	138.87450000	-7.93481200
1.04636402	138.93550000	-7.93481200
1.05136402	139.16440000	-7.93481200
1.05636402	138.05050000	-7.87377500
1.06136402	135.73110000	-7.64488600
1.06636402	134.61710000	-8.75881200
1.07136402	134.84600000	-11.07822000
1.07636402	134.90710000	-12.19214000
1.08136402	134.90710000	-11.96325000
1.08636402	134.90710000	-11.90222000
1.09136402	134.90710000	-11.90222000
1.09636402	134.90710000	-11.90222000
1.10136402	134.90710000	-11.90222000
1.10636402	134.96810000	-11.90222000
1.11136402	135.19700000	-11.90222000
1.11636402	134.08310000	-11.90222000
1.12136402	131.76370000	-11.90222000
1.12636402	130.64970000	-11.90222000
1.13136402	130.87860000	-11.90222000
1.13636402	130.93970000	-11.90222000
1.14136402	130.93970000	-11.90222000
1.14636402	131.00070000	-11.90222000
1.15136402	131.22960000	-11.90222000
1.15636402	130.11560000	-11.90222000
1.16136402	127.79630000	-11.90222000
1.16636402	126.68230000	-11.90222000
1.17136402	126.91120000	-11.90222000
1.17636402	126.97230000	-11.90222000
1.18136402	126.97230000	-11.90222000
1.18636402	126.97230000	-11.90222000
1.19136402	126.97230000	-11.90222000
1.19636402	126.97230000	-11.90222000
1.20136402	126.97230000	-11.90222000
1.20636402	127.03330000	-11.90222000
1.21136402	127.26220000	-11.90222000
1.21636402	126.14820000	-11.90222000
1.22136402	123.82880000	-11.90222000
1.22636402	122.71490000	-11.90222000
1.23136402	122.94380000	-11.90222000
1.23636402	123.00480000	-11.90222000
1.24136402	123.00480000	-11.90222000
1.24636402	123.00480000	-11.90222000
1.25136402	123.00480000	-11.90222000
1.25636402	123.00480000	-11.96325000
1.26136402	123.00480000	-12.19214000
1.26636402	123.06590000	-11.01718000
1.27136402	123.29480000	-8.46888600
1.27636402	122.18080000	-8.46888600
1.28136402	119.86140000	-11.01718000
1.28636402	118.74750000	-12.19214000
1.29136402	118.97640000	-11.96325000
1.29636402	119.03740000	-11.90222000
1.30136402	119.03740000	-11.90222000
1.30636402	119.03740000	-11.90222000
1.31136402	119.03740000	-11.90222000
1.31636402	119.03740000	-11.90222000
1.32136402	119.03740000	-11.90222000
1.32636402	119.09850000	-11.90222000
1.33136402	119.32740000	-11.90222000
1.33636402	118.21340000	-11.96325000
1.34136402	115.89400000	-12.19214000
1.34636402	114.78010000	-11.01718000
1.35136402	115.00900000	-8.46888600
1.35636402	115.07000000	-8.46888600
1.36136402	115.07000000	-11.01718000
1.36636402	115.07000000	-12.25318000
1.37136402	115.07000000	-12.25318000
1.37636402	115.07000000	-11.01718000
1.38136402	115.07000000	-8.46888600
1.38636402	115.13110000	-8.52992300
1.39136402	115.36000000	-11.30711000
1.39636402	114.24600000	-11.36814000
1.40136402	111.92660000	-8.81984900
1.40636402	110.81270000	-7.58384900
1.41136402	111.04160000	-7.58384900
1.41636402	111.10260000	-8.81984900
1.42136402	111.10260000	-11.36814000
1.42636402	111.10260000	-11.36814000
1.43136402	111.10260000	-8.81984900
1.43636402	111.10260000	-7.58384900
1.44136402	111.10260000	-7.58384900
1.44636402	111.10260000	-8.81984900
1.45136402	111.10260000	-11.36814000
1.45636402	111.10260000	-11.36814000
1.46136402	111.10260000	-8.81984900
1.46636402	111.16370000	-7.64488600
1.47136402	111.39250000	-7.87377500
1.47636402	110.27860000	-7.87377500
1.48136402	107.95920000	-7.64488600
1.48636401	106.84530000	-8.75881200
1.49136401	107.07420000	-11.07822000
1.49636401	107.13520000	-12.19214000
1.50136401	107.13520000	-11.96325000
1.50636401	107.19630000	-11.96325000
1.51136401	107.42510000	-12.19214000
1.51636401	106.31120000	-11.01718000
1.52136401	103.99180000	-8.46888600
1.52636401	102.87790000	-8.52992300
1.53136401	103.10680000	-11.30711000
1.53636401	103.16780000	-11.36814000
1.54136401	103.16780000	-8.81984900
1.54636401	103.16780000	-7.64488600
1.55136401	103.16780000	-7.87377500
1.55636401	103.16780000	-7.93481200
1.56136401	103.16780000	-7.93481200
1.56636401	103.16780000	-7.93481200
1.57136401	103.16780000	-7.93481200
1.57636401	103.16780000	-7.93481200
1.58136401	103.16780000	-7.93481200
1.58636401	103.22890000	-7.93481200
1.59136401	103.45770000	-7.93481200
1.59636401	102.34380000	-7.93481200
1.60136401	100.02440000	-7.93481200
1.60636401	98.91048000	-7.93481200
1.61136401	99.13937000	-7.93481200
1.61636401	99.20041000	-7.93481200
1.62136401	99.20041000	-7.93481200
1.62636401	99.20041000	-7.93481200
1.63136401	99.20041000	-7.93481200
1.63636401	99.20041000	-7.93481200
1.64136401	99.20041000	-7.93481200
1.64636401	99.26145000	-7.93481200
1.65136401	99.49034000	-7.93481200
1.65636401	98.37641000	-7.93481200
1.66136401	96.05700000	-7.93481200
1.66636401	94.94308000	-7.93481200
1.67136401	95.17197000	-7.93481200
1.67636401	95.23300000	-7.87377500
1.68136401	95.23300000	-7.64488600
1.68636401	95.23300000	-8.81984900
1.69136401	95.23300000	-11.36814000
1.69636401	95.23300000	-11.36814000
1.70136401	95.23300000	-8.81984900
1.70636401	95.23300000	-7.58384900
1.71136401	95.23300000	-7.58384900
1.71636401	95.23300000	-8.75881200
1.72136401	95.23300000	-11.07822000
1.72636401	95.29404000	-12.25318000
1.73136401	95.52293000	-12.25318000
1.73636401	94.34796000	-11.07822000
1.74136401	91.79967000	-8.75881200
1.74636401	91.86070000	-7.64488600
1.75136401	94.63789000	-7.87377500
1.75636401	94.69893000	-7.93481200
1.76136401	92.15063000	-7.93481200
1.76636401	90.97568000	-7.93481200
1.77136401	91.20457000	-7.93481200
1.77636401	91.32664000	-7.93481200
1.78136401	91.55552000	-7.93481200
1.78636401	90.44160000	-7.93481200
1.79136401	88.12219000	-7.93481200
1.79636401	87.00826000	-7.93481200
1.80136401	87.23715000	-7.93481200
1.80636401	87.29819000	-7.93481200
1.81136401	87.29819000	-7.93481200
1.81636401	87.23715000	-7.93481200
1.82136401	87.00826000	-7.93481200
1.82636401	88.18323000	-7.93481200
1.83136401	90.73153000	-7.93481200
1.83636401	90.73153000	-7.93481200
1.84136401	88.18323000	-7.93481200
1.84636401	87.00826000	-7.93481200
1.85136401	87.23715000	-7.93481200
1.85636401	87.29819000	-7.93481200
1.86136401	87.29819000	-7.93481200
1.86636401	87.35923000	-7.93481200
1.87136401	87.58812000	-7.93481200
1.87636401	86.47419000	-7.93481200
1.88136401	84.15479000	-7.93481200
1.88636401	83.04086000	-7.93481200
1.89136401	83.26974000	-7.93481200
1.89636401	83.33078000	-7.93481200
1.90136401	83.33078000	-7.93481200
1.90636401	83.33078000	-7.93481200
1.91136401	83.33078000	-7.93481200
1.91636401	83.33078000	-7.93481200
1.92136401	83.33078000	-7.93481200
1.92636401	83.33078000	-7.93481200
1.93136401	83.33078000	-7.93481200
1.93636401	83.33078000	-7.93481200
1.94136401	83.33078000	-7.93481200
1.94636401	83.33078000	-7.87377500
1.95136401	83.33078000	-7.64488600
1.95636401	83.39182000	-8.81984900
1.96136401	83.62070000	-11.36814000
1.96636401	82.50678000	-11.36814000
1.97136401	80.18738000	-8.81984900
1.97636401	79.07346000	-7.58384900
1.98136401	79.30235000	-7.58384900
1.98636401	79.36338000	-8.75881200
1.99136401	79.36338000	-11.07822000
1.99636401	79.36338000	-12.19214000
2.00136401	79.36338000	-11.96325000
2.00636401	79.36338000	-11.96325000
2.01136401	79.36338000	-12.19214000
2.01636401	79.36338000	-11.07822000
2.02136401	79.36338000	-8.75881200
2.02636401	79.42442000	-7.64488600
2.03136401	79.65331000	-7.87377500
2.03636401	78.53938000	-7.93481200
2.04136401	76.21997000	-7.93481200
2.04636401	75.04501000	-7.93481200
2.05136401	75.04501000	-7.93481200
2.05636401	76.28101000	-7.93481200
2.06136401	78.82931000	-7.93481200
2.06636401	78.82931000	-7.93481200
2.07136401	76.28101000	-7.93481200
2.07636401	75.10605000	-7.93481200
2.08136401	75.33494000	-7.93481200
2.08636401	75.39597000	-7.93481200
2.09136401	75.39597000	-7.93481200
2.09636401	75.39597000	-7.93481200
2.10136401	75.39597000	-7.93481200
2.10636401	75.39597000	-7.93481200
2.11136401	75.39597000	-7.93481200
2.11636401	75.45701000	-7.93481200
2.12136401	75.68590000	-7.93481200
2.12636401	74.57197000	-7.93481200
2.13136401	72.25256000	-7.93481200
2.13636401	71.13864000	-7.93481200
2.14136401	71.36753000	-7.93481200
2.14636401	71.42857000	-7.93481200
2.15136401	71.42857000	-7.93481200
2.15636401	71.42857000	-7.93481200
2.16136401	71.42857000	-7.93481200
2.16636401	71.42857000	-7.93481200
2.17136401	71.42857000	-7.93481200
2.17636401	71.42857000	-7.93481200
2.18136401	71.42857000	-7.93481200
2.18636401	71.42857000	-7.93481200
2.19136401	71.42857000	-7.93481200
2.19636401	71.42857000	-7.93481200
2.20136401	71.42857000	-7.93481200
2.20636401	71.42857000	-7.93481200
2.21136401	71.42857000	-7.93481200
2.21636401	71.42857000	-7.93481200
2.22136401	71.42857000	-7.93481200
2.22636401	71.42857000	-7.93481200
2.23136401	71.42857000	-7.93481200
2.23636401	71.48961000	-7.93481200
2.24136401	71.71850000	-7.93481200
2.24636401	70.60457000	-7.93481200
2.25136401	68.26991000	-7.93481200
2.25636401	67.15598000	-7.93481200
2.26136401	67.38486000	-7.93481200
2.26636401	67.44590000	-7.93481200
2.27136401	67.44590000	-7.93481200
2.27636401	67.44590000	-7.87377500
2.28136401	67.44590000	-7.64488600
2.28636401	67.44590000	-8.81984900
2.29136401	67.44590000	-11.36814000
2.29636401	67.44590000	-11.36814000
2.30136401	67.44590000	-8.81984900
2.30636401	67.50694000	-7.64488600
2.31136401	67.73582000	-7.87377500
2.31636401	66.56087000	-7.93481200
2.32136401	64.01257000	-7.93481200
2.32636401	64.07360000	-7.93481200
2.33136401	66.85079000	-7.93481200
2.33636401	66.91183000	-7.93481200
2.34136401	64.36353000	-7.93481200
2.34636401	63.18857000	-7.93481200
2.35136401	63.41746000	-7.93481200
2.35636401	63.47850000	-7.93481200
2.36136401	63.47850000	-7.93481200
2.36636401	63.47850000	-7.93481200
2.37136401	63.47850000	-7.93481200
2.37636401	63.47850000	-7.93481200
2.38136401	63.47850000	-7.93481200
2.38636401	63.47850000	-7.93481200
2.39136401	63.47850000	-7.93481200
2.39636401	63.53953000	-7.93481200
2.40136401	63.76842000	-7.93481200
2.40636401	62.65450000	-7.93481200
2.41136401	60.33509000	-7.93481200
2.41636401	59.16013000	-7.93481200
2.42136401	59.16013000	-7.93481200
2.42636401	60.39613000	-7.93481200
2.43136401	62.94442000	-7.93481200
2.43636401	62.94442000	-7.93481200
2.44136401	60.39613000	-7.93481200
2.44636401	59.22116000	-7.93481200
2.45136401	59.45005000	-7.93481200
2.45636401	59.51109000	-7.93481200
2.46136401	59.51109000	-7.93481200
2.46636401	59.51109000	-7.93481200
2.47136401	59.51109000	-7.93481200
2.47636401	59.51109000	-7.93481200
2.48136401	59.51109000	-7.93481200
2.48636401	59.51109000	-7.93481200
2.49136401	59.51109000	-7.93481200
2.49636401	59.57213000	-7.93481200
2.50136401	59.80102000	-7.93481200
2.50636401	58.68709000	-7.93481200
2.51136401	56.36768000	-7.93481200
2.51636401	55.19272000	-7.93481200
2.52136401	55.19272000	-7.93481200
2.52636401	56.36768000	-7.87377500
2.53136401	58.68709000	-7.64488600
2.53636401	59.80102000	-8.81984900
2.54136401	59.57213000	-11.36814000
2.54636401	59.57213000	-11.36814000
2.55136401	59.80102000	-8.81984900
2.55636401	58.68709000	-7.58384900
2.56136401	56.36768000	-7.58384900
2.56636401	55.25376000	-8.81984900
2.57136401	55.48264000	-11.36814000
2.57636401	55.54368000	-11.36814000
2.58136401	55.54368000	-8.81984900
2.58636401	55.54368000	-7.64488600
2.59136401	55.54368000	-7.87377500
2.59636401	55.54368000	-7.93481200
2.60136401	55.54368000	-7.93481200
2.60636401	55.54368000	-7.93481200
2.61136401	55.54368000	-7.93481200
2.61636401	55.54368000	-7.93481200
2.62136401	55.54368000	-7.93481200
2.62636401	55.54368000	-7.93481200
2.63136401	55.54368000	-7.93481200
2.63636401	55.60472000	-7.93481200
2.64136401	55.83361000	-7.93481200
2.64636401	54.71968000	-7.93481200
2.65136401	52.40028000	-7.93481200
2.65636401	51.28635000	-7.93481200
2.66136401	51.51524000	-7.93481200
2.66636401	51.57627000	-7.87377500
2.67136401	51.57627000	-7.64488600
2.67636401	51.57627000	-8.81984900
2.68136401	51.57627000	-11.36814000
2.68636401	51.57627000	-11.30711000
2.69136401	51.57627000	-8.52992300
2.69636401	51.57627000	-8.52992300
2.70136401	51.57627000	-11.30711000
2.70636401	51.57627000	-11.36814000
2.71136401	51.57627000	-8.81984900
2.71636401	51.57627000	-7.58384900
2.72136401	51.57627000	-7.58384900
2.72636401	51.57627000	-8.75881200
2.73136401	51.57627000	-11.07822000
2.73636401	51.57627000	-12.19214000
2.74136401	51.57627000	-11.96325000
2.74636401	51.63731000	-11.90222000
2.75136401	51.86620000	-11.90222000
2.75636401	50.69124000	-11.90222000
2.76136401	48.14294000	-11.90222000
2.76636401	48.20398000	-11.96325000
2.77136401	50.98117000	-12.19214000
2.77636401	51.04220000	-11.01718000
2.78136401	48.49391000	-8.46888600
2.78636401	47.31895000	-8.46888600
2.79136401	47.54784000	-11.01718000
2.79636401	47.60887000	-12.25318000
2.80136401	47.60887000	-12.25318000
2.80636401	47.60887000	-11.07822000
2.81136401	47.60887000	-8.75881200
2.81636401	47.60887000	-7.58384900
2.82136401	47.60887000	-7.58384900
2.82636401	47.60887000	-8.81984900
2.83136401	47.60887000	-11.36814000
2.83636401	47.60887000	-11.36814000
2.84136401	47.60887000	-8.81984900
2.84636401	47.66991000	-7.64488600
2.85136401	47.89880000	-7.87377500
2.85636401	46.72383000	-7.93481200
2.86136401	44.17554000	-7.93481200
2.86636401	44.17554000	-7.93481200
2.87136401	46.72383000	-7.93481200
2.87636401	47.89880000	-7.93481200
2.88136401	47.66991000	-7.93481200
2.88636401	47.60887000	-7.93481200
2.89136401	47.60887000	-7.93481200
2.89636401	47.66991000	-7.93481200
2.90136401	47.89880000	-7.93481200
2.90636401	46.78487000	-7.93481200
2.91136401	44.46547000	-7.93481200
2.91636401	43.29050000	-7.99584900
2.92136401	43.29050000	-8.22473800
2.92636401	44.52650000	-7.11081200
2.93136401	47.07480000	-4.79140600
2.93636401	47.07480000	-3.79955400
2.94136401	44.52650000	-4.48622100
2.94636401	43.35154000	-2.48725800
2.95136401	43.58043000	1.43437000
2.95636401	43.64147000	6.72933100
2.96136401	43.64147000	12.03955000
2.96636401	43.64147000	20.52369000
2.97136401	43.64147000	29.99969000
2.97636401	43.64147000	41.71880000
2.98136401	43.64147000	52.79702000
2.98636401	43.64147000	66.69820000
2.99136401	43.64147000	80.11108000
2.99636401	43.64147000	93.89019000
3.00136401	43.64147000	104.51060000
3.00636401	43.64147000	118.35080000
3.01136401	43.64147000	131.97730000
3.01636401	43.70250000	144.82560000
3.02136401	43.93139000	153.84380000
3.02636401	42.75643000	163.31980000
3.03136401	40.20813000	170.70530000
3.03636401	40.20813000	178.12130000
3.04136401	42.75643000	183.67560000
3.04636401	43.93139000	188.97060000
3.05136401	43.70250000	192.66330000
3.05636401	43.70250000	195.83730000
3.06136401	43.93139000	197.69890000
3.06636401	42.81747000	198.69080000
3.07136401	40.49806000	198.46190000
3.07636401	39.38414000	198.46190000
3.08136401	39.61302000	198.69080000
3.08636401	39.67406000	197.69890000
3.09136401	39.67406000	195.83730000
3.09636401	39.67406000	192.60230000
3.10136401	39.67406000	188.68070000
3.10636401	39.67406000	184.37760000
3.11136401	39.67406000	180.68480000
3.11636401	39.67406000	176.44270000
3.12136401	39.67406000	172.75000000
3.12636401	39.67406000	168.56900000
3.13136400	39.67406000	165.10510000
3.13636400	39.67406000	159.74910000
3.14136400	39.67406000	153.73700000
3.14636400	39.67406000	148.38100000
3.15136400	39.67406000	144.91710000
3.15636400	39.67406000	140.79710000
3.16136400	39.67406000	137.31800000
3.16636400	39.67406000	131.96200000
3.17136400	39.67406000	125.94990000
3.17636400	39.73510000	120.59390000
3.18136400	39.96399000	117.13000000
3.18636400	38.78902000	112.88800000
3.19136400	36.24073000	108.96630000
3.19636400	36.24073000	105.83820000
3.20136400	38.78902000	104.46490000
3.20636400	40.02502000	101.27570000
3.21136400	40.02502000	97.12515000
3.21636400	38.85006000	93.93597000
3.22136400	36.53065000	92.56263000
3.22636400	35.41673000	89.37345000
3.23136400	35.64562000	85.22293000
3.23636400	35.70665000	81.97271000
3.24136400	35.70665000	80.37049000
3.24636400	35.70665000	78.35627000
3.25136400	35.70665000	76.75404000
3.25636400	35.70665000	73.50382000
3.26136400	35.70665000	69.33805000
3.26636400	35.70665000	66.08783000
3.27136400	35.70665000	64.48560000
3.27636400	35.70665000	62.42561000
3.28136400	35.70665000	60.56398000
3.28636400	35.70665000	58.45820000
3.29136400	35.70665000	56.59657000
3.29636400	35.70665000	54.49080000
3.30136400	35.70665000	52.62917000
3.30636400	35.70665000	50.46235000
3.31136400	35.70665000	48.37183000
3.31636400	35.70665000	47.37998000
3.32136400	35.70665000	47.83776000
3.32636400	35.70665000	46.84591000
3.33136400	35.70665000	44.75539000
3.33636400	35.70665000	42.58858000
3.34136400	35.70665000	40.72695000
3.34636400	35.76769000	38.56013000
3.35136400	35.99658000	36.46962000
3.35636400	34.88266000	35.47777000
3.36136400	32.56325000	35.93554000
3.36636400	31.38828000	34.88266000
3.37136400	31.38828000	32.56325000
3.37636400	32.62428000	31.51036000
3.38136400	35.17258000	31.96814000
3.38636400	35.17258000	30.91525000
3.39136400	32.62428000	28.59584000
3.39636400	31.44932000	27.48192000
3.40136400	31.67821000	27.71080000
3.40636400	31.73925000	27.83288000
3.41136400	31.73925000	28.06177000
3.41636400	31.73925000	26.94784000
3.42136400	31.73925000	24.62844000
3.42636400	31.73925000	23.51451000
3.43136400	31.73925000	23.74340000
3.43636400	31.73925000	23.86547000
3.44136400	31.73925000	24.09436000
3.44636400	31.73925000	22.91940000
3.45136400	31.73925000	20.37111000
3.45636400	31.73925000	20.43214000
3.46136400	31.73925000	23.20932000
3.46636400	31.73925000	23.33140000
3.47136400	31.73925000	21.01199000
3.47636400	31.73925000	18.72310000
3.48136400	31.73925000	16.63259000
3.48636400	31.73925000	15.57970000
3.49136400	31.73925000	15.80859000
3.49636400	31.73925000	15.86962000
3.50136400	31.73925000	15.86962000
3.50636400	31.73925000	15.86962000
3.51136400	31.73925000	15.86962000
3.51636400	31.73925000	15.86962000
3.52136400	31.73925000	15.86962000
3.52636400	31.73925000	15.86962000
3.53136400	31.73925000	15.86962000
3.53636400	31.73925000	15.93066000
3.54136400	31.73925000	16.15955000
3.54636400	31.73925000	15.04562000
3.55136400	31.73925000	12.72622000
3.55636400	31.73925000	11.61229000
3.56136400	31.73925000	11.84118000
3.56636400	31.73925000	11.90222000
3.57136400	31.73925000	11.90222000
3.57636400	31.73925000	11.90222000
3.58136400	31.73925000	11.90222000
3.58636400	31.80028000	11.90222000
3.59136400	32.02917000	11.90222000
3.59636400	30.91525000	11.90222000
3.60136400	28.59584000	11.90222000
3.60636400	27.42088000	11.90222000
3.61136400	27.42088000	11.90222000
3.61636400	28.59584000	11.96325000
3.62136400	30.91525000	12.19214000
3.62636400	32.09021000	11.07822000
3.63136400	32.09021000	8.75881200
3.63636400	30.91525000	7.64488600
3.64136400	28.59584000	7.87377500
3.64636400	27.48192000	7.93481200
3.65136400	27.71080000	7.93481200
3.65636400	27.77184000	7.93481200
3.66136400	27.77184000	7.93481200
3.66636400	27.77184000	7.93481200
3.67136400	27.77184000	7.93481200
3.67636400	27.77184000	7.93481200
3.68136400	27.77184000	7.93481200
3.68636400	27.77184000	7.93481200
3.69136400	27.77184000	7.93481200
3.69636400	27.77184000	7.93481200
3.70136400	27.77184000	7.93481200
3.70636400	27.77184000	7.93481200
3.71136400	27.77184000	7.93481200
3.71636400	27.77184000	7.99584900
3.72136400	27.77184000	8.22473800
3.72636400	27.77184000	7.04977500
3.73136400	27.77184000	4.50148000
3.73636400	27.77184000	4.50148000
3.74136400	27.77184000	7.04977500
3.74636400	27.77184000	8.22473800
3.75136400	27.77184000	7.99584900
3.75636400	27.77184000	7.93481200
3.76136400	27.77184000	7.93481200
3.76636400	27.77184000	7.93481200
3.77136400	27.77184000	7.93481200
3.77636400	27.77184000	7.93481200
3.78136400	27.77184000	7.93481200
3.78636400	27.77184000	7.93481200
3.79136400	27.77184000	7.93481200
3.79636400	27.77184000	7.93481200
3.80136400	27.77184000	7.93481200
3.80636400	27.83288000	7.99584900
3.81136400	28.06177000	8.22473800
3.81636400	26.94784000	7.11081200
3.82136400	24.62844000	4.79140600
3.82636400	23.51451000	3.67748000
3.83136400	23.74340000	3.90636900
3.83636400	23.80444000	3.96740600
3.84136400	23.80444000	3.96740600
3.84636400	23.80444000	3.96740600
3.85136400	23.80444000	3.96740600
3.85636400	23.80444000	3.96740600
3.86136400	23.80444000	3.96740600
3.86636400	23.80444000	3.96740600
3.87136400	23.80444000	3.96740600
3.87636400	23.80444000	3.96740600
3.88136400	23.80444000	3.96740600
3.88636400	23.80444000	3.96740600
3.89136400	23.80444000	3.96740600
3.89636400	23.80444000	3.96740600
3.90136400	23.80444000	3.96740600
3.90636400	23.80444000	3.96740600
3.91136400	23.80444000	3.96740600
3.91636400	23.80444000	3.96740600
3.92136400	23.80444000	3.96740600
3.92636400	23.80444000	3.96740600
3.93136400	23.80444000	3.96740600
3.93636400	23.80444000	3.96740600
3.94136400	23.80444000	3.96740600
3.94636400	23.80444000	3.96740600
3.95136400	23.80444000	3.96740600
3.95636400	23.80444000	4.02844300
3.96136400	23.80444000	4.25733200
3.96636400	23.80444000	3.08236900
3.97136400	23.80444000	0.53407390
3.97636400	23.80444000	0.53407390
3.98136400	23.80444000	3.08236900
3.98636400	23.80444000	4.25733200
3.99136400	23.80444000	4.02844300
3.99636400	23.80444000	4.02844300
4.00136400	23.80444000	4.25733200
4.00636400	23.80444000	3.08236900
4.01136400	23.80444000	0.53407390
4.01636400	23.80444000	0.59511090
4.02136400	23.80444000	3.37229500
4.02636400	23.86547000	3.37229500
4.03136400	24.09436000	0.59511090
4.03636400	22.91940000	0.53407390
4.04136400	20.37111000	3.08236900
4.04636400	20.37111000	4.25733200
4.05136400	22.91940000	4.02844300
4.05636400	24.15540000	3.96740600
4.06136400	24.15540000	3.96740600
4.06636400	22.98043000	3.96740600
4.07136400	20.66103000	3.96740600
4.07636400	19.54710000	3.96740600
4.08136400	19.77599000	3.96740600
4.08636400	19.83703000	3.96740600
4.09136400	19.83703000	3.96740600
4.09636400	19.83703000	3.96740600
4.10136400	19.83703000	3.96740600
4.10636400	19.83703000	3.96740600
4.11136400	19.83703000	3.96740600
4.11636400	19.83703000	3.96740600
4.12136400	19.83703000	3.96740600
4.12636400	19.83703000	3.96740600
4.13136400	19.83703000	3.96740600
4.13636400	19.83703000	4.02844300
4.14136400	19.83703000	4.25733200
4.14636400	19.83703000	3.08236900
4.15136400	19.83703000	0.53407390
4.15636400	19.83703000	0.59511090
4.16136400	19.83703000	3.37229500
4.16636400	19.83703000	3.43333200
4.17136400	19.83703000	0.88503670
4.17636400	19.83703000	-0.28992580
4.18136400	19.83703000	-0.06103702
4.18636400	19.83703000	0.00000000
4.19136400	19.83703000	0.00000000
4.19636400	19.83703000	0.00000000
4.20136400	19.83703000	0.00000000
4.20636400	19.83703000	0.00000000
4.21136400	19.83703000	0.00000000
4.21636400	19.83703000	0.00000000
4.22136400	19.83703000	0.00000000
4.22636400	19.83703000	0.00000000
4.23136400	19.83703000	0.00000000
4.23636400	19.83703000	0.00000000
4.24136400	19.83703000	0.00000000
4.24636400	19.83703000	0.00000000
4.25136400	19.83703000	0.00000000
4.25636400	19.83703000	0.00000000
4.26136400	19.83703000	0.00000000
4.26636400	19.83703000	0.00000000
4.27136400	19.83703000	0.00000000
4.27636400	19.89807000	0.00000000
4.28136400	20.12696000	0.00000000
4.28636400	18.95199000	0.00000000
4.29136400	16.40370000	0.00000000
4.29636400	16.46474000	0.00000000
4.30136400	19.24192000	0.00000000
4.30636400	19.30296000	0.00000000
4.31136400	16.75466000	0.00000000
4.31636400	15.57970000	0.00000000
4.32136400	15.80859000	0.00000000
4.32636400	15.86962000	0.00000000
4.33136400	15.86962000	0.00000000
4.33636400	15.86962000	0.00000000
4.34136400	15.86962000	0.00000000
4.34636400	15.86962000	0.00000000
4.35136400	15.86962000	0.00000000
4.35636400	15.86962000	0.00000000
4.36136400	15.86962000	0.00000000
4.36636400	15.86962000	0.00000000
4.37136400	15.86962000	0.00000000
4.37636400	15.86962000	0.00000000
4.38136400	15.86962000	0.00000000
4.38636400	15.86962000	0.00000000
4.39136400	15.86962000	0.00000000
4.39636400	15.86962000	0.00000000
4.40136400	15.86962000	0.00000000
4.40636400	15.86962000	0.00000000
4.41136400	15.86962000	0.00000000
4.41636400	15.86962000	0.00000000
4.42136400	15.86962000	0.00000000
4.42636400	15.86962000	0.00000000
4.43136400	15.86962000	0.00000000
4.43636400	15.86962000	0.00000000
4.44136400	15.86962000	0.00000000
4.44636400	15.86962000	0.00000000
4.45136400	15.86962000	0.00000000
4.45636400	15.86962000	0.00000000
4.46136400	15.86962000	0.00000000
4.46636400	15.86962000	0.00000000
4.47136400	15.86962000	0.00000000
4.47636400	15.86962000	0.00000000
4.48136400	15.86962000	0.00000000
4.48636400	15.86962000	0.00000000
4.49136400	15.86962000	0.00000000
4.49636400	15.86962000	0.00000000
4.50136400	15.86962000	0.00000000
4.50636400	15.86962000	0.00000000
4.51136400	15.86962000	0.00000000
4.51636400	15.86962000	0.06103702
4.52136400	15.86962000	0.28992580
4.52636400	15.86962000	-0.82399970
4.53136400	15.86962000	-3.14340600
4.53636400	15.86962000	-4.25733200
4.54136400	15.86962000	-4.02844300
4.54636400	15.86962000	-3.96740600
4.55136400	15.86962000	-3.96740600
4.55636400	15.86962000	-3.96740600
4.56136400	15.86962000	-3.96740600
4.56636400	15.86962000	-3.96740600
4.57136400	15.86962000	-3.96740600
4.57636400	15.86962000	-3.96740600
4.58136400	15.86962000	-3.96740600
4.58636400	15.86962000	-3.96740600
4.59136400	15.86962000	-3.96740600
4.59636400	15.86962000	-3.96740600
4.60136400	15.86962000	-3.96740600
4.60636400	15.86962000	-3.96740600
4.61136400	15.86962000	-3.96740600
4.61636400	15.86962000	-3.96740600
4.62136400	15.86962000	-3.96740600
4.62636400	15.86962000	-3.96740600
4.63136400	15.86962000	-3.96740600
4.63636400	15.86962000	-3.96740600
4.64136400	15.86962000	-3.96740600
4.64636400	15.86962000	-3.96740600
4.65136400	15.86962000	-3.96740600
4.65636400	15.93066000	-3.96740600
4.66136400	16.15955000	-3.96740600
4.66636400	15.04562000	-3.96740600
4.67136400	12.72622000	-3.96740600
4.67636400	11.61229000	-3.96740600
4.68136400	11.84118000	-3.96740600
4.68636400	11.90222000	-3.96740600
4.69136400	11.90222000	-3.96740600
4.69636400	11.84118000	-4.02844300
4.70136400	11.61229000	-4.25733200
4.70636400	12.78725000	-3.08236900
4.71136400	15.33555000	-0.53407390
4.71636400	15.33555000	-0.53407390
4.72136400	12.78725000	-3.08236900
4.72636400	11.61229000	-4.25733200
4.73136400	11.84118000	-4.02844300
4.73636400	11.90222000	-3.96740600
4.74136400	11.90222000	-3.96740600
4.74636400	11.90222000	-3.96740600
4.75136400	11.90222000	-3.96740600
4.75636400	11.90222000	-3.96740600
4.76136400	11.90222000	-3.96740600
4.76636400	11.90222000	-3.96740600
4.77136400	11.90222000	-3.96740600
4.77636399	11.90222000	-3.96740600
4.78136399	11.90222000	-3.96740600
4.78636399	11.90222000	-3.96740600
4.79136399	11.90222000	-3.96740600
4.79636399	11.90222000	-3.96740600
4.80136399	11.90222000	-3.96740600
4.80636399	11.90222000	-3.96740600
4.81136399	11.90222000	-3.96740600
4.81636399	11.90222000	-3.96740600
4.82136399	11.90222000	-3.96740600
4.82636399	11.90222000	-3.96740600
4.83136399	11.90222000	-3.96740600
4.83636399	11.96325000	-3.96740600
4.84136399	12.19214000	-3.96740600
4.84636399	11.01718000	-3.96740600
4.85136399	8.46888600	-3.96740600
4.85636399	8.46888600	-3.96740600
4.86136399	11.01718000	-3.96740600
4.86636399	12.19214000	-3.96740600
4.87136399	11.96325000	-3.96740600
4.87636399	11.90222000	-3.96740600
4.88136399	11.90222000	-3.96740600
4.88636399	11.90222000	-3.96740600
4.89136399	11.90222000	-3.96740600
4.89636399	11.90222000	-3.96740600
4.90136399	11.90222000	-3.96740600
4.90636399	11.90222000	-3.96740600
4.91136399	11.90222000	-3.96740600
4.91636399	11.90222000	-3.96740600
4.92136399	11.90222000	-3.96740600
4.92636399	11.90222000	-3.96740600
4.93136399	11.90222000	-3.96740600
4.93636399	11.90222000	-3.96740600
4.94136399	11.90222000	-3.96740600
4.94636399	11.90222000	-3.96740600
4.95136399	11.90222000	-3.96740600
4.95636399	11.96325000	-3.96740600
4.96136399	12.19214000	-3.96740600
4.96636399	11.07822000	-3.96740600
4.97136399	8.75881200	-3.96740600
4.97636399	7.64488600	-3.96740600
4.98136399	7.87377500	-3.96740600
4.98636399	7.93481200	-3.96740600
4.99136399	7.93481200	-3.96740600
4.99636399	7.87377500	-3.96740600
5.00136399	7.64488600	-3.96740600
5.00636399	8.81984900	-3.96740600
5.01136399	11.36814000	-3.96740600
5.01636399	11.36814000	-3.96740600
5.02136399	8.81984900	-3.96740600
5.02636399	7.64488600	-3.96740600
5.03136399	7.87377500	-3.96740600
5.03636399	7.93481200	-3.96740600
5.04136399	7.93481200	-3.96740600
5.04636399	7.93481200	-3.96740600
5.05136399	7.93481200	-3.96740600
5.05636399	7.87377500	-3.96740600
5.06136399	7.64488600	-3.96740600
5.06636399	8.81984900	-3.96740600
5.07136399	11.36814000	-3.96740600
5.07636399	11.36814000	-3.96740600
5.08136399	8.81984900	-3.96740600
5.08636399	7.64488600	-3.96740600
5.09136399	7.87377500	-3.96740600
5.09636399	7.93481200	-3.96740600
5.10136399	7.93481200	-3.96740600
5.10636399	7.93481200	-3.96740600
5.11136399	7.93481200	-3.96740600
5.11636399	7.93481200	-3.96740600
5.12136399	7.93481200	-3.96740600
5.12636399	7.93481200	-3.96740600
5.13136399	7.93481200	-3.96740600
5.13636399	7.93481200	-3.96740600
5.14136399	7.93481200	-3.96740600
5.14636399	7.93481200	-3.96740600
5.15136399	7.93481200	-3.96740600
5.15636399	7.93481200	-3.96740600
5.16136399	7.93481200	-3.96740600
5.16636399	7.93481200	-3.96740600
5.17136399	7.93481200	-3.96740600
5.17636399	7.93481200	-3.96740600
5.18136399	7.93481200	-3.96740600
5.18636399	7.93481200	-3.96740600
5.19136399	7.93481200	-3.96740600
5.19636399	7.93481200	-3.96740600
5.20136399	7.93481200	-3.96740600
5.20636399	7.93481200	-3.96740600
5.21136399	7.93481200	-3.96740600
5.21636399	7.93481200	-3.96740600
5.22136399	7.93481200	-3.96740600
5.22636399	7.93481200	-3.96740600
5.23136399	7.93481200	-3.96740600
5.23636399	7.93481200	-3.96740600
5.24136399	7.93481200	-3.96740600
5.24636399	7.93481200	-3.96740600
5.25136399	7.93481200	-3.96740600
5.25636399	7.93481200	-3.96740600
5.26136399	7.93481200	-3.96740600
5.26636399	7.93481200	-3.96740600
5.27136399	7.93481200	-3.96740600
5.27636399	7.99584900	-3.96740600
5.28136399	8.22473800	-3.96740600
5.28636399	7.04977500	-3.96740600
5.29136399	4.50148000	-3.96740600
5.29636399	4.50148000	-3.96740600
5.30136399	7.04977500	-3.96740600
5.30636399	8.22473800	-3.96740600
5.31136399	7.99584900	-3.96740600
5.31636399	7.93481200	-3.96740600
5.32136399	7.93481200	-3.96740600
5.32636399	7.99584900	-3.96740600
5.33136399	8.22473800	-3.96740600
5.33636399	7.04977500	-3.96740600
5.34136399	4.50148000	-3.96740600
5.34636399	4.50148000	-3.90636900
5.35136399	7.04977500	-3.67748000
5.35636399	8.22473800	-4.79140600
5.36136399	7.99584900	-7.11081200
5.36636399	7.93481200	-8.22473800
5.37136399	7.93481200	-7.99584900
5.37636399	7.99584900	-7.93481200
5.38136399	8.22473800	-7.93481200
5.38636399	7.11081200	-7.99584900
5.39136399	4.79140600	-8.22473800
5.39636399	3.67748000	-7.11081200
5.40136399	3.90636900	-4.79140600
5.40636399	3.96740600	-3.67748000
5.41136399	3.96740600	-3.90636900
5.41636399	3.96740600	-3.96740600
5.42136399	3.96740600	-3.96740600
5.42636399	3.96740600	-3.90636900
5.43136399	3.96740600	-3.67748000
5.43636399	3.96740600	-4.85244300
5.44136399	3.96740600	-7.40073800
5.44636399	3.96740600	-7.33970100
5.45136399	3.96740600	-4.56251700
5.45636399	3.96740600	-4.56251700
5.46136399	3.96740600	-7.33970100
5.46636399	3.96740600	-7.40073800
5.47136399	3.96740600	-4.85244300
5.47636399	3.96740600	-3.67748000
5.48136399	3.96740600	-3.90636900
5.48636399	3.96740600	-3.96740600
5.49136399	3.96740600	-3.96740600
5.49636399	3.96740600	-3.96740600
5.50136399	3.96740600	-3.96740600
5.50636399	3.96740600	-3.96740600
5.51136399	3.96740600	-3.96740600
5.51636399	3.96740600	-3.96740600
5.52136399	3.96740600	-3.96740600
5.52636399	3.96740600	-3.96740600
5.53136399	3.96740600	-3.96740600
5.53636399	3.96740600	-3.96740600
5.54136399	3.96740600	-3.96740600
5.54636399	3.96740600	-3.96740600
5.55136399	3.96740600	-3.96740600
5.55636399	3.96740600	-3.96740600
5.56136399	3.96740600	-3.96740600
5.56636399	3.96740600	-3.96740600
5.57136399	3.96740600	-3.96740600
5.57636399	3.96740600	-3.96740600
5.58136399	3.96740600	-3.96740600
5.58636399	3.96740600	-3.96740600
5.59136399	3.96740600	-3.96740600
5.59636399	3.96740600	-3.96740600
5.60136399	3.96740600	-3.96740600
5.60636399	3.96740600	-3.96740600
5.61136399	3.96740600	-3.96740600
5.61636399	3.96740600	-3.90636900
5.62136399	3.96740600	-3.67748000
5.62636399	3.96740600	-4.85244300
5.63136399	3.96740600	-7.40073800
5.63636399	3.96740600	-7.40073800
5.64136399	3.96740600	-4.85244300
5.64636399	3.96740600	-3.67748000
5.65136399	3.96740600	-3.90636900
5.65636399	3.96740600	-3.96740600
5.66136399	3.96740600	-3.96740600
5.66636399	3.96740600	-3.96740600
5.67136399	3.96740600	-3.96740600
5.67636399	3.96740600	-3.96740600
5.68136399	3.96740600	-3.96740600
5.68636399	3.96740600	-3.90636900
5.69136399	3.96740600	-3.67748000
5.69636399	3.96740600	-4.79140600
5.70136399	3.96740600	-7.11081200
5.70636399	3.96740600	-8.22473800
5.71136399	3.96740600	-7.99584900
5.71636399	3.96740600	-7.93481200
5.72136399	3.96740600	-7.93481200
5.72636399	3.96740600	-7.99584900
5.73136399	3.96740600	-8.22473800
5.73636399	3.96740600	-7.04977500
5.74136399	3.96740600	-4.50148000
5.74636399	3.96740600	-4.50148000
5.75136399	3.96740600	-7.04977500
5.75636399	3.96740600	-8.22473800
5.76136399	3.96740600	-7.99584900
5.76636399	3.96740600	-7.93481200
5.77136399	3.96740600	-7.93481200
5.77636399	3.96740600	-7.93481200
5.78136399	3.96740600	-7.93481200
5.78636399	3.96740600	-7.99584900
5.79136399	3.96740600	-8.22473800
5.79636399	3.96740600	-7.11081200
5.80136399	3.96740600	-4.79140600
5.80636399	3.96740600	-3.61644300
5.81136399	3.96740600	-3.61644300
5.81636399	3.96740600	-4.79140600
5.82136399	3.96740600	-7.11081200
5.82636399	3.96740600	-8.22473800
5.83136399	3.96740600	-7.99584900
5.83636399	3.96740600	-7.99584900
5.84136399	3.96740600	-8.22473800
5.84636399	3.96740600	-7.11081200
5.85136399	3.96740600	-4.79140600
5.85636399	3.96740600	-3.67748000
5.86136399	3.96740600	-3.90636900
5.86636399	3.96740600	-3.90636900
5.87136399	3.96740600	-3.67748000
5.87636399	3.96740600	-4.79140600
5.88136399	3.96740600	-7.11081200
5.88636399	3.96740600	-8.28577500
5.89136399	3.96740600	-8.28577500
5.89636399	3.96740600	-7.04977500
5.90136399	3.96740600	-4.50148000
5.90636399	3.96740600	-4.50148000
5.91136399	3.96740600	-7.04977500
5.91636399	3.96740600	-8.28577500
5.92136399	3.96740600	-8.28577500
5.92636399	3.96740600	-7.11081200
5.93136399	3.96740600	-4.79140600
5.93636399	3.96740600	-3.61644300
5.94136399	3.96740600	-3.61644300
5.94636399	3.96740600	-4.79140600
5.95136399	3.96740600	-7.11081200
5.95636399	3.96740600	-8.22473800
5.96136399	3.96740600	-7.99584900
5.96636399	3.96740600	-7.93481200
5.97136399	3.96740600	-7.93481200
5.97636399	3.96740600	-7.93481200
5.98136399	3.96740600	-7.93481200
5.98636399	3.96740600	-7.93481200
5.99136399	3.96740600	-7.93481200
5.99636399	4.02844300	-7.93481200
6.00136399	4.25733200	-7.93481200
6.00636399	3.08236900	-7.93481200
6.01136399	0.53407390	-7.93481200
6.01636399	0.59511090	-7.93481200
6.02136399	3.37229500	-7.93481200
6.02636399	3.43333200	-7.93481200
6.03136399	0.88503670	-7.93481200
6.03636399	-0.28992580	-7.99584900
6.04136399	-0.06103702	-8.22473800
6.04636399	-0.06103702	-7.11081200
6.05136399	-0.28992580	-4.79140600
6.05636399	0.88503670	-3.61644300
6.06136399	3.43333200	-3.61644300
6.06636399	3.37229500	-4.79140600
6.07136399	0.59511090	-7.11081200
6.07636399	0.59511090	-8.28577500
6.08136399	3.37229500	-8.28577500
6.08636399	3.43333200	-7.11081200
6.09136399	0.88503670	-4.79140600
6.09636399	-0.28992580	-3.61644300
6.10136399	-0.06103702	-3.61644300
6.10636399	0.00000000	-4.85244300
6.11136399	0.00000000	-7.40073800
6.11636399	-0.06103702	-7.33970100
6.12136399	-0.28992580	-4.56251700
6.12636399	0.82399970	-4.50148000
6.13136399	3.14340600	-7.04977500
6.13636399	4.31836900	-8.22473800
6.14136399	4.31836900	-7.99584900
6.14636399	3.14340600	-7.93481200
6.15136399	0.82399970	-7.93481200
6.15636399	-0.28992580	-7.93481200
6.16136399	-0.06103702	-7.93481200
6.16636399	0.00000000	-7.93481200
6.17136399	0.00000000	-7.93481200
6.17636399	0.00000000	-7.93481200
6.18136399	0.00000000	-7.93481200
6.18636399	0.00000000	-7.93481200
6.19136399	0.00000000	-7.93481200
6.19636399	0.00000000	-7.93481200
6.20136399	0.00000000	-7.93481200
6.20636399	0.00000000	-7.99584900
6.21136399	0.00000000	-8.22473800
6.21636399	0.00000000	-7.11081200
6.22136399	0.00000000	-4.79140600
6.22636399	0.00000000	-3.67748000
6.23136399	0.00000000	-3.90636900
6.23636399	0.00000000	-3.90636900
6.24136399	0.00000000	-3.67748000
6.24636399	0.00000000	-4.79140600
6.25136399	0.00000000	-7.11081200
6.25636399	0.00000000	-8.22473800
6.26136399	0.00000000	-7.99584900
6.26636399	0.00000000	-7.93481200
6.27136399	0.00000000	-7.93481200
6.27636399	-0.06103702	-7.93481200
6.28136399	-0.28992580	-7.93481200
6.28636399	0.88503670	-7.99584900
6.29136399	3.43333200	-8.22473800
6.29636399	3.37229500	-7.04977500
6.30136399	0.59511090	-4.50148000
6.30636399	0.59511090	-4.50148000
6.31136399	3.37229500	-7.04977500
6.31636399	3.43333200	-8.22473800
6.32136399	0.88503670	-7.99584900
6.32636399	-0.28992580	-7.93481200
6.33136399	-0.06103702	-7.93481200
6.33636399	0.00000000	-7.93481200
6.34136399	0.00000000	-7.93481200
6.34636399	0.00000000	-7.99584900
6.35136399	0.00000000	-8.22473800
6.35636399	0.00000000	-7.04977500
6.36136399	0.00000000	-4.50148000
6.36636399	0.00000000	-4.50148000
6.37136399	0.00000000	-7.04977500
6.37636399	0.00000000	-8.22473800
6.38136399	0.00000000	-7.99584900
6.38636399	0.00000000	-7.93481200
6.39136399	0.00000000	-7.93481200
6.39636399	0.00000000	-7.93481200
6.40136399	0.00000000	-7.93481200
6.40636399	0.00000000	-7.93481200
6.41136399	0.00000000	-7.93481200
6.41636399	0.00000000	-7.93481200
6.42136398	0.00000000	-7.93481200
6.42636398	0.00000000	-7.93481200
6.43136398	0.00000000	-7.93481200
6.43636398	0.00000000	-7.93481200
6.44136398	0.00000000	-7.93481200
6.44636398	0.00000000	-7.93481200
6.45136398	0.00000000	-7.93481200
6.45636398	0.00000000	-7.93481200
6.46136398	0.00000000	-7.93481200
6.46636398	0.00000000	-7.93481200
6.47136398	0.00000000	-7.93481200
6.47636398	0.00000000	-7.93481200
6.48136398	0.00000000	-7.93481200
6.48636398	0.00000000	-7.93481200
6.49136398	0.00000000	-7.93481200
6.49636398	0.00000000	-7.93481200
6.50136398	0.00000000	-7.93481200
6.50636398	0.00000000	-7.99584900
6.51136398	0.00000000	-8.22473800
6.51636398	0.00000000	-7.04977500
6.52136398	0.00000000	-4.50148000
6.52636398	0.00000000	-4.50148000
6.53136398	0.00000000	-7.04977500
6.53636398	0.00000000	-8.22473800
6.54136398	0.00000000	-7.99584900
6.54636398	0.00000000	-7.99584900
6.55136398	0.00000000	-8.22473800
6.55636398	0.00000000	-7.04977500
6.56136398	0.00000000	-4.50148000
6.56636398	0.00000000	-4.50148000
6.57136398	0.00000000	-7.04977500
6.57636398	0.00000000	-8.22473800
6.58136398	0.00000000	-7.99584900
6.58636398	0.00000000	-7.93481200
6.59136398	0.00000000	-7.93481200
6.59636398	0.00000000	-7.93481200
6.60136398	0.00000000	-7.93481200
6.60636398	0.00000000	-7.93481200
6.61136398	0.00000000	-7.93481200
6.61636398	0.00000000	-7.93481200
6.62136398	0.00000000	-7.93481200
6.62636398	0.00000000	-7.93481200
6.63136398	0.00000000	-7.93481200
6.63636398	0.00000000	-7.93481200
6.64136398	0.00000000	-7.93481200
6.64636398	0.00000000	-7.93481200
6.65136398	0.00000000	-7.93481200
6.65636398	0.00000000	-7.93481200
6.66136398	0.00000000	-7.93481200
6.66636398	0.00000000	-7.93481200
6.67136398	0.00000000	-7.93481200
6.67636398	0.00000000	-7.93481200
6.68136398	0.00000000	-7.93481200
6.68636398	0.00000000	-7.93481200
6.69136398	0.00000000	-7.93481200
6.69636398	0.00000000	-7.93481200
6.70136398	0.00000000	-7.93481200
6.70636398	0.00000000	-7.93481200
6.71136398	0.00000000	-7.93481200
6.71636398	0.00000000	-7.93481200
6.72136398	0.00000000	-7.93481200
6.72636398	0.00000000	-7.93481200
6.73136398	0.00000000	-7.93481200
6.73636398	0.00000000	-7.93481200
6.74136398	0.00000000	-7.93481200
6.74636398	0.00000000	-7.93481200
6.75136398	0.00000000	-7.93481200
6.75636398	0.00000000	-7.93481200
6.76136398	0.00000000	-7.93481200
6.76636398	0.00000000	-7.93481200
6.77136398	0.00000000	-7.93481200
6.77636398	0.00000000	-7.93481200
6.78136398	0.00000000	-7.93481200
6.78636398	0.00000000	-7.93481200
6.79136398	0.00000000	-7.93481200
6.79636398	0.00000000	-7.93481200
6.80136398	0.00000000	-7.93481200
6.80636398	0.00000000	-7.93481200
6.81136398	0.00000000	-7.93481200
6.81636398	0.00000000	-7.93481200
6.82136398	0.00000000	-7.93481200
6.82636398	0.00000000	-7.93481200
6.83136398	0.00000000	-7.93481200
6.83636398	0.00000000	-7.93481200
6.84136398	0.00000000	-7.93481200
6.84636398	0.00000000	-7.93481200
6.85136398	0.00000000	-7.93481200
6.85636398	0.00000000	-7.93481200
6.86136398	0.00000000	-7.93481200
6.86636398	0.00000000	-7.93481200
6.87136398	0.00000000	-7.93481200
6.87636398	0.00000000	-7.93481200
6.88136398	0.00000000	-7.93481200
6.88636398	0.00000000	-7.93481200
6.89136398	0.00000000	-7.93481200
6.89636398	0.00000000	-7.93481200
6.90136398	0.00000000	-7.93481200
6.90636398	0.06103702	-7.93481200
6.91136398	0.28992580	-7.93481200
6.91636398	-0.88503670	-7.93481200
6.92136398	-3.43333200	-7.93481200
6.92636398	-3.43333200	-7.93481200
6.93136398	-0.88503670	-7.93481200
6.93636398	0.28992580	-7.93481200
6.94136398	0.06103702	-7.93481200
6.94636398	0.00000000	-7.93481200
6.95136398	0.00000000	-7.93481200
6.95636398	0.00000000	-7.93481200
6.96136398	0.00000000	-7.93481200
6.96636398	0.00000000	-7.93481200
6.97136398	0.00000000	-7.93481200
6.97636398	0.06103702	-7.93481200
6.98136398	0.28992580	-7.93481200
6.98636398	-0.82399970	-7.93481200
6.99136398	-3.14340600	-7.93481200
6.99636398	-4.31836900	-7.93481200
7.00136398	-4.31836900	-7.93481200
7.00636398	-3.14340600	-7.93481200
7.01136398	-0.82399970	-7.93481200
7.01636398	0.28992580	-7.93481200
7.02136398	0.06103702	-7.93481200
7.02636398	0.06103702	-7.93481200
7.03136398	0.28992580	-7.93481200
7.03636398	-0.88503670	-7.93481200
7.04136398	-3.43333200	-7.93481200
7.04636398	-3.43333200	-7.93481200
7.05136398	-0.88503670	-7.93481200
7.05636398	0.28992580	-7.93481200
7.06136398	0.06103702	-7.93481200
7.06636398	0.00000000	-7.93481200
7.07136398	0.00000000	-7.93481200
7.07636398	0.00000000	-7.93481200
7.08136398	0.00000000	-7.93481200
7.08636398	0.00000000	-7.93481200
7.09136398	0.00000000	-7.93481200
7.09636398	0.00000000	-7.93481200
7.10136398	0.00000000	-7.93481200
7.10636398	0.06103702	-7.93481200
7.11136398	0.28992580	-7.93481200
7.11636398	-0.82399970	-7.93481200
7.12136398	-3.14340600	-7.93481200
7.12636398	-4.31836900	-7.93481200
7.13136398	-4.31836900	-7.93481200
7.13636398	-3.14340600	-7.93481200
7.14136398	-0.82399970	-7.93481200
7.14636398	0.28992580	-7.93481200
7.15136398	0.06103702	-7.93481200
7.15636398	0.06103702	-7.93481200
7.16136398	0.28992580	-7.93481200
7.16636398	-0.82399970	-7.93481200
7.17136398	-3.14340600	-7.93481200
7.17636398	-4.31836900	-7.93481200
7.18136398	-4.31836900	-7.93481200
7.18636398	-3.08236900	-7.93481200
7.19136398	-0.53407390	-7.93481200
7.19636398	-0.53407390	-7.93481200
7.20136398	-3.08236900	-7.93481200
7.20636398	-4.25733200	-7.93481200
7.21136398	-4.02844300	-7.93481200
7.21636398	-3.96740600	-7.93481200
7.22136398	-3.96740600	-7.93481200
7.22636398	-3.96740600	-7.93481200
7.23136398	-3.96740600	-7.93481200
7.23636398	-3.96740600	-7.93481200
7.24136398	-3.96740600	-7.93481200
7.24636398	-3.96740600	-7.93481200
7.25136398	-3.96740600	-7.93481200
7.25636398	-3.96740600	-7.93481200
7.26136398	-3.96740600	-7.93481200
7.26636398	-3.96740600	-7.93481200
7.27136398	-3.96740600	-7.93481200
7.27636398	-4.02844300	-7.93481200
7.28136398	-4.25733200	-7.93481200
7.28636398	-3.08236900	-7.93481200
7.29136398	-0.53407390	-7.93481200
7.29636398	-0.53407390	-7.93481200
7.30136398	-3.08236900	-7.93481200
7.30636398	-4.25733200	-7.93481200
7.31136398	-4.02844300	-7.93481200
7.31636398	-3.96740600	-7.93481200
7.32136398	-3.96740600	-7.93481200
7.32636398	-3.96740600	-7.93481200
7.33136398	-3.96740600	-7.93481200
7.33636398	-3.96740600	-7.93481200
7.34136398	-3.96740600	-7.93481200
7.34636398	-3.96740600	-7.93481200
7.35136398	-3.96740600	-7.93481200
7.35636398	-3.96740600	-7.93481200
7.36136398	-3.96740600	-7.93481200
7.36636398	-3.96740600	-7.93481200
7.37136398	-3.96740600	-7.93481200
7.37636398	-3.96740600	-7.93481200
7.38136398	-3.96740600	-7.93481200
7.38636398	-3.96740600	-7.93481200
7.39136398	-3.96740600	-7.93481200
7.39636398	-4.02844300	-7.93481200
7.40136398	-4.25733200	-7.93481200
7.40636398	-3.08236900	-7.93481200
7.41136398	-0.53407390	-7.93481200
7.41636398	-0.53407390	-7.93481200
7.42136398	-3.08236900	-7.93481200
7.42636398	-4.25733200	-7.93481200
7.43136398	-4.02844300	-7.93481200
7.43636398	-3.96740600	-7.93481200
7.44136398	-3.96740600	-7.93481200
7.44636398	-3.96740600	-7.93481200
7.45136398	-3.96740600	-7.93481200
7.45636398	-3.96740600	-7.93481200
7.46136398	-3.96740600	-7.93481200
7.46636398	-3.96740600	-7.87377500
7.47136398	-3.96740600	-7.64488600
7.47636398	-3.96740600	-8.81984900
7.48136398	-3.96740600	-11.36814000
7.48636398	-3.96740600	-11.36814000
7.49136398	-3.96740600	-8.81984900
7.49636398	-3.96740600	-7.64488600
7.50136398	-3.96740600	-7.87377500
7.50636398	-3.96740600	-7.93481200
7.51136398	-3.96740600	-7.93481200
7.51636398	-3.96740600	-7.93481200
7.52136398	-3.96740600	-7.93481200
7.52636398	-3.96740600	-7.93481200
7.53136398	-3.96740600	-7.93481200
7.53636398	-3.96740600	-7.93481200
7.54136398	-3.96740600	-7.93481200
7.54636398	-3.96740600	-7.93481200
7.55136398	-3.96740600	-7.93481200
7.55636398	-3.96740600	-7.93481200
7.56136398	-3.96740600	-7.93481200
7.56636398	-3.96740600	-7.93481200
7.57136398	-3.96740600	-7.93481200
7.57636398	-3.96740600	-7.93481200
7.58136398	-3.96740600	-7.93481200
7.58636398	-3.96740600	-7.93481200
7.59136398	-3.96740600	-7.93481200
7.59636398	-3.96740600	-7.93481200
7.60136398	-3.96740600	-7.93481200
7.60636398	-3.96740600	-7.93481200
7.61136398	-3.96740600	-7.93481200
7.61636398	-3.96740600	-7.93481200
7.62136398	-3.96740600	-7.93481200
7.62636398	-3.96740600	-7.93481200
7.63136398	-3.96740600	-7.93481200
7.63636398	-3.96740600	-7.93481200
7.64136398	-3.96740600	-7.93481200
7.64636398	-3.96740600	-7.93481200
7.65136398	-3.96740600	-7.93481200
7.65636398	-3.96740600	-7.93481200
7.66136398	-3.96740600	-7.93481200
7.66636398	-3.96740600	-7.93481200
7.67136398	-3.96740600	-7.93481200
7.67636398	-3.96740600	-7.93481200
7.68136398	-3.96740600	-7.93481200
7.68636398	-3.96740600	-7.93481200
7.69136398	-3.96740600	-7.93481200
7.69636398	-3.96740600	-7.93481200
7.70136398	-3.96740600	-7.93481200
7.70636398	-3.96740600	-7.87377500
7.71136398	-3.96740600	-7.64488600
7.71636398	-3.96740600	-8.81984900
7.72136398	-3.96740600	-11.36814000
7.72636398	-3.96740600	-11.36814000
7.73136398	-3.96740600	-8.81984900
7.73636398	-3.96740600	-7.64488600
7.74136398	-3.96740600	-7.87377500
7.74636398	-3.96740600	-7.93481200
7.75136398	-3.96740600	-7.93481200
7.75636398	-3.96740600	-7.93481200
7.76136398	-3.96740600	-7.93481200
7.76636398	-3.96740600	-7.93481200
7.77136398	-3.96740600	-7.93481200
7.77636398	-3.96740600	-7.93481200
7.78136398	-3.96740600	-7.93481200
7.78636398	-3.96740600	-7.93481200
7.79136398	-3.96740600	-7.93481200
7.79636398	-3.96740600	-7.93481200
7.80136398	-3.96740600	-7.93481200
7.80636398	-3.96740600	-7.93481200
7.81136398	-3.96740600	-7.93481200
7.81636398	-3.96740600	-7.93481200
7.82136398	-3.96740600	-7.93481200
7.82636398	-3.96740600	-7.93481200
7.83136398	-3.96740600	-7.93481200
7.83636398	-3.96740600	-7.93481200
7.84136398	-3.96740600	-7.93481200
7.84636398	-3.96740600	-7.93481200
7.85136398	-3.96740600	-7.93481200
7.85636398	-3.96740600	-7.87377500
7.86136398	-3.96740600	-7.64488600
7.86636398	-3.96740600	-8.81984900
7.87136398	-3.96740600	-11.36814000
7.87636398	-3.96740600	-11.36814000
7.88136398	-3.96740600	-8.81984900
7.88636398	-3.96740600	-7.58384900
7.89136398	-3.96740600	-7.58384900
7.89636398	-3.96740600	-8.81984900
7.90136398	-3.96740600	-11.36814000
7.90636398	-3.96740600	-11.30711000
7.91136398	-3.96740600	-8.52992300
7.91636398	-3.96740600	-8.52992300
7.92136398	-3.96740600	-11.30711000
7.92636398	-3.96740600	-11.30711000
7.93136398	-3.96740600	-8.52992300
7.93636398	-3.96740600	-8.46888600
7.94136398	-3.96740600	-11.01718000
7.94636398	-3.96740600	-12.19214000
7.95136398	-3.96740600	-11.96325000
7.95636398	-3.96740600	-11.96325000
7.96136398	-3.96740600	-12.19214000
7.96636398	-3.96740600	-11.01718000
7.97136398	-3.96740600	-8.46888600
7.97636398	-3.96740600	-8.52992300
7.98136398	-3.96740600	-11.30711000
7.98636398	-3.96740600	-11.36814000
7.99136398	-3.96740600	-8.81984900
7.99636398	-3.96740600	-7.58384900
8.00136398	-3.96740600	-7.58384900
8.00636398	-3.96740600	-8.81984900
8.01136398	-3.96740600	-11.36814000
8.01636398	-3.96740600	-11.30711000
8.02136398	-3.96740600	-8.52992300
8.02636398	-3.96740600	-8.52992300
8.03136398	-3.96740600	-11.30711000
8.03636398	-3.96740600	-11.36814000
8.04136398	-3.96740600	-8.81984900
8.04636398	-3.96740600	-7.64488600
8.05136398	-3.96740600	-7.87377500
8.05636398	-3.96740600	-7.93481200
8.06136398	-3.96740600	-7.93481200
8.06636397	-3.96740600	-7.93481200
8.07136397	-3.96740600	-7.93481200
8.07636397	-3.96740600	-7.93481200
8.08136397	-3.96740600	-7.93481200
8.08636397	-3.96740600	-7.93481200
8.09136397	-3.96740600	-7.93481200
8.09636397	-3.96740600	-7.93481200
8.10136397	-3.96740600	-7.93481200
8.10636397	-3.96740600	-7.93481200
8.11136397	-3.96740600	-7.93481200
8.11636397	-3.96740600	-7.93481200
8.12136397	-3.96740600	-7.93481200
8.12636397	-3.96740600	-7.93481200
8.13136397	-3.96740600	-7.93481200
8.13636397	-3.96740600	-7.93481200
8.14136397	-3.96740600	-7.93481200
8.14636397	-3.96740600	-7.93481200
8.15136397	-3.96740600	-7.93481200
8.15636397	-3.96740600	-7.93481200
8.16136397	-3.96740600	-7.93481200
8.16636397	-3.96740600	-7.93481200
8.17136397	-3.96740600	-7.93481200
8.17636397	-3.96740600	-7.93481200
8.18136397	-3.96740600	-7.93481200
8.18636397	-3.96740600	-7.93481200
8.19136397	-3.96740600	-7.93481200
8.19636397	-3.96740600	-7.93481200
8.20136397	-3.96740600	-7.93481200
8.20636397	-3.96740600	-7.93481200
8.21136397	-3.96740600	-7.93481200
8.21636397	-3.96740600	-7.93481200
8.22136397	-3.96740600	-7.93481200
8.22636397	-3.96740600	-7.93481200
8.23136397	-3.96740600	-7.93481200
8.23636397	-3.96740600	-7.93481200
8.24136397	-3.96740600	-7.93481200
8.24636397	-3.96740600	-7.93481200
8.25136397	-3.96740600	-7.93481200
8.25636397	-3.96740600	-7.93481200
8.26136397	-3.96740600	-7.93481200
8.26636397	-3.96740600	-7.93481200
8.27136397	-3.96740600	-7.93481200
8.27636397	-3.96740600	-7.93481200
8.28136397	-3.96740600	-7.93481200
8.28636397	-3.96740600	-7.93481200
8.29136397	-3.96740600	-7.93481200
8.29636397	-3.96740600	-7.93481200
8.30136397	-3.96740600	-7.93481200
8.30636397	-3.96740600	-7.93481200
8.31136397	-3.96740600	-7.93481200
8.31636397	-3.96740600	-7.93481200
8.32136397	-3.96740600	-7.93481200
8.32636397	-3.96740600	-7.93481200
8.33136397	-3.96740600	-7.93481200
8.33636397	-3.96740600	-7.93481200
8.34136397	-3.96740600	-7.93481200
8.34636397	-3.96740600	-7.93481200
8.35136397	-3.96740600	-7.93481200
8.35636397	-3.96740600	-7.93481200
8.36136397	-3.96740600	-7.93481200
8.36636397	-3.96740600	-7.93481200
8.37136397	-3.96740600	-7.93481200
8.37636397	-3.96740600	-7.93481200
8.38136397	-3.96740600	-7.93481200
8.38636397	-3.96740600	-7.93481200
8.39136397	-3.96740600	-7.93481200
8.39636397	-3.96740600	-7.93481200
8.40136397	-3.96740600	-7.93481200
8.40636397	-3.96740600	-7.93481200
8.41136397	-3.96740600	-7.93481200
8.41636397	-3.96740600	-7.93481200
8.42136397	-3.96740600	-7.93481200
8.42636397	-3.96740600	-7.93481200
8.43136397	-3.96740600	-7.93481200
8.43636397	-3.96740600	-7.93481200
8.44136397	-3.96740600	-7.93481200
8.44636397	-3.96740600	-7.93481200
8.45136397	-3.96740600	-7.93481200
8.45636397	-3.90636900	-7.93481200
8.46136397	-3.67748000	-7.93481200
8.46636397	-4.85244300	-7.93481200
8.47136397	-7.40073800	-7.93481200
8.47636397	-7.40073800	-7.93481200
8.48136397	-4.85244300	-7.93481200
8.48636397	-3.67748000	-7.93481200
8.49136397	-3.90636900	-7.93481200
8.49636397	-3.96740600	-7.93481200
8.50136397	-3.96740600	-7.93481200
8.50636397	-3.96740600	-7.93481200
8.51136397	-3.96740600	-7.93481200
8.51636397	-3.96740600	-7.93481200
8.52136397	-3.96740600	-7.93481200
8.52636397	-3.96740600	-7.93481200
8.53136397	-3.96740600	-7.93481200
8.53636397	-3.96740600	-7.93481200
8.54136397	-3.96740600	-7.93481200
8.54636397	-3.96740600	-7.93481200
8.55136397	-3.96740600	-7.93481200
8.55636397	-3.96740600	-7.93481200
8.56136397	-3.96740600	-7.93481200
8.56636397	-3.96740600	-7.87377500
8.57136397	-3.96740600	-7.64488600
8.57636397	-3.96740600	-8.81984900
8.58136397	-3.96740600	-11.36814000
8.58636397	-3.96740600	-11.36814000
8.59136397	-3.96740600	-8.81984900
8.59636397	-3.90636900	-7.64488600
8.60136397	-3.67748000	-7.87377500
8.60636397	-4.79140600	-7.87377500
8.61136397	-7.11081200	-7.64488600
8.61636397	-8.22473800	-8.81984900
8.62136397	-7.99584900	-11.36814000
8.62636397	-7.99584900	-11.36814000
8.63136397	-8.22473800	-8.81984900
8.63636397	-7.04977500	-7.64488600
8.64136397	-4.50148000	-7.87377500
8.64636397	-4.56251700	-7.93481200
8.65136397	-7.33970100	-7.93481200
8.65636397	-7.40073800	-7.93481200
8.66136397	-4.85244300	-7.93481200
8.66636397	-3.67748000	-7.93481200
8.67136397	-3.90636900	-7.93481200
8.67636397	-3.90636900	-7.87377500
8.68136397	-3.67748000	-7.64488600
8.68636397	-4.79140600	-8.75881200
8.69136397	-7.11081200	-11.07822000
8.69636397	-8.22473800	-12.19214000
8.70136397	-7.99584900	-11.96325000
8.70636397	-7.93481200	-11.96325000
8.71136397	-7.93481200	-12.19214000
8.71636397	-7.99584900	-11.07822000
8.72136397	-8.22473800	-8.75881200
8.72636397	-7.11081200	-7.64488600
8.73136397	-4.79140600	-7.87377500
8.73636397	-3.67748000	-7.93481200
8.74136397	-3.90636900	-7.93481200
8.74636397	-3.96740600	-7.93481200
8.75136397	-3.96740600	-7.93481200
8.75636397	-3.96740600	-7.93481200
8.76136397	-3.96740600	-7.93481200
8.76636397	-3.96740600	-7.93481200
8.77136397	-3.96740600	-7.93481200
8.77636397	-3.96740600	-7.93481200
8.78136397	-3.96740600	-7.93481200
8.78636397	-3.96740600	-7.93481200
8.79136397	-3.96740600	-7.93481200
8.79636397	-3.96740600	-7.93481200
8.80136397	-3.96740600	-7.93481200
8.80636397	-3.96740600	-7.93481200
8.81136397	-3.96740600	-7.93481200
8.81636397	-3.96740600	-7.93481200
8.82136397	-3.96740600	-7.93481200
8.82636397	-3.96740600	-7.93481200
8.83136397	-3.96740600	-7.93481200
8.83636397	-3.90636900	-7.93481200
8.84136397	-3.67748000	-7.93481200
8.84636397	-4.85244300	-7.93481200
8.85136397	-7.40073800	-7.93481200
8.85636397	-7.40073800	-7.93481200
8.86136397	-4.85244300	-7.93481200
8.86636397	-3.67748000	-7.93481200
8.87136397	-3.90636900	-7.93481200
8.87636397	-3.96740600	-7.93481200
8.88136397	-3.96740600	-7.93481200
8.88636397	-3.96740600	-7.93481200
8.89136397	-3.96740600	-7.93481200
8.89636397	-3.90636900	-7.93481200
8.90136397	-3.67748000	-7.93481200
8.90636397	-4.85244300	-7.93481200
8.91136397	-7.40073800	-7.93481200
8.91636397	-7.40073800	-7.93481200
8.92136397	-4.85244300	-7.93481200
8.92636397	-3.67748000	-7.93481200
8.93136397	-3.90636900	-7.93481200
8.93636397	-3.90636900	-7.93481200
8.94136397	-3.67748000	-7.93481200
8.94636397	-4.85244300	-7.93481200
8.95136397	-7.40073800	-7.93481200
8.95636397	-7.33970100	-7.93481200
8.96136397	-4.56251700	-7.93481200
8.96636397	-4.50148000	-7.93481200
8.97136397	-7.04977500	-7.93481200
8.97636397	-8.28577500	-7.93481200
8.98136397	-8.28577500	-7.93481200
8.98636397	-7.11081200	-7.93481200
8.99136397	-4.79140600	-7.93481200
8.99636397	-3.67748000	-7.93481200
9.00136397	-3.90636900	-7.93481200
9.00636397	-3.96740600	-7.93481200
9.01136397	-3.96740600	-7.93481200
9.01636397	-3.96740600	-7.93481200
9.02136397	-3.96740600	-7.93481200
9.02636397	-3.96740600	-7.93481200
9.03136397	-3.96740600	-7.93481200
